3 0.413997 0.568478 0.41434499999999996 0.575 0.413301 0.596739 0.412256 0.606522 0.41260399999999997 0.609783 0.41156 0.631522 0.410864 0.634783 0.408774 0.6380429999999999 0.406337 0.63913 0.404596 0.6445649999999999 0.40424800000000005 0.65 0.403203 0.6543479999999999 0.398677 0.6586960000000001 0.39832900000000004 0.6630429999999999 0.408774 0.669565 0.410864 0.6728259999999999 0.415042 0.6728259999999999 0.41608599999999996 0.675 0.418175 0.673913 0.41922 0.676087 0.418872 0.677174 0.42479100000000003 0.677174 0.426184 0.673913 0.431058 0.671739 0.43697800000000003 0.66413 0.441504 0.661957 0.447423 0.656522 0.447075 0.6543479999999999 0.44254899999999997 0.6489130000000001 0.441504 0.645652 0.441504 0.640217 0.439763 0.634783 0.433844 0.631522 0.432103 0.616304 0.432103 0.608696 0.43071000000000004 0.5956520000000001 0.43071000000000004 0.588043 0.426532 0.540217 0.42479100000000003 0.503261 0.424095 0.501087 0.418175 0.501087 0.41713100000000003 0.5054350000000001 0.416783 0.526087 0.414694 0.565217 0.413997 0.568478
2 0.452994 0.428261 0.45194999999999996 0.44239100000000003 0.451602 0.463043 0.450557 0.47717400000000004 0.448816 0.522826 0.447423 0.5380429999999999 0.447423 0.5478259999999999 0.446379 0.556522 0.44603099999999996 0.584783 0.444986 0.592391 0.443593 0.5956520000000001 0.441852 0.596739 0.438719 0.609783 0.43454 0.613043 0.433496 0.616304 0.433496 0.623913 0.438719 0.629348 0.45020899999999997 0.634783 0.453343 0.634783 0.45369099999999996 0.636957 0.46065500000000004 0.6380429999999999 0.461699 0.640217 0.463788 0.640217 0.46726999999999996 0.634783 0.46970799999999996 0.634783 0.470404 0.632609 0.472145 0.632609 0.47876 0.623913 0.48328699999999997 0.621739 0.48537600000000003 0.618478 0.488162 0.617391 0.489903 0.6141300000000001 0.49129500000000004 0.6141300000000001 0.49129500000000004 0.61087 0.48955399999999993 0.607609 0.486421 0.606522 0.48259100000000005 0.602174 0.479805 0.593478 0.47771600000000003 0.5913039999999999 0.47597500000000004 0.5869570000000001 0.47492999999999996 0.567391 0.473886 0.5586960000000001 0.473886 0.55 0.47249299999999994 0.5380429999999999 0.4711 0.509783 0.46970799999999996 0.49565200000000004 0.46970799999999996 0.48913 0.468663 0.48043500000000006 0.46831500000000004 0.46956499999999995 0.46483299999999994 0.426087 0.464136 0.40869600000000006 0.462744 0.396739 0.462744 0.388043 0.46239600000000003 0.384783 0.46135099999999996 0.38260900000000003 0.454735 0.383696 0.454039 0.386957 0.454387 0.39891299999999996 0.453343 0.409783 0.452994 0.428261
3 0.696727 0.372826 0.696031 0.375 0.693245 0.376087 0.692897 0.38043499999999997 0.691504 0.38260900000000003 0.691504 0.384783 0.7071729999999999 0.386957 0.711351 0.38152200000000003 0.710306 0.377174 0.707869 0.375 0.7071729999999999 0.372826 0.7071729999999999 0.365217 0.703691 0.311957 0.700209 0.31087 0.6995129999999999 0.313043 0.699164 0.330435 0.6981200000000001 0.342391 0.696727 0.372826
3 0.7712399999999999 0.298913 0.770543 0.301087 0.768802 0.302174 0.768802 0.306522 0.7788999999999999 0.307609 0.780989 0.305435 0.779944 0.3 0.778552 0.3 0.777855 0.296739 0.776114 0.258696 0.773677 0.25760900000000003 0.7729809999999999 0.26413000000000003 0.7729809999999999 0.271739 0.771936 0.280435 0.7712399999999999 0.298913
3 0.8064069999999999 0.266304 0.815808 0.266304 0.815808 0.26413000000000003 0.8137190000000001 0.258696 0.8119780000000001 0.231522 0.8102370000000001 0.230435 0.8084960000000001 0.258696 0.8077989999999999 0.261957 0.8064069999999999 0.26413000000000003 0.8064069999999999 0.266304
3 0.831476 0.21413000000000001 0.8307800000000001 0.21413000000000001 0.8286910000000001 0.23913 0.827646 0.24239099999999997 0.8342620000000001 0.24239099999999997 0.831476 0.21413000000000001
3 0.848189 0.226087 0.847145 0.22391299999999997 0.8461000000000001 0.20543499999999998 0.844708 0.20434800000000003 0.8436629999999999 0.220652 0.8426180000000001 0.227174 0.8478410000000001 0.227174 0.848189 0.226087
3 0.856198 0.209783 0.855501 0.196739 0.854457 0.196739 0.854109 0.20543499999999998 0.852716 0.216304 0.857242 0.216304 0.856198 0.209783
3 0.8621169999999999 0.192391 0.861421 0.192391 0.8607239999999999 0.203261 0.85968 0.208696 0.86351 0.209783 0.8621169999999999 0.192391
3 0.868733 0.191304 0.867688 0.18804300000000002 0.866295 0.202174 0.869777 0.203261 0.868733 0.196739 0.868733 0.191304
3 0.8756959999999999 0.18152200000000002 0.874652 0.19456500000000002 0.8774369999999999 0.19456500000000002 0.876393 0.18152200000000002 0.8756959999999999 0.18152200000000002
3 0.881964 0.177174 0.881267 0.177174 0.8809189999999999 0.18587 0.881267 0.18804300000000002 0.883008 0.18804300000000002 0.881964 0.177174
0 0.7270190000000001 0.244565 0.727368 0.24239099999999997 0.725975 0.236957 0.725279 0.22934800000000002 0.725279 0.220652 0.7245820000000001 0.21739099999999997 0.723538 0.21739099999999997 0.7228410000000001 0.219565 0.722145 0.236957 0.720404 0.243478 0.7270190000000001 0.244565
0 0.787953 0.216304 0.786908 0.21413000000000001 0.7865599999999999 0.20434800000000003 0.785864 0.2 0.7848189999999999 0.198913 0.783774 0.21413000000000001 0.78273 0.218478 0.787953 0.218478 0.787953 0.216304
3 0.883705 0.176087 0.883008 0.184783 0.885097 0.18587 0.8844010000000001 0.177174 0.883705 0.176087
3 0.885446 0.175 0.885097 0.182609 0.886838 0.183696 0.8861420000000001 0.176087 0.885446 0.175
2 0.362813 0.45 0.361421 0.503261 0.360028 0.518478 0.358983 0.56413 0.357591 0.58587 0.357939 0.590217 0.356894 0.598913 0.355153 0.6304350000000001 0.355153 0.651087 0.354457 0.6630429999999999 0.352716 0.670652 0.350627 0.6728259999999999 0.348886 0.678261 0.348538 0.6836960000000001 0.347145 0.68913 0.344708 0.692391 0.34052899999999997 0.694565 0.338092 0.697826 0.337396 0.701087 0.345056 0.713043 0.348886 0.715217 0.353412 0.7206520000000001 0.361072 0.723913 0.366295 0.729348 0.36977699999999997 0.729348 0.37360699999999997 0.727174 0.376741 0.722826 0.378482 0.722826 0.38649 0.713043 0.39032 0.71087 0.39066900000000004 0.708696 0.395891 0.706522 0.399025 0.701087 0.40703300000000003 0.696739 0.408078 0.693478 0.408078 0.690217 0.405641 0.684783 0.396936 0.680435 0.39624000000000004 0.677174 0.395891 0.669565 0.39449900000000004 0.665217 0.391365 0.6630429999999999 0.389972 0.656522 0.388928 0.642391 0.387535 0.633696 0.387187 0.617391 0.384401 0.5869570000000001 0.38405300000000003 0.573913 0.383357 0.569565 0.382312 0.548913 0.380571 0.532609 0.380571 0.527174 0.379526 0.520652 0.37639300000000003 0.476087 0.375 0.465217 0.374304 0.44782599999999995 0.37360699999999997 0.444565 0.373259 0.42934799999999995 0.37256300000000003 0.426087 0.366643 0.426087 0.36490300000000003 0.42717400000000005 0.36351 0.430435 0.36351 0.44565200000000005 0.362813 0.45
3 0.8725630000000001 0.184783 0.871518 0.184783 0.871518 0.18913 0.870125 0.197826 0.873607 0.198913 0.8725630000000001 0.184783
3 0.880571 0.18913 0.879875 0.18695699999999998 0.879526 0.18152200000000002 0.878482 0.18043499999999998 0.8777860000000001 0.191304 0.880571 0.191304 0.8809189999999999 0.18695699999999998 0.880571 0.18913