3 0.710306 0.430435 0.707869 0.46087 0.7071729999999999 0.46413000000000004 0.702646 0.46630399999999994 0.7016020000000001 0.475 0.700209 0.478261 0.700209 0.48043500000000006 0.704735 0.481522 0.706476 0.483696 0.722145 0.48586999999999997 0.725975 0.484783 0.7318939999999999 0.47391300000000003 0.729457 0.470652 0.728412 0.46413000000000004 0.725279 0.463043 0.724234 0.459783 0.721448 0.42391300000000004 0.720752 0.40217400000000003 0.7193590000000001 0.38913000000000003 0.718663 0.36956500000000003 0.717618 0.366304 0.713788 0.366304 0.713092 0.36956500000000003 0.712047 0.394565 0.711351 0.39891299999999996 0.710306 0.430435
3 0.8060579999999999 0.311957 0.8046659999999999 0.319565 0.8029249999999999 0.319565 0.802577 0.322826 0.8015319999999999 0.325 0.8032730000000001 0.328261 0.8095399999999999 0.32934800000000003 0.8165039999999999 0.32717399999999996 0.817549 0.325 0.817897 0.321739 0.8151109999999999 0.31630400000000003 0.814067 0.307609 0.812674 0.286957 0.812326 0.269565 0.8112809999999999 0.265217 0.808844 0.265217 0.8081480000000001 0.267391 0.807103 0.284783 0.8067550000000001 0.303261 0.8060579999999999 0.311957
3 0.8391360000000001 0.267391 0.848886 0.268478 0.8495820000000001 0.267391 0.8495820000000001 0.26413000000000003 0.848886 0.26413000000000003 0.8478410000000001 0.259783 0.845404 0.225 0.8440110000000001 0.225 0.841922 0.25760900000000003 0.8408770000000001 0.263043 0.8391360000000001 0.26413000000000003 0.8391360000000001 0.267391
2 0.856546 0.238043 0.867688 0.23913 0.867688 0.23586999999999997 0.866643 0.232609 0.865251 0.22282600000000002 0.862813 0.18587 0.8603759999999999 0.18695699999999998 0.858287 0.225 0.857591 0.231522 0.856546 0.233696 0.856546 0.238043
2 0.868036 0.232609 0.8690810000000001 0.23586999999999997 0.870474 0.23586999999999997 0.870474 0.231522 0.869429 0.228261 0.8690810000000001 0.221739 0.868036 0.216304 0.866992 0.20108700000000002 0.866643 0.184783 0.864206 0.183696 0.864206 0.203261 0.864903 0.203261 0.866643 0.21086999999999997 0.868036 0.232609
3 0.868733 0.236957 0.8673400000000001 0.22934800000000002 0.866295 0.21086999999999997 0.8655989999999999 0.206522 0.864554 0.20543499999999998 0.865947 0.225 0.866992 0.232609 0.868036 0.236957 0.868733 0.236957
0 0.8722139999999999 0.218478 0.878482 0.218478 0.877089 0.208696 0.876393 0.19347799999999998 0.874652 0.192391 0.8743040000000001 0.2 0.873607 0.203261 0.873607 0.209783 0.8722139999999999 0.218478
0 0.8906689999999999 0.196739 0.8906689999999999 0.191304 0.8896240000000001 0.18695699999999998 0.8892760000000001 0.177174 0.888231 0.177174 0.887187 0.190217 0.88649 0.192391 0.88649 0.196739 0.8906689999999999 0.196739
0 0.892409 0.173913 0.8913650000000001 0.190217 0.8948470000000001 0.190217 0.893802 0.173913 0.892409 0.173913
0 0.897632 0.18152200000000002 0.89624 0.173913 0.89624 0.16956500000000002 0.895195 0.16956500000000002 0.894499 0.176087 0.8948470000000001 0.18587 0.897632 0.18587 0.897632 0.18152200000000002
0 0.900766 0.18152200000000002 0.901114 0.177174 0.90007 0.175 0.899373 0.166304 0.898329 0.166304 0.898329 0.16956500000000002 0.897632 0.170652 0.897632 0.18043499999999998 0.900766 0.18152200000000002
0 0.9021589999999999 0.165217 0.900766 0.165217 0.900766 0.176087 0.9014620000000001 0.178261 0.9032030000000001 0.178261 0.9021589999999999 0.165217
0 0.9042479999999999 0.161957 0.9032030000000001 0.161957 0.9032030000000001 0.17282599999999998 0.905292 0.173913 0.905292 0.16956500000000002 0.9042479999999999 0.161957
0 0.9063370000000001 0.166304 0.9056409999999999 0.16087 0.904596 0.16087 0.9056409999999999 0.170652 0.907033 0.171739 0.907033 0.167391 0.9063370000000001 0.166304
0 0.885794 0.206522 0.883357 0.183696 0.881964 0.18587 0.881616 0.195652 0.880223 0.206522 0.885794 0.206522