3 0.627437 0.415217 0.626741 0.43913 0.626045 0.44239100000000003 0.625348 0.454348 0.623955 0.457609 0.621518 0.45869600000000005 0.620474 0.46195700000000006 0.620474 0.46630399999999994 0.617688 0.471739 0.623955 0.475 0.639276 0.476087 0.641365 0.475 0.645195 0.468478 0.646936 0.467391 0.646588 0.465217 0.6448470000000001 0.46413000000000004 0.643454 0.45869600000000005 0.64032 0.456522 0.639276 0.452174 0.637883 0.431522 0.637535 0.41413 0.63649 0.40543500000000005 0.636142 0.393478 0.634401 0.371739 0.631267 0.370652 0.629526 0.373913 0.629526 0.384783 0.627437 0.415217
3 0.748259 0.32717399999999996 0.748259 0.33260900000000004 0.7472139999999999 0.336957 0.745474 0.338043 0.744777 0.342391 0.743036 0.344565 0.747911 0.346739 0.758008 0.346739 0.760097 0.344565 0.760097 0.342391 0.758705 0.338043 0.756616 0.334783 0.755223 0.31413 0.755223 0.306522 0.75383 0.293478 0.75383 0.286957 0.751045 0.284783 0.750348 0.288043 0.749652 0.313043 0.748955 0.323913 0.748259 0.32717399999999996
3 0.797702 0.288043 0.799443 0.290217 0.8077989999999999 0.28913 0.8081480000000001 0.286957 0.8060579999999999 0.281522 0.8046659999999999 0.253261 0.803969 0.248913 0.802228 0.248913 0.800836 0.263043 0.799791 0.283696 0.797702 0.28586999999999996 0.797702 0.288043
3 0.832173 0.259783 0.832173 0.25652200000000003 0.831128 0.252174 0.830084 0.22934800000000002 0.829387 0.227174 0.8283429999999999 0.227174 0.826602 0.252174 0.8252090000000001 0.259783 0.831476 0.26087 0.832173 0.259783
3 0.848886 0.24239099999999997 0.847145 0.21739099999999997 0.845404 0.216304 0.844708 0.231522 0.8433149999999999 0.23913 0.8433149999999999 0.24239099999999997 0.848886 0.24239099999999997
3 0.8589829999999999 0.220652 0.8589829999999999 0.215217 0.858287 0.213043 0.858287 0.20760900000000002 0.857242 0.20760900000000002 0.855501 0.22934800000000002 0.860028 0.22934800000000002 0.860028 0.226087 0.8589829999999999 0.220652
3 0.866643 0.21086999999999997 0.866295 0.20108700000000002 0.865251 0.20108700000000002 0.86351 0.219565 0.8673400000000001 0.220652 0.867688 0.216304 0.866643 0.21086999999999997
3 0.8739549999999999 0.208696 0.873259 0.20108700000000002 0.873259 0.196739 0.8722139999999999 0.196739 0.870474 0.213043 0.874652 0.213043 0.874652 0.209783 0.8739549999999999 0.208696
3 0.879526 0.20760900000000002 0.879526 0.20434800000000003 0.8777860000000001 0.195652 0.8777860000000001 0.192391 0.876741 0.192391 0.876741 0.197826 0.8756959999999999 0.20760900000000002 0.87883 0.208696 0.879526 0.20760900000000002
3 0.8826599999999999 0.190217 0.881616 0.190217 0.8809189999999999 0.195652 0.8809189999999999 0.202174 0.883357 0.203261 0.8826599999999999 0.190217
3 0.8844010000000001 0.18804300000000002 0.884053 0.2 0.88649 0.2 0.885446 0.18804300000000002 0.8844010000000001 0.18804300000000002
3 0.891713 0.182609 0.891713 0.191304 0.893454 0.192391 0.892758 0.182609 0.891713 0.182609
3 0.888579 0.184783 0.887535 0.184783 0.886838 0.19456500000000002 0.887187 0.196739 0.8892760000000001 0.196739 0.888579 0.184783
3 0.8910170000000001 0.184783 0.889972 0.184783 0.8896240000000001 0.19456500000000002 0.891713 0.19456500000000002 0.8910170000000001 0.190217 0.8910170000000001 0.184783
0 0.7148329999999999 0.25760900000000003 0.7134400000000001 0.254348 0.712047 0.230435 0.709958 0.22934800000000002 0.7092620000000001 0.248913 0.7075210000000001 0.258696 0.714485 0.259783 0.7148329999999999 0.25760900000000003
0 0.780292 0.228261 0.7806409999999999 0.230435 0.785864 0.22934800000000002 0.784123 0.220652 0.783426 0.209783 0.782382 0.21086999999999997 0.781337 0.216304 0.781337 0.22282600000000002 0.780292 0.228261
2 0.068245 0.8228260000000001 0.063719 0.778261 0.062674 0.761957 0.06163 0.756522 0.061280999999999995 0.746739 0.05954 0.733696 0.055362 0.678261 0.052228 0.6489130000000001 0.049791 0.6304350000000001 0.048747 0.627174 0.048747 0.846739 0.070682 0.846739 0.068942 0.825 0.068245 0.8228260000000001