3 0.645195 0.46956499999999995 0.6431060000000001 0.502174 0.6431060000000001 0.5130429999999999 0.641713 0.531522 0.639972 0.53587 0.635794 0.53913 0.632312 0.554348 0.630223 0.554348 0.630223 0.556522 0.651811 0.565217 0.659123 0.5663039999999999 0.660515 0.563043 0.668175 0.554348 0.669916 0.551087 0.670265 0.5478259999999999 0.6678270000000001 0.5478259999999999 0.666783 0.544565 0.666435 0.540217 0.660864 0.5336960000000001 0.659471 0.516304 0.659471 0.508696 0.658774 0.502174 0.659123 0.49891300000000005 0.654248 0.43478300000000003 0.654248 0.425 0.653552 0.421739 0.6525070000000001 0.420652 0.648329 0.420652 0.647284 0.42391300000000004 0.646588 0.448913 0.645195 0.46195700000000006 0.645195 0.46956499999999995
3 0.727716 0.425 0.7245820000000001 0.42717400000000005 0.724234 0.430435 0.7224929999999999 0.43478300000000003 0.729457 0.441304 0.740947 0.44239100000000003 0.747563 0.44021699999999997 0.7472139999999999 0.428261 0.744081 0.426087 0.74234 0.417391 0.740599 0.38043499999999997 0.738162 0.344565 0.736769 0.341304 0.733635 0.342391 0.732591 0.346739 0.7287600000000001 0.41086999999999996 0.7287600000000001 0.420652 0.727716 0.425
3 0.719708 0.361957 0.717967 0.361957 0.717618 0.36739099999999997 0.718663 0.370652 0.731198 0.36956500000000003 0.7318939999999999 0.346739 0.728064 0.298913 0.72493 0.298913 0.7211000000000001 0.352174 0.7211000000000001 0.359783 0.719708 0.361957
3 0.696031 0.32934800000000003 0.696727 0.328261 0.6963790000000001 0.323913 0.69429 0.320652 0.693593 0.317391 0.6904600000000001 0.270652 0.687674 0.270652 0.684889 0.320652 0.682103 0.323913 0.682103 0.328261 0.696031 0.32934800000000003
3 0.636142 0.307609 0.645195 0.30869599999999997 0.6479809999999999 0.306522 0.6479809999999999 0.303261 0.645543 0.3 0.6431060000000001 0.261957 0.642061 0.258696 0.640669 0.258696 0.639972 0.261957 0.637883 0.302174 0.636142 0.303261 0.636142 0.307609
3 0.5825210000000001 0.29239099999999996 0.5919220000000001 0.29239099999999996 0.5919220000000001 0.288043 0.591226 0.288043 0.5901810000000001 0.284783 0.5884400000000001 0.254348 0.587396 0.251087 0.585655 0.251087 0.5842620000000001 0.286957 0.583565 0.28913 0.5825210000000001 0.28913 0.5825210000000001 0.29239099999999996
3 0.530989 0.283696 0.530989 0.288043 0.539345 0.286957 0.539345 0.282609 0.537604 0.276087 0.536212 0.252174 0.535515 0.248913 0.534471 0.248913 0.533774 0.252174 0.53273 0.281522 0.532033 0.283696 0.530989 0.283696
3 0.537256 0.208696 0.5365599999999999 0.208696 0.5351670000000001 0.226087 0.538997 0.225 0.537604 0.216304 0.537256 0.208696
3 0.416783 0.28586999999999996 0.424095 0.284783 0.424095 0.280435 0.42305000000000004 0.278261 0.42130900000000004 0.254348 0.420961 0.252174 0.41922 0.252174 0.418524 0.278261 0.41782700000000006 0.281522 0.416783 0.282609 0.416783 0.28586999999999996
3 0.35933099999999996 0.278261 0.365599 0.278261 0.365599 0.272826 0.364554 0.271739 0.36351 0.253261 0.362813 0.248913 0.361769 0.248913 0.361072 0.254348 0.360724 0.271739 0.35933099999999996 0.275 0.35933099999999996 0.278261
3 0.366295 0.24130400000000002 0.36490300000000003 0.24021699999999999 0.364206 0.261957 0.364554 0.26413000000000003 0.368036 0.26413000000000003 0.366295 0.24130400000000002
3 0.40598900000000004 0.230435 0.40494399999999997 0.230435 0.403552 0.248913 0.40773000000000004 0.248913 0.40598900000000004 0.23478300000000002 0.40598900000000004 0.230435
3 0.608983 0.218478 0.607939 0.21413000000000001 0.6072420000000001 0.20108700000000002 0.606198 0.20108700000000002 0.6055010000000001 0.216304 0.604457 0.21739099999999997 0.604457 0.219565 0.608983 0.218478
3 0.755571 0.19347799999999998 0.755571 0.18913 0.754526 0.18913 0.753134 0.20434800000000003 0.752089 0.20760900000000002 0.757312 0.20760900000000002 0.755571 0.19347799999999998
3 0.836699 0.20434800000000003 0.8353059999999999 0.197826 0.834958 0.183696 0.833914 0.183696 0.832869 0.198913 0.831476 0.202174 0.831476 0.20434800000000003 0.836699 0.20434800000000003
3 0.8739549999999999 0.19456500000000002 0.873259 0.18043499999999998 0.8722139999999999 0.18043499999999998 0.87117 0.19347799999999998 0.869777 0.202174 0.875 0.202174 0.8739549999999999 0.19456500000000002
3 0.9296659999999999 0.177174 0.928621 0.176087 0.9261839999999999 0.197826 0.9317550000000001 0.198913 0.9300140000000001 0.18587 0.9296659999999999 0.177174
1 0.9091229999999999 0.296739 0.9244429999999999 0.296739 0.924095 0.290217 0.922006 0.28913 0.918524 0.24239099999999997 0.91539 0.24239099999999997 0.912256 0.28913 0.91156 0.291304 0.9101670000000001 0.290217 0.9091229999999999 0.296739
1 0.798747 0.27391299999999996 0.803969 0.272826 0.804318 0.269565 0.80188 0.261957 0.8004870000000001 0.233696 0.799443 0.230435 0.79805 0.230435 0.797006 0.23478300000000002 0.7959609999999999 0.265217 0.793524 0.271739 0.798747 0.27391299999999996
1 0.8189420000000001 0.215217 0.8238160000000001 0.215217 0.8245129999999999 0.21413000000000001 0.8245129999999999 0.211957 0.8234680000000001 0.209783 0.8220750000000001 0.190217 0.821031 0.190217 0.8203340000000001 0.196739 0.8203340000000001 0.20760900000000002 0.8189420000000001 0.211957 0.8189420000000001 0.215217
1 0.711351 0.25543499999999997 0.70961 0.226087 0.7071729999999999 0.226087 0.706128 0.25543499999999997 0.703691 0.26087 0.713788 0.26087 0.711351 0.25543499999999997
1 0.623259 0.254348 0.622563 0.254348 0.621518 0.251087 0.620474 0.227174 0.618384 0.227174 0.617688 0.24782600000000002 0.615947 0.25652200000000003 0.623259 0.25652200000000003 0.623259 0.254348
1 0.512535 0.258696 0.512535 0.25652200000000003 0.511838 0.25652200000000003 0.510794 0.253261 0.509401 0.231522 0.508357 0.230435 0.50766 0.23586999999999997 0.506964 0.25543499999999997 0.505571 0.258696 0.512535 0.258696
1 0.47075199999999995 0.252174 0.46901099999999996 0.24565199999999998 0.46831500000000004 0.23913 0.46831500000000004 0.230435 0.467618 0.228261 0.466922 0.230435 0.466226 0.243478 0.464136 0.253261 0.47075199999999995 0.252174
1 0.48676899999999995 0.236957 0.48607199999999995 0.22391299999999997 0.48502799999999996 0.221739 0.48433099999999996 0.23478300000000002 0.482939 0.243478 0.48781299999999994 0.243478 0.48676899999999995 0.236957
3 0.46657400000000004 0.230435 0.467618 0.227174 0.46726999999999996 0.218478 0.46657400000000004 0.218478 0.465181 0.238043 0.466226 0.238043 0.46657400000000004 0.230435
1 0.51532 0.232609 0.514624 0.219565 0.513928 0.216304 0.513231 0.216304 0.512535 0.232609 0.511142 0.238043 0.516713 0.238043 0.51532 0.232609
1 0.56163 0.225 0.560933 0.21086999999999997 0.559889 0.21086999999999997 0.559192 0.22282600000000002 0.558148 0.230435 0.5630219999999999 0.230435 0.56163 0.225
1 0.623259 0.22391299999999997 0.621518 0.218478 0.62117 0.20543499999999998 0.620125 0.203261 0.619429 0.20760900000000002 0.619081 0.21739099999999997 0.617688 0.22391299999999997 0.623259 0.22391299999999997
1 0.6793180000000001 0.20760900000000002 0.6793180000000001 0.2 0.677925 0.198913 0.677577 0.211957 0.676184 0.219565 0.681407 0.218478 0.6793180000000001 0.20760900000000002
3 0.68071 0.20108700000000002 0.68071 0.19456500000000002 0.679666 0.19347799999999998 0.679666 0.20760900000000002 0.6803619999999999 0.21086999999999997 0.682451 0.211957 0.68071 0.20108700000000002
1 0.892061 0.21086999999999997 0.8906689999999999 0.20760900000000002 0.889972 0.203261 0.888579 0.18587 0.887535 0.18587 0.88649 0.203261 0.884749 0.209783 0.884749 0.211957 0.892061 0.21086999999999997
1 0.479457 0.25760900000000003 0.479457 0.25543499999999997 0.478064 0.253261 0.47736799999999996 0.24673899999999999 0.477019 0.232609 0.47667099999999996 0.230435 0.475279 0.230435 0.47492999999999996 0.243478 0.47318899999999997 0.254348 0.47318899999999997 0.25760900000000003 0.479457 0.25760900000000003
1 0.73468 0.21413000000000001 0.733635 0.21086999999999997 0.732591 0.203261 0.732591 0.195652 0.731546 0.19456500000000002 0.73085 0.206522 0.729457 0.216304 0.734331 0.216304 0.73468 0.21413000000000001