3 0.366295 0.71087 0.365251 0.715217 0.36490300000000003 0.71413 0.363162 0.717391 0.362465 0.7163039999999999 0.35933099999999996 0.722826 0.358635 0.7304350000000001 0.35550099999999996 0.740217 0.35201899999999997 0.7445649999999999 0.35201899999999997 0.748913 0.355153 0.752174 0.360724 0.753261 0.361072 0.7554350000000001 0.364206 0.757609 0.368384 0.757609 0.36977699999999997 0.759783 0.373259 0.759783 0.375696 0.761957 0.385794 0.7608699999999999 0.39798100000000003 0.7445649999999999 0.399721 0.740217 0.403552 0.7369570000000001 0.40703300000000003 0.731522 0.40703300000000003 0.728261 0.40529200000000004 0.722826 0.402159 0.722826 0.399373 0.71087 0.397284 0.7076089999999999 0.39415 0.706522 0.392061 0.7021740000000001 0.380919 0.56087 0.38022300000000003 0.5586960000000001 0.374304 0.5586960000000001 0.37256300000000003 0.56087 0.371518 0.571739 0.366295 0.697826 0.366295 0.71087
3 0.544916 0.508696 0.544568 0.516304 0.543175 0.518478 0.5428270000000001 0.522826 0.546657 0.527174 0.559889 0.527174 0.5689420000000001 0.5239130000000001 0.571031 0.520652 0.5731200000000001 0.5130429999999999 0.569986 0.503261 0.5672010000000001 0.502174 0.566156 0.49891300000000005 0.566156 0.492391 0.564415 0.47282599999999997 0.560237 0.407609 0.559192 0.403261 0.5553619999999999 0.40217400000000003 0.5543180000000001 0.40543500000000005 0.549791 0.5 0.547702 0.506522 0.544916 0.508696
3 0.578343 0.41956499999999997 0.577298 0.42391300000000004 0.577298 0.42717400000000005 0.578691 0.431522 0.596448 0.431522 0.5974929999999999 0.42934799999999995 0.5978410000000001 0.420652 0.596797 0.41630399999999995 0.595056 0.415217 0.594011 0.41086999999999996 0.589485 0.346739 0.5884400000000001 0.342391 0.586003 0.342391 0.584958 0.348913 0.581825 0.415217 0.5807800000000001 0.418478 0.578343 0.41956499999999997
3 0.570334 0.370652 0.5696380000000001 0.376087 0.572772 0.379348 0.581476 0.38043499999999997 0.583217 0.378261 0.583565 0.370652 0.582869 0.36739099999999997 0.582869 0.36086999999999997 0.579387 0.313043 0.578343 0.30978300000000003 0.5766020000000001 0.30978300000000003 0.575557 0.31413 0.5731200000000001 0.36847799999999997 0.572075 0.370652 0.570334 0.370652
3 0.528203 0.343478 0.5407379999999999 0.344565 0.541435 0.343478 0.541086 0.338043 0.540042 0.338043 0.538997 0.33260900000000004 0.5365599999999999 0.29239099999999996 0.535515 0.28913 0.534471 0.28913 0.533426 0.291304 0.531685 0.334783 0.528552 0.33913000000000004 0.528203 0.343478
3 0.509053 0.304348 0.517409 0.304348 0.5177579999999999 0.298913 0.516713 0.296739 0.514624 0.267391 0.513928 0.26413000000000003 0.512883 0.26413000000000003 0.511838 0.268478 0.510794 0.29782600000000004 0.509053 0.3 0.509053 0.304348
3 0.56163 0.27391299999999996 0.5619780000000001 0.270652 0.560933 0.268478 0.559192 0.243478 0.557451 0.243478 0.5560579999999999 0.263043 0.5560579999999999 0.270652 0.555014 0.27391299999999996 0.56163 0.27391299999999996
3 0.625 0.259783 0.631616 0.259783 0.631616 0.25760900000000003 0.630571 0.254348 0.629178 0.232609 0.6277860000000001 0.231522 0.627089 0.23478300000000002 0.626393 0.25543499999999997 0.625 0.25760900000000003 0.625 0.259783
1 0.745125 0.268478 0.747563 0.268478 0.747563 0.26413000000000003 0.748259 0.26087 0.747911 0.258696 0.749652 0.254348 0.750696 0.254348 0.751393 0.25652200000000003 0.752437 0.268478 0.754526 0.268478 0.754875 0.266304 0.754178 0.266304 0.752089 0.259783 0.750348 0.231522 0.748259 0.231522 0.7472139999999999 0.25760900000000003 0.746518 0.263043 0.745125 0.266304 0.745125 0.268478
3 0.709958 0.25 0.7075210000000001 0.220652 0.706128 0.22282600000000002 0.705084 0.24239099999999997 0.703691 0.25 0.709958 0.25
3 0.7848189999999999 0.228261 0.783774 0.21086999999999997 0.782382 0.21086999999999997 0.780989 0.230435 0.779596 0.238043 0.7865599999999999 0.238043 0.7848189999999999 0.228261
3 0.8245129999999999 0.231522 0.8245129999999999 0.22934800000000002 0.822772 0.22391299999999997 0.8217269999999999 0.20434800000000003 0.820682 0.20434800000000003 0.8199859999999999 0.20760900000000002 0.8185930000000001 0.227174 0.817549 0.230435 0.8245129999999999 0.231522
3 0.8551529999999999 0.22282600000000002 0.853412 0.216304 0.852368 0.198913 0.851323 0.198913 0.8502789999999999 0.21739099999999997 0.849234 0.220652 0.849234 0.22282600000000002 0.8551529999999999 0.22282600000000002
3 0.852368 0.197826 0.853064 0.20543499999999998 0.854109 0.20543499999999998 0.854457 0.203261 0.85376 0.20108700000000002 0.85376 0.19456500000000002 0.852368 0.18587 0.851323 0.190217 0.850627 0.203261 0.850975 0.198913 0.852368 0.197826
3 0.860028 0.191304 0.8589829999999999 0.192391 0.857242 0.211957 0.861421 0.211957 0.860028 0.191304
3 0.865251 0.203261 0.864903 0.192391 0.86351 0.191304 0.862465 0.208696 0.8610720000000001 0.216304 0.8673400000000001 0.21739099999999997 0.865251 0.203261
3 0.8878830000000001 0.179348 0.887187 0.18043499999999998 0.885446 0.196739 0.8896240000000001 0.196739 0.8878830000000001 0.179348
3 0.9300140000000001 0.17282599999999998 0.9282730000000001 0.18913 0.932103 0.18913 0.93071 0.17282599999999998 0.9300140000000001 0.17282599999999998
1 0.7071729999999999 0.280435 0.716574 0.281522 0.71727 0.27934800000000004 0.715529 0.275 0.713788 0.244565 0.713092 0.24130400000000002 0.711351 0.24130400000000002 0.710306 0.24673899999999999 0.7092620000000001 0.27391299999999996 0.7071729999999999 0.278261 0.7071729999999999 0.280435
1 0.74617 0.301087 0.745474 0.303261 0.743733 0.304348 0.743733 0.30869599999999997 0.745822 0.31087 0.756616 0.30869599999999997 0.755919 0.302174 0.754178 0.301087 0.751741 0.261957 0.751045 0.25652200000000003 0.749652 0.25543499999999997 0.748955 0.25652200000000003 0.748259 0.261957 0.74617 0.293478 0.74617 0.301087
1 0.866295 0.334783 0.864206 0.336957 0.864206 0.341304 0.8708220000000001 0.344565 0.876741 0.344565 0.8809189999999999 0.341304 0.881616 0.336957 0.8791779999999999 0.334783 0.878134 0.32934800000000003 0.875 0.27934800000000004 0.873607 0.275 0.871518 0.275 0.870474 0.27934800000000004 0.8673400000000001 0.325 0.8673400000000001 0.331522 0.866295 0.334783
1 0.878482 0.24673899999999999 0.888231 0.24782600000000002 0.8861420000000001 0.24130400000000002 0.8844010000000001 0.21413000000000001 0.881616 0.21413000000000001 0.880571 0.23913 0.879526 0.243478 0.878482 0.244565 0.878482 0.24673899999999999
1 0.9387190000000001 0.23478300000000002 0.94812 0.23586999999999997 0.94812 0.233696 0.946031 0.22934800000000002 0.9449859999999999 0.219565 0.94429 0.203261 0.9435930000000001 0.20108700000000002 0.942549 0.20108700000000002 0.9418519999999999 0.203261 0.941156 0.213043 0.940808 0.227174 0.9387190000000001 0.23478300000000002