1 0.426532 0.5423910000000001 0.426532 0.551087 0.42548700000000006 0.553261 0.422354 0.554348 0.419916 0.559783 0.41713100000000003 0.563043 0.41713100000000003 0.567391 0.422354 0.570652 0.424443 0.573913 0.425836 0.573913 0.426532 0.576087 0.431058 0.578261 0.437674 0.578261 0.439415 0.576087 0.45020899999999997 0.572826 0.450905 0.571739 0.450905 0.569565 0.44812 0.56413 0.44812 0.559783 0.447423 0.556522 0.443942 0.553261 0.44254899999999997 0.543478 0.442201 0.5336960000000001 0.440808 0.521739 0.439763 0.494565 0.44011100000000003 0.490217 0.43837000000000004 0.465217 0.43837000000000004 0.457609 0.437326 0.45543500000000003 0.433148 0.45543500000000003 0.432103 0.45869600000000005 0.432103 0.465217 0.431058 0.471739 0.426532 0.5423910000000001
1 0.26566900000000004 0.394565 0.26566900000000004 0.4 0.267409 0.40217400000000003 0.281337 0.40217400000000003 0.281337 0.39891299999999996 0.280292 0.397826 0.280292 0.393478 0.278552 0.393478 0.277855 0.391304 0.276114 0.370652 0.274721 0.33913000000000004 0.272632 0.338043 0.271588 0.340217 0.268802 0.38913000000000003 0.267758 0.393478 0.26566900000000004 0.394565
1 0.207869 0.336957 0.21831499999999998 0.338043 0.21796700000000002 0.33260900000000004 0.216574 0.330435 0.215529 0.322826 0.21448499999999998 0.306522 0.21448499999999998 0.29565199999999997 0.21413600000000002 0.293478 0.21239599999999997 0.293478 0.211351 0.3 0.209262 0.331522 0.208217 0.333696 0.207869 0.336957
1 0.166783 0.282609 0.166783 0.280435 0.165042 0.275 0.163997 0.25652200000000003 0.162604 0.25652200000000003 0.161212 0.277174 0.160167 0.280435 0.160167 0.282609 0.166783 0.282609
1 0.142409 0.252174 0.141713 0.24021699999999999 0.140669 0.24021699999999999 0.139972 0.251087 0.138579 0.25760900000000003 0.143802 0.258696 0.142409 0.252174
1 0.134401 0.23586999999999997 0.13370500000000002 0.233696 0.13266 0.233696 0.131616 0.251087 0.135794 0.251087 0.134749 0.24565199999999998 0.134401 0.23586999999999997
1 0.127786 0.231522 0.126741 0.230435 0.126393 0.236957 0.125 0.244565 0.12883 0.244565 0.127786 0.231522
1 0.123955 0.233696 0.123955 0.228261 0.12291099999999999 0.227174 0.12151799999999999 0.24130400000000002 0.12465200000000001 0.24130400000000002 0.125 0.23913 0.123955 0.233696
1 0.11942900000000001 0.225 0.118036 0.236957 0.12117 0.236957 0.120474 0.226087 0.11942900000000001 0.225
1 0.114903 0.228261 0.114554 0.221739 0.11351 0.221739 0.11281300000000001 0.230435 0.114206 0.230435 0.114903 0.228261
0 0.287604 0.304348 0.294916 0.305435 0.295265 0.303261 0.293175 0.3 0.29213100000000003 0.276087 0.290738 0.276087 0.289345 0.298913 0.28830100000000003 0.302174 0.287604 0.302174 0.287604 0.304348
0 0.261142 0.266304 0.261142 0.25652200000000003 0.260446 0.253261 0.259749 0.253261 0.258705 0.267391 0.25766 0.272826 0.262187 0.272826 0.261142 0.266304
1 0.112465 0.218478 0.11142099999999999 0.219565 0.11107199999999999 0.228261 0.11281300000000001 0.227174 0.112465 0.218478
1 0.185933 0.303261 0.185933 0.3 0.184889 0.296739 0.183844 0.288043 0.183148 0.270652 0.181407 0.270652 0.179666 0.296739 0.178273 0.3 0.178273 0.303261 0.185933 0.303261
1 0.152507 0.268478 0.152507 0.266304 0.151114 0.261957 0.15006999999999998 0.24673899999999999 0.14902500000000002 0.24673899999999999 0.147981 0.261957 0.146588 0.266304 0.146588 0.268478 0.152507 0.268478
1 0.11699200000000001 0.228261 0.11699200000000001 0.22282600000000002 0.115947 0.22282600000000002 0.11525099999999999 0.233696 0.118036 0.233696 0.118036 0.231522 0.11699200000000001 0.228261