1 0.5504870000000001 0.253261 0.5504870000000001 0.243478 0.549791 0.238043 0.54805 0.238043 0.547354 0.258696 0.546309 0.267391 0.553273 0.267391 0.5504870000000001 0.253261
3 0.472145 0.40217400000000003 0.471448 0.41956499999999997 0.47075199999999995 0.425 0.4711 0.428261 0.470404 0.43478300000000003 0.47005600000000003 0.45 0.46901099999999996 0.454348 0.46657400000000004 0.45543500000000003 0.465181 0.459783 0.465181 0.468478 0.48607199999999995 0.467391 0.488162 0.46087 0.48851000000000006 0.456522 0.48676899999999995 0.452174 0.483983 0.45108699999999996 0.48328699999999997 0.448913 0.481198 0.426087 0.481198 0.420652 0.480501 0.417391 0.47771600000000003 0.372826 0.47423400000000004 0.370652 0.472841 0.373913 0.47249299999999994 0.393478 0.471797 0.4 0.472145 0.40217400000000003
3 0.49721399999999993 0.384783 0.496518 0.391304 0.512535 0.391304 0.512883 0.384783 0.509749 0.376087 0.509053 0.370652 0.508705 0.354348 0.508008 0.34565199999999996 0.506964 0.340217 0.506267 0.325 0.505571 0.321739 0.503134 0.321739 0.502437 0.326087 0.500348 0.376087 0.49930399999999997 0.38260900000000003 0.49721399999999993 0.384783
3 0.458217 0.338043 0.46970799999999996 0.336957 0.46970799999999996 0.333696 0.46726999999999996 0.328261 0.466922 0.317391 0.465181 0.302174 0.46483299999999994 0.291304 0.464136 0.28913 0.462047 0.290217 0.46065500000000004 0.328261 0.45960999999999996 0.333696 0.458217 0.334783 0.458217 0.338043
3 0.41016700000000006 0.317391 0.408078 0.32717399999999996 0.418524 0.32717399999999996 0.418524 0.322826 0.416435 0.317391 0.413997 0.284783 0.41190800000000005 0.283696 0.411212 0.286957 0.410864 0.30978300000000003 0.41016700000000006 0.313043 0.41016700000000006 0.317391
3 0.366643 0.303261 0.365251 0.306522 0.365251 0.30869599999999997 0.37256300000000003 0.30869599999999997 0.372911 0.304348 0.371518 0.301087 0.370125 0.277174 0.368384 0.27391299999999996 0.36734 0.278261 0.36734 0.294565 0.366643 0.296739 0.366643 0.303261
3 0.39415 0.28586999999999996 0.392758 0.278261 0.391713 0.26087 0.389972 0.259783 0.388928 0.281522 0.387535 0.283696 0.387535 0.28586999999999996 0.39415 0.28586999999999996
3 0.485724 0.35108700000000004 0.48502799999999996 0.357609 0.49895500000000004 0.357609 0.498259 0.348913 0.496866 0.348913 0.495822 0.34565199999999996 0.49442899999999995 0.318478 0.493384 0.31521699999999997 0.49303600000000003 0.305435 0.49199200000000004 0.3 0.49025100000000005 0.3 0.489206 0.303261 0.488162 0.346739 0.487117 0.35108700000000004 0.485724 0.35108700000000004
3 0.443245 0.271739 0.448468 0.271739 0.448816 0.269565 0.447423 0.265217 0.446379 0.248913 0.444986 0.24673899999999999 0.44428999999999996 0.253261 0.44428999999999996 0.266304 0.443245 0.268478 0.443245 0.271739
3 0.51149 0.259783 0.51149 0.25760900000000003 0.510097 0.25543499999999997 0.509401 0.24130400000000002 0.508705 0.236957 0.50766 0.23478300000000002 0.506616 0.25543499999999997 0.505571 0.25760900000000003 0.505571 0.259783 0.51149 0.259783
1 0.912256 0.356522 0.9108639999999999 0.378261 0.909819 0.383696 0.9063370000000001 0.384783 0.9063370000000001 0.38913000000000003 0.9056409999999999 0.391304 0.9032030000000001 0.393478 0.9032030000000001 0.395652 0.9042479999999999 0.39891299999999996 0.933844 0.397826 0.9331480000000001 0.394565 0.93071 0.392391 0.930362 0.38587 0.9282730000000001 0.38587 0.9265319999999999 0.38260900000000003 0.9247909999999999 0.361957 0.923747 0.358696 0.922354 0.341304 0.922354 0.32934800000000003 0.9209609999999999 0.31521699999999997 0.9209609999999999 0.30978300000000003 0.919916 0.307609 0.91539 0.307609 0.914345 0.318478 0.913997 0.331522 0.912256 0.348913 0.912256 0.356522
1 0.80188 0.318478 0.800836 0.325 0.800836 0.32934800000000003 0.800139 0.333696 0.79805 0.334783 0.79805 0.338043 0.800139 0.340217 0.8151109999999999 0.340217 0.8147629999999999 0.333696 0.814067 0.331522 0.8130219999999999 0.331522 0.8116300000000001 0.325 0.8116300000000001 0.317391 0.810585 0.311957 0.810585 0.306522 0.8095399999999999 0.3 0.8095399999999999 0.29239099999999996 0.8081480000000001 0.276087 0.8046659999999999 0.275 0.803621 0.281522 0.8032730000000001 0.293478 0.802228 0.303261 0.80188 0.318478
1 0.706825 0.313043 0.721448 0.311957 0.721797 0.30978300000000003 0.7211000000000001 0.307609 0.718315 0.304348 0.7169220000000001 0.298913 0.7169220000000001 0.29239099999999996 0.715877 0.288043 0.7148329999999999 0.26087 0.711351 0.259783 0.708914 0.303261 0.708217 0.306522 0.7071729999999999 0.307609 0.706825 0.313043
1 0.643802 0.293478 0.643454 0.29782600000000004 0.654248 0.298913 0.654944 0.294565 0.6525070000000001 0.28913 0.6521589999999999 0.280435 0.650766 0.275 0.650766 0.26413000000000003 0.649721 0.253261 0.6479809999999999 0.253261 0.646936 0.25652200000000003 0.645891 0.288043 0.645195 0.29239099999999996 0.643802 0.293478
1 0.558148 0.286957 0.558148 0.290217 0.568593 0.290217 0.568593 0.288043 0.567897 0.288043 0.566852 0.283696 0.565808 0.282609 0.564067 0.267391 0.5637190000000001 0.254348 0.5630219999999999 0.252174 0.56163 0.252174 0.560933 0.254348 0.559889 0.282609 0.559192 0.28586999999999996 0.558148 0.286957
1 0.5288999999999999 0.27934800000000004 0.529596 0.278261 0.5288999999999999 0.271739 0.5275070000000001 0.268478 0.525766 0.244565 0.524025 0.244565 0.5229809999999999 0.272826 0.521588 0.276087 0.521588 0.278261 0.5288999999999999 0.27934800000000004
3 0.621518 0.22391299999999997 0.620822 0.21086999999999997 0.619777 0.21086999999999997 0.618733 0.22934800000000002 0.622563 0.22934800000000002 0.622563 0.227174 0.621518 0.22391299999999997
3 0.595056 0.24130400000000002 0.595056 0.23913 0.593663 0.23586999999999997 0.592967 0.219565 0.591574 0.219565 0.590877 0.236957 0.5898329999999999 0.23913 0.5898329999999999 0.24130400000000002 0.595056 0.24130400000000002
3 0.568245 0.24782600000000002 0.566504 0.24021699999999999 0.565808 0.225 0.564763 0.22391299999999997 0.564067 0.226087 0.5637190000000001 0.24130400000000002 0.562674 0.24782600000000002 0.568245 0.24782600000000002
3 0.608635 0.206522 0.6072420000000001 0.221739 0.610724 0.22282600000000002 0.609331 0.206522 0.608635 0.206522
3 0.431755 0.456522 0.431058 0.463043 0.43071000000000004 0.481522 0.429666 0.49565200000000004 0.42896900000000004 0.527174 0.427925 0.545652 0.42722800000000005 0.548913 0.423398 0.552174 0.422702 0.561957 0.420613 0.569565 0.420613 0.572826 0.44777199999999995 0.571739 0.448816 0.570652 0.45369099999999996 0.555435 0.453343 0.552174 0.452298 0.552174 0.450557 0.545652 0.446727 0.544565 0.44568199999999997 0.541304 0.441504 0.492391 0.44011100000000003 0.465217 0.43802199999999997 0.441304 0.437326 0.43913 0.433844 0.43913 0.432103 0.441304 0.431755 0.443478 0.431755 0.456522
3 0.615599 0.208696 0.6145539999999999 0.226087 0.618036 0.226087 0.616643 0.209783 0.615599 0.208696
3 0.633008 0.198913 0.631964 0.215217 0.635097 0.215217 0.633705 0.2 0.633008 0.198913
1 0.637883 0.243478 0.63649 0.24782600000000002 0.643454 0.248913 0.643802 0.244565 0.642409 0.243478 0.642409 0.24021699999999999 0.641365 0.23586999999999997 0.641365 0.225 0.640669 0.220652 0.639276 0.220652 0.638579 0.225 0.638579 0.23478300000000002 0.637883 0.238043 0.637883 0.243478
1 0.680014 0.23478300000000002 0.678969 0.231522 0.6786209999999999 0.226087 0.677925 0.225 0.677925 0.21413000000000001 0.675836 0.213043 0.674791 0.232609 0.673747 0.236957 0.679666 0.236957 0.680014 0.23478300000000002
3 0.662953 0.197826 0.661908 0.19456500000000002 0.660864 0.20760900000000002 0.663649 0.20760900000000002 0.662953 0.203261 0.662953 0.197826
1 0.685237 0.2 0.6845399999999999 0.196739 0.683496 0.196739 0.682451 0.21413000000000001 0.6862809999999999 0.21413000000000001 0.685237 0.20543499999999998 0.685237 0.2
3 0.704387 0.191304 0.703691 0.18804300000000002 0.702994 0.18804300000000002 0.70195 0.20108700000000002 0.705084 0.20108700000000002 0.704387 0.197826 0.704387 0.191304
1 0.741992 0.2 0.74234 0.197826 0.741295 0.192391 0.741295 0.18587 0.740251 0.18587 0.7395539999999999 0.18804300000000002 0.7395539999999999 0.19456500000000002 0.738858 0.198913 0.741992 0.2
1 0.712744 0.191304 0.7116990000000001 0.190217 0.710306 0.203261 0.714136 0.20434800000000003 0.713092 0.198913 0.712744 0.191304
3 0.752089 0.18152200000000002 0.751045 0.19456500000000002 0.75383 0.19456500000000002 0.753134 0.182609 0.752089 0.18152200000000002
1 0.772284 0.18152200000000002 0.7712399999999999 0.19347799999999998 0.774721 0.19456500000000002 0.773677 0.18152200000000002 0.772284 0.18152200000000002
1 0.8638579999999999 0.18043499999999998 0.863162 0.170652 0.8621169999999999 0.170652 0.8607239999999999 0.18695699999999998 0.864206 0.18695699999999998 0.864554 0.183696 0.8638579999999999 0.18043499999999998
3 0.866992 0.168478 0.865947 0.182609 0.869429 0.182609 0.868036 0.168478 0.866992 0.168478
1 0.897981 0.18152200000000002 0.896936 0.178261 0.89624 0.168478 0.8948470000000001 0.168478 0.89415 0.18043499999999998 0.893454 0.183696 0.897981 0.183696 0.897981 0.18152200000000002
1 0.8112809999999999 0.178261 0.8102370000000001 0.177174 0.8095399999999999 0.18804300000000002 0.808844 0.190217 0.812674 0.190217 0.8112809999999999 0.178261
3 0.211351 0.828261 0.211351 0.845652 0.253134 0.845652 0.25243699999999997 0.8423909999999999 0.251045 0.840217 0.24930400000000003 0.840217 0.24756300000000003 0.836957 0.24477699999999997 0.836957 0.24373300000000003 0.833696 0.22945700000000002 0.686957 0.22771599999999997 0.675 0.22736800000000001 0.6673910000000001 0.226323 0.665217 0.21901099999999998 0.665217 0.217618 0.6673910000000001 0.216574 0.671739 0.215877 0.6836960000000001 0.212744 0.8 0.211351 0.828261
3 0.610724 0.23478300000000002 0.616295 0.23478300000000002 0.6145539999999999 0.230435 0.613858 0.216304 0.612465 0.213043 0.611769 0.219565 0.611769 0.230435 0.610724 0.232609 0.610724 0.23478300000000002
1 0.692897 0.20434800000000003 0.6922010000000001 0.203261 0.691852 0.198913 0.691156 0.198913 0.689415 0.216304 0.69429 0.216304 0.692897 0.208696 0.692897 0.20434800000000003
1 0.693245 0.208696 0.694986 0.208696 0.6939420000000001 0.202174 0.693593 0.19456500000000002 0.6922010000000001 0.192391 0.691852 0.197826 0.692549 0.203261 0.693245 0.20434800000000003 0.693245 0.208696
1 0.708914 0.226087 0.708914 0.22282600000000002 0.707869 0.219565 0.706825 0.20434800000000003 0.705432 0.203261 0.704735 0.20760900000000002 0.704735 0.221739 0.703691 0.226087 0.708914 0.226087
1 0.711003 0.218478 0.70961 0.215217 0.708914 0.20108700000000002 0.7075210000000001 0.2 0.7071729999999999 0.20760900000000002 0.708217 0.219565 0.710655 0.220652 0.711003 0.218478
3 0.8067550000000001 0.175 0.8060579999999999 0.18804300000000002 0.808844 0.18804300000000002 0.807451 0.175 0.8067550000000001 0.175
3 0.9296659999999999 0.177174 0.930362 0.176087 0.9296659999999999 0.16413 0.928969 0.163043 0.9282730000000001 0.165217 0.9279249999999999 0.173913 0.927228 0.176087 0.9296659999999999 0.177174
1 0.942897 0.163043 0.9418519999999999 0.167391 0.940808 0.18043499999999998 0.9453340000000001 0.18043499999999998 0.942897 0.163043