1 0.660515 0.629348 0.659123 0.632609 0.657033 0.632609 0.6538999999999999 0.6358699999999999 0.651811 0.642391 0.646936 0.647826 0.646936 0.652174 0.647632 0.6543479999999999 0.651114 0.657609 0.654248 0.656522 0.663649 0.661957 0.666435 0.6673910000000001 0.6709609999999999 0.671739 0.674095 0.671739 0.6768799999999999 0.6673910000000001 0.677228 0.668478 0.679666 0.666304 0.683496 0.6673910000000001 0.689763 0.66087 0.691504 0.66087 0.691504 0.656522 0.689415 0.6543479999999999 0.6887190000000001 0.655435 0.687674 0.652174 0.687674 0.647826 0.6869780000000001 0.6445649999999999 0.6827989999999999 0.63913 0.681755 0.6358699999999999 0.679666 0.6 0.677228 0.518478 0.674443 0.51413 0.670265 0.515217 0.669568 0.518478 0.668524 0.5380429999999999 0.666783 0.55 0.660515 0.629348
1 0.35585 0.388043 0.354805 0.392391 0.352716 0.393478 0.352368 0.39891299999999996 0.354457 0.40543500000000005 0.370125 0.404348 0.370125 0.40108699999999997 0.36873300000000003 0.395652 0.366643 0.394565 0.365599 0.391304 0.36490300000000003 0.379348 0.365251 0.372826 0.363858 0.354348 0.36351 0.33260900000000004 0.362465 0.330435 0.360376 0.330435 0.358983 0.333696 0.358287 0.353261 0.357591 0.356522 0.35585 0.388043
1 0.259401 0.313043 0.25905300000000003 0.317391 0.26009699999999997 0.320652 0.270891 0.319565 0.269847 0.317391 0.26915 0.313043 0.268106 0.313043 0.267409 0.31087 0.267409 0.3 0.266365 0.288043 0.266365 0.276087 0.266017 0.272826 0.264276 0.271739 0.263579 0.272826 0.262883 0.278261 0.26149 0.30978300000000003 0.259401 0.313043
1 0.213788 0.278261 0.22284099999999998 0.278261 0.22284099999999998 0.276087 0.22214499999999998 0.276087 0.2211 0.272826 0.21970800000000001 0.253261 0.21970800000000001 0.243478 0.21727 0.243478 0.21727 0.251087 0.215877 0.269565 0.213788 0.278261
1 0.174791 0.236957 0.173398 0.228261 0.172702 0.21413000000000001 0.171309 0.216304 0.170265 0.231522 0.168872 0.236957 0.174791 0.236957
2 0.15285500000000002 0.21413000000000001 0.151811 0.191304 0.150766 0.190217 0.150418 0.202174 0.148677 0.21739099999999997 0.153552 0.218478 0.15285500000000002 0.21413000000000001
2 0.15006999999999998 0.190217 0.14902500000000002 0.190217 0.147632 0.213043 0.149721 0.20434800000000003 0.15006999999999998 0.190217
0 0.143106 0.206522 0.142758 0.196739 0.141713 0.195652 0.141713 0.2 0.14032 0.21086999999999997 0.143802 0.21086999999999997 0.143106 0.206522
0 0.137187 0.191304 0.136142 0.192391 0.135097 0.20543499999999998 0.137883 0.20543499999999998 0.137187 0.191304
0 0.130919 0.18804300000000002 0.129526 0.20108700000000002 0.13266 0.202174 0.132312 0.19347799999999998 0.130919 0.18804300000000002
0 0.128482 0.198913 0.128482 0.18913 0.127437 0.18587 0.126741 0.18913 0.126741 0.19456500000000002 0.125696 0.198913 0.128482 0.198913
0 0.124304 0.18587 0.12291099999999999 0.183696 0.12291099999999999 0.191304 0.122214 0.195652 0.124304 0.195652 0.124304 0.18587
0 0.120125 0.18152200000000002 0.11908099999999999 0.192391 0.12151799999999999 0.192391 0.12151799999999999 0.184783 0.120125 0.18152200000000002
0 0.118733 0.18913 0.118384 0.18152200000000002 0.11768799999999999 0.18152200000000002 0.11768799999999999 0.18695699999999998 0.11699200000000001 0.190217 0.118733 0.18913
1 0.193593 0.251087 0.192549 0.24782600000000002 0.191504 0.236957 0.191504 0.228261 0.191156 0.226087 0.189415 0.226087 0.18836999999999998 0.24565199999999998 0.18663000000000002 0.253261 0.193245 0.254348 0.193593 0.251087
1 0.157382 0.227174 0.161908 0.227174 0.162256 0.225 0.160864 0.219565 0.16051500000000002 0.206522 0.159471 0.20543499999999998 0.158774 0.20760900000000002 0.158774 0.21739099999999997 0.157382 0.22391299999999997 0.157382 0.227174