3 0.42305000000000004 0.553261 0.422354 0.556522 0.422354 0.56087 0.418524 0.568478 0.418175 0.571739 0.447075 0.572826 0.454735 0.557609 0.454387 0.555435 0.452298 0.554348 0.451602 0.5478259999999999 0.449164 0.543478 0.446727 0.543478 0.44603099999999996 0.540217 0.44463800000000003 0.516304 0.443245 0.503261 0.443245 0.496739 0.44254899999999997 0.492391 0.442897 0.490217 0.442201 0.48804299999999995 0.439067 0.444565 0.43802199999999997 0.43695700000000004 0.434192 0.43695700000000004 0.432799 0.43804299999999996 0.428273 0.545652 0.42305000000000004 0.553261
3 0.204387 0.761957 0.204039 0.791304 0.202298 0.827174 0.202298 0.846739 0.233983 0.846739 0.23154599999999997 0.818478 0.228064 0.78913 0.228064 0.7836960000000001 0.225279 0.7608699999999999 0.22493 0.752174 0.22388599999999997 0.746739 0.22388599999999997 0.743478 0.223189 0.742391 0.22284099999999998 0.734783 0.220752 0.718478 0.21831499999999998 0.684783 0.21030600000000002 0.684783 0.207521 0.68913 0.20647600000000002 0.693478 0.205432 0.742391 0.204387 0.761957
3 0.46344 0.38913000000000003 0.46344 0.40108699999999997 0.46239600000000003 0.411957 0.462047 0.42717400000000005 0.46065500000000004 0.430435 0.458565 0.431522 0.45786899999999997 0.44021699999999997 0.458217 0.44239100000000003 0.46970799999999996 0.44239100000000003 0.471797 0.44021699999999997 0.47876 0.44021699999999997 0.47771600000000003 0.430435 0.47492999999999996 0.428261 0.473538 0.41956499999999997 0.471797 0.4 0.471797 0.391304 0.46970799999999996 0.36739099999999997 0.469359 0.355435 0.466226 0.354348 0.465181 0.357609 0.464485 0.36739099999999997 0.464485 0.378261 0.46344 0.38913000000000003
3 0.425139 0.32934800000000003 0.423747 0.32934800000000003 0.422702 0.33260900000000004 0.427925 0.334783 0.431755 0.331522 0.434192 0.331522 0.43488899999999997 0.32934800000000003 0.434192 0.32717399999999996 0.433148 0.32717399999999996 0.432103 0.321739 0.431755 0.30869599999999997 0.43071000000000004 0.302174 0.429666 0.28586999999999996 0.427925 0.28586999999999996 0.427925 0.294565 0.426532 0.306522 0.426184 0.323913 0.425139 0.32934800000000003
3 0.388928 0.319565 0.388928 0.321739 0.391713 0.323913 0.39624000000000004 0.323913 0.39832900000000004 0.321739 0.399025 0.319565 0.398677 0.317391 0.397284 0.31630400000000003 0.395543 0.29782600000000004 0.395543 0.291304 0.394847 0.288043 0.394847 0.281522 0.392409 0.281522 0.392061 0.301087 0.391017 0.31413 0.389972 0.318478 0.388928 0.319565
3 0.334262 0.31630400000000003 0.337396 0.319565 0.341226 0.318478 0.342967 0.31630400000000003 0.342967 0.313043 0.341922 0.31087 0.341226 0.306522 0.339485 0.282609 0.338788 0.280435 0.337744 0.280435 0.337047 0.282609 0.336003 0.313043 0.33460999999999996 0.31413 0.334262 0.31630400000000003
3 0.338788 0.266304 0.338092 0.254348 0.336351 0.254348 0.336003 0.266304 0.33460999999999996 0.277174 0.34052899999999997 0.277174 0.338788 0.266304
3 0.282382 0.307609 0.28481900000000004 0.305435 0.283078 0.3 0.282033 0.284783 0.28064100000000003 0.276087 0.279248 0.277174 0.278203 0.303261 0.276462 0.307609 0.282382 0.307609
3 0.29213100000000003 0.286957 0.291086 0.284783 0.289694 0.265217 0.287953 0.265217 0.287256 0.280435 0.285515 0.291304 0.29213100000000003 0.290217 0.29213100000000003 0.286957
3 0.397632 0.265217 0.397632 0.263043 0.39624000000000004 0.26087 0.395195 0.244565 0.393802 0.244565 0.393106 0.26087 0.392061 0.26413000000000003 0.392061 0.266304 0.397632 0.265217
3 0.44603099999999996 0.24782600000000002 0.445334 0.23478300000000002 0.44428999999999996 0.23478300000000002 0.443593 0.248913 0.44254899999999997 0.254348 0.447423 0.254348 0.44603099999999996 0.24782600000000002
3 0.46901099999999996 0.23913 0.468663 0.230435 0.46726999999999996 0.22934800000000002 0.466922 0.24021699999999999 0.46552899999999997 0.248913 0.470404 0.248913 0.46901099999999996 0.23913
3 0.485724 0.233696 0.48502799999999996 0.221739 0.483983 0.221739 0.48363500000000004 0.236957 0.48259100000000005 0.24239099999999997 0.487117 0.24239099999999997 0.485724 0.233696
3 0.49094699999999997 0.232609 0.49025100000000005 0.22282600000000002 0.48955399999999993 0.221739 0.488858 0.233696 0.48781299999999994 0.238043 0.49199200000000004 0.238043 0.49094699999999997 0.232609
3 0.47597500000000004 0.220652 0.47492999999999996 0.219565 0.47492999999999996 0.22391299999999997 0.473538 0.233696 0.477019 0.233696 0.47597500000000004 0.220652
3 0.495822 0.21413000000000001 0.49442899999999995 0.227174 0.497563 0.227174 0.496518 0.215217 0.495822 0.21413000000000001
3 0.5212399999999999 0.209783 0.520543 0.21086999999999997 0.5194989999999999 0.220652 0.522284 0.220652 0.5212399999999999 0.209783
3 0.557103 0.203261 0.5560579999999999 0.215217 0.558844 0.215217 0.5577989999999999 0.203261 0.557103 0.203261
3 0.601323 0.20108700000000002 0.600279 0.196739 0.598886 0.208696 0.6020190000000001 0.208696 0.601323 0.20543499999999998 0.601323 0.20108700000000002
3 0.6479809999999999 0.198913 0.647632 0.192391 0.646936 0.192391 0.646588 0.198913 0.645543 0.203261 0.649025 0.203261 0.6479809999999999 0.198913
3 0.697423 0.195652 0.697075 0.18804300000000002 0.696031 0.18804300000000002 0.696031 0.19456500000000002 0.695334 0.198913 0.6981200000000001 0.198913 0.697423 0.195652
3 0.744429 0.190217 0.744429 0.184783 0.743733 0.183696 0.743384 0.190217 0.74234 0.19456500000000002 0.745474 0.19456500000000002 0.744429 0.190217
3 0.7907379999999999 0.18043499999999998 0.789694 0.192391 0.7924789999999999 0.192391 0.791435 0.18043499999999998 0.7907379999999999 0.18043499999999998
3 0.833914 0.177174 0.833217 0.177174 0.832869 0.184783 0.831825 0.191304 0.834958 0.191304 0.833914 0.177174
3 0.8607239999999999 0.177174 0.85968 0.177174 0.85968 0.18587 0.8586349999999999 0.191304 0.861769 0.191304 0.8607239999999999 0.177174
3 0.885794 0.190217 0.8878830000000001 0.18804300000000002 0.886838 0.182609 0.88649 0.176087 0.885794 0.177174 0.885446 0.18587 0.8844010000000001 0.18804300000000002 0.885794 0.190217
3 0.923747 0.173913 0.9230499999999999 0.17282599999999998 0.9227019999999999 0.18043499999999998 0.9216570000000001 0.18695699999999998 0.9247909999999999 0.18695699999999998 0.923747 0.173913
1 0.8777860000000001 0.38152200000000003 0.876741 0.386957 0.875348 0.38913000000000003 0.875348 0.391304 0.878482 0.396739 0.895543 0.396739 0.896588 0.394565 0.899373 0.394565 0.898677 0.38587 0.895543 0.38260900000000003 0.894499 0.378261 0.893454 0.361957 0.892061 0.356522 0.8913650000000001 0.338043 0.891713 0.334783 0.89032 0.320652 0.889972 0.31087 0.888231 0.307609 0.885097 0.30869599999999997 0.884053 0.31521699999999997 0.884053 0.322826 0.880223 0.38043499999999997 0.8777860000000001 0.38152200000000003
1 0.744777 0.331522 0.750696 0.33260900000000004 0.75766 0.331522 0.758705 0.32934800000000003 0.758705 0.32717399999999996 0.75766 0.323913 0.756616 0.323913 0.755223 0.31630400000000003 0.753482 0.29565199999999997 0.753134 0.27934800000000004 0.752437 0.271739 0.749304 0.272826 0.747911 0.28913 0.746866 0.321739 0.743384 0.32934800000000003 0.744777 0.331522
1 0.545265 0.284783 0.545613 0.282609 0.544568 0.282609 0.543524 0.278261 0.543175 0.265217 0.541783 0.251087 0.540042 0.251087 0.538997 0.281522 0.537256 0.28586999999999996 0.5428270000000001 0.286957 0.545265 0.284783
1 0.517409 0.24782600000000002 0.516713 0.230435 0.514972 0.22934800000000002 0.514624 0.24782600000000002 0.513231 0.252174 0.51915 0.253261 0.517409 0.24782600000000002
1 0.5654600000000001 0.230435 0.566852 0.228261 0.566852 0.221739 0.567897 0.216304 0.566504 0.216304 0.566504 0.22391299999999997 0.565111 0.228261 0.5654600000000001 0.230435
1 0.566156 0.21739099999999997 0.566156 0.215217 0.5672010000000001 0.21413000000000001 0.566852 0.20543499999999998 0.566156 0.20543499999999998 0.565808 0.215217 0.565111 0.21739099999999997 0.566156 0.21739099999999997
1 0.5919220000000001 0.209783 0.591574 0.20108700000000002 0.590529 0.20108700000000002 0.590529 0.20760900000000002 0.5898329999999999 0.213043 0.592618 0.213043 0.5919220000000001 0.209783
1 0.618384 0.197826 0.61734 0.209783 0.620474 0.209783 0.619081 0.197826 0.618384 0.197826
1 0.651462 0.2 0.651114 0.19347799999999998 0.6504179999999999 0.19347799999999998 0.649373 0.20543499999999998 0.6525070000000001 0.20543499999999998 0.6525070000000001 0.203261 0.651462 0.2
1 0.693593 0.190217 0.692549 0.190217 0.692549 0.19456500000000002 0.691504 0.202174 0.694986 0.202174 0.693593 0.190217
1 0.719708 0.190217 0.718663 0.18695699999999998 0.718315 0.19456500000000002 0.71727 0.2 0.7211000000000001 0.2 0.719708 0.190217
1 0.755571 0.19456500000000002 0.755223 0.18587 0.75383 0.18587 0.753482 0.195652 0.752437 0.198913 0.756616 0.198913 0.755571 0.19456500000000002
1 0.788649 0.183696 0.787604 0.183696 0.786908 0.19456500000000002 0.786212 0.197826 0.790042 0.197826 0.788649 0.183696
1 0.817897 0.190217 0.817897 0.182609 0.8165039999999999 0.182609 0.8165039999999999 0.18913 0.8154600000000001 0.197826 0.8189420000000001 0.197826 0.817897 0.190217
1 0.854109 0.18152200000000002 0.852716 0.196739 0.856198 0.196739 0.854805 0.18152200000000002 0.854109 0.18152200000000002
3 0.45717299999999994 0.378261 0.456476 0.383696 0.45578 0.38260900000000003 0.455084 0.384783 0.45369099999999996 0.384783 0.452646 0.388043 0.452994 0.392391 0.454039 0.394565 0.46309199999999995 0.392391 0.464136 0.36739099999999997 0.465181 0.355435 0.464136 0.348913 0.462047 0.322826 0.459262 0.322826 0.458565 0.344565 0.45717299999999994 0.365217 0.45717299999999994 0.378261
3 0.448816 0.347826 0.448816 0.35108700000000004 0.45786899999999997 0.35108700000000004 0.458565 0.331522 0.45786899999999997 0.328261 0.457521 0.317391 0.45578 0.296739 0.453343 0.296739 0.45194999999999996 0.340217 0.450557 0.34565199999999996 0.448816 0.347826
1 0.546309 0.23586999999999997 0.5459609999999999 0.22391299999999997 0.544916 0.22391299999999997 0.5442199999999999 0.238043 0.5428270000000001 0.243478 0.547702 0.243478 0.546309 0.23586999999999997
1 0.552577 0.220652 0.552577 0.215217 0.551532 0.211957 0.551184 0.221739 0.5501389999999999 0.227174 0.5536209999999999 0.227174 0.552577 0.220652
1 0.544568 0.226087 0.544568 0.22391299999999997 0.545265 0.22282600000000002 0.544568 0.209783 0.543175 0.209783 0.5428270000000001 0.22282600000000002 0.541783 0.226087 0.544568 0.226087
1 0.550836 0.221739 0.5504870000000001 0.20760900000000002 0.549443 0.208696 0.549443 0.21739099999999997 0.5483979999999999 0.221739 0.550836 0.221739
1 0.567897 0.218478 0.567549 0.226087 0.5654600000000001 0.23478300000000002 0.570334 0.23478300000000002 0.567897 0.218478
1 0.595404 0.286957 0.592967 0.291304 0.592967 0.293478 0.595404 0.29565199999999997 0.5995820000000001 0.29565199999999997 0.600627 0.293478 0.603412 0.293478 0.6037600000000001 0.291304 0.601323 0.28586999999999996 0.5995820000000001 0.270652 0.5995820000000001 0.26413000000000003 0.598886 0.258696 0.599234 0.253261 0.596797 0.253261 0.595752 0.268478 0.595752 0.278261 0.595056 0.282609 0.595404 0.286957
1 0.669568 0.3 0.6678270000000001 0.302174 0.6678270000000001 0.306522 0.6751389999999999 0.307609 0.675836 0.305435 0.678969 0.303261 0.678969 0.301087 0.677228 0.301087 0.676532 0.29782600000000004 0.676532 0.291304 0.6751389999999999 0.281522 0.673747 0.259783 0.671657 0.259783 0.671309 0.271739 0.670613 0.275 0.670265 0.29239099999999996 0.669568 0.3
1 0.45891400000000004 0.284783 0.466226 0.284783 0.466226 0.282609 0.464485 0.278261 0.463788 0.271739 0.46344 0.25760900000000003 0.462744 0.254348 0.46135099999999996 0.254348 0.460306 0.269565 0.460306 0.27934800000000004 0.45891400000000004 0.282609 0.45891400000000004 0.284783
1 0.418175 0.278261 0.424443 0.278261 0.423747 0.272826 0.42305000000000004 0.271739 0.42305000000000004 0.263043 0.42130900000000004 0.25 0.420613 0.25 0.420265 0.25760900000000003 0.41956800000000005 0.26087 0.41922 0.275 0.418175 0.278261
1 0.44046 0.26087 0.44046 0.24782600000000002 0.439763 0.244565 0.43837000000000004 0.244565 0.43802199999999997 0.261957 0.43662999999999996 0.270652 0.44254899999999997 0.269565 0.44046 0.26087
1 0.935585 0.183696 0.9352370000000001 0.175 0.934192 0.175 0.9334960000000001 0.18695699999999998 0.932451 0.191304 0.9369780000000001 0.191304 0.935585 0.183696