1 0.942897 0.47027 0.942549 0.475676 0.9418519999999999 0.477027 0.939415 0.490541 0.9383699999999999 0.493243 0.933844 0.494595 0.9310579999999999 0.496622 0.928969 0.502027 0.922354 0.504054 0.924095 0.507432 0.92688 0.509459 0.932451 0.518243 0.9345399999999999 0.519595 0.939415 0.527703 0.9415039999999999 0.529054 0.9418519999999999 0.528378 0.9439420000000001 0.530405 0.950905 0.529054 0.950905 0.42027000000000003 0.9495129999999999 0.42837800000000004 0.9488160000000001 0.42973 0.9484680000000001 0.43648600000000004 0.942897 0.47027
0 0.583217 0.414865 0.583217 0.418919 0.575905 0.470946 0.573816 0.475 0.571031 0.475676 0.56929 0.478378 0.567897 0.483784 0.5619780000000001 0.488514 0.5619780000000001 0.489865 0.566504 0.492568 0.56929 0.495946 0.585655 0.50473 0.589485 0.508108 0.595404 0.506081 0.5961000000000001 0.50473 0.600627 0.502027 0.6068939999999999 0.5 0.615599 0.494595 0.615599 0.491892 0.610724 0.488514 0.609331 0.485811 0.608983 0.482432 0.607591 0.47973 0.603064 0.476351 0.601671 0.472973 0.598886 0.443919 0.598886 0.437838 0.595752 0.405405 0.595404 0.395946 0.5943590000000001 0.387162 0.592618 0.385135 0.5884400000000001 0.385135 0.586351 0.387162 0.584958 0.403378 0.583217 0.414865
1 0.544916 0.409459 0.542131 0.42432400000000003 0.541783 0.43243200000000004 0.540042 0.447973 0.538997 0.45067599999999997 0.535864 0.452027 0.533426 0.45472999999999997 0.531685 0.460135 0.528203 0.462162 0.5275070000000001 0.464865 0.5306409999999999 0.466216 0.53273 0.468919 0.541086 0.475 0.547702 0.477027 0.5560579999999999 0.477703 0.557103 0.476351 0.559889 0.476351 0.5619780000000001 0.475 0.564763 0.475676 0.575905 0.469595 0.575905 0.466216 0.572423 0.464189 0.5706819999999999 0.461486 0.569986 0.457432 0.5672010000000001 0.454054 0.5654600000000001 0.453378 0.564067 0.45067599999999997 0.562674 0.441892 0.56163 0.43040500000000004 0.56163 0.42027000000000003 0.559889 0.41216200000000003 0.558844 0.392568 0.556407 0.370946 0.5536209999999999 0.368243 0.549443 0.368919 0.54805 0.372973 0.546309 0.393919 0.545613 0.395946 0.544916 0.409459
1 0.648329 0.363514 0.645543 0.381757 0.641713 0.387838 0.638231 0.389865 0.638231 0.391216 0.642409 0.400676 0.660515 0.401351 0.6709609999999999 0.399324 0.671309 0.398649 0.669916 0.393243 0.669568 0.38851399999999997 0.668872 0.387162 0.6657379999999999 0.385811 0.664694 0.383784 0.663649 0.377703 0.662256 0.356081 0.660515 0.340541 0.659471 0.32162199999999996 0.658774 0.32027 0.6538999999999999 0.32027 0.6525070000000001 0.322973 0.6521589999999999 0.330405 0.65007 0.344595 0.648329 0.363514
1 0.373259 0.33581099999999997 0.37117 0.33783799999999997 0.378482 0.343919 0.385794 0.341892 0.393802 0.342568 0.399721 0.340541 0.39832900000000004 0.338514 0.39798100000000003 0.334459 0.39415 0.332432 0.393106 0.329054 0.389624 0.293919 0.387187 0.280405 0.383357 0.281081 0.378482 0.329054 0.37639300000000003 0.332432 0.374652 0.332432 0.373259 0.33581099999999997
1 0.34226999999999996 0.278378 0.341226 0.281081 0.339833 0.281081 0.339136 0.283784 0.34052899999999997 0.286486 0.35550099999999996 0.285811 0.35550099999999996 0.283108 0.352716 0.27973 0.352716 0.277027 0.35201899999999997 0.275 0.351323 0.260135 0.349582 0.24932400000000002 0.349234 0.24324300000000001 0.346448 0.24256799999999998 0.34401099999999996 0.256757 0.343663 0.26554099999999997 0.342618 0.268243 0.34226999999999996 0.278378
1 0.299443 0.253378 0.29805000000000004 0.260811 0.29805000000000004 0.268243 0.297354 0.270946 0.297006 0.277027 0.296309 0.279054 0.293872 0.281081 0.293872 0.282432 0.296657 0.285135 0.310237 0.285135 0.31128100000000003 0.283784 0.31162999999999996 0.281757 0.308844 0.280405 0.307799 0.268919 0.306058 0.260811 0.306058 0.256081 0.304666 0.24256799999999998 0.303969 0.239865 0.301532 0.239189 0.300836 0.239865 0.300836 0.241892 0.29979100000000003 0.24527000000000002 0.299443 0.253378
1 0.306058 0.22973 0.304666 0.24054099999999998 0.305362 0.247973 0.314415 0.24729700000000002 0.314763 0.24459499999999998 0.312674 0.241892 0.312674 0.237838 0.310237 0.21756799999999998 0.309192 0.21554099999999998 0.307799 0.21554099999999998 0.306407 0.220946 0.306407 0.225676 0.30571000000000004 0.229054 0.306058 0.22973
1 0.332521 0.233108 0.34226999999999996 0.233108 0.34226999999999996 0.231081 0.34052899999999997 0.22973 0.34052899999999997 0.22635100000000002 0.338092 0.207432 0.33669899999999997 0.206757 0.335306 0.21013500000000002 0.334262 0.229054 0.332521 0.231757 0.332521 0.233108
1 0.24617 0.239865 0.24547400000000003 0.241216 0.24373300000000003 0.241892 0.24373300000000003 0.24324300000000001 0.24617 0.24527000000000002 0.255919 0.24459499999999998 0.25626699999999997 0.24256799999999998 0.254526 0.24054099999999998 0.253134 0.233784 0.25139300000000003 0.21351399999999998 0.24860699999999997 0.21216200000000002 0.247911 0.214865 0.24756300000000003 0.223649 0.24617 0.233784 0.24617 0.239865
1 0.20264600000000002 0.220946 0.212744 0.22162199999999999 0.213092 0.22027000000000002 0.211351 0.218919 0.211003 0.212838 0.208914 0.202703 0.208217 0.195946 0.20647600000000002 0.19527 0.205084 0.204054 0.204387 0.21621600000000002 0.20264600000000002 0.21959499999999998 0.20264600000000002 0.220946
3 0.781337 0.281757 0.779944 0.284459 0.778552 0.290541 0.777855 0.297973 0.77507 0.29932400000000003 0.773677 0.30337800000000004 0.774025 0.30540500000000004 0.7771589999999999 0.306757 0.79039 0.308108 0.797006 0.30473 0.795613 0.30337800000000004 0.7942199999999999 0.29932400000000003 0.792131 0.29932400000000003 0.7907379999999999 0.296622 0.789345 0.283108 0.789345 0.275 0.788649 0.270946 0.7883009999999999 0.259459 0.787604 0.255405 0.785864 0.25473 0.784123 0.256081 0.781685 0.272297 0.781337 0.281757
3 0.7848189999999999 0.231757 0.7851670000000001 0.233108 0.793872 0.233784 0.795265 0.23243200000000003 0.793524 0.227703 0.7924789999999999 0.21013500000000002 0.791783 0.206757 0.7907379999999999 0.206757 0.788997 0.21351399999999998 0.787604 0.22635100000000002 0.7848189999999999 0.231757
3 0.751741 0.223649 0.759749 0.22432400000000002 0.7604460000000001 0.222973 0.758705 0.21824300000000002 0.757312 0.202027 0.755571 0.202703 0.753482 0.21959499999999998 0.751741 0.22229700000000002 0.751741 0.223649
3 0.729805 0.247973 0.729109 0.24932400000000002 0.728064 0.24932400000000002 0.728064 0.251351 0.729457 0.252703 0.739903 0.252027 0.740251 0.250676 0.738858 0.24932400000000002 0.737465 0.24527000000000002 0.735724 0.22162199999999999 0.735028 0.22027000000000002 0.733635 0.22027000000000002 0.7318939999999999 0.22973 0.7318939999999999 0.233784 0.731198 0.235811 0.729805 0.247973
1 0.4711 0.31756799999999996 0.471448 0.32027 0.467618 0.32162199999999996 0.46726999999999996 0.325 0.465181 0.32770299999999997 0.46552899999999997 0.32972999999999997 0.469359 0.32972999999999997 0.47736799999999996 0.333108 0.481546 0.333108 0.483983 0.330405 0.48607199999999995 0.330405 0.490599 0.32770299999999997 0.49025100000000005 0.32567599999999997 0.488162 0.325 0.487465 0.322297 0.48502799999999996 0.32162199999999996 0.483983 0.32027 0.48259100000000005 0.30540500000000004 0.482242 0.29527000000000003 0.481546 0.291892 0.481546 0.285811 0.48015299999999994 0.27973 0.48015299999999994 0.277027 0.479457 0.274324 0.47667099999999996 0.274324 0.473538 0.294595 0.47249299999999994 0.308784 0.471797 0.310811 0.4711 0.31756799999999996
3 0.609331 0.275676 0.608287 0.27973 0.60968 0.281081 0.613162 0.281757 0.624304 0.281757 0.624652 0.27973 0.623955 0.279054 0.623955 0.277027 0.621518 0.275676 0.620822 0.273649 0.620822 0.268919 0.619429 0.258784 0.619429 0.252703 0.618384 0.24256799999999998 0.617688 0.24054099999999998 0.615947 0.24054099999999998 0.613162 0.261486 0.612117 0.26554099999999997 0.611421 0.275 0.609331 0.275676
3 0.590877 0.259459 0.602716 0.259459 0.603064 0.258108 0.600627 0.255405 0.59993 0.24324300000000001 0.599234 0.241216 0.598189 0.22837800000000003 0.5974929999999999 0.227027 0.596448 0.227027 0.5943590000000001 0.23851399999999998 0.592967 0.254054 0.590877 0.256757 0.590877 0.259459
3 0.506267 0.259459 0.506267 0.262162 0.510097 0.26351399999999997 0.518802 0.262838 0.518802 0.258784 0.516713 0.256757 0.516017 0.24527000000000002 0.513928 0.22837800000000003 0.511838 0.22837800000000003 0.509749 0.241892 0.509401 0.252027 0.508357 0.257432 0.506267 0.259459
3 0.491643 0.24932400000000002 0.49234 0.250676 0.502089 0.250676 0.502437 0.247973 0.500348 0.24459499999999998 0.49860699999999997 0.22229700000000002 0.49791100000000005 0.21959499999999998 0.49617000000000006 0.21959499999999998 0.49373300000000003 0.243919 0.49268799999999996 0.24662199999999998 0.491643 0.24729700000000002 0.491643 0.24932400000000002
1 0.383008 0.225676 0.383008 0.227027 0.391365 0.227703 0.392061 0.22635100000000002 0.39066900000000004 0.220946 0.39066900000000004 0.21756799999999998 0.388579 0.204054 0.386838 0.204054 0.38509699999999997 0.21418900000000002 0.38509699999999997 0.22162199999999999 0.384749 0.223649 0.383008 0.225676