1 0.9352370000000001 0.21351399999999998 0.9352370000000001 0.214865 0.9401109999999999 0.21621600000000002 0.946379 0.21554099999999998 0.94812 0.21351399999999998 0.94812 0.211486 0.946031 0.209459 0.94429 0.197297 0.94429 0.193243 0.942897 0.185811 0.9404600000000001 0.185135 0.9404600000000001 0.189865 0.9380219999999999 0.206757 0.9369780000000001 0.210811 0.9352370000000001 0.21351399999999998
0 0.741992 0.225676 0.741992 0.22837800000000003 0.7472139999999999 0.22837800000000003 0.747911 0.227703 0.747911 0.225676 0.745822 0.22229700000000002 0.743384 0.204054 0.741992 0.203378 0.741295 0.20473 0.740599 0.211486 0.740947 0.222973 0.741992 0.225676
3 0.732939 0.23445900000000003 0.743733 0.23445900000000003 0.744081 0.231757 0.741643 0.229054 0.741295 0.225 0.740599 0.223649 0.739206 0.20810800000000002 0.7378129999999999 0.207432 0.736072 0.216892 0.735028 0.23040500000000003 0.733635 0.231757 0.732939 0.23445900000000003
3 0.721797 0.24256799999999998 0.720752 0.247973 0.718663 0.25 0.719011 0.252703 0.721448 0.253378 0.731546 0.251351 0.731546 0.24864899999999998 0.7301529999999999 0.247973 0.7287600000000001 0.24324300000000001 0.728412 0.237838 0.727368 0.233108 0.727368 0.227027 0.726323 0.218919 0.7245820000000001 0.218919 0.723538 0.220946 0.7224929999999999 0.22837800000000003 0.721797 0.24256799999999998
3 0.696031 0.267568 0.695334 0.270946 0.6946380000000001 0.272297 0.693245 0.272297 0.692897 0.275 0.691504 0.276351 0.691852 0.277703 0.702298 0.278378 0.7057800000000001 0.276351 0.70961 0.275676 0.70961 0.274324 0.708565 0.272973 0.708565 0.270946 0.7071729999999999 0.270946 0.706128 0.269595 0.7016020000000001 0.235811 0.700905 0.235135 0.698468 0.23648600000000003 0.6981200000000001 0.24527000000000002 0.6963790000000001 0.256081 0.696031 0.267568
3 0.640669 0.306757 0.639624 0.30945900000000004 0.636838 0.31148600000000004 0.636142 0.316216 0.641017 0.31756799999999996 0.652855 0.31756799999999996 0.654596 0.31554099999999996 0.658774 0.31351399999999996 0.658774 0.312162 0.657033 0.31148600000000004 0.656337 0.308108 0.654248 0.308108 0.653203 0.306757 0.652855 0.300676 0.650766 0.289865 0.6504179999999999 0.282432 0.649721 0.27973 0.648329 0.26554099999999997 0.647284 0.264189 0.6444989999999999 0.264189 0.642409 0.280405 0.642409 0.287838 0.641017 0.298649 0.640669 0.306757
3 0.585655 0.385135 0.5825210000000001 0.387162 0.581825 0.389865 0.581476 0.398649 0.593315 0.400676 0.598538 0.400676 0.59993 0.399324 0.6072420000000001 0.4 0.609331 0.398649 0.611421 0.395946 0.611421 0.391216 0.610376 0.385811 0.6068939999999999 0.383784 0.6055010000000001 0.381757 0.602716 0.363514 0.6020190000000001 0.354054 0.600975 0.349324 0.600627 0.342568 0.599234 0.33378399999999997 0.599234 0.328378 0.5978410000000001 0.31959499999999996 0.592618 0.31959499999999996 0.591574 0.322973 0.590529 0.347297 0.587047 0.382432 0.585655 0.385135
3 0.460306 0.496622 0.459958 0.506081 0.458217 0.52027 0.458217 0.526351 0.45717299999999994 0.533784 0.457521 0.537162 0.455084 0.562838 0.45369099999999996 0.566216 0.451253 0.567568 0.447423 0.571622 0.44428999999999996 0.581081 0.438719 0.585135 0.438719 0.587838 0.44254899999999997 0.593243 0.44951299999999994 0.6 0.454039 0.602703 0.459958 0.610135 0.463788 0.612162 0.467618 0.612162 0.46970799999999996 0.610135 0.473538 0.608784 0.475279 0.606757 0.480501 0.605405 0.490599 0.6 0.495125 0.595946 0.505223 0.590541 0.506616 0.588514 0.506616 0.585811 0.505571 0.583784 0.49860699999999997 0.5783780000000001 0.497563 0.5763510000000001 0.49721399999999993 0.5722970000000001 0.495822 0.568243 0.49268799999999996 0.564189 0.488162 0.560811 0.485724 0.554054 0.48433099999999996 0.5425679999999999 0.482242 0.532432 0.481198 0.52027 0.47910899999999995 0.506757 0.478064 0.492568 0.47423400000000004 0.46283799999999997 0.473886 0.456081 0.47318899999999997 0.45270299999999997 0.471448 0.45067599999999997 0.465877 0.451351 0.46309199999999995 0.45472999999999997 0.46135099999999996 0.487838 0.460306 0.496622
3 0.307799 0.405405 0.308148 0.41418900000000003 0.30745100000000003 0.417568 0.30745100000000003 0.425676 0.306755 0.43040500000000004 0.306755 0.43851399999999996 0.305014 0.457432 0.300139 0.462162 0.298747 0.465541 0.298398 0.475 0.29979100000000003 0.480405 0.302228 0.480405 0.304318 0.478378 0.308844 0.479054 0.310585 0.478378 0.31128100000000003 0.477027 0.316504 0.477703 0.323468 0.475676 0.324164 0.474324 0.328691 0.475 0.331476 0.473649 0.334958 0.473649 0.337047 0.471622 0.33669899999999997 0.465541 0.335306 0.457432 0.333914 0.455405 0.329735 0.453378 0.328691 0.451351 0.32694999999999996 0.443919 0.326253 0.437838 0.324164 0.43040500000000004 0.322423 0.42027000000000003 0.317201 0.378378 0.316156 0.377027 0.311978 0.377027 0.30954000000000004 0.37973 0.308844 0.396622 0.307799 0.405405
3 0.217618 0.352703 0.216922 0.356081 0.216922 0.363514 0.215877 0.365541 0.213092 0.367568 0.21239599999999997 0.373649 0.21413600000000002 0.373649 0.215529 0.375 0.220752 0.375 0.221448 0.373649 0.23119800000000001 0.373649 0.235724 0.372297 0.23746499999999998 0.37027 0.23885800000000001 0.366892 0.237813 0.366216 0.236421 0.362838 0.23328700000000002 0.362838 0.231894 0.360811 0.23154599999999997 0.35473 0.22980499999999998 0.347297 0.22945700000000002 0.341216 0.22736800000000001 0.333108 0.227019 0.326351 0.224582 0.31351399999999996 0.22353800000000001 0.312162 0.220752 0.312838 0.22005599999999997 0.314865 0.219359 0.32770299999999997 0.21727 0.347297 0.217618 0.352703
3 0.05571 0.6 0.056058 0.60473 0.05501399999999999 0.611486 0.051532 0.666216 0.050836000000000006 0.668243 0.050487000000000004 0.678378 0.049791 0.67973 0.049791 0.683108 0.049095 0.683784 0.048747 0.686486 0.049095 0.843243 0.057450999999999995 0.837162 0.059192 0.837162 0.060237 0.835811 0.066852 0.833108 0.071727 0.8283780000000001 0.07311999999999999 0.8283780000000001 0.074164 0.8263510000000001 0.075209 0.8263510000000001 0.077646 0.823649 0.079039 0.823649 0.080084 0.8222970000000001 0.080432 0.822973 0.083565 0.82027 0.085306 0.82027 0.090181 0.816216 0.097841 0.812838 0.09992999999999999 0.810811 0.10898300000000001 0.806081 0.11281300000000001 0.8027029999999999 0.114554 0.8027029999999999 0.118733 0.8 0.119777 0.797973 0.121866 0.7966219999999999 0.12325900000000001 0.793243 0.12325900000000001 0.786486 0.122214 0.777027 0.120125 0.768243 0.118733 0.756081 0.11734 0.750676 0.11281300000000001 0.74527 0.10376 0.742568 0.100975 0.739865 0.097493 0.72027 0.09331500000000001 0.70473 0.088788 0.677027 0.086003 0.664189 0.084262 0.65 0.082173 0.643243 0.079039 0.625 0.076253 0.614189 0.073816 0.59527 0.072772 0.592568 0.071031 0.591216 0.064067 0.592568 0.058148 0.59527 0.056755 0.596622 0.05571 0.6