1 0.316852 0.51413 0.31511100000000003 0.532609 0.310237 0.536957 0.310237 0.5423910000000001 0.308844 0.5478259999999999 0.305014 0.548913 0.310933 0.556522 0.32694999999999996 0.568478 0.33077999999999996 0.5663039999999999 0.331128 0.561957 0.333565 0.556522 0.34401099999999996 0.556522 0.345056 0.553261 0.345056 0.548913 0.34018099999999996 0.548913 0.338788 0.543478 0.33843999999999996 0.53587 0.333914 0.5336960000000001 0.330432 0.465217 0.329387 0.457609 0.327994 0.42934799999999995 0.327298 0.42717400000000005 0.322772 0.428261 0.321727 0.431522 0.319986 0.46630399999999994 0.318942 0.475 0.316852 0.51413
1 0.093663 0.421739 0.090181 0.422826 0.089833 0.430435 0.092967 0.43478300000000003 0.097841 0.43695700000000004 0.10759099999999999 0.43695700000000004 0.11316200000000001 0.433696 0.114206 0.431522 0.114554 0.425 0.11385799999999999 0.422826 0.11002799999999999 0.420652 0.108287 0.391304 0.10759099999999999 0.386957 0.10619799999999999 0.354348 0.104805 0.341304 0.099582 0.341304 0.097493 0.36847799999999997 0.09714500000000001 0.38260900000000003 0.094359 0.418478 0.093663 0.421739
1 0.696727 0.681522 0.694986 0.697826 0.69429 0.7119570000000001 0.692897 0.719565 0.692549 0.727174 0.690111 0.746739 0.6880219999999999 0.777174 0.682103 0.832609 0.681407 0.8358700000000001 0.6768799999999999 0.836957 0.672354 0.843478 0.672006 0.846739 0.714136 0.846739 0.713788 0.832609 0.712744 0.8228260000000001 0.712396 0.803261 0.7116990000000001 0.8 0.7116990000000001 0.790217 0.711003 0.784783 0.710306 0.767391 0.710306 0.751087 0.708914 0.721739 0.707869 0.675 0.7071729999999999 0.6673910000000001 0.704387 0.665217 0.697772 0.666304 0.697075 0.668478 0.696727 0.681522
1 0.14032 0.276087 0.150418 0.276087 0.15006999999999998 0.27391299999999996 0.14902500000000002 0.27391299999999996 0.148329 0.270652 0.146936 0.24239099999999997 0.144847 0.24130400000000002 0.142758 0.26413000000000003 0.142758 0.269565 0.14136500000000002 0.271739 0.14032 0.276087
1 0.263231 0.276087 0.262187 0.251087 0.26149 0.24782600000000002 0.26009699999999997 0.24782600000000002 0.258357 0.27391299999999996 0.25626699999999997 0.282609 0.26532 0.282609 0.263231 0.276087
1 0.356198 0.291304 0.36490300000000003 0.291304 0.36490300000000003 0.28913 0.363858 0.288043 0.363162 0.284783 0.362117 0.25760900000000003 0.360376 0.25652200000000003 0.35968 0.261957 0.35933099999999996 0.275 0.357939 0.28586999999999996 0.356198 0.291304
1 0.44254899999999997 0.302174 0.450557 0.302174 0.449164 0.294565 0.44812 0.272826 0.447423 0.268478 0.446379 0.268478 0.445334 0.276087 0.444986 0.286957 0.443942 0.296739 0.44254899999999997 0.302174
1 0.5842620000000001 0.331522 0.594011 0.331522 0.594011 0.32934800000000003 0.592967 0.328261 0.591574 0.322826 0.5901810000000001 0.294565 0.5884400000000001 0.293478 0.5866990000000001 0.317391 0.585655 0.326087 0.5842620000000001 0.32934800000000003 0.5842620000000001 0.331522
1 0.683148 0.347826 0.692897 0.347826 0.691156 0.341304 0.689763 0.30869599999999997 0.687674 0.30978300000000003 0.685585 0.340217 0.683844 0.343478 0.683148 0.347826
1 0.797702 0.354348 0.7959609999999999 0.359783 0.805362 0.359783 0.803969 0.354348 0.802577 0.325 0.80188 0.322826 0.8004870000000001 0.323913 0.799095 0.336957 0.798747 0.346739 0.797702 0.354348
1 0.892409 0.365217 0.8910170000000001 0.358696 0.889972 0.333696 0.8889279999999999 0.330435 0.887535 0.33260900000000004 0.885097 0.36086999999999997 0.8826599999999999 0.365217 0.892409 0.365217
1 0.9435930000000001 0.359783 0.9418519999999999 0.363043 0.950905 0.363043 0.9488160000000001 0.356522 0.947423 0.333696 0.946031 0.334783 0.94429 0.35108700000000004 0.94429 0.355435 0.9435930000000001 0.359783
3 0.129178 0.25543499999999997 0.137187 0.25543499999999997 0.137187 0.253261 0.135794 0.248913 0.134053 0.225 0.13266 0.225 0.131964 0.227174 0.130919 0.24782600000000002 0.129178 0.253261 0.129178 0.25543499999999997
3 0.254526 0.261957 0.25905300000000003 0.261957 0.259749 0.243478 0.258705 0.233696 0.257312 0.23478300000000002 0.256616 0.251087 0.255919 0.25760900000000003 0.254526 0.261957
3 0.37639300000000003 0.271739 0.374652 0.244565 0.373259 0.244565 0.372214 0.265217 0.370822 0.269565 0.370822 0.271739 0.37639300000000003 0.271739
3 0.485724 0.281522 0.48468 0.261957 0.48328699999999997 0.259783 0.482242 0.27934800000000004 0.480501 0.288043 0.487117 0.288043 0.485724 0.281522
3 0.592618 0.307609 0.5995820000000001 0.307609 0.598538 0.304348 0.597145 0.278261 0.5961000000000001 0.278261 0.595404 0.281522 0.594708 0.29782600000000004 0.592618 0.307609
3 0.643802 0.31413 0.6504179999999999 0.31413 0.649373 0.30869599999999997 0.649373 0.3 0.648677 0.28913 0.6479809999999999 0.28586999999999996 0.647284 0.28586999999999996 0.646588 0.290217 0.645891 0.306522 0.643802 0.31413
3 0.718315 0.322826 0.7169220000000001 0.317391 0.715877 0.293478 0.7148329999999999 0.294565 0.712744 0.31630400000000003 0.711351 0.322826 0.718315 0.322826
3 0.770543 0.322826 0.76915 0.298913 0.7681060000000001 0.298913 0.766713 0.319565 0.764624 0.32717399999999996 0.771936 0.32717399999999996 0.770543 0.322826
3 0.794916 0.32717399999999996 0.800139 0.32717399999999996 0.8004870000000001 0.318478 0.799095 0.301087 0.7983979999999999 0.301087 0.797702 0.304348 0.797006 0.320652 0.794916 0.32717399999999996
3 0.831128 0.328261 0.836699 0.328261 0.836003 0.323913 0.835655 0.30869599999999997 0.834958 0.303261 0.8342620000000001 0.303261 0.8335649999999999 0.306522 0.832869 0.319565 0.831128 0.328261