1 0.19046000000000002 0.375 0.188719 0.394565 0.188022 0.41086999999999996 0.187326 0.415217 0.184889 0.415217 0.184192 0.417391 0.184192 0.421739 0.186281 0.426087 0.18836999999999998 0.42717400000000005 0.193245 0.426087 0.20473499999999997 0.428261 0.205432 0.426087 0.205084 0.41630399999999995 0.203691 0.411957 0.201602 0.411957 0.20090499999999997 0.40869600000000006 0.199164 0.376087 0.199513 0.36847799999999997 0.19812000000000002 0.363043 0.197075 0.341304 0.195682 0.334783 0.193245 0.33587 0.192549 0.338043 0.191156 0.363043 0.19046000000000002 0.366304 0.19046000000000002 0.375
1 0.21796700000000002 0.340217 0.215529 0.343478 0.215529 0.34565199999999996 0.21831499999999998 0.348913 0.23050099999999998 0.348913 0.22980499999999998 0.344565 0.22771599999999997 0.341304 0.22493 0.28913 0.224234 0.286957 0.222493 0.286957 0.221448 0.291304 0.220404 0.301087 0.220404 0.307609 0.21796700000000002 0.340217
1 0.291086 0.31413 0.29979100000000003 0.31413 0.29979100000000003 0.311957 0.29805000000000004 0.30869599999999997 0.297354 0.28586999999999996 0.29596100000000003 0.267391 0.29422000000000004 0.267391 0.291086 0.305435 0.289694 0.307609 0.289345 0.31087 0.291086 0.31413
1 0.385446 0.29782600000000004 0.383705 0.29239099999999996 0.38266 0.261957 0.381964 0.258696 0.380571 0.258696 0.378134 0.291304 0.376741 0.293478 0.376741 0.296739 0.385446 0.29782600000000004
1 0.472841 0.294565 0.48085000000000006 0.29565199999999997 0.48085000000000006 0.293478 0.479805 0.291304 0.47910899999999995 0.282609 0.47841199999999995 0.261957 0.47667099999999996 0.26087 0.47492999999999996 0.286957 0.473886 0.291304 0.472841 0.29239099999999996 0.472841 0.294565
1 0.573816 0.301087 0.5807800000000001 0.301087 0.578691 0.269565 0.577298 0.269565 0.575557 0.294565 0.573816 0.298913 0.573816 0.301087
1 0.674095 0.313043 0.675836 0.31521699999999997 0.681407 0.31521699999999997 0.68071 0.30869599999999997 0.680014 0.28586999999999996 0.6793180000000001 0.282609 0.677925 0.282609 0.675836 0.30869599999999997 0.6751389999999999 0.31087 0.674095 0.31087 0.674095 0.313043
2 0.355153 0.478261 0.354109 0.48804299999999995 0.353064 0.511957 0.350975 0.536957 0.350975 0.544565 0.34992999999999996 0.553261 0.347493 0.596739 0.345056 0.6 0.343315 0.6054350000000001 0.342967 0.6141300000000001 0.34052899999999997 0.6141300000000001 0.338092 0.618478 0.332173 0.621739 0.332173 0.623913 0.341922 0.632609 0.345056 0.633696 0.35201899999999997 0.641304 0.35550099999999996 0.642391 0.361769 0.647826 0.367688 0.647826 0.373259 0.642391 0.37883 0.640217 0.38266 0.6358699999999999 0.389624 0.632609 0.393454 0.627174 0.395543 0.626087 0.39624000000000004 0.621739 0.386142 0.6141300000000001 0.385794 0.606522 0.383705 0.6 0.38126699999999997 0.5956520000000001 0.38126699999999997 0.588043 0.37883 0.551087 0.377786 0.522826 0.37639300000000003 0.506522 0.37639300000000003 0.5 0.375696 0.496739 0.375 0.467391 0.373955 0.45108699999999996 0.373259 0.44782599999999995 0.373259 0.43913 0.370822 0.406522 0.369429 0.397826 0.370125 0.395652 0.370125 0.38587 0.36873300000000003 0.38152200000000003 0.362117 0.38152200000000003 0.360376 0.38913000000000003 0.360724 0.39891299999999996 0.355153 0.467391 0.355153 0.478261
2 0.25383 0.41086999999999996 0.25139300000000003 0.454348 0.250696 0.456522 0.24895499999999998 0.48260899999999995 0.247214 0.518478 0.24651800000000001 0.520652 0.24477699999999997 0.520652 0.24303599999999997 0.526087 0.24268800000000001 0.534783 0.23537599999999997 0.536957 0.23502800000000001 0.53913 0.24303599999999997 0.545652 0.24547400000000003 0.55 0.253482 0.557609 0.287256 0.544565 0.287604 0.541304 0.279944 0.534783 0.279248 0.525 0.277507 0.5195649999999999 0.275766 0.517391 0.273677 0.494565 0.273677 0.484783 0.271936 0.45543500000000003 0.271936 0.44782599999999995 0.270543 0.42934799999999995 0.26949900000000004 0.404348 0.268454 0.396739 0.267061 0.35108700000000004 0.266365 0.343478 0.264624 0.338043 0.26009699999999997 0.33913000000000004 0.25766 0.35108700000000004 0.257312 0.366304 0.255571 0.393478 0.25383 0.41086999999999996
3 0.16538999999999998 0.284783 0.16434500000000002 0.28913 0.174791 0.28913 0.175487 0.286957 0.175487 0.284783 0.173398 0.282609 0.171309 0.248913 0.170613 0.244565 0.169568 0.244565 0.168872 0.24782600000000002 0.166783 0.282609 0.16538999999999998 0.284783
3 0.304666 0.275 0.305014 0.272826 0.303273 0.267391 0.30188000000000004 0.24130400000000002 0.300487 0.24021699999999999 0.298398 0.269565 0.297354 0.271739 0.297354 0.275 0.304666 0.275
3 0.425836 0.275 0.43245100000000003 0.275 0.431058 0.266304 0.43036199999999997 0.24782600000000002 0.42896900000000004 0.24673899999999999 0.428273 0.25 0.42722800000000005 0.268478 0.425836 0.272826 0.425836 0.275
3 0.556755 0.283696 0.55571 0.278261 0.554666 0.25760900000000003 0.5536209999999999 0.25652200000000003 0.552228 0.277174 0.550836 0.281522 0.550836 0.283696 0.556755 0.283696
3 0.672354 0.298913 0.676184 0.298913 0.677228 0.28913 0.677228 0.27934800000000004 0.676532 0.271739 0.6751389999999999 0.271739 0.673747 0.293478 0.672354 0.296739 0.672354 0.298913
3 0.797354 0.322826 0.805362 0.322826 0.805362 0.320652 0.803969 0.317391 0.8029249999999999 0.294565 0.8011839999999999 0.293478 0.799443 0.31630400000000003 0.7983979999999999 0.319565 0.797702 0.319565 0.797354 0.322826
3 0.950905 0.323913 0.947772 0.353261 0.946031 0.357609 0.950905 0.357609 0.950905 0.323913
1 0.739206 0.708696 0.736072 0.733696 0.733983 0.757609 0.7322420000000001 0.767391 0.731198 0.778261 0.729805 0.782609 0.723886 0.78587 0.720404 0.796739 0.720752 0.8108700000000001 0.72493 0.8380430000000001 0.726323 0.840217 0.754526 0.844565 0.7729809999999999 0.8423909999999999 0.773677 0.840217 0.7712399999999999 0.8239129999999999 0.770891 0.808696 0.7698470000000001 0.8054349999999999 0.7681060000000001 0.8054349999999999 0.766365 0.8021739999999999 0.762535 0.798913 0.7621870000000001 0.781522 0.760794 0.7608699999999999 0.7604460000000001 0.740217 0.759053 0.719565 0.759053 0.701087 0.758357 0.676087 0.75766 0.669565 0.757312 0.6380429999999999 0.756616 0.636957 0.756616 0.6304350000000001 0.754526 0.622826 0.753482 0.621739 0.747911 0.621739 0.745822 0.6304350000000001 0.743733 0.659783 0.74234 0.669565 0.739206 0.708696
1 0.292827 0.522826 0.291783 0.530435 0.289694 0.56087 0.285515 0.56413 0.283774 0.570652 0.283078 0.5771740000000001 0.282382 0.579348 0.281337 0.579348 0.281337 0.5826089999999999 0.295265 0.596739 0.300139 0.596739 0.303273 0.593478 0.307103 0.593478 0.31128100000000003 0.58913 0.321031 0.58587 0.321727 0.584783 0.321727 0.581522 0.31754899999999997 0.576087 0.317201 0.569565 0.31545999999999996 0.56413 0.31371899999999997 0.561957 0.310933 0.561957 0.310237 0.5586960000000001 0.30954000000000004 0.540217 0.306755 0.503261 0.30571000000000004 0.475 0.304666 0.465217 0.303969 0.448913 0.302925 0.443478 0.299095 0.443478 0.297354 0.44782599999999995 0.296657 0.467391 0.293872 0.497826 0.292827 0.522826
1 0.783426 0.333696 0.782382 0.325 0.782033 0.304348 0.781337 0.3 0.779944 0.3 0.777855 0.32717399999999996 0.776462 0.32934800000000003 0.776114 0.33260900000000004 0.783426 0.333696
1 0.8910170000000001 0.359783 0.89032 0.359783 0.8892760000000001 0.363043 0.8948470000000001 0.365217 0.899025 0.36413 0.899025 0.361957 0.897981 0.36086999999999997 0.897632 0.33587 0.896936 0.326087 0.895195 0.326087 0.894499 0.328261 0.892061 0.355435 0.8910170000000001 0.359783