0 0.601323 0.40869600000000006 0.601323 0.41413 0.599234 0.415217 0.598189 0.418478 0.600627 0.420652 0.619429 0.420652 0.623955 0.41413 0.624652 0.41086999999999996 0.623607 0.41086999999999996 0.622563 0.404348 0.618733 0.403261 0.616295 0.36847799999999997 0.615947 0.355435 0.613162 0.322826 0.609331 0.322826 0.6051529999999999 0.403261 0.604457 0.40543500000000005 0.6020190000000001 0.40543500000000005 0.601323 0.40869600000000006
0 0.706128 0.296739 0.717967 0.296739 0.7193590000000001 0.293478 0.7193590000000001 0.290217 0.718315 0.290217 0.7169220000000001 0.282609 0.714485 0.24130400000000002 0.711351 0.24021699999999999 0.708914 0.28586999999999996 0.708217 0.290217 0.7071729999999999 0.290217 0.706128 0.296739
0 0.759053 0.243478 0.759749 0.23913 0.758357 0.236957 0.756267 0.20543499999999998 0.754178 0.20543499999999998 0.7527860000000001 0.219565 0.752089 0.238043 0.75 0.243478 0.759053 0.243478
0 0.780292 0.216304 0.780989 0.213043 0.779596 0.21086999999999997 0.777855 0.18587 0.776462 0.18587 0.775766 0.190217 0.774721 0.209783 0.773329 0.215217 0.780292 0.216304
0 0.793872 0.198913 0.794568 0.195652 0.793872 0.19347799999999998 0.7928270000000001 0.18152200000000002 0.7928270000000001 0.175 0.791435 0.17282599999999998 0.7907379999999999 0.175 0.789694 0.19456500000000002 0.788649 0.197826 0.793872 0.198913
0 0.803969 0.18587 0.802577 0.176087 0.802577 0.16956500000000002 0.80188 0.166304 0.8011839999999999 0.166304 0.800139 0.17282599999999998 0.799443 0.183696 0.798747 0.18587 0.803969 0.18587
0 0.8084960000000001 0.159783 0.807451 0.161957 0.80571 0.177174 0.8098890000000001 0.177174 0.8084960000000001 0.159783
0 0.8133699999999999 0.157609 0.812326 0.155435 0.8112809999999999 0.16087 0.810933 0.170652 0.814415 0.170652 0.8133699999999999 0.157609
0 0.8165039999999999 0.152174 0.8151109999999999 0.165217 0.8185930000000001 0.165217 0.8172010000000001 0.153261 0.8165039999999999 0.152174
0 0.9467269999999999 0.190217 0.9449859999999999 0.184783 0.9435930000000001 0.165217 0.9422010000000001 0.163043 0.940808 0.170652 0.9397629999999999 0.18695699999999998 0.9383699999999999 0.190217 0.9467269999999999 0.190217
0 0.930362 0.178261 0.929318 0.173913 0.928621 0.16087 0.927577 0.155435 0.9265319999999999 0.156522 0.9254870000000001 0.170652 0.923747 0.179348 0.930362 0.178261
0 0.916783 0.152174 0.91539 0.152174 0.9146940000000001 0.155435 0.913649 0.170652 0.918524 0.170652 0.916783 0.152174