1 0.441504 0.584783 0.440808 0.5869570000000001 0.437326 0.58913 0.435585 0.594565 0.43488899999999997 0.598913 0.43488899999999997 0.607609 0.43662999999999996 0.617391 0.438719 0.621739 0.46657400000000004 0.621739 0.467618 0.618478 0.466922 0.597826 0.465877 0.594565 0.46309199999999995 0.592391 0.46065500000000004 0.5869570000000001 0.460306 0.5663039999999999 0.459262 0.557609 0.458217 0.516304 0.456825 0.5 0.456128 0.479348 0.455084 0.476087 0.450905 0.476087 0.449861 0.479348 0.447075 0.5195649999999999 0.445334 0.534783 0.441504 0.584783
1 0.48189399999999993 0.44782599999999995 0.479805 0.448913 0.479805 0.453261 0.47841199999999995 0.456522 0.47841199999999995 0.459783 0.485724 0.46087 0.491643 0.46413000000000004 0.496866 0.46413000000000004 0.49895500000000004 0.459783 0.49895500000000004 0.45543500000000003 0.49721399999999993 0.45 0.495474 0.45 0.494777 0.446739 0.49199200000000004 0.38260900000000003 0.49129500000000004 0.377174 0.48851000000000006 0.377174 0.48781299999999994 0.378261 0.487465 0.390217 0.482939 0.44239100000000003 0.48189399999999993 0.44782599999999995
1 0.565111 0.40217400000000003 0.564067 0.40217400000000003 0.56337 0.41086999999999996 0.577994 0.41086999999999996 0.577994 0.407609 0.575209 0.40217400000000003 0.572772 0.35108700000000004 0.5706819999999999 0.35108700000000004 0.569986 0.354348 0.566504 0.39891299999999996 0.565111 0.40217400000000003
1 0.663997 0.391304 0.663997 0.395652 0.666086 0.397826 0.6751389999999999 0.397826 0.6751389999999999 0.394565 0.674443 0.393478 0.6733979999999999 0.386957 0.671657 0.35 0.669568 0.348913 0.668524 0.356522 0.666435 0.38587 0.66539 0.391304 0.663997 0.391304
1 0.776114 0.383696 0.774721 0.394565 0.772632 0.4 0.773329 0.40217400000000003 0.776114 0.404348 0.783774 0.404348 0.783774 0.40108699999999997 0.781685 0.397826 0.779944 0.36086999999999997 0.778203 0.359783 0.7775070000000001 0.363043 0.7771589999999999 0.372826 0.776462 0.375 0.776114 0.383696
1 0.9056409999999999 0.420652 0.9056409999999999 0.42391300000000004 0.9077299999999999 0.426087 0.9164350000000001 0.426087 0.9164350000000001 0.422826 0.915042 0.420652 0.913301 0.38587 0.912604 0.38260900000000003 0.9108639999999999 0.38260900000000003 0.9084260000000001 0.40543500000000005 0.908078 0.41413 0.9063370000000001 0.420652 0.9056409999999999 0.420652
0 0.9247909999999999 0.388043 0.9247909999999999 0.391304 0.928621 0.393478 0.933844 0.393478 0.9317550000000001 0.388043 0.93071 0.363043 0.928969 0.361957 0.927577 0.36739099999999997 0.9261839999999999 0.384783 0.9254870000000001 0.388043 0.9247909999999999 0.388043
0 0.9195679999999999 0.36956500000000003 0.9195679999999999 0.36086999999999997 0.918524 0.346739 0.9174789999999999 0.346739 0.913997 0.371739 0.920265 0.371739 0.9195679999999999 0.36956500000000003
0 0.847493 0.358696 0.8467969999999999 0.338043 0.845404 0.336957 0.8440110000000001 0.35108700000000004 0.8422700000000001 0.361957 0.8485379999999999 0.363043 0.847493 0.358696
3 0.252089 0.38152200000000003 0.25139300000000003 0.384783 0.24930400000000003 0.386957 0.24895499999999998 0.392391 0.253482 0.396739 0.261838 0.396739 0.266713 0.394565 0.266017 0.386957 0.26532 0.384783 0.263928 0.384783 0.262535 0.378261 0.26009699999999997 0.326087 0.258705 0.322826 0.257312 0.322826 0.25626699999999997 0.326087 0.255571 0.33913000000000004 0.253134 0.361957 0.252089 0.38152200000000003
3 0.419916 0.34565199999999996 0.418872 0.35108700000000004 0.417479 0.35108700000000004 0.416783 0.356522 0.428621 0.356522 0.426184 0.344565 0.425139 0.31087 0.424443 0.307609 0.422354 0.30869599999999997 0.421657 0.320652 0.420961 0.323913 0.419916 0.34565199999999996
3 0.56337 0.346739 0.56163 0.35108700000000004 0.570334 0.35108700000000004 0.5689420000000001 0.33913000000000004 0.568593 0.320652 0.567897 0.313043 0.566156 0.31413 0.564415 0.331522 0.564067 0.341304 0.56337 0.346739
3 0.700557 0.36086999999999997 0.701253 0.36413 0.708565 0.36413 0.7075210000000001 0.358696 0.706128 0.32934800000000003 0.704387 0.330435 0.702298 0.357609 0.701253 0.36086999999999997 0.700557 0.36086999999999997
3 0.860028 0.392391 0.8655989999999999 0.392391 0.8655989999999999 0.390217 0.864206 0.388043 0.862813 0.357609 0.861421 0.357609 0.8593310000000001 0.379348 0.858287 0.38587 0.8568939999999999 0.38913000000000003 0.860028 0.392391