3 0.189067 0.33260900000000004 0.186281 0.334783 0.185933 0.340217 0.199513 0.341304 0.20090499999999997 0.336957 0.20090499999999997 0.334783 0.198468 0.333696 0.197075 0.311957 0.197075 0.302174 0.195682 0.28586999999999996 0.194986 0.283696 0.192897 0.283696 0.191852 0.286957 0.191156 0.30869599999999997 0.189415 0.323913 0.189067 0.33260900000000004
3 0.321727 0.311957 0.320682 0.311957 0.319986 0.317391 0.330432 0.31630400000000003 0.330084 0.31413 0.328343 0.313043 0.32694999999999996 0.276087 0.326253 0.275 0.324513 0.276087 0.324164 0.288043 0.322423 0.30869599999999997 0.321727 0.311957
3 0.456825 0.311957 0.45543199999999995 0.305435 0.454387 0.280435 0.452646 0.27934800000000004 0.450557 0.307609 0.449164 0.30978300000000003 0.449164 0.311957 0.456825 0.311957
3 0.85585 0.365217 0.854805 0.366304 0.854805 0.370652 0.8607239999999999 0.370652 0.861769 0.36847799999999997 0.8603759999999999 0.342391 0.8593310000000001 0.33913000000000004 0.857939 0.341304 0.856546 0.353261 0.856546 0.358696 0.85585 0.365217
1 0.8586349999999999 0.388043 0.8593310000000001 0.38913000000000003 0.868036 0.38913000000000003 0.868036 0.386957 0.866992 0.38587 0.866295 0.38260900000000003 0.865251 0.354348 0.864554 0.352174 0.86351 0.353261 0.8603759999999999 0.38260900000000003 0.8586349999999999 0.384783 0.8586349999999999 0.388043
1 0.743733 0.352174 0.742688 0.358696 0.741295 0.36086999999999997 0.741295 0.363043 0.748955 0.363043 0.747911 0.36086999999999997 0.748259 0.355435 0.747563 0.348913 0.747563 0.33913000000000004 0.746518 0.32934800000000003 0.745822 0.32934800000000003 0.745125 0.33260900000000004 0.743733 0.346739 0.743733 0.352174
1 0.630571 0.34565199999999996 0.630571 0.348913 0.638579 0.348913 0.6371870000000001 0.342391 0.63649 0.31521699999999997 0.635794 0.313043 0.634401 0.31630400000000003 0.63266 0.340217 0.631267 0.34565199999999996 0.630571 0.34565199999999996
1 0.43802199999999997 0.35108700000000004 0.439415 0.353261 0.44951299999999994 0.353261 0.44951299999999994 0.348913 0.448468 0.348913 0.447075 0.342391 0.44568199999999997 0.305435 0.443942 0.304348 0.44046 0.344565 0.439415 0.347826 0.43802199999999997 0.347826 0.43802199999999997 0.35108700000000004
1 0.36351 0.376087 0.361421 0.377174 0.361421 0.38043499999999997 0.364206 0.38587 0.375696 0.38587 0.37639300000000003 0.384783 0.37639300000000003 0.38152200000000003 0.375 0.377174 0.373259 0.376087 0.372911 0.353261 0.371866 0.342391 0.37117 0.322826 0.370474 0.320652 0.36873300000000003 0.320652 0.367688 0.325 0.367688 0.330435 0.364554 0.36956500000000003 0.36351 0.376087
1 0.322423 0.467391 0.324861 0.470652 0.339833 0.470652 0.34226999999999996 0.467391 0.342618 0.456522 0.341226 0.453261 0.339833 0.453261 0.338788 0.45108699999999996 0.335306 0.394565 0.33460999999999996 0.375 0.330432 0.373913 0.324164 0.452174 0.321031 0.45543500000000003 0.320682 0.46195700000000006 0.322423 0.467391
1 0.42130900000000004 0.554348 0.42130900000000004 0.56087 0.420613 0.56413 0.418872 0.5869570000000001 0.417479 0.615217 0.413997 0.655435 0.413301 0.657609 0.410864 0.6586960000000001 0.407382 0.66413 0.40598900000000004 0.6728259999999999 0.40007000000000004 0.676087 0.40007000000000004 0.678261 0.405641 0.68913 0.411212 0.693478 0.41608599999999996 0.7021740000000001 0.419916 0.705435 0.432103 0.703261 0.43662999999999996 0.698913 0.444986 0.696739 0.449861 0.693478 0.450557 0.686957 0.444986 0.678261 0.444986 0.669565 0.443942 0.665217 0.442201 0.661957 0.43837000000000004 0.66087 0.437674 0.6586960000000001 0.436281 0.633696 0.435933 0.615217 0.435237 0.608696 0.43488899999999997 0.58913 0.431407 0.5336960000000001 0.431755 0.527174 0.43071000000000004 0.5239130000000001 0.42479100000000003 0.5239130000000001 0.423398 0.526087 0.42305000000000004 0.5293479999999999 0.423398 0.53587 0.42130900000000004 0.554348
2 0.383357 0.42717400000000005 0.382312 0.433696 0.38022300000000003 0.467391 0.377089 0.5 0.375696 0.530435 0.373259 0.553261 0.372214 0.576087 0.370822 0.590217 0.370125 0.593478 0.369081 0.593478 0.366295 0.6010869999999999 0.365599 0.608696 0.357939 0.609783 0.357939 0.615217 0.35933099999999996 0.618478 0.364206 0.623913 0.375348 0.643478 0.384401 0.642391 0.40773000000000004 0.632609 0.415042 0.631522 0.415042 0.626087 0.41434499999999996 0.623913 0.40773000000000004 0.616304 0.40598900000000004 0.609783 0.405641 0.603261 0.40424800000000005 0.598913 0.40250700000000006 0.597826 0.40181100000000003 0.5956520000000001 0.40076599999999996 0.5771740000000001 0.40076599999999996 0.561957 0.399373 0.532609 0.399373 0.5195649999999999 0.398677 0.5130429999999999 0.39832900000000004 0.496739 0.397632 0.49347799999999997 0.397284 0.470652 0.396588 0.46630399999999994 0.39624000000000004 0.43913 0.39449900000000004 0.40543500000000005 0.393802 0.40217400000000003 0.393802 0.395652 0.392409 0.391304 0.38649 0.391304 0.385794 0.392391 0.38509699999999997 0.40543500000000005 0.38405300000000003 0.40869600000000006 0.383357 0.42717400000000005
2 0.494777 0.492391 0.49442899999999995 0.506522 0.49303600000000003 0.521739 0.491643 0.530435 0.48851000000000006 0.579348 0.487465 0.5869570000000001 0.487117 0.602174 0.486421 0.606522 0.48433099999999996 0.63913 0.48328699999999997 0.6445649999999999 0.47841199999999995 0.717391 0.47736799999999996 0.719565 0.477019 0.722826 0.47492999999999996 0.723913 0.47249299999999994 0.731522 0.471797 0.741304 0.465877 0.743478 0.46483299999999994 0.745652 0.45891400000000004 0.75 0.45891400000000004 0.754348 0.45960999999999996 0.756522 0.462744 0.7608699999999999 0.464136 0.7608699999999999 0.465877 0.76413 0.47075199999999995 0.768478 0.47318899999999997 0.772826 0.481546 0.781522 0.48502799999999996 0.786957 0.487117 0.7880429999999999 0.489903 0.793478 0.494777 0.7978259999999999 0.503134 0.796739 0.504875 0.793478 0.508008 0.7923910000000001 0.5365599999999999 0.7695649999999999 0.536212 0.761957 0.533774 0.7608699999999999 0.524721 0.75 0.524025 0.747826 0.524025 0.742391 0.523329 0.738043 0.5181060000000001 0.727174 0.517061 0.7 0.515669 0.68587 0.513928 0.632609 0.512883 0.620652 0.512535 0.598913 0.511142 0.576087 0.510097 0.5380429999999999 0.509053 0.5239130000000001 0.509053 0.509783 0.508008 0.501087 0.507312 0.471739 0.505223 0.46630399999999994 0.501393 0.46413000000000004 0.498259 0.465217 0.496518 0.470652 0.496518 0.47717400000000004 0.494777 0.492391
0 0.167479 0.31087 0.16817500000000002 0.313043 0.179666 0.313043 0.178969 0.306522 0.177228 0.305435 0.176532 0.302174 0.174443 0.26413000000000003 0.172702 0.26413000000000003 0.169916 0.3 0.168872 0.306522 0.167479 0.306522 0.167479 0.31087
0 0.14136500000000002 0.269565 0.142409 0.271739 0.15006999999999998 0.271739 0.15006999999999998 0.269565 0.148677 0.266304 0.147632 0.25760900000000003 0.146588 0.236957 0.145543 0.236957 0.144499 0.243478 0.143106 0.265217 0.14136500000000002 0.267391 0.14136500000000002 0.269565
0 0.126393 0.24673899999999999 0.133008 0.24782600000000002 0.131616 0.24130400000000002 0.130919 0.22391299999999997 0.130223 0.219565 0.129526 0.219565 0.127786 0.24130400000000002 0.127089 0.244565 0.126393 0.244565 0.126393 0.24673899999999999
0 0.118733 0.209783 0.118036 0.208696 0.115947 0.231522 0.120474 0.231522 0.11908099999999999 0.221739 0.118733 0.209783
0 0.087396 0.228261 0.09331500000000001 0.22934800000000002 0.09226999999999999 0.226087 0.09226999999999999 0.218478 0.091226 0.206522 0.090181 0.206522 0.089136 0.221739 0.088092 0.226087 0.087396 0.226087 0.087396 0.228261
0 0.053969 0.22391299999999997 0.053969 0.226087 0.059889000000000005 0.226087 0.059889000000000005 0.22391299999999997 0.058843999999999994 0.221739 0.058496000000000006 0.206522 0.057799 0.202174 0.056755 0.203261 0.056058 0.21739099999999997 0.055362 0.221739 0.053969 0.22391299999999997
1 0.5288999999999999 0.343478 0.537256 0.342391 0.536212 0.33913000000000004 0.5348189999999999 0.304348 0.534123 0.304348 0.533774 0.302174 0.53273 0.307609 0.5306409999999999 0.33587 0.528552 0.340217 0.5288999999999999 0.343478
3 0.580432 0.321739 0.587047 0.321739 0.585655 0.30869599999999997 0.585306 0.293478 0.58461 0.29239099999999996 0.583565 0.29565199999999997 0.581825 0.317391 0.580432 0.319565 0.580432 0.321739
3 0.7211000000000001 0.342391 0.719708 0.33260900000000004 0.7193590000000001 0.31521699999999997 0.719011 0.313043 0.717967 0.313043 0.7169220000000001 0.31630400000000003 0.715877 0.333696 0.714136 0.341304 0.7211000000000001 0.342391