1 0.480501 0.428261 0.47841199999999995 0.42934799999999995 0.47771600000000003 0.431522 0.47771600000000003 0.43587 0.480501 0.441304 0.49268799999999996 0.44239100000000003 0.49303600000000003 0.444565 0.494081 0.444565 0.495474 0.441304 0.495125 0.433696 0.49234 0.428261 0.490599 0.38913000000000003 0.490599 0.372826 0.489903 0.371739 0.489903 0.365217 0.489206 0.363043 0.48676899999999995 0.363043 0.48502799999999996 0.373913 0.48363500000000004 0.4 0.481546 0.422826 0.480501 0.428261
1 0.667131 0.373913 0.666435 0.377174 0.665042 0.378261 0.665042 0.38260900000000003 0.668175 0.38587 0.674095 0.38587 0.6751389999999999 0.383696 0.6751389999999999 0.38043499999999997 0.673747 0.379348 0.672702 0.341304 0.672006 0.336957 0.6709609999999999 0.336957 0.669916 0.342391 0.669568 0.35 0.667131 0.36956500000000003 0.667131 0.373913
1 0.899025 0.407609 0.897284 0.409783 0.897284 0.41304299999999994 0.908078 0.41413 0.908078 0.41086999999999996 0.9066850000000001 0.40869600000000006 0.905292 0.371739 0.902855 0.372826 0.900766 0.391304 0.90007 0.403261 0.899025 0.407609
3 0.262535 0.379348 0.279248 0.379348 0.279248 0.376087 0.277855 0.371739 0.27681100000000003 0.371739 0.276114 0.36956500000000003 0.27332900000000004 0.31630400000000003 0.272632 0.311957 0.270195 0.311957 0.266365 0.366304 0.26532 0.370652 0.263231 0.371739 0.262535 0.379348
3 0.43245100000000003 0.33913000000000004 0.431407 0.33913000000000004 0.431407 0.343478 0.441504 0.344565 0.441156 0.340217 0.439763 0.336957 0.43837000000000004 0.29782600000000004 0.436281 0.29782600000000004 0.43488899999999997 0.311957 0.434192 0.32717399999999996 0.433148 0.336957 0.43245100000000003 0.33913000000000004
3 0.575209 0.342391 0.5807800000000001 0.342391 0.579387 0.338043 0.577646 0.303261 0.5766020000000001 0.303261 0.575557 0.307609 0.573468 0.336957 0.5745129999999999 0.338043 0.575209 0.342391
3 0.705432 0.35108700000000004 0.705432 0.355435 0.713092 0.355435 0.713092 0.352174 0.712396 0.35108700000000004 0.7116990000000001 0.344565 0.710655 0.320652 0.7092620000000001 0.320652 0.708565 0.323913 0.706825 0.348913 0.705432 0.35108700000000004
3 0.8603759999999999 0.38152200000000003 0.8589829999999999 0.36847799999999997 0.857939 0.347826 0.856198 0.347826 0.854109 0.372826 0.853064 0.375 0.852368 0.38152200000000003 0.8603759999999999 0.38152200000000003
1 0.446379 0.5 0.44428999999999996 0.5336960000000001 0.441852 0.551087 0.441156 0.56087 0.44046 0.563043 0.437326 0.565217 0.43454 0.572826 0.43454 0.576087 0.437674 0.592391 0.439067 0.596739 0.44046 0.597826 0.448816 0.593478 0.45578 0.593478 0.458217 0.5956520000000001 0.459262 0.6 0.46796699999999997 0.6 0.468663 0.597826 0.468663 0.594565 0.46552899999999997 0.588043 0.465877 0.573913 0.46309199999999995 0.567391 0.46065500000000004 0.56413 0.458217 0.526087 0.45786899999999997 0.509783 0.456476 0.490217 0.456128 0.46630399999999994 0.45543199999999995 0.45869600000000005 0.453343 0.45543500000000003 0.449861 0.456522 0.448468 0.463043 0.447075 0.48695700000000003 0.447075 0.49565200000000004 0.446379 0.5
1 0.565808 0.391304 0.568245 0.394565 0.5766020000000001 0.395652 0.578343 0.393478 0.578343 0.390217 0.57695 0.390217 0.576253 0.388043 0.575557 0.359783 0.5748610000000001 0.354348 0.5748610000000001 0.341304 0.573816 0.338043 0.572075 0.338043 0.568245 0.383696 0.5672010000000001 0.386957 0.565808 0.386957 0.565808 0.391304
1 0.7729809999999999 0.38587 0.771936 0.38587 0.771936 0.390217 0.772632 0.391304 0.781337 0.391304 0.779596 0.375 0.778552 0.348913 0.7771589999999999 0.348913 0.776462 0.35108700000000004 0.774025 0.38152200000000003 0.7729809999999999 0.38587