3 0.402159 0.66413 0.401462 0.671739 0.401462 0.6836960000000001 0.397284 0.753261 0.39624000000000004 0.756522 0.395195 0.756522 0.391017 0.7630429999999999 0.388928 0.771739 0.38405300000000003 0.7739130000000001 0.383357 0.777174 0.383705 0.782609 0.387883 0.798913 0.391017 0.8054349999999999 0.394847 0.821739 0.40703300000000003 0.8195650000000001 0.426532 0.808696 0.42931800000000003 0.808696 0.430014 0.806522 0.437674 0.8043480000000001 0.443942 0.798913 0.443245 0.796739 0.442897 0.791304 0.44011100000000003 0.780435 0.437326 0.776087 0.43697800000000003 0.7608699999999999 0.434192 0.752174 0.42896900000000004 0.748913 0.428273 0.746739 0.425139 0.715217 0.42479100000000003 0.704348 0.42305000000000004 0.68913 0.421657 0.666304 0.41956800000000005 0.646739 0.41956800000000005 0.641304 0.417479 0.622826 0.41608599999999996 0.596739 0.41539000000000004 0.590217 0.41434499999999996 0.588043 0.415042 0.5869570000000001 0.415042 0.5826089999999999 0.41364900000000004 0.578261 0.407382 0.578261 0.40529200000000004 0.583696 0.405641 0.588043 0.403552 0.613043 0.402159 0.66413
3 0.815808 0.44782599999999995 0.812674 0.448913 0.8112809999999999 0.45108699999999996 0.810933 0.459783 0.8081480000000001 0.463043 0.8077989999999999 0.465217 0.82312 0.47282599999999997 0.835655 0.47391300000000003 0.840181 0.46956499999999995 0.841226 0.467391 0.8408770000000001 0.46195700000000006 0.8391360000000001 0.46195700000000006 0.837396 0.453261 0.833217 0.45 0.8283429999999999 0.358696 0.827646 0.355435 0.826602 0.354348 0.822772 0.354348 0.821031 0.370652 0.817897 0.425 0.8168519999999999 0.431522 0.815808 0.44782599999999995
3 0.850627 0.38260900000000003 0.8478410000000001 0.383696 0.847145 0.38913000000000003 0.8450559999999999 0.393478 0.8450559999999999 0.395652 0.853064 0.39891299999999996 0.868384 0.4 0.8708220000000001 0.392391 0.869777 0.392391 0.868384 0.388043 0.865947 0.38587 0.865251 0.383696 0.8621169999999999 0.325 0.8603759999999999 0.30978300000000003 0.85968 0.307609 0.857242 0.307609 0.854109 0.33260900000000004 0.853412 0.35 0.851323 0.36847799999999997 0.850627 0.38260900000000003
1 0.84993 0.232609 0.84993 0.230435 0.848886 0.228261 0.848189 0.22391299999999997 0.847145 0.202174 0.8457520000000001 0.20108700000000002 0.844708 0.20760900000000002 0.8433149999999999 0.230435 0.8426180000000001 0.232609 0.84993 0.232609
1 0.7928270000000001 0.226087 0.7928270000000001 0.22391299999999997 0.791086 0.21739099999999997 0.789694 0.197826 0.788649 0.197826 0.787953 0.20108700000000002 0.787256 0.218478 0.785864 0.226087 0.7928270000000001 0.226087
3 0.814067 0.290217 0.8130219999999999 0.290217 0.812674 0.293478 0.8112809999999999 0.293478 0.8112809999999999 0.296739 0.826253 0.29565199999999997 0.826253 0.29239099999999996 0.8255570000000001 0.290217 0.8238160000000001 0.290217 0.82312 0.28586999999999996 0.821379 0.25652200000000003 0.821379 0.24673899999999999 0.820682 0.24239099999999997 0.8185930000000001 0.24239099999999997 0.817897 0.24565199999999998 0.8154600000000001 0.284783 0.814067 0.290217
3 0.783426 0.27391299999999996 0.7830779999999999 0.277174 0.795613 0.277174 0.794568 0.272826 0.7928270000000001 0.270652 0.7907379999999999 0.23586999999999997 0.789694 0.230435 0.7883009999999999 0.230435 0.786908 0.24021699999999999 0.7851670000000001 0.270652 0.784123 0.27391299999999996 0.783426 0.27391299999999996
3 0.754178 0.254348 0.754178 0.25652200000000003 0.763579 0.25760900000000003 0.763231 0.254348 0.762535 0.254348 0.76149 0.251087 0.760097 0.219565 0.758008 0.218478 0.756964 0.228261 0.755919 0.252174 0.755223 0.254348 0.754178 0.254348
3 0.8478410000000001 0.321739 0.8467969999999999 0.325 0.845404 0.325 0.8443590000000001 0.328261 0.8426180000000001 0.328261 0.8433149999999999 0.331522 0.845404 0.333696 0.85376 0.333696 0.856546 0.30978300000000003 0.857242 0.306522 0.857939 0.306522 0.857591 0.29239099999999996 0.8568939999999999 0.288043 0.856198 0.271739 0.8551529999999999 0.265217 0.853064 0.265217 0.851671 0.271739 0.8495820000000001 0.306522 0.8478410000000001 0.321739
3 0.717618 0.24782600000000002 0.726323 0.24782600000000002 0.726671 0.24565199999999998 0.725279 0.24239099999999997 0.723538 0.213043 0.721797 0.211957 0.720404 0.238043 0.719011 0.244565 0.717618 0.24565199999999998 0.717618 0.24782600000000002
1 0.917131 0.243478 0.927577 0.243478 0.925139 0.23586999999999997 0.923398 0.208696 0.9213089999999999 0.20760900000000002 0.920613 0.209783 0.9195679999999999 0.221739 0.918872 0.238043 0.917131 0.243478