1 0.467618 0.430435 0.466226 0.444565 0.466226 0.45108699999999996 0.465181 0.46087 0.464136 0.465217 0.462047 0.465217 0.460306 0.470652 0.460306 0.47282599999999997 0.461003 0.476087 0.464136 0.478261 0.48259100000000005 0.478261 0.482939 0.475 0.482242 0.465217 0.479457 0.463043 0.47841199999999995 0.457609 0.474582 0.38587 0.473538 0.383696 0.471448 0.383696 0.470404 0.38587 0.47005600000000003 0.395652 0.46796699999999997 0.418478 0.467618 0.430435
1 0.494081 0.40217400000000003 0.502437 0.40543500000000005 0.506964 0.40543500000000005 0.509401 0.403261 0.508357 0.395652 0.506616 0.391304 0.504178 0.342391 0.503134 0.33913000000000004 0.501741 0.33913000000000004 0.500348 0.344565 0.496518 0.394565 0.49442899999999995 0.396739 0.494081 0.40217400000000003
1 0.557451 0.36847799999999997 0.557451 0.370652 0.56163 0.373913 0.5696380000000001 0.372826 0.567549 0.36413 0.5654600000000001 0.325 0.564763 0.322826 0.562674 0.322826 0.5612809999999999 0.333696 0.5595399999999999 0.36413 0.558148 0.36847799999999997 0.557451 0.36847799999999997
1 0.6354460000000001 0.35108700000000004 0.633705 0.319565 0.631964 0.319565 0.62883 0.355435 0.626741 0.361957 0.637883 0.363043 0.6354460000000001 0.35108700000000004
1 0.7151810000000001 0.361957 0.714136 0.357609 0.713092 0.330435 0.712396 0.325 0.710306 0.326087 0.708217 0.354348 0.7057800000000001 0.361957 0.7151810000000001 0.361957
1 0.827646 0.375 0.8269500000000001 0.379348 0.837744 0.38043499999999997 0.835655 0.373913 0.8342620000000001 0.34565199999999996 0.833914 0.343478 0.8325210000000001 0.342391 0.831476 0.346739 0.829735 0.370652 0.8286910000000001 0.375 0.827646 0.375
3 0.09609999999999999 0.375 0.095056 0.383696 0.095056 0.38913000000000003 0.094011 0.394565 0.092967 0.40869600000000006 0.091226 0.411957 0.089136 0.411957 0.088788 0.417391 0.088092 0.41956499999999997 0.08565500000000001 0.41956499999999997 0.085306 0.422826 0.092618 0.422826 0.094359 0.425 0.10793900000000001 0.425 0.115947 0.417391 0.11351 0.415217 0.112465 0.409783 0.10968 0.40869600000000006 0.10898300000000001 0.406522 0.10724199999999999 0.370652 0.10515300000000001 0.35 0.10410900000000001 0.334783 0.103064 0.331522 0.09992999999999999 0.331522 0.098886 0.333696 0.09609999999999999 0.36739099999999997 0.09609999999999999 0.375
3 0.261142 0.319565 0.260446 0.334783 0.259749 0.338043 0.258357 0.33913000000000004 0.257312 0.342391 0.257312 0.34565199999999996 0.27298100000000003 0.34565199999999996 0.272284 0.341304 0.270195 0.33587 0.26915 0.31630400000000003 0.266713 0.291304 0.263928 0.290217 0.262883 0.29565199999999997 0.262883 0.302174 0.262187 0.313043 0.261142 0.319565
3 0.39449900000000004 0.318478 0.393454 0.318478 0.393106 0.321739 0.403203 0.321739 0.401462 0.31087 0.400418 0.284783 0.399721 0.280435 0.39798100000000003 0.280435 0.396936 0.286957 0.396588 0.301087 0.395195 0.31630400000000003 0.39449900000000004 0.318478
3 0.521588 0.31521699999999997 0.520891 0.31521699999999997 0.5198470000000001 0.30978300000000003 0.518802 0.284783 0.517061 0.283696 0.514624 0.30978300000000003 0.513231 0.317391 0.521588 0.317391 0.521588 0.31521699999999997
3 0.628482 0.323913 0.631267 0.323913 0.631964 0.318478 0.633705 0.318478 0.634053 0.323913 0.635097 0.323913 0.634053 0.319565 0.633008 0.29565199999999997 0.631964 0.29565199999999997 0.631267 0.29782600000000004 0.629875 0.318478 0.628482 0.323913
3 0.75 0.342391 0.756267 0.342391 0.755223 0.33587 0.754875 0.322826 0.75383 0.311957 0.7527860000000001 0.311957 0.751741 0.318478 0.751045 0.33260900000000004 0.749304 0.340217 0.75 0.342391
3 0.879875 0.363043 0.87883 0.359783 0.8777860000000001 0.333696 0.8760450000000001 0.334783 0.8739549999999999 0.36086999999999997 0.872911 0.363043 0.879875 0.363043
1 0.5407379999999999 0.579348 0.540042 0.581522 0.540042 0.58587 0.537604 0.6054350000000001 0.536908 0.622826 0.535515 0.6358699999999999 0.534471 0.6543479999999999 0.5330779999999999 0.6586960000000001 0.528552 0.6630429999999999 0.5271589999999999 0.6673910000000001 0.526462 0.6728259999999999 0.522284 0.673913 0.5288999999999999 0.68913 0.531337 0.696739 0.5348189999999999 0.7021740000000001 0.553273 0.7021740000000001 0.558496 0.7 0.56929 0.698913 0.568593 0.694565 0.564067 0.684783 0.564067 0.673913 0.5619780000000001 0.6673910000000001 0.558496 0.66413 0.557451 0.659783 0.556407 0.636957 0.554666 0.617391 0.553969 0.580435 0.552577 0.561957 0.551532 0.534783 0.5501389999999999 0.5293479999999999 0.544916 0.530435 0.543872 0.5336960000000001 0.5428270000000001 0.553261 0.5407379999999999 0.573913 0.5407379999999999 0.579348
1 0.9073819999999999 0.38913000000000003 0.907033 0.394565 0.9174789999999999 0.395652 0.9174789999999999 0.393478 0.9157379999999999 0.390217 0.914345 0.357609 0.912604 0.356522 0.910515 0.371739 0.9094709999999999 0.386957 0.908774 0.38913000000000003 0.9073819999999999 0.38913000000000003