0 0.580084 0.509783 0.577298 0.532609 0.577298 0.544565 0.575905 0.561957 0.5745129999999999 0.570652 0.5731200000000001 0.575 0.570334 0.5771740000000001 0.568593 0.580435 0.567549 0.584783 0.5619780000000001 0.5869570000000001 0.559192 0.590217 0.559192 0.5956520000000001 0.566156 0.5956520000000001 0.568593 0.597826 0.571727 0.597826 0.580084 0.606522 0.581825 0.609783 0.59227 0.609783 0.593315 0.607609 0.598189 0.606522 0.602716 0.602174 0.602716 0.597826 0.6020190000000001 0.5956520000000001 0.5995820000000001 0.593478 0.5978410000000001 0.58587 0.593663 0.580435 0.592967 0.5771740000000001 0.59227 0.561957 0.59227 0.5423910000000001 0.590529 0.516304 0.590529 0.492391 0.589485 0.48043500000000006 0.589485 0.47391300000000003 0.588788 0.470652 0.587047 0.468478 0.583565 0.468478 0.5825210000000001 0.471739 0.580084 0.509783
0 0.296657 0.366304 0.29422000000000004 0.36739099999999997 0.293524 0.373913 0.29596100000000003 0.378261 0.299095 0.377174 0.300487 0.379348 0.308148 0.379348 0.309192 0.377174 0.310933 0.379348 0.31162999999999996 0.378261 0.31162999999999996 0.375 0.310933 0.375 0.30988899999999997 0.36956500000000003 0.307799 0.36739099999999997 0.306755 0.363043 0.306407 0.33587 0.305362 0.32934800000000003 0.304666 0.30978300000000003 0.303969 0.306522 0.302925 0.305435 0.301184 0.306522 0.300139 0.311957 0.29979100000000003 0.33260900000000004 0.297354 0.36413 0.296657 0.366304
0 0.199861 0.27391299999999996 0.199164 0.284783 0.197075 0.28913 0.197075 0.293478 0.205432 0.29565199999999997 0.207869 0.294565 0.207869 0.28913 0.20682499999999998 0.288043 0.20578 0.282609 0.205432 0.261957 0.204387 0.258696 0.204387 0.24782600000000002 0.202298 0.24673899999999999 0.20090499999999997 0.251087 0.201253 0.270652 0.200557 0.27391299999999996 0.199861 0.27391299999999996
0 0.150766 0.244565 0.148329 0.248913 0.149721 0.252174 0.152507 0.251087 0.154596 0.253261 0.157033 0.253261 0.157382 0.25 0.154596 0.238043 0.154944 0.228261 0.154248 0.225 0.154248 0.21739099999999997 0.152507 0.216304 0.151811 0.218478 0.151811 0.22934800000000002 0.150766 0.23913 0.150766 0.244565
0 0.118384 0.225 0.12465200000000001 0.226087 0.125 0.22391299999999997 0.124304 0.219565 0.124304 0.206522 0.12291099999999999 0.203261 0.12291099999999999 0.196739 0.12117 0.196739 0.120474 0.213043 0.119777 0.219565 0.118384 0.221739 0.118384 0.225
0 0.099234 0.20760900000000002 0.104457 0.209783 0.104457 0.19456500000000002 0.10341199999999999 0.18913 0.10341199999999999 0.18587 0.102716 0.183696 0.101671 0.183696 0.100975 0.18913 0.100975 0.198913 0.099234 0.20434800000000003 0.099234 0.20760900000000002
0 0.089136 0.196739 0.08948500000000001 0.19456500000000002 0.088788 0.191304 0.088788 0.18043499999999998 0.087396 0.175 0.086351 0.175 0.084958 0.195652 0.086003 0.19456500000000002 0.087396 0.196739 0.089136 0.196739
0 0.077994 0.18804300000000002 0.077994 0.173913 0.076602 0.168478 0.075557 0.168478 0.075209 0.177174 0.073816 0.18587 0.074164 0.18804300000000002 0.077994 0.18804300000000002
0 0.066156 0.18043499999999998 0.06928999999999999 0.179348 0.06928999999999999 0.16956500000000002 0.068245 0.16413 0.066852 0.161957 0.066156 0.165217 0.066504 0.173913 0.065111 0.178261 0.066156 0.18043499999999998
0 0.061978 0.171739 0.06163 0.16413 0.059889000000000005 0.157609 0.059192 0.157609 0.058843999999999994 0.168478 0.058148 0.17282599999999998 0.061280999999999995 0.173913 0.061978 0.171739
0 0.055362 0.158696 0.054666000000000006 0.155435 0.053620999999999995 0.155435 0.052577 0.167391 0.05571 0.168478 0.056058 0.167391 0.055362 0.158696
0 0.048747 0.15434799999999999 0.048747 0.16413 0.050836000000000006 0.16413 0.050139 0.155435 0.048747 0.15434799999999999