3 0.321031 0.386957 0.321031 0.38152200000000003 0.319986 0.375 0.319638 0.36086999999999997 0.31754899999999997 0.36086999999999997 0.317201 0.373913 0.31545999999999996 0.38587 0.316852 0.388043 0.321031 0.386957
1 0.483983 0.478261 0.48259100000000005 0.479348 0.482242 0.48260899999999995 0.48537600000000003 0.48695700000000003 0.496518 0.48695700000000003 0.496518 0.479348 0.49373300000000003 0.475 0.49303600000000003 0.470652 0.490599 0.426087 0.48781299999999994 0.425 0.48781299999999994 0.43260899999999997 0.48607199999999995 0.45 0.48502799999999996 0.475 0.483983 0.478261
1 0.413301 0.352174 0.413301 0.342391 0.41190800000000005 0.341304 0.410864 0.357609 0.413997 0.357609 0.41434499999999996 0.354348 0.413301 0.352174
3 0.347145 0.36847799999999997 0.34609999999999996 0.353261 0.345404 0.35 0.345752 0.347826 0.344708 0.347826 0.343663 0.36086999999999997 0.34401099999999996 0.363043 0.342618 0.36739099999999997 0.347145 0.36847799999999997
3 0.321727 0.35108700000000004 0.321727 0.341304 0.320334 0.340217 0.320334 0.348913 0.318942 0.356522 0.322772 0.355435 0.321727 0.35108700000000004
3 0.266713 0.363043 0.269847 0.361957 0.268454 0.34565199999999996 0.267758 0.34565199999999996 0.267061 0.358696 0.266017 0.36086999999999997 0.266713 0.363043
3 0.152507 0.371739 0.156337 0.371739 0.156337 0.36739099999999997 0.155292 0.36413 0.154944 0.352174 0.154248 0.353261 0.15389999999999998 0.365217 0.15285500000000002 0.36739099999999997 0.152507 0.371739
3 0.21518099999999998 0.358696 0.21518099999999998 0.35 0.21448499999999998 0.35 0.21413600000000002 0.36086999999999997 0.212744 0.36739099999999997 0.216574 0.36739099999999997 0.21518099999999998 0.358696
1 0.417479 0.352174 0.41782700000000006 0.348913 0.416783 0.344565 0.41608599999999996 0.344565 0.415738 0.35 0.416783 0.359783 0.418175 0.36086999999999997 0.417479 0.352174
1 0.573468 0.596739 0.5706819999999999 0.597826 0.5696380000000001 0.6 0.581476 0.608696 0.5884400000000001 0.608696 0.601671 0.603261 0.601323 0.6010869999999999 0.599234 0.6 0.598538 0.597826 0.598189 0.592391 0.594708 0.58913 0.593663 0.584783 0.588788 0.5 0.583914 0.5 0.578343 0.58587 0.577298 0.588043 0.573816 0.590217 0.573468 0.596739
1 0.447423 0.43587 0.446379 0.43260899999999997 0.446379 0.430435 0.444986 0.42934799999999995 0.44428999999999996 0.426087 0.44254899999999997 0.393478 0.44011100000000003 0.393478 0.43837000000000004 0.426087 0.43662999999999996 0.431522 0.43662999999999996 0.43587 0.447423 0.43587
1 0.42688 0.404348 0.425836 0.397826 0.424443 0.373913 0.422354 0.373913 0.42130900000000004 0.396739 0.419916 0.40108699999999997 0.419916 0.404348 0.42688 0.404348
1 0.37743699999999997 0.336957 0.377089 0.35 0.379178 0.35 0.37883 0.336957 0.37743699999999997 0.336957
3 0.168872 0.6054350000000001 0.168524 0.6141300000000001 0.166783 0.618478 0.166783 0.620652 0.191504 0.620652 0.19812000000000002 0.61087 0.19812000000000002 0.608696 0.196727 0.604348 0.196379 0.598913 0.192549 0.597826 0.191852 0.594565 0.185585 0.507609 0.180362 0.507609 0.173747 0.598913 0.172702 0.602174 0.168872 0.6054350000000001
3 0.24617 0.49347799999999997 0.25139300000000003 0.49565200000000004 0.258357 0.49565200000000004 0.261142 0.492391 0.26149 0.48586999999999997 0.259749 0.484783 0.258705 0.48043500000000006 0.25522300000000003 0.42934799999999995 0.251741 0.42934799999999995 0.248259 0.481522 0.24756300000000003 0.484783 0.24617 0.48586999999999997 0.24617 0.49347799999999997
3 0.277507 0.44021699999999997 0.287604 0.44021699999999997 0.28830100000000003 0.43804299999999996 0.286212 0.431522 0.284123 0.395652 0.281685 0.395652 0.279248 0.43260899999999997 0.278552 0.43587 0.277507 0.43587 0.277507 0.44021699999999997
3 0.307799 0.40543500000000005 0.307799 0.403261 0.306755 0.40217400000000003 0.306058 0.39891299999999996 0.304666 0.372826 0.302577 0.372826 0.301184 0.39891299999999996 0.29979100000000003 0.403261 0.29979100000000003 0.40543500000000005 0.307799 0.40543500000000005
3 0.334262 0.375 0.333217 0.36847799999999997 0.332521 0.352174 0.33077999999999996 0.352174 0.329735 0.371739 0.328691 0.372826 0.328691 0.375 0.334262 0.375
3 0.355153 0.354348 0.354805 0.344565 0.353412 0.344565 0.353064 0.357609 0.352368 0.36086999999999997 0.356198 0.36086999999999997 0.355153 0.354348
1 0.327298 0.33913000000000004 0.326602 0.352174 0.329387 0.352174 0.32903899999999997 0.340217 0.327298 0.33913000000000004
1 0.158774 0.353261 0.157033 0.353261 0.15668500000000002 0.36739099999999997 0.159471 0.36739099999999997 0.159471 0.359783 0.158774 0.353261
3 0.077298 0.358696 0.074861 0.357609 0.07311999999999999 0.375 0.07311999999999999 0.38043499999999997 0.079039 0.38043499999999997 0.077298 0.358696
1 0.089136 0.357609 0.086699 0.357609 0.086003 0.376087 0.089833 0.376087 0.089833 0.366304 0.089136 0.357609
3 0.350279 0.357609 0.352716 0.357609 0.353064 0.341304 0.35167099999999996 0.342391 0.35167099999999996 0.347826 0.350975 0.35 0.350279 0.357609
1 0.41434499999999996 0.36847799999999997 0.413301 0.373913 0.41364900000000004 0.378261 0.416435 0.377174 0.416783 0.36086999999999997 0.41608599999999996 0.354348 0.41539000000000004 0.354348 0.415738 0.356522 0.415042 0.357609 0.41434499999999996 0.36847799999999997
1 0.414694 0.38587 0.414694 0.38913000000000003 0.420613 0.38913000000000003 0.41922 0.38152200000000003 0.418524 0.365217 0.41713100000000003 0.365217 0.416783 0.377174 0.415738 0.38043499999999997 0.415738 0.383696 0.414694 0.38587