0 0.27124000000000004 0.43913 0.266713 0.494565 0.26566900000000004 0.497826 0.262883 0.5 0.262187 0.5108699999999999 0.262535 0.5130429999999999 0.263231 0.511957 0.263928 0.51413 0.268106 0.516304 0.270195 0.5195649999999999 0.274373 0.518478 0.275766 0.516304 0.279248 0.517391 0.280292 0.515217 0.28273000000000004 0.517391 0.29039000000000004 0.516304 0.291086 0.51413 0.290738 0.5108699999999999 0.288649 0.508696 0.28656000000000004 0.5 0.283774 0.497826 0.28273000000000004 0.49347799999999997 0.281685 0.479348 0.28098900000000004 0.446739 0.279944 0.43695700000000004 0.27890000000000004 0.41086999999999996 0.277507 0.403261 0.273677 0.40217400000000003 0.27298100000000003 0.403261 0.271936 0.425 0.27124000000000004 0.430435 0.27124000000000004 0.43913
3 0.20682499999999998 0.344565 0.206128 0.356522 0.205432 0.359783 0.205084 0.373913 0.203691 0.378261 0.200209 0.38152200000000003 0.200209 0.38587 0.20090499999999997 0.38913000000000003 0.20195 0.390217 0.207869 0.390217 0.209262 0.392391 0.213092 0.392391 0.21448499999999998 0.38913000000000003 0.21831499999999998 0.388043 0.218663 0.379348 0.21622599999999997 0.378261 0.214833 0.370652 0.214833 0.36413 0.21344 0.348913 0.21344 0.336957 0.212047 0.317391 0.208914 0.31630400000000003 0.207869 0.319565 0.207869 0.32717399999999996 0.20682499999999998 0.33587 0.20682499999999998 0.344565
3 0.501045 0.417391 0.500348 0.41956499999999997 0.497563 0.421739 0.495822 0.42717400000000005 0.497563 0.43260899999999997 0.513579 0.43587 0.514972 0.43260899999999997 0.514624 0.426087 0.510794 0.41956499999999997 0.508705 0.361957 0.508008 0.359783 0.505571 0.359783 0.504526 0.36413 0.50383 0.379348 0.5027860000000001 0.384783 0.501045 0.417391
3 0.7305010000000001 0.415217 0.7301529999999999 0.420652 0.734331 0.425 0.748259 0.426087 0.743036 0.418478 0.741992 0.415217 0.741643 0.404348 0.740599 0.397826 0.739903 0.36847799999999997 0.739206 0.366304 0.736421 0.36739099999999997 0.73468 0.38913000000000003 0.733983 0.407609 0.732939 0.41304299999999994 0.7305010000000001 0.415217
3 0.796309 0.383696 0.794916 0.386957 0.794916 0.390217 0.8046659999999999 0.392391 0.8050140000000001 0.390217 0.8029249999999999 0.384783 0.80188 0.36956500000000003 0.80188 0.352174 0.8015319999999999 0.35 0.799791 0.348913 0.798747 0.35108700000000004 0.79805 0.356522 0.797354 0.373913 0.796309 0.383696
3 0.772632 0.356522 0.775766 0.359783 0.7806409999999999 0.359783 0.7806409999999999 0.357609 0.779248 0.356522 0.7788999999999999 0.328261 0.776811 0.32717399999999996 0.775766 0.333696 0.775766 0.340217 0.774373 0.352174 0.772632 0.356522
1 0.188022 0.294565 0.187326 0.301087 0.18663000000000002 0.303261 0.185237 0.303261 0.18453999999999998 0.306522 0.185585 0.31087 0.188022 0.30978300000000003 0.190808 0.313043 0.194986 0.313043 0.195682 0.30869599999999997 0.193245 0.301087 0.192897 0.29782600000000004 0.192201 0.265217 0.189415 0.26413000000000003 0.18836999999999998 0.271739 0.18836999999999998 0.280435 0.187674 0.284783 0.188022 0.294565
1 0.297006 0.31630400000000003 0.29596100000000003 0.322826 0.295613 0.330435 0.293175 0.333696 0.292479 0.336957 0.293175 0.340217 0.297702 0.340217 0.30362100000000003 0.343478 0.305014 0.340217 0.305014 0.334783 0.303969 0.333696 0.302925 0.328261 0.30188000000000004 0.293478 0.301184 0.28913 0.298747 0.288043 0.297702 0.29239099999999996 0.297702 0.305435 0.297006 0.30869599999999997 0.297006 0.31630400000000003
1 0.590529 0.354348 0.587744 0.363043 0.588788 0.366304 0.591226 0.365217 0.598189 0.36739099999999997 0.5978410000000001 0.363043 0.596797 0.361957 0.5961000000000001 0.357609 0.5961000000000001 0.340217 0.595404 0.33587 0.595404 0.323913 0.594708 0.321739 0.592618 0.321739 0.5919220000000001 0.326087 0.591226 0.34565199999999996 0.5901810000000001 0.352174 0.590529 0.354348
1 0.633008 0.318478 0.633357 0.321739 0.638579 0.320652 0.637883 0.311957 0.638231 0.29565199999999997 0.637535 0.293478 0.63649 0.293478 0.635794 0.29565199999999997 0.634749 0.31413 0.633008 0.318478
1 0.586351 0.302174 0.586003 0.305435 0.591574 0.305435 0.590529 0.29782600000000004 0.590529 0.281522 0.589485 0.280435 0.588788 0.282609 0.587744 0.3 0.586351 0.302174
1 0.457521 0.344565 0.456825 0.353261 0.454039 0.357609 0.454039 0.361957 0.454735 0.36413 0.45960999999999996 0.363043 0.464136 0.36413 0.465877 0.366304 0.46657400000000004 0.36413 0.46657400000000004 0.359783 0.464136 0.353261 0.46309199999999995 0.33587 0.46309199999999995 0.317391 0.46239600000000003 0.313043 0.46065500000000004 0.311957 0.459262 0.31630400000000003 0.459262 0.33260900000000004 0.458565 0.341304 0.457521 0.344565
1 0.534471 0.28586999999999996 0.534123 0.270652 0.533774 0.268478 0.53273 0.268478 0.532033 0.283696 0.530292 0.290217 0.5351670000000001 0.291304 0.534471 0.28586999999999996
1 0.46970799999999996 0.27934800000000004 0.46901099999999996 0.25760900000000003 0.46831500000000004 0.25652200000000003 0.467618 0.258696 0.46726999999999996 0.269565 0.466226 0.27934800000000004 0.46970799999999996 0.27934800000000004
1 0.395195 0.267391 0.395891 0.269565 0.399025 0.268478 0.399025 0.259783 0.39798100000000003 0.24782600000000002 0.396936 0.24782600000000002 0.395891 0.26087 0.39624000000000004 0.26413000000000003 0.395195 0.267391
1 0.324513 0.261957 0.328343 0.261957 0.328691 0.25760900000000003 0.327994 0.253261 0.327994 0.24021699999999999 0.32694999999999996 0.24021699999999999 0.325557 0.24673899999999999 0.325557 0.252174 0.324513 0.261957
1 0.26009699999999997 0.253261 0.25905300000000003 0.25652200000000003 0.259401 0.258696 0.263928 0.258696 0.263928 0.252174 0.263231 0.25 0.263231 0.23913 0.262535 0.236957 0.26149 0.238043 0.260794 0.24239099999999997 0.26009699999999997 0.24239099999999997 0.26009699999999997 0.253261
1 0.20090499999999997 0.25543499999999997 0.200557 0.258696 0.20682499999999998 0.259783 0.205432 0.24239099999999997 0.205432 0.232609 0.203343 0.232609 0.20299399999999998 0.24021699999999999 0.202298 0.24239099999999997 0.202298 0.252174 0.20090499999999997 0.25543499999999997
1 0.166086 0.265217 0.16434500000000002 0.259783 0.162953 0.236957 0.161908 0.23586999999999997 0.159819 0.252174 0.160864 0.269565 0.166086 0.268478 0.166086 0.265217
3 0.134749 0.24565199999999998 0.134053 0.236957 0.133357 0.23478300000000002 0.133357 0.221739 0.130571 0.220652 0.12987500000000002 0.23913 0.12883 0.24130400000000002 0.12883 0.24565199999999998 0.134749 0.24565199999999998
3 0.211351 0.24782600000000002 0.21518099999999998 0.24782600000000002 0.215529 0.24565199999999998 0.21448499999999998 0.24239099999999997 0.21413600000000002 0.23478300000000002 0.21344 0.231522 0.213788 0.225 0.212047 0.22391299999999997 0.211351 0.226087 0.21065499999999998 0.24239099999999997 0.20961 0.24565199999999998 0.211351 0.24782600000000002
3 0.30188000000000004 0.251087 0.30188000000000004 0.244565 0.301184 0.24130400000000002 0.301532 0.231522 0.29979100000000003 0.231522 0.299095 0.233696 0.299095 0.24239099999999997 0.29805000000000004 0.251087 0.30188000000000004 0.251087
3 0.393454 0.26087 0.392758 0.243478 0.391365 0.24239099999999997 0.389972 0.25 0.39032 0.252174 0.389624 0.259783 0.393454 0.26087
3 0.480501 0.27391299999999996 0.483983 0.27391299999999996 0.48328699999999997 0.265217 0.48328699999999997 0.25543499999999997 0.482242 0.25543499999999997 0.481546 0.25760900000000003 0.48189399999999993 0.26087 0.480501 0.27391299999999996
3 0.5689420000000001 0.28586999999999996 0.568245 0.284783 0.568245 0.281522 0.5672010000000001 0.278261 0.567549 0.269565 0.566504 0.269565 0.565808 0.28586999999999996 0.564763 0.288043 0.5689420000000001 0.28913 0.5689420000000001 0.28586999999999996
3 0.720056 0.331522 0.720056 0.321739 0.718663 0.318478 0.719011 0.306522 0.717618 0.305435 0.716574 0.31087 0.716226 0.326087 0.715529 0.330435 0.720056 0.331522
2 0.153552 0.252174 0.15389999999999998 0.25760900000000003 0.152507 0.283696 0.151462 0.28586999999999996 0.151462 0.288043 0.155989 0.291304 0.16051500000000002 0.291304 0.161212 0.28913 0.162604 0.290217 0.162604 0.286957 0.161212 0.282609 0.16051500000000002 0.276087 0.158426 0.22934800000000002 0.15772999999999998 0.226087 0.155989 0.226087 0.155292 0.230435 0.155292 0.238043 0.154248 0.243478 0.153552 0.252174
0 0.125348 0.236957 0.125348 0.23913 0.128482 0.24021699999999999 0.129526 0.236957 0.129178 0.21739099999999997 0.128482 0.215217 0.127786 0.215217 0.127089 0.218478 0.126393 0.233696 0.125348 0.236957
0 0.123607 0.225 0.122563 0.21739099999999997 0.122563 0.209783 0.12117 0.208696 0.120474 0.220652 0.11942900000000001 0.227174 0.12325900000000001 0.228261 0.123607 0.225
0 0.11768799999999999 0.219565 0.118036 0.216304 0.11734 0.202174 0.116295 0.202174 0.11559900000000001 0.20760900000000002 0.11559900000000001 0.215217 0.114903 0.218478 0.11768799999999999 0.219565
0 0.11281300000000001 0.198913 0.11142099999999999 0.196739 0.11142099999999999 0.20434800000000003 0.110376 0.21086999999999997 0.11351 0.213043 0.11281300000000001 0.198913
0 0.093663 0.195652 0.092967 0.195652 0.091922 0.209783 0.095056 0.21086999999999997 0.094708 0.202174 0.093663 0.195652
0 0.072075 0.196739 0.071031 0.19347799999999998 0.069638 0.208696 0.072772 0.208696 0.07311999999999999 0.206522 0.072075 0.196739
0 0.049095 0.197826 0.048747 0.19347799999999998 0.048747 0.206522 0.050139 0.206522 0.049791 0.198913 0.049095 0.197826
3 0.643454 0.305435 0.643454 0.307609 0.64415 0.30869599999999997 0.647632 0.307609 0.647632 0.302174 0.646936 0.3 0.6462399999999999 0.293478 0.646588 0.290217 0.645891 0.28586999999999996 0.6448470000000001 0.286957 0.64415 0.29565199999999997 0.6444989999999999 0.302174 0.643454 0.305435
1 0.6525070000000001 0.34565199999999996 0.651462 0.35 0.65007 0.35108700000000004 0.649721 0.354348 0.659123 0.356522 0.659123 0.354348 0.657382 0.348913 0.656685 0.342391 0.656337 0.317391 0.654596 0.317391 0.653203 0.330435 0.653203 0.340217 0.6525070000000001 0.342391 0.6525070000000001 0.34565199999999996
1 0.659123 0.33913000000000004 0.666086 0.33913000000000004 0.666086 0.33587 0.665042 0.331522 0.664345 0.306522 0.662604 0.307609 0.661212 0.331522 0.659471 0.33587 0.659123 0.33913000000000004
1 0.14902500000000002 0.266304 0.147981 0.271739 0.147981 0.278261 0.145891 0.281522 0.146588 0.284783 0.149721 0.284783 0.151462 0.282609 0.151462 0.275 0.15285500000000002 0.267391 0.152507 0.254348 0.151462 0.24673899999999999 0.150418 0.24673899999999999 0.149373 0.253261 0.149721 0.25652200000000003 0.14902500000000002 0.266304
2 0.148329 0.24130400000000002 0.146936 0.24565199999999998 0.146936 0.26087 0.14623999999999998 0.271739 0.14415 0.278261 0.14415 0.280435 0.144847 0.281522 0.147632 0.278261 0.147632 0.271739 0.148677 0.266304 0.149373 0.25652200000000003 0.14902500000000002 0.253261 0.15006999999999998 0.24673899999999999 0.151811 0.24565199999999998 0.153203 0.254348 0.152507 0.24782600000000002 0.153203 0.24565199999999998 0.153203 0.236957 0.152507 0.233696 0.152507 0.227174 0.151811 0.221739 0.149721 0.221739 0.14902500000000002 0.228261 0.148329 0.22934800000000002 0.148329 0.24130400000000002