1 0.404596 0.58913 0.402855 0.604348 0.402855 0.61087 0.401114 0.623913 0.399721 0.646739 0.39832900000000004 0.65 0.39415 0.6543479999999999 0.391713 0.661957 0.38405300000000003 0.665217 0.38266 0.6673910000000001 0.382312 0.670652 0.385446 0.677174 0.389624 0.682609 0.39832900000000004 0.68587 0.399373 0.688043 0.401114 0.686957 0.40250700000000006 0.690217 0.403203 0.688043 0.40424800000000005 0.6913039999999999 0.406337 0.692391 0.406337 0.68913 0.408078 0.68913 0.409819 0.694565 0.410515 0.692391 0.414694 0.6913039999999999 0.416783 0.688043 0.422354 0.684783 0.42931800000000003 0.6836960000000001 0.435237 0.677174 0.435237 0.670652 0.43036199999999997 0.666304 0.429666 0.66413 0.42931800000000003 0.6586960000000001 0.427925 0.6543479999999999 0.424443 0.652174 0.422702 0.647826 0.420961 0.6195649999999999 0.419916 0.61087 0.419916 0.598913 0.418524 0.575 0.41782700000000006 0.570652 0.41782700000000006 0.56087 0.416783 0.5478259999999999 0.416783 0.53587 0.415738 0.520652 0.415042 0.517391 0.413301 0.516304 0.40842599999999996 0.517391 0.40668499999999996 0.5380429999999999 0.405641 0.5663039999999999 0.40494399999999997 0.571739 0.404596 0.58913
1 0.050836000000000006 0.43695700000000004 0.049095 0.44239100000000003 0.049095 0.453261 0.050487000000000004 0.45543500000000003 0.058843999999999994 0.45543500000000003 0.062326000000000006 0.452174 0.070682 0.452174 0.071379 0.45 0.070682 0.44239100000000003 0.06928999999999999 0.43913 0.066852 0.43913 0.065808 0.43695700000000004 0.064415 0.41956499999999997 0.064415 0.40869600000000006 0.06337000000000001 0.4 0.06337000000000001 0.388043 0.061978 0.36413 0.060933 0.36086999999999997 0.057450999999999995 0.359783 0.056058 0.36413 0.054666000000000006 0.383696 0.053969 0.404348 0.050836000000000006 0.43695700000000004
1 0.896936 0.41086999999999996 0.895543 0.41630399999999995 0.8948470000000001 0.431522 0.892758 0.433696 0.892758 0.43695700000000004 0.89624 0.43913 0.897981 0.43804299999999996 0.905292 0.44021699999999997 0.9059889999999999 0.43695700000000004 0.9056409999999999 0.43478300000000003 0.903552 0.43260899999999997 0.902855 0.41956499999999997 0.9021589999999999 0.41630399999999995 0.9021589999999999 0.4 0.9014620000000001 0.390217 0.8997210000000001 0.386957 0.898677 0.386957 0.897981 0.38913000000000003 0.897981 0.393478 0.896936 0.4 0.896936 0.41086999999999996
1 0.7472139999999999 0.383696 0.74617 0.397826 0.744081 0.4 0.743733 0.404348 0.7472139999999999 0.407609 0.754178 0.406522 0.754875 0.40217400000000003 0.7527860000000001 0.39891299999999996 0.752437 0.390217 0.751393 0.38260900000000003 0.751741 0.36956500000000003 0.751045 0.361957 0.748955 0.36086999999999997 0.747911 0.363043 0.747911 0.371739 0.7472139999999999 0.376087 0.7472139999999999 0.383696
1 0.6538999999999999 0.371739 0.654248 0.376087 0.6601670000000001 0.373913 0.660515 0.371739 0.6598189999999999 0.361957 0.658774 0.356522 0.659123 0.342391 0.658426 0.33913000000000004 0.656685 0.33913000000000004 0.655989 0.341304 0.654944 0.36847799999999997 0.6538999999999999 0.371739
1 0.570334 0.340217 0.5696380000000001 0.343478 0.5706819999999999 0.34565199999999996 0.572423 0.34565199999999996 0.5745129999999999 0.342391 0.573816 0.334783 0.573468 0.31630400000000003 0.5713790000000001 0.317391 0.5713790000000001 0.325 0.570334 0.333696 0.570334 0.340217
1 0.501045 0.330435 0.502089 0.32717399999999996 0.501393 0.319565 0.500696 0.317391 0.501045 0.305435 0.500348 0.302174 0.49895500000000004 0.302174 0.49860699999999997 0.31413 0.496866 0.328261 0.497563 0.330435 0.501045 0.330435
1 0.402855 0.313043 0.403552 0.31521699999999997 0.40424800000000005 0.311957 0.403203 0.306522 0.40250700000000006 0.28913 0.401462 0.288043 0.40076599999999996 0.290217 0.400418 0.306522 0.399025 0.311957 0.402855 0.313043
1 0.307103 0.296739 0.306407 0.293478 0.30571000000000004 0.276087 0.303969 0.276087 0.303969 0.28586999999999996 0.302577 0.29782600000000004 0.306755 0.298913 0.307103 0.296739
1 0.22214499999999998 0.283696 0.22214499999999998 0.278261 0.2211 0.27391299999999996 0.221448 0.265217 0.21970800000000001 0.265217 0.21901099999999998 0.267391 0.218663 0.284783 0.220752 0.28586999999999996 0.22214499999999998 0.283696
1 0.139276 0.280435 0.143802 0.27934800000000004 0.143454 0.27391299999999996 0.142061 0.269565 0.142061 0.26087 0.14136500000000002 0.258696 0.14032 0.26087 0.14032 0.271739 0.138928 0.278261 0.139276 0.280435
3 0.094708 0.266304 0.094359 0.251087 0.09331500000000001 0.24673899999999999 0.09226999999999999 0.24673899999999999 0.091226 0.26087 0.090181 0.261957 0.090181 0.266304 0.094708 0.266304
3 0.190111 0.268478 0.19429000000000002 0.269565 0.19429000000000002 0.266304 0.193593 0.26413000000000003 0.193593 0.254348 0.192201 0.253261 0.191156 0.25760900000000003 0.191156 0.26413000000000003 0.190111 0.265217 0.190111 0.268478
3 0.25905300000000003 0.278261 0.262883 0.277174 0.262187 0.261957 0.260794 0.261957 0.26009699999999997 0.272826 0.258705 0.27391299999999996 0.25905300000000003 0.278261
3 0.34401099999999996 0.269565 0.341922 0.290217 0.346448 0.290217 0.345404 0.270652 0.34401099999999996 0.269565
3 0.826253 0.384783 0.83461 0.386957 0.832173 0.363043 0.831825 0.352174 0.830084 0.352174 0.8283429999999999 0.366304 0.827994 0.38043499999999997 0.826253 0.38152200000000003 0.826253 0.384783
3 0.716574 0.357609 0.723538 0.358696 0.723538 0.353261 0.721797 0.341304 0.721448 0.330435 0.720056 0.32934800000000003 0.718315 0.34565199999999996 0.718315 0.353261 0.716574 0.354348 0.716574 0.357609
3 0.645891 0.333696 0.645891 0.336957 0.6521589999999999 0.338043 0.6504179999999999 0.31087 0.649025 0.30978300000000003 0.648677 0.31630400000000003 0.647632 0.321739 0.647284 0.33260900000000004 0.645891 0.333696
3 0.523677 0.313043 0.523677 0.31630400000000003 0.5288999999999999 0.317391 0.529248 0.31087 0.528203 0.294565 0.526114 0.293478 0.526114 0.298913 0.52507 0.303261 0.52507 0.311957 0.523677 0.313043
3 0.451602 0.306522 0.452298 0.305435 0.45194999999999996 0.288043 0.451253 0.283696 0.449861 0.283696 0.449164 0.3 0.44812 0.301087 0.44812 0.305435 0.451602 0.306522
3 0.393106 0.29782600000000004 0.39798100000000003 0.29782600000000004 0.397632 0.278261 0.396936 0.275 0.395543 0.276087 0.39415 0.293478 0.393106 0.294565 0.393106 0.29782600000000004