3 0.150766 0.40108699999999997 0.14902500000000002 0.40217400000000003 0.146936 0.406522 0.146936 0.41413 0.147632 0.41630399999999995 0.150418 0.418478 0.161212 0.417391 0.16817500000000002 0.41304299999999994 0.167827 0.404348 0.16434500000000002 0.40217400000000003 0.163301 0.390217 0.161908 0.357609 0.16051500000000002 0.343478 0.16051500000000002 0.334783 0.159471 0.331522 0.15668500000000002 0.331522 0.155292 0.33587 0.153203 0.377174 0.150766 0.40108699999999997
3 0.31754899999999997 0.35 0.317201 0.355435 0.32137899999999997 0.358696 0.328691 0.357609 0.329735 0.353261 0.32694999999999996 0.346739 0.32694999999999996 0.33913000000000004 0.32520899999999997 0.321739 0.32520899999999997 0.306522 0.324861 0.304348 0.323468 0.303261 0.322075 0.306522 0.321727 0.321739 0.31928999999999996 0.348913 0.31754899999999997 0.35
3 0.453343 0.336957 0.453343 0.340217 0.45543199999999995 0.342391 0.46135099999999996 0.341304 0.462047 0.340217 0.462047 0.336957 0.46135099999999996 0.336957 0.46065500000000004 0.333696 0.45960999999999996 0.31413 0.45960999999999996 0.302174 0.45717299999999994 0.301087 0.456476 0.305435 0.45578 0.325 0.454735 0.334783 0.453343 0.336957
3 0.565808 0.336957 0.5654600000000001 0.340217 0.5672010000000001 0.342391 0.572772 0.342391 0.573468 0.341304 0.573468 0.338043 0.571727 0.33587 0.571031 0.31413 0.570334 0.307609 0.5696380000000001 0.307609 0.568593 0.311957 0.568245 0.326087 0.5672010000000001 0.33587 0.565808 0.336957
3 0.618733 0.334783 0.617688 0.33913000000000004 0.616992 0.33913000000000004 0.616992 0.342391 0.619081 0.344565 0.623607 0.344565 0.623955 0.33913000000000004 0.622563 0.328261 0.621866 0.31087 0.620822 0.31087 0.619777 0.319565 0.619777 0.325 0.618733 0.32934800000000003 0.618733 0.334783
3 0.647284 0.341304 0.647632 0.33913000000000004 0.6462399999999999 0.331522 0.645891 0.313043 0.6448470000000001 0.311957 0.6431060000000001 0.331522 0.641365 0.33913000000000004 0.6431060000000001 0.341304 0.647284 0.341304
3 0.65007 0.331522 0.648677 0.323913 0.6479809999999999 0.306522 0.646588 0.306522 0.646588 0.331522 0.646936 0.333696 0.649721 0.333696 0.65007 0.331522
3 0.635097 0.322826 0.635097 0.325 0.641017 0.325 0.64032 0.317391 0.639624 0.31521699999999997 0.638928 0.301087 0.637535 0.302174 0.636838 0.318478 0.636142 0.321739 0.635097 0.322826
3 0.615947 0.31630400000000003 0.616295 0.31413 0.615251 0.30978300000000003 0.614903 0.293478 0.613858 0.29239099999999996 0.612465 0.31087 0.611421 0.31413 0.613162 0.31630400000000003 0.615947 0.31630400000000003
3 0.5842620000000001 0.302174 0.583217 0.293478 0.582869 0.284783 0.5821729999999999 0.284783 0.581476 0.29565199999999997 0.580084 0.305435 0.583914 0.306522 0.5842620000000001 0.302174
3 0.5194989999999999 0.284783 0.518454 0.269565 0.517409 0.269565 0.517061 0.278261 0.515669 0.286957 0.51915 0.288043 0.5194989999999999 0.284783
3 0.47910899999999995 0.275 0.47841199999999995 0.268478 0.47841199999999995 0.258696 0.47771600000000003 0.25760900000000003 0.47667099999999996 0.26087 0.47667099999999996 0.267391 0.47562699999999997 0.275 0.47910899999999995 0.275
3 0.46657400000000004 0.268478 0.46901099999999996 0.268478 0.46831500000000004 0.252174 0.467618 0.254348 0.467618 0.259783 0.466922 0.261957 0.46657400000000004 0.268478
3 0.48502799999999996 0.253261 0.483983 0.267391 0.48676899999999995 0.267391 0.485724 0.253261 0.48502799999999996 0.253261
3 0.51149 0.267391 0.513928 0.267391 0.512883 0.254348 0.51149 0.267391
1 0.556755 0.636957 0.5536209999999999 0.659783 0.552925 0.673913 0.551184 0.690217 0.548747 0.694565 0.545265 0.695652 0.5428270000000001 0.701087 0.542131 0.7 0.541435 0.7021740000000001 0.537953 0.703261 0.537953 0.705435 0.544568 0.725 0.548747 0.731522 0.5518799999999999 0.733696 0.552925 0.7391300000000001 0.559889 0.7391300000000001 0.562326 0.7369570000000001 0.568245 0.7369570000000001 0.571031 0.734783 0.586003 0.733696 0.5866990000000001 0.731522 0.586351 0.7260869999999999 0.5825210000000001 0.717391 0.581825 0.708696 0.577994 0.7 0.575209 0.697826 0.574164 0.694565 0.5731200000000001 0.677174 0.5731200000000001 0.666304 0.572423 0.66087 0.572772 0.655435 0.571031 0.617391 0.5713790000000001 0.607609 0.570334 0.565217 0.56929 0.561957 0.566504 0.559783 0.562674 0.56087 0.5619780000000001 0.56413 0.558496 0.603261 0.558496 0.6119570000000001 0.556755 0.636957
1 0.527855 0.44782599999999995 0.5271589999999999 0.452174 0.526462 0.467391 0.5254179999999999 0.471739 0.522284 0.471739 0.521588 0.476087 0.521936 0.48260899999999995 0.524025 0.48586999999999997 0.542131 0.48804299999999995 0.541783 0.476087 0.540042 0.47282599999999997 0.538649 0.47282599999999997 0.537604 0.467391 0.5365599999999999 0.45 0.5351670000000001 0.39891299999999996 0.530989 0.397826 0.530292 0.403261 0.529248 0.426087 0.528203 0.433696 0.527855 0.44782599999999995
1 0.547702 0.41630399999999995 0.547006 0.41956499999999997 0.544568 0.421739 0.5442199999999999 0.426087 0.545265 0.42934799999999995 0.5501389999999999 0.431522 0.5504870000000001 0.430435 0.5518799999999999 0.43260899999999997 0.558148 0.43260899999999997 0.559192 0.430435 0.5595399999999999 0.42717400000000005 0.556407 0.418478 0.55571 0.40869600000000006 0.5553619999999999 0.383696 0.554666 0.378261 0.554666 0.366304 0.551184 0.365217 0.5501389999999999 0.373913 0.549791 0.38913000000000003 0.54805 0.40543500000000005 0.547702 0.41630399999999995
1 0.620822 0.392391 0.620125 0.394565 0.620125 0.397826 0.620822 0.4 0.623607 0.4 0.625696 0.40217400000000003 0.631267 0.40217400000000003 0.631964 0.4 0.631964 0.396739 0.629526 0.391304 0.629526 0.375 0.628134 0.35 0.626741 0.348913 0.625696 0.35 0.623259 0.386957 0.621866 0.392391 0.620822 0.392391
1 0.702994 0.38587 0.704735 0.38913000000000003 0.712396 0.390217 0.712744 0.388043 0.712396 0.38587 0.711003 0.384783 0.710306 0.377174 0.709958 0.35108700000000004 0.70961 0.347826 0.707869 0.347826 0.705432 0.372826 0.705432 0.379348 0.704387 0.383696 0.702994 0.38587
1 0.75383 0.38260900000000003 0.754526 0.384783 0.761142 0.38587 0.76149 0.383696 0.7604460000000001 0.38043499999999997 0.760097 0.35 0.759401 0.347826 0.758008 0.347826 0.757312 0.35 0.756616 0.366304 0.755571 0.376087 0.75383 0.38260900000000003
1 0.7771589999999999 0.372826 0.7775070000000001 0.377174 0.7848189999999999 0.376087 0.7848189999999999 0.373913 0.783774 0.372826 0.7830779999999999 0.36847799999999997 0.7830779999999999 0.355435 0.782033 0.344565 0.780989 0.344565 0.7788999999999999 0.36847799999999997 0.777855 0.372826 0.7771589999999999 0.372826
1 0.7694989999999999 0.356522 0.768454 0.352174 0.768454 0.330435 0.767061 0.32934800000000003 0.766017 0.334783 0.765669 0.343478 0.763231 0.354348 0.7694989999999999 0.356522
1 0.73085 0.33913000000000004 0.736072 0.33913000000000004 0.735028 0.330435 0.73468 0.31630400000000003 0.733287 0.317391 0.7318939999999999 0.33587 0.73085 0.336957 0.73085 0.33913000000000004
1 0.6862809999999999 0.325 0.690808 0.325 0.690808 0.322826 0.690111 0.321739 0.690111 0.31087 0.689415 0.304348 0.6880219999999999 0.307609 0.687326 0.320652 0.6862809999999999 0.322826 0.6862809999999999 0.325
1 0.6768799999999999 0.294565 0.676532 0.284783 0.675836 0.286957 0.674791 0.29782600000000004 0.677577 0.29782600000000004 0.6768799999999999 0.294565
1 0.722145 0.30869599999999997 0.7245820000000001 0.30869599999999997 0.723886 0.294565 0.723189 0.296739 0.723189 0.301087 0.722145 0.305435 0.722145 0.30869599999999997
1 0.797354 0.31630400000000003 0.797354 0.30869599999999997 0.796657 0.30869599999999997 0.795265 0.321739 0.79805 0.321739 0.797354 0.31630400000000003
1 0.8272980000000001 0.31413 0.826602 0.31413 0.8252090000000001 0.326087 0.827646 0.326087 0.8272980000000001 0.31413
1 0.849234 0.32934800000000003 0.8485379999999999 0.317391 0.8478410000000001 0.318478 0.847493 0.326087 0.8467969999999999 0.32934800000000003 0.849234 0.32934800000000003
1 0.866643 0.319565 0.8655989999999999 0.320652 0.864903 0.330435 0.8673400000000001 0.330435 0.866643 0.319565
1 0.8791779999999999 0.321739 0.878134 0.325 0.8774369999999999 0.33260900000000004 0.879526 0.33260900000000004 0.8791779999999999 0.321739
1 0.883008 0.320652 0.882312 0.320652 0.881267 0.331522 0.883008 0.331522 0.883008 0.320652
1 0.9094709999999999 0.331522 0.9112120000000001 0.331522 0.9108639999999999 0.322826 0.9094709999999999 0.331522
1 0.88649 0.320652 0.885446 0.325 0.885794 0.330435 0.886838 0.32934800000000003 0.88649 0.320652
1 0.886838 0.320652 0.887187 0.328261 0.8878830000000001 0.328261 0.8878830000000001 0.323913 0.886838 0.320652
1 0.76149 0.301087 0.760794 0.302174 0.759053 0.31630400000000003 0.7621870000000001 0.31630400000000003 0.76149 0.301087
1 0.885097 0.320652 0.8844010000000001 0.322826 0.883705 0.331522 0.885446 0.331522 0.885097 0.320652
3 0.915042 0.322826 0.914345 0.331522 0.916086 0.331522 0.9157379999999999 0.322826 0.915042 0.322826
1 0.928969 0.33587 0.9310579999999999 0.33587 0.930362 0.326087 0.928969 0.33587
1 0.897284 0.320652 0.896588 0.32934800000000003 0.898329 0.32934800000000003 0.897981 0.321739 0.897284 0.320652
3 0.852716 0.30978300000000003 0.852019 0.31087 0.851323 0.319565 0.853412 0.319565 0.852716 0.30978300000000003
3 0.840181 0.30869599999999997 0.8391360000000001 0.311957 0.8387879999999999 0.318478 0.8408770000000001 0.318478 0.840181 0.30869599999999997
3 0.8335649999999999 0.30978300000000003 0.832869 0.30978300000000003 0.831825 0.319565 0.833914 0.319565 0.8335649999999999 0.30978300000000003
3 0.8245129999999999 0.30978300000000003 0.8238160000000001 0.319565 0.8255570000000001 0.319565 0.8255570000000001 0.31413 0.8245129999999999 0.30978300000000003
3 0.8154600000000001 0.30869599999999997 0.814415 0.319565 0.8168519999999999 0.319565 0.816156 0.30869599999999997 0.8154600000000001 0.30869599999999997
3 0.802577 0.318478 0.80188 0.306522 0.8011839999999999 0.306522 0.799791 0.31521699999999997 0.799791 0.318478 0.802577 0.318478
3 0.765669 0.3 0.764276 0.311957 0.767061 0.313043 0.766365 0.302174 0.765669 0.3
3 0.739903 0.307609 0.74234 0.307609 0.741643 0.294565 0.739903 0.307609
3 0.722145 0.29239099999999996 0.7211000000000001 0.294565 0.720404 0.304348 0.7224929999999999 0.303261 0.722145 0.29239099999999996
3 0.690111 0.29782600000000004 0.692897 0.29782600000000004 0.691852 0.286957 0.690111 0.29782600000000004
3 0.549443 0.268478 0.550836 0.268478 0.5501389999999999 0.261957 0.549443 0.268478
1 0.543872 0.26413000000000003 0.5428270000000001 0.269565 0.5424789999999999 0.278261 0.544568 0.278261 0.543872 0.26413000000000003
1 0.549791 0.269565 0.548747 0.284783 0.551532 0.28586999999999996 0.5504870000000001 0.269565 0.549791 0.269565
1 0.56163 0.265217 0.560585 0.277174 0.562674 0.278261 0.562326 0.267391 0.56163 0.265217
1 0.541435 0.265217 0.54039 0.267391 0.539694 0.280435 0.542131 0.280435 0.541435 0.265217
1 0.575209 0.275 0.573468 0.293478 0.577298 0.293478 0.576253 0.277174 0.575209 0.275
1 0.587744 0.282609 0.587047 0.269565 0.586003 0.272826 0.586003 0.278261 0.585306 0.282609 0.587744 0.282609
1 0.616295 0.27391299999999996 0.615599 0.27391299999999996 0.614206 0.286957 0.616992 0.286957 0.616295 0.27391299999999996
3 0.785515 0.302174 0.784471 0.31521699999999997 0.786908 0.31521699999999997 0.786212 0.303261 0.785515 0.302174
3 0.835655 0.30869599999999997 0.83461 0.319565 0.8370469999999999 0.319565 0.836351 0.30978300000000003 0.835655 0.30869599999999997
3 0.8307800000000001 0.30978300000000003 0.830084 0.30978300000000003 0.8290390000000001 0.320652 0.831128 0.320652 0.8307800000000001 0.30978300000000003
1 0.638579 0.3 0.637883 0.290217 0.635097 0.30869599999999997 0.636838 0.30869599999999997 0.6371870000000001 0.302174 0.638579 0.3
3 0.641713 0.275 0.641017 0.277174 0.639972 0.288043 0.6427579999999999 0.288043 0.641713 0.275
3 0.593663 0.267391 0.59227 0.276087 0.592618 0.27934800000000004 0.5943590000000001 0.278261 0.593663 0.267391
1 0.65007 0.27934800000000004 0.649373 0.27934800000000004 0.6479809999999999 0.29239099999999996 0.650766 0.29239099999999996 0.65007 0.27934800000000004