1 0.45891400000000004 0.459783 0.45786899999999997 0.465217 0.456128 0.465217 0.454387 0.468478 0.452298 0.46956499999999995 0.450557 0.475 0.453343 0.478261 0.455084 0.478261 0.456128 0.48043500000000006 0.45891400000000004 0.48043500000000006 0.460306 0.484783 0.46135099999999996 0.484783 0.462744 0.48804299999999995 0.471797 0.48695700000000003 0.475279 0.483696 0.478064 0.483696 0.47876 0.48260899999999995 0.47876 0.48043500000000006 0.477019 0.478261 0.475279 0.46956499999999995 0.47318899999999997 0.468478 0.471797 0.46195700000000006 0.471448 0.444565 0.470404 0.43695700000000004 0.470404 0.428261 0.46970799999999996 0.420652 0.46970799999999996 0.40217400000000003 0.46901099999999996 0.391304 0.467618 0.386957 0.464485 0.388043 0.462744 0.404348 0.462047 0.421739 0.46065500000000004 0.43260899999999997 0.45891400000000004 0.459783
1 0.304318 0.338043 0.302577 0.343478 0.302577 0.346739 0.30362100000000003 0.35 0.31545999999999996 0.35108700000000004 0.315808 0.347826 0.31511100000000003 0.344565 0.312326 0.33913000000000004 0.312326 0.330435 0.31128100000000003 0.322826 0.310933 0.29565199999999997 0.310237 0.29239099999999996 0.307799 0.29239099999999996 0.306755 0.29782600000000004 0.306755 0.305435 0.305014 0.33260900000000004 0.304318 0.338043
1 0.23816199999999998 0.284783 0.236421 0.286957 0.236072 0.291304 0.24582199999999998 0.29239099999999996 0.24582199999999998 0.286957 0.244429 0.283696 0.244081 0.276087 0.24303599999999997 0.269565 0.24303599999999997 0.253261 0.24234 0.251087 0.240251 0.251087 0.239554 0.25652200000000003 0.239554 0.263043 0.23851 0.267391 0.23816199999999998 0.284783
1 0.201602 0.25543499999999997 0.201253 0.258696 0.20195 0.26087 0.208914 0.259783 0.208914 0.25652200000000003 0.208217 0.25543499999999997 0.20682499999999998 0.244565 0.206128 0.22934800000000002 0.20473499999999997 0.22934800000000002 0.203343 0.243478 0.203343 0.252174 0.20264600000000002 0.25543499999999997 0.201602 0.25543499999999997
1 0.18663000000000002 0.24021699999999999 0.185585 0.236957 0.184889 0.230435 0.184192 0.216304 0.182799 0.215217 0.182103 0.230435 0.181407 0.236957 0.180362 0.24021699999999999 0.18663000000000002 0.24021699999999999
0 0.12291099999999999 0.18695699999999998 0.12291099999999999 0.18152200000000002 0.122214 0.179348 0.12151799999999999 0.18043499999999998 0.12151799999999999 0.18587 0.12082200000000001 0.18804300000000002 0.12291099999999999 0.18695699999999998
2 0.171657 0.226087 0.170961 0.220652 0.170265 0.20108700000000002 0.169568 0.19347799999999998 0.168524 0.19347799999999998 0.167479 0.220652 0.166086 0.227174 0.171309 0.228261 0.171657 0.226087
1 0.16538999999999998 0.22282600000000002 0.163997 0.227174 0.166783 0.22391299999999997 0.167479 0.20434800000000003 0.166783 0.20434800000000003 0.166783 0.21086999999999997 0.166086 0.211957 0.16538999999999998 0.22282600000000002
2 0.163301 0.225 0.165042 0.22282600000000002 0.166435 0.20434800000000003 0.167479 0.203261 0.167827 0.20543499999999998 0.16817500000000002 0.20108700000000002 0.167131 0.19456500000000002 0.166435 0.19456500000000002 0.165042 0.21739099999999997 0.16434500000000002 0.218478 0.163301 0.225
0 0.053620999999999995 0.175 0.052925 0.173913 0.052228 0.183696 0.052577 0.18587 0.054318 0.18587 0.053620999999999995 0.175
0 0.126393 0.191304 0.125696 0.18043499999999998 0.125 0.18152200000000002 0.125 0.18587 0.123955 0.191304 0.126393 0.191304
0 0.154944 0.197826 0.153203 0.216304 0.157033 0.216304 0.155989 0.198913 0.154944 0.197826
0 0.148677 0.208696 0.148329 0.196739 0.147632 0.19347799999999998 0.146936 0.19347799999999998 0.146588 0.20108700000000002 0.14519500000000002 0.209783 0.148677 0.208696
0 0.139972 0.190217 0.139276 0.18913 0.13753500000000002 0.203261 0.140669 0.20434800000000003 0.140669 0.195652 0.139972 0.190217
0 0.135446 0.190217 0.134749 0.18587 0.134053 0.18587 0.13370500000000002 0.19347799999999998 0.132312 0.197826 0.135446 0.198913 0.135446 0.190217
0 0.12987500000000002 0.183696 0.12883 0.183696 0.128134 0.19347799999999998 0.130223 0.19456500000000002 0.130223 0.18587 0.12987500000000002 0.183696
0 0.119777 0.176087 0.118733 0.176087 0.118733 0.18152200000000002 0.118036 0.18587 0.120474 0.18587 0.119777 0.176087
0 0.051532 0.179348 0.050836000000000006 0.176087 0.050139 0.176087 0.049443 0.18913 0.052228 0.18913 0.051532 0.18587 0.051532 0.179348
0 0.056058 0.171739 0.054666000000000006 0.18043499999999998 0.05501399999999999 0.183696 0.057450999999999995 0.182609 0.056058 0.171739
0 0.057450999999999995 0.171739 0.057450999999999995 0.18043499999999998 0.05954 0.18043499999999998 0.058843999999999994 0.170652 0.057450999999999995 0.171739