3 0.121866 0.604348 0.12117 0.6119570000000001 0.12117 0.626087 0.120474 0.633696 0.118384 0.692391 0.11664300000000001 0.697826 0.116295 0.696739 0.112117 0.701087 0.110376 0.7076089999999999 0.10619799999999999 0.71087 0.10515300000000001 0.71413 0.105501 0.717391 0.10898300000000001 0.723913 0.11525099999999999 0.727174 0.119777 0.733696 0.126393 0.733696 0.126741 0.731522 0.12883 0.731522 0.130223 0.728261 0.132312 0.728261 0.13753500000000002 0.721739 0.140669 0.7206520000000001 0.14519500000000002 0.715217 0.149721 0.713043 0.150766 0.71087 0.155989 0.709783 0.160167 0.706522 0.161212 0.701087 0.16051500000000002 0.697826 0.155292 0.694565 0.153552 0.690217 0.15285500000000002 0.684783 0.150766 0.681522 0.146936 0.680435 0.14519500000000002 0.677174 0.14032 0.6380429999999999 0.139276 0.623913 0.139276 0.6141300000000001 0.137883 0.6010869999999999 0.136838 0.596739 0.135097 0.573913 0.131964 0.545652 0.127089 0.544565 0.123955 0.5478259999999999 0.12325900000000001 0.551087 0.12325900000000001 0.561957 0.121866 0.588043 0.121866 0.604348
3 0.049443 0.356522 0.049443 0.36086999999999997 0.061280999999999995 0.36086999999999997 0.06163 0.357609 0.058843999999999994 0.352174 0.057799 0.334783 0.056755 0.330435 0.05571 0.319565 0.052577 0.319565 0.05188 0.325 0.05188 0.347826 0.05118399999999999 0.353261 0.049443 0.356522
3 0.166435 0.31087 0.16538999999999998 0.31521699999999997 0.165042 0.322826 0.163997 0.323913 0.163301 0.32717399999999996 0.163649 0.32934800000000003 0.16538999999999998 0.32717399999999996 0.170265 0.32717399999999996 0.17304999999999998 0.325 0.170961 0.311957 0.169916 0.293478 0.168872 0.290217 0.166783 0.291304 0.166783 0.296739 0.166086 0.301087 0.166435 0.31087
3 0.262535 0.301087 0.260794 0.296739 0.260794 0.29239099999999996 0.259749 0.288043 0.259749 0.275 0.258357 0.271739 0.256616 0.275 0.255919 0.302174 0.25522300000000003 0.305435 0.261838 0.305435 0.262535 0.301087
3 0.649373 0.457609 0.6479809999999999 0.471739 0.6479809999999999 0.478261 0.647284 0.483696 0.647284 0.496739 0.645543 0.521739 0.64415 0.526087 0.642409 0.526087 0.639276 0.530435 0.638928 0.5336960000000001 0.637535 0.5380429999999999 0.6354460000000001 0.540217 0.634749 0.544565 0.638928 0.55 0.643454 0.553261 0.6448470000000001 0.556522 0.6525070000000001 0.557609 0.6538999999999999 0.561957 0.660515 0.561957 0.660515 0.559783 0.6615599999999999 0.559783 0.661908 0.557609 0.662953 0.557609 0.664694 0.554348 0.668872 0.551087 0.671657 0.551087 0.674791 0.545652 0.675836 0.545652 0.675836 0.543478 0.6709609999999999 0.53913 0.668872 0.531522 0.6657379999999999 0.5293479999999999 0.664345 0.526087 0.662953 0.5 0.661212 0.481522 0.661212 0.459783 0.659123 0.44239100000000003 0.65773 0.418478 0.6556409999999999 0.41413 0.6521589999999999 0.415217 0.651114 0.421739 0.650766 0.433696 0.649373 0.45 0.649373 0.457609
3 0.724234 0.294565 0.724234 0.298913 0.725279 0.301087 0.733983 0.3 0.735376 0.29782600000000004 0.735376 0.29565199999999997 0.733983 0.293478 0.732939 0.28913 0.732591 0.280435 0.7318939999999999 0.277174 0.7318939999999999 0.268478 0.731198 0.265217 0.73085 0.252174 0.728412 0.251087 0.7270190000000001 0.276087 0.7270190000000001 0.28586999999999996 0.726323 0.291304 0.724234 0.294565
3 0.648329 0.278261 0.6479809999999999 0.277174 0.647632 0.281522 0.653552 0.27934800000000004 0.656337 0.280435 0.656337 0.277174 0.654596 0.271739 0.654596 0.266304 0.653552 0.25760900000000003 0.653552 0.24782600000000002 0.6525070000000001 0.24021699999999999 0.651462 0.24021699999999999 0.650766 0.243478 0.649373 0.276087 0.648329 0.278261
3 0.5612809999999999 0.270652 0.5595399999999999 0.271739 0.559192 0.275 0.5672010000000001 0.272826 0.565111 0.263043 0.565111 0.253261 0.5637190000000001 0.24021699999999999 0.562326 0.24021699999999999 0.562326 0.254348 0.5612809999999999 0.261957 0.5612809999999999 0.270652
3 0.46831500000000004 0.272826 0.46796699999999997 0.276087 0.470404 0.277174 0.475279 0.275 0.47562699999999997 0.272826 0.47318899999999997 0.265217 0.472145 0.244565 0.470404 0.244565 0.470404 0.261957 0.46970799999999996 0.26413000000000003 0.46970799999999996 0.270652 0.46831500000000004 0.272826
3 0.367688 0.286957 0.370125 0.284783 0.36977699999999997 0.276087 0.36873300000000003 0.271739 0.368384 0.25760900000000003 0.366992 0.254348 0.36594699999999997 0.25543499999999997 0.365599 0.271739 0.364206 0.286957 0.367688 0.286957
1 0.128482 0.319565 0.129178 0.31521699999999997 0.126741 0.303261 0.126741 0.294565 0.125696 0.288043 0.12291099999999999 0.28913 0.12325900000000001 0.307609 0.121866 0.31630400000000003 0.121866 0.319565 0.128482 0.319565
1 0.24234 0.294565 0.24234 0.286957 0.24094699999999997 0.27934800000000004 0.24094699999999997 0.268478 0.240251 0.266304 0.23885800000000001 0.266304 0.237813 0.268478 0.23746499999999998 0.29239099999999996 0.23816199999999998 0.29565199999999997 0.24234 0.294565
1 0.37117 0.270652 0.375 0.270652 0.376741 0.272826 0.37743699999999997 0.270652 0.376741 0.267391 0.375696 0.266304 0.375 0.25760900000000003 0.375 0.24673899999999999 0.373955 0.244565 0.372911 0.24565199999999998 0.372214 0.254348 0.372214 0.266304 0.37117 0.268478 0.37117 0.270652
1 0.502437 0.25760900000000003 0.504875 0.259783 0.505919 0.25652200000000003 0.504178 0.253261 0.503134 0.23586999999999997 0.503482 0.233696 0.5027860000000001 0.230435 0.501741 0.230435 0.501045 0.232609 0.500696 0.252174 0.49965200000000004 0.25760900000000003 0.502437 0.25760900000000003
1 0.615947 0.25543499999999997 0.622563 0.253261 0.622911 0.251087 0.621518 0.24782600000000002 0.621518 0.243478 0.620822 0.24130400000000002 0.620125 0.232609 0.620125 0.225 0.619081 0.22282600000000002 0.618036 0.22391299999999997 0.61734 0.24565199999999998 0.615599 0.252174 0.615947 0.25543499999999997
1 0.7378129999999999 0.26087 0.741295 0.25760900000000003 0.745125 0.258696 0.743384 0.24021699999999999 0.743036 0.225 0.74234 0.22282600000000002 0.7395539999999999 0.225 0.739206 0.248913 0.737117 0.25760900000000003 0.7378129999999999 0.26087
1 0.857242 0.270652 0.855501 0.271739 0.855501 0.276087 0.857591 0.277174 0.858287 0.275 0.866295 0.275 0.866295 0.271739 0.864903 0.269565 0.864206 0.266304 0.864206 0.25760900000000003 0.86351 0.25543499999999997 0.863162 0.24239099999999997 0.8621169999999999 0.230435 0.85968 0.230435 0.857939 0.253261 0.857939 0.267391 0.857242 0.270652
0 0.866992 0.248913 0.864554 0.25652200000000003 0.8655989999999999 0.258696 0.873259 0.258696 0.874652 0.254348 0.8725630000000001 0.252174 0.8722139999999999 0.244565 0.8708220000000001 0.23913 0.87117 0.22282600000000002 0.870474 0.219565 0.868384 0.219565 0.867688 0.221739 0.867688 0.24021699999999999 0.866992 0.243478 0.866992 0.248913
0 0.880571 0.230435 0.886838 0.231522 0.887535 0.230435 0.887535 0.228261 0.8861420000000001 0.226087 0.8861420000000001 0.220652 0.885097 0.215217 0.885446 0.202174 0.883705 0.20108700000000002 0.8826599999999999 0.20434800000000003 0.881964 0.226087 0.8809189999999999 0.227174 0.880571 0.230435
0 0.8948470000000001 0.211957 0.89415 0.209783 0.89415 0.20434800000000003 0.893454 0.202174 0.8931060000000001 0.191304 0.891713 0.190217 0.8913650000000001 0.202174 0.8896240000000001 0.21413000000000001 0.894499 0.21413000000000001 0.8948470000000001 0.211957
0 0.899373 0.203261 0.900766 0.20108700000000002 0.899373 0.195652 0.899373 0.18587 0.898677 0.18152200000000002 0.897632 0.182609 0.896588 0.197826 0.8948470000000001 0.202174 0.899373 0.203261
0 0.929318 0.20108700000000002 0.9300140000000001 0.198913 0.928969 0.196739 0.9279249999999999 0.18152200000000002 0.92688 0.18043499999999998 0.9261839999999999 0.182609 0.925836 0.19456500000000002 0.9247909999999999 0.20108700000000002 0.929318 0.20108700000000002
0 0.919916 0.18695699999999998 0.9192199999999999 0.18043499999999998 0.918524 0.18043499999999998 0.9174789999999999 0.192391 0.9192199999999999 0.19347799999999998 0.919916 0.192391 0.919916 0.18695699999999998
2 0.766365 0.322826 0.763928 0.36413 0.763231 0.36847799999999997 0.763231 0.38043499999999997 0.761838 0.393478 0.76149 0.40543500000000005 0.760097 0.418478 0.75766 0.426087 0.756616 0.42717400000000005 0.755919 0.43478300000000003 0.753134 0.441304 0.752437 0.44565200000000005 0.75383 0.44782599999999995 0.760794 0.446739 0.7621870000000001 0.448913 0.7681060000000001 0.45108699999999996 0.771936 0.448913 0.7771589999999999 0.452174 0.783774 0.452174 0.785864 0.448913 0.790042 0.43804299999999996 0.786908 0.43478300000000003 0.786212 0.431522 0.784471 0.428261 0.783426 0.428261 0.78273 0.425 0.779248 0.379348 0.778552 0.358696 0.776462 0.338043 0.774721 0.29565199999999997 0.774025 0.29239099999999996 0.774025 0.288043 0.7729809999999999 0.283696 0.7698470000000001 0.282609 0.768454 0.284783 0.7681060000000001 0.293478 0.767061 0.301087 0.766365 0.322826
2 0.788649 0.29239099999999996 0.788997 0.294565 0.787953 0.29782600000000004 0.787256 0.306522 0.786908 0.323913 0.7883009999999999 0.326087 0.789345 0.330435 0.789345 0.336957 0.79039 0.344565 0.790042 0.35108700000000004 0.791086 0.356522 0.7924789999999999 0.379348 0.793175 0.38260900000000003 0.793524 0.40108699999999997 0.794916 0.404348 0.803969 0.403261 0.8046659999999999 0.40108699999999997 0.8046659999999999 0.38913000000000003 0.803969 0.38587 0.8011839999999999 0.38043499999999997 0.800139 0.36739099999999997 0.799095 0.333696 0.797354 0.30978300000000003 0.796309 0.280435 0.794916 0.270652 0.794568 0.263043 0.793524 0.26087 0.791086 0.26087 0.790042 0.265217 0.789345 0.276087 0.789345 0.284783 0.788649 0.29239099999999996
3 0.781337 0.38152200000000003 0.782382 0.394565 0.782382 0.41630399999999995 0.783774 0.422826 0.783426 0.425 0.7983979999999999 0.425 0.798747 0.421739 0.797354 0.41086999999999996 0.794568 0.406522 0.793524 0.406522 0.7928270000000001 0.403261 0.7907379999999999 0.370652 0.7907379999999999 0.359783 0.790042 0.356522 0.788649 0.32934800000000003 0.787256 0.326087 0.784471 0.32717399999999996 0.78273 0.35 0.782382 0.36739099999999997 0.781337 0.371739 0.781337 0.38152200000000003
3 0.778552 0.333696 0.7788999999999999 0.340217 0.779596 0.341304 0.7830779999999999 0.341304 0.783774 0.32717399999999996 0.784471 0.325 0.7865599999999999 0.325 0.786908 0.306522 0.788997 0.284783 0.788997 0.27934800000000004 0.787953 0.275 0.785515 0.276087 0.782382 0.32934800000000003 0.779596 0.330435 0.778552 0.333696