1 0.5351670000000001 0.721739 0.533426 0.748913 0.532382 0.757609 0.530989 0.78587 0.529596 0.798913 0.527855 0.8304349999999999 0.5271589999999999 0.832609 0.526811 0.844565 0.5271589999999999 0.846739 0.557451 0.846739 0.557451 0.836957 0.556407 0.8304349999999999 0.554666 0.7923910000000001 0.553273 0.7836960000000001 0.552577 0.767391 0.5518799999999999 0.7630429999999999 0.551532 0.7369570000000001 0.549095 0.698913 0.5483979999999999 0.675 0.547702 0.671739 0.545613 0.669565 0.538649 0.669565 0.537256 0.675 0.5365599999999999 0.7 0.535864 0.704348 0.5351670000000001 0.721739
1 0.299443 0.475 0.298747 0.478261 0.297354 0.49891300000000005 0.29596100000000003 0.502174 0.292827 0.504348 0.29213100000000003 0.508696 0.291086 0.5108699999999999 0.291086 0.5130429999999999 0.293175 0.518478 0.296657 0.522826 0.308148 0.520652 0.310585 0.522826 0.315808 0.521739 0.317201 0.518478 0.316504 0.506522 0.312674 0.503261 0.31162999999999996 0.496739 0.310585 0.468478 0.30988899999999997 0.46195700000000006 0.310237 0.46087 0.308496 0.417391 0.30745100000000003 0.415217 0.303273 0.415217 0.301184 0.44021699999999997 0.301184 0.448913 0.300139 0.45543500000000003 0.299443 0.475
1 0.23816199999999998 0.36847799999999997 0.23746499999999998 0.371739 0.236421 0.392391 0.23537599999999997 0.395652 0.232591 0.397826 0.23119800000000001 0.406522 0.23328700000000002 0.409783 0.240599 0.40869600000000006 0.24094699999999997 0.41086999999999996 0.24303599999999997 0.41086999999999996 0.243384 0.40869600000000006 0.24373300000000003 0.409783 0.24477699999999997 0.407609 0.25 0.407609 0.250348 0.404348 0.24930400000000003 0.397826 0.24686599999999997 0.395652 0.24617 0.393478 0.24477699999999997 0.36739099999999997 0.244081 0.33913000000000004 0.243384 0.33587 0.23990300000000003 0.33587 0.23920599999999997 0.33913000000000004 0.23920599999999997 0.347826 0.237813 0.36413 0.23816199999999998 0.36847799999999997
1 0.211003 0.334783 0.21030600000000002 0.336957 0.20856499999999997 0.338043 0.208914 0.343478 0.21065499999999998 0.344565 0.213788 0.343478 0.21831499999999998 0.34565199999999996 0.21970800000000001 0.341304 0.218663 0.33587 0.21831499999999998 0.325 0.217618 0.320652 0.21727 0.296739 0.21622599999999997 0.293478 0.213788 0.293478 0.212744 0.303261 0.21239599999999997 0.319565 0.211351 0.323913 0.211003 0.334783
1 0.195682 0.302174 0.19429000000000002 0.304348 0.19429000000000002 0.306522 0.195682 0.30869599999999997 0.202298 0.30869599999999997 0.203343 0.305435 0.201253 0.288043 0.201253 0.270652 0.198468 0.269565 0.197423 0.278261 0.197423 0.28586999999999996 0.196379 0.298913 0.195682 0.302174
1 0.201602 0.259783 0.206128 0.259783 0.205084 0.24021699999999999 0.203343 0.24021699999999999 0.20264600000000002 0.244565 0.20264600000000002 0.252174 0.20195 0.253261 0.201602 0.259783
1 0.944638 0.376087 0.944638 0.379348 0.950905 0.38152200000000003 0.9505570000000001 0.347826 0.949164 0.347826 0.947423 0.36086999999999997 0.9467269999999999 0.375 0.944638 0.376087
1 0.8861420000000001 0.356522 0.8931060000000001 0.356522 0.8931060000000001 0.353261 0.892061 0.352174 0.8913650000000001 0.346739 0.8910170000000001 0.331522 0.8892760000000001 0.331522 0.888231 0.338043 0.887535 0.352174 0.8861420000000001 0.353261 0.8861420000000001 0.356522
1 0.8151109999999999 0.336957 0.820682 0.338043 0.819638 0.31521699999999997 0.817897 0.31413 0.8165039999999999 0.325 0.8165039999999999 0.33260900000000004 0.8151109999999999 0.333696 0.8151109999999999 0.336957
3 0.8760450000000001 0.338043 0.8760450000000001 0.341304 0.881964 0.342391 0.880571 0.320652 0.8791779999999999 0.320652 0.87883 0.326087 0.877089 0.33260900000000004 0.877089 0.336957 0.8760450000000001 0.338043
3 0.787256 0.318478 0.786212 0.319565 0.786212 0.322826 0.791086 0.322826 0.790042 0.303261 0.788997 0.303261 0.7883009999999999 0.305435 0.787953 0.31413 0.787256 0.318478
1 0.7287600000000001 0.31630400000000003 0.7287600000000001 0.319565 0.733635 0.319565 0.732591 0.30869599999999997 0.732591 0.298913 0.731198 0.298913 0.7305010000000001 0.301087 0.729805 0.31521699999999997 0.7287600000000001 0.31630400000000003
3 0.721797 0.311957 0.726323 0.311957 0.725627 0.304348 0.725627 0.294565 0.723886 0.293478 0.723189 0.29782600000000004 0.723189 0.307609 0.721797 0.30869599999999997 0.721797 0.311957
3 0.656337 0.3 0.6598189999999999 0.3 0.659123 0.284783 0.65773 0.284783 0.657033 0.288043 0.657033 0.29565199999999997 0.656337 0.296739 0.656337 0.3
1 0.643802 0.301087 0.643802 0.304348 0.648329 0.305435 0.647284 0.283696 0.645891 0.283696 0.645891 0.28913 0.6448470000000001 0.293478 0.6448470000000001 0.3 0.643802 0.301087
1 0.556755 0.291304 0.560585 0.291304 0.559889 0.272826 0.558148 0.27391299999999996 0.5577989999999999 0.28586999999999996 0.556755 0.286957 0.556755 0.291304
3 0.066504 0.268478 0.066504 0.275 0.064415 0.276087 0.064067 0.280435 0.07311999999999999 0.280435 0.07311999999999999 0.276087 0.072075 0.270652 0.072075 0.25760900000000003 0.070682 0.24673899999999999 0.068942 0.24673899999999999 0.068245 0.248913 0.067549 0.26087 0.066504 0.268478
3 0.08460999999999999 0.26413000000000003 0.090877 0.265217 0.089833 0.251087 0.089833 0.24239099999999997 0.089136 0.238043 0.087744 0.238043 0.087047 0.24021699999999999 0.086003 0.258696 0.08460999999999999 0.26087 0.08460999999999999 0.26413000000000003
3 0.09714500000000001 0.252174 0.09992999999999999 0.252174 0.099234 0.233696 0.098538 0.228261 0.096448 0.22934800000000002 0.095752 0.24565199999999998 0.094708 0.24673899999999999 0.094708 0.25 0.09714500000000001 0.252174
3 0.118036 0.244565 0.12291099999999999 0.24565199999999998 0.121866 0.225 0.120125 0.226087 0.11942900000000001 0.232609 0.11942900000000001 0.24021699999999999 0.118036 0.24130400000000002 0.118036 0.244565
3 0.143802 0.243478 0.143802 0.23913 0.142758 0.23478300000000002 0.142758 0.226087 0.141017 0.226087 0.14032 0.238043 0.139276 0.23913 0.139276 0.243478 0.143802 0.243478
3 0.186978 0.244565 0.191156 0.243478 0.190808 0.228261 0.189067 0.228261 0.18836999999999998 0.23913 0.186978 0.24130400000000002 0.186978 0.244565
1 0.25243699999999997 0.252174 0.25243699999999997 0.25543499999999997 0.256964 0.254348 0.256964 0.251087 0.255919 0.24782600000000002 0.255571 0.236957 0.254526 0.236957 0.25383 0.244565 0.254178 0.251087 0.25243699999999997 0.252174
1 0.187674 0.282609 0.18663000000000002 0.283696 0.18663000000000002 0.288043 0.193593 0.288043 0.193593 0.284783 0.192201 0.276087 0.191156 0.258696 0.189415 0.259783 0.188719 0.271739 0.188022 0.27391299999999996 0.187674 0.282609
1 0.184889 0.272826 0.18836999999999998 0.271739 0.189415 0.258696 0.189415 0.248913 0.187326 0.248913 0.186281 0.267391 0.184889 0.268478 0.184889 0.272826
3 0.263579 0.233696 0.262883 0.233696 0.26149 0.24782600000000002 0.264624 0.24673899999999999 0.263579 0.233696
3 0.430014 0.251087 0.42896900000000004 0.251087 0.42896900000000004 0.25652200000000003 0.427925 0.263043 0.43036199999999997 0.263043 0.430014 0.251087
3 0.48259100000000005 0.25652200000000003 0.48189399999999993 0.25760900000000003 0.48085000000000006 0.269565 0.481546 0.269565 0.48259100000000005 0.25652200000000003
3 0.5351670000000001 0.267391 0.534471 0.265217 0.5330779999999999 0.278261 0.5351670000000001 0.27934800000000004 0.535864 0.277174 0.5351670000000001 0.267391
3 0.598189 0.28913 0.5974929999999999 0.275 0.596797 0.277174 0.596797 0.281522 0.595752 0.28913 0.598189 0.28913
3 0.379875 0.244565 0.37883 0.25760900000000003 0.38126699999999997 0.25760900000000003 0.380571 0.244565 0.379875 0.244565
1 0.327994 0.24130400000000002 0.32694999999999996 0.24239099999999997 0.325905 0.25760900000000003 0.328691 0.25760900000000003 0.327994 0.24130400000000002
1 0.4039 0.25 0.402855 0.265217 0.40529200000000004 0.265217 0.40494399999999997 0.25 0.4039 0.25
1 0.482939 0.26087 0.482242 0.263043 0.48085000000000006 0.278261 0.48363500000000004 0.277174 0.482939 0.26087
3 0.332173 0.24021699999999999 0.331128 0.253261 0.333565 0.253261 0.33286899999999997 0.24021699999999999 0.332173 0.24021699999999999