3 0.433844 0.55 0.433844 0.568478 0.432799 0.58913 0.431755 0.594565 0.427925 0.598913 0.426532 0.603261 0.42688 0.6119570000000001 0.428273 0.618478 0.43071000000000004 0.622826 0.45369099999999996 0.621739 0.45786899999999997 0.608696 0.45891400000000004 0.6010869999999999 0.458565 0.5956520000000001 0.456825 0.5913039999999999 0.45369099999999996 0.590217 0.45194999999999996 0.583696 0.45020899999999997 0.561957 0.44951299999999994 0.5586960000000001 0.44951299999999994 0.553261 0.447423 0.528261 0.447423 0.521739 0.446379 0.5130429999999999 0.443942 0.47717400000000004 0.442201 0.475 0.438719 0.475 0.437674 0.478261 0.436281 0.51413 0.43454 0.532609 0.433844 0.55
3 0.512535 0.44565200000000005 0.511142 0.452174 0.508357 0.45543500000000003 0.508008 0.463043 0.509053 0.468478 0.526811 0.468478 0.529596 0.46413000000000004 0.529596 0.453261 0.526462 0.453261 0.52507 0.448913 0.524721 0.43695700000000004 0.522284 0.409783 0.521936 0.396739 0.520195 0.373913 0.515669 0.372826 0.514624 0.38587 0.514624 0.397826 0.513579 0.40543500000000005 0.512535 0.44565200000000005
3 0.532033 0.384783 0.5306409999999999 0.390217 0.5288999999999999 0.392391 0.5288999999999999 0.39891299999999996 0.529248 0.397826 0.529944 0.4 0.5306409999999999 0.39891299999999996 0.532033 0.40108699999999997 0.542131 0.4 0.5442199999999999 0.396739 0.544568 0.392391 0.5424789999999999 0.392391 0.541435 0.390217 0.541435 0.383696 0.540042 0.370652 0.537953 0.328261 0.536212 0.326087 0.534471 0.32717399999999996 0.533426 0.342391 0.5330779999999999 0.36739099999999997 0.532033 0.377174 0.532033 0.384783
3 0.523677 0.346739 0.520891 0.353261 0.520891 0.356522 0.532382 0.357609 0.532382 0.35108700000000004 0.531337 0.346739 0.530989 0.336957 0.529596 0.326087 0.529596 0.31413 0.5288999999999999 0.30978300000000003 0.5288999999999999 0.304348 0.528203 0.301087 0.526114 0.301087 0.52507 0.304348 0.52507 0.317391 0.524373 0.322826 0.523677 0.346739
3 0.5121870000000001 0.32717399999999996 0.51149 0.32934800000000003 0.509749 0.330435 0.509749 0.336957 0.520195 0.336957 0.5212399999999999 0.334783 0.521588 0.330435 0.520891 0.330435 0.520195 0.32717399999999996 0.518454 0.326087 0.518454 0.31413 0.516365 0.286957 0.514972 0.28586999999999996 0.513928 0.28913 0.512883 0.302174 0.5121870000000001 0.32717399999999996
3 0.496866 0.31413 0.504178 0.31521699999999997 0.506267 0.313043 0.506267 0.30978300000000003 0.505223 0.30978300000000003 0.50383 0.302174 0.502437 0.275 0.501741 0.272826 0.500696 0.272826 0.49930399999999997 0.284783 0.49860699999999997 0.307609 0.496866 0.31087 0.496866 0.31413
3 0.48189399999999993 0.286957 0.482242 0.291304 0.487117 0.291304 0.488858 0.288043 0.487465 0.283696 0.48676899999999995 0.266304 0.485724 0.258696 0.48468 0.258696 0.483983 0.26087 0.482939 0.28586999999999996 0.48189399999999993 0.286957
3 0.49930399999999997 0.258696 0.49895500000000004 0.24565199999999998 0.497563 0.243478 0.49617000000000006 0.266304 0.495125 0.270652 0.500696 0.270652 0.49930399999999997 0.258696
3 0.541086 0.254348 0.543872 0.254348 0.544916 0.251087 0.543872 0.24565199999999998 0.543175 0.231522 0.542131 0.231522 0.541086 0.24021699999999999 0.541086 0.248913 0.54039 0.252174 0.541086 0.254348
3 0.606198 0.238043 0.604109 0.218478 0.603412 0.220652 0.603064 0.233696 0.602368 0.238043 0.606198 0.238043
3 0.677925 0.226087 0.676532 0.21739099999999997 0.676184 0.208696 0.6751389999999999 0.20760900000000002 0.674095 0.22391299999999997 0.6733979999999999 0.227174 0.677577 0.227174 0.677925 0.226087
3 0.7604460000000001 0.216304 0.759053 0.196739 0.75766 0.196739 0.756616 0.213043 0.755919 0.21413000000000001 0.755919 0.216304 0.7604460000000001 0.216304
3 0.8478410000000001 0.20760900000000002 0.853064 0.20760900000000002 0.851323 0.18913 0.8495820000000001 0.18804300000000002 0.848886 0.19456500000000002 0.848886 0.202174 0.8478410000000001 0.20434800000000003 0.8478410000000001 0.20760900000000002
3 0.950905 0.20108700000000002 0.950905 0.184783 0.9502090000000001 0.184783 0.949861 0.192391 0.9484680000000001 0.20108700000000002 0.950905 0.20108700000000002
1 0.922354 0.215217 0.922354 0.21086999999999997 0.9213089999999999 0.20760900000000002 0.920613 0.190217 0.918175 0.18913 0.917827 0.2 0.916086 0.21086999999999997 0.916086 0.215217 0.922354 0.215217
1 0.824164 0.219565 0.829387 0.218478 0.827994 0.21086999999999997 0.827994 0.20108700000000002 0.8269500000000001 0.195652 0.8255570000000001 0.198913 0.824861 0.215217 0.8238160000000001 0.21739099999999997 0.824164 0.219565
1 0.772632 0.22391299999999997 0.772632 0.221739 0.771588 0.218478 0.7712399999999999 0.203261 0.76915 0.202174 0.768454 0.218478 0.767409 0.221739 0.767409 0.22391299999999997 0.772632 0.22391299999999997
1 0.714136 0.231522 0.713092 0.218478 0.713092 0.208696 0.711351 0.208696 0.710655 0.21413000000000001 0.710306 0.226087 0.7092620000000001 0.230435 0.714136 0.231522
1 0.664345 0.218478 0.662256 0.21739099999999997 0.661908 0.231522 0.660864 0.23913 0.665042 0.24021699999999999 0.664345 0.218478
1 0.635097 0.24782600000000002 0.635097 0.243478 0.634053 0.238043 0.633705 0.225 0.631616 0.22391299999999997 0.630919 0.243478 0.630223 0.244565 0.630223 0.24782600000000002 0.635097 0.24782600000000002
1 0.61734 0.253261 0.61734 0.25652200000000003 0.619777 0.25652200000000003 0.620822 0.253261 0.620474 0.22934800000000002 0.619429 0.22934800000000002 0.618733 0.232609 0.618384 0.251087 0.61734 0.253261
1 0.6678270000000001 0.280435 0.6678270000000001 0.284783 0.6768799999999999 0.28586999999999996 0.677577 0.283696 0.674791 0.275 0.673747 0.24782600000000002 0.67305 0.24565199999999998 0.671309 0.24565199999999998 0.670613 0.251087 0.669916 0.271739 0.6692199999999999 0.277174 0.6678270000000001 0.280435
1 0.712047 0.298913 0.715529 0.302174 0.723189 0.301087 0.723886 0.298913 0.720752 0.288043 0.719011 0.253261 0.716574 0.253261 0.715529 0.259783 0.714136 0.29239099999999996 0.712047 0.296739 0.712047 0.298913
1 0.759749 0.311957 0.759053 0.31521699999999997 0.75766 0.31521699999999997 0.757312 0.319565 0.764972 0.323913 0.7694989999999999 0.319565 0.770195 0.317391 0.7698470000000001 0.31413 0.7681060000000001 0.30978300000000003 0.7677579999999999 0.298913 0.766713 0.29565199999999997 0.765669 0.268478 0.764972 0.265217 0.7621870000000001 0.265217 0.76149 0.268478 0.760794 0.29565199999999997 0.760097 0.29782600000000004 0.759749 0.311957
1 0.8450559999999999 0.328261 0.845404 0.333696 0.844708 0.338043 0.844708 0.344565 0.8440110000000001 0.346739 0.8415739999999999 0.347826 0.8398329999999999 0.355435 0.8485379999999999 0.359783 0.857242 0.356522 0.858287 0.353261 0.858287 0.348913 0.857242 0.346739 0.85585 0.346739 0.8551529999999999 0.344565 0.854457 0.328261 0.853412 0.326087 0.852019 0.288043 0.851323 0.28586999999999996 0.8478410000000001 0.284783 0.8467969999999999 0.290217 0.8461000000000001 0.303261 0.8457520000000001 0.325 0.8450559999999999 0.328261
3 0.21831499999999998 0.741304 0.217618 0.7445649999999999 0.217618 0.752174 0.216922 0.754348 0.215877 0.7739130000000001 0.215877 0.7880429999999999 0.21518099999999998 0.796739 0.215877 0.8130430000000001 0.21448499999999998 0.843478 0.215877 0.846739 0.256616 0.846739 0.256616 0.8423909999999999 0.255571 0.840217 0.252089 0.836957 0.24756300000000003 0.8358700000000001 0.247214 0.833696 0.24651800000000001 0.834783 0.24547400000000003 0.831522 0.24512499999999998 0.8239129999999999 0.24373300000000003 0.816304 0.24373300000000003 0.806522 0.24199199999999998 0.7923910000000001 0.240599 0.766304 0.23851 0.752174 0.23711700000000002 0.7369570000000001 0.235724 0.732609 0.23502800000000001 0.721739 0.231894 0.694565 0.230153 0.668478 0.229109 0.665217 0.22562700000000002 0.665217 0.220752 0.668478 0.219359 0.673913 0.219359 0.697826 0.21796700000000002 0.734783 0.21831499999999998 0.741304
1 0.625696 0.268478 0.625696 0.26413000000000003 0.624304 0.26087 0.623955 0.238043 0.621866 0.236957 0.620822 0.258696 0.619429 0.266304 0.620474 0.268478 0.625696 0.268478