1 0.573816 0.391304 0.5731200000000001 0.393478 0.572772 0.40217400000000003 0.570334 0.404348 0.569986 0.409783 0.571727 0.41304299999999994 0.575905 0.411957 0.577298 0.41413 0.581476 0.415217 0.583217 0.411957 0.583217 0.407609 0.581128 0.403261 0.580084 0.391304 0.579735 0.358696 0.5790390000000001 0.355435 0.5766020000000001 0.355435 0.575557 0.36086999999999997 0.5748610000000001 0.377174 0.573816 0.38587 0.573816 0.391304
1 0.6462399999999999 0.38913000000000003 0.647632 0.391304 0.651811 0.390217 0.651811 0.386957 0.649721 0.38260900000000003 0.649373 0.346739 0.648677 0.344565 0.646588 0.344565 0.643802 0.38043499999999997 0.64032 0.388043 0.642061 0.390217 0.6462399999999999 0.38913000000000003
1 0.6845399999999999 0.370652 0.683148 0.373913 0.683148 0.377174 0.691504 0.378261 0.691504 0.375 0.690111 0.372826 0.689763 0.340217 0.687326 0.33913000000000004 0.6869780000000001 0.35 0.6862809999999999 0.352174 0.685585 0.363043 0.6845399999999999 0.370652
1 0.704387 0.366304 0.704735 0.363043 0.703691 0.358696 0.702646 0.33260900000000004 0.7016020000000001 0.33260900000000004 0.700557 0.33913000000000004 0.6995129999999999 0.354348 0.697423 0.36413 0.704387 0.366304
1 0.6793180000000001 0.342391 0.6793180000000001 0.33913000000000004 0.678273 0.333696 0.677925 0.31521699999999997 0.676532 0.31413 0.674443 0.334783 0.672702 0.338043 0.672702 0.340217 0.6793180000000001 0.342391
1 0.6354460000000001 0.321739 0.6354460000000001 0.323913 0.640669 0.325 0.639624 0.31413 0.639276 0.3 0.638231 0.301087 0.637535 0.31413 0.636838 0.318478 0.6354460000000001 0.321739
1 0.588092 0.30978300000000003 0.5919220000000001 0.30978300000000003 0.591226 0.303261 0.590877 0.288043 0.5898329999999999 0.290217 0.588788 0.302174 0.587744 0.306522 0.588092 0.30978300000000003
1 0.564067 0.266304 0.5630219999999999 0.27934800000000004 0.5654600000000001 0.27934800000000004 0.564763 0.266304 0.564067 0.266304
1 0.537256 0.261957 0.536212 0.27391299999999996 0.538649 0.27391299999999996 0.537953 0.261957 0.537256 0.261957
1 0.537604 0.29565199999999997 0.536212 0.275 0.5351670000000001 0.27934800000000004 0.5348189999999999 0.288043 0.533774 0.29565199999999997 0.537604 0.29565199999999997
1 0.505223 0.269565 0.504526 0.25652200000000003 0.503482 0.259783 0.503482 0.265217 0.5027860000000001 0.269565 0.505223 0.269565
1 0.474582 0.251087 0.473538 0.265217 0.476323 0.265217 0.47562699999999997 0.252174 0.474582 0.251087
1 0.4711 0.278261 0.470404 0.26087 0.46970799999999996 0.26087 0.46796699999999997 0.27391299999999996 0.46796699999999997 0.278261 0.4711 0.278261
1 0.44951299999999994 0.248913 0.448468 0.261957 0.450905 0.263043 0.45020899999999997 0.248913 0.44951299999999994 0.248913
1 0.44046 0.271739 0.443245 0.271739 0.442201 0.253261 0.441156 0.25543499999999997 0.44046 0.266304 0.439763 0.269565 0.44046 0.271739
1 0.431755 0.248913 0.432103 0.261957 0.433148 0.261957 0.432799 0.248913 0.431755 0.248913
1 0.610028 0.288043 0.6128129999999999 0.28913 0.611421 0.275 0.610028 0.288043
1 0.647284 0.281522 0.646588 0.283696 0.645543 0.29565199999999997 0.6479809999999999 0.29565199999999997 0.647284 0.281522
1 0.680014 0.290217 0.6793180000000001 0.288043 0.6793180000000001 0.293478 0.678273 0.3 0.68071 0.3 0.680014 0.290217
1 0.706476 0.293478 0.7057800000000001 0.304348 0.707869 0.304348 0.7071729999999999 0.294565 0.706476 0.293478
1 0.725279 0.294565 0.724234 0.306522 0.726671 0.306522 0.725975 0.294565 0.725279 0.294565
1 0.740599 0.29565199999999997 0.7395539999999999 0.3 0.739206 0.307609 0.741295 0.307609 0.740599 0.29565199999999997
1 0.750696 0.29782600000000004 0.749652 0.301087 0.749304 0.30869599999999997 0.751045 0.30869599999999997 0.750696 0.29782600000000004
1 0.7527860000000001 0.29782600000000004 0.751741 0.302174 0.751741 0.307609 0.753134 0.307609 0.7527860000000001 0.29782600000000004
1 0.75383 0.294565 0.753482 0.305435 0.754875 0.305435 0.754526 0.29782600000000004 0.75383 0.294565
1 0.761838 0.29565199999999997 0.761142 0.304348 0.762883 0.304348 0.762535 0.29782600000000004 0.761838 0.29565199999999997
1 0.7729809999999999 0.29782600000000004 0.771936 0.301087 0.771588 0.305435 0.7729809999999999 0.305435 0.7729809999999999 0.29782600000000004
1 0.787604 0.30869599999999997 0.789345 0.30869599999999997 0.788649 0.301087 0.787604 0.30869599999999997
1 0.8102370000000001 0.313043 0.8112809999999999 0.313043 0.8112809999999999 0.306522 0.8102370000000001 0.313043
1 0.836003 0.30978300000000003 0.8353059999999999 0.317391 0.8370469999999999 0.317391 0.836699 0.30978300000000003 0.836003 0.30978300000000003
1 0.9108639999999999 0.326087 0.9094709999999999 0.338043 0.911908 0.336957 0.91156 0.32717399999999996 0.9108639999999999 0.326087
1 0.9404600000000001 0.333696 0.939067 0.33587 0.9383699999999999 0.343478 0.9404600000000001 0.343478 0.9404600000000001 0.333696
2 0.942897 0.328261 0.9415039999999999 0.333696 0.940808 0.344565 0.9435930000000001 0.344565 0.942897 0.328261
2 0.9366300000000001 0.32717399999999996 0.9352370000000001 0.333696 0.9348890000000001 0.343478 0.937326 0.343478 0.9366300000000001 0.32717399999999996
3 0.9495129999999999 0.334783 0.9488160000000001 0.343478 0.9505570000000001 0.343478 0.9502090000000001 0.334783 0.9495129999999999 0.334783
3 0.918175 0.325 0.916783 0.330435 0.916783 0.334783 0.918524 0.334783 0.918175 0.325
3 0.885794 0.319565 0.885097 0.328261 0.886838 0.328261 0.886838 0.323913 0.885794 0.319565
3 0.882312 0.323913 0.8809189999999999 0.326087 0.880571 0.333696 0.8826599999999999 0.333696 0.882312 0.323913
3 0.810585 0.304348 0.8098890000000001 0.305435 0.8095399999999999 0.31087 0.8102370000000001 0.31087 0.810585 0.304348
3 0.77507 0.296739 0.774373 0.304348 0.776462 0.304348 0.775766 0.29782600000000004 0.77507 0.296739
3 0.712047 0.28586999999999996 0.711351 0.29565199999999997 0.713092 0.29565199999999997 0.712744 0.288043 0.712047 0.28586999999999996
3 0.710655 0.294565 0.7092620000000001 0.286957 0.708914 0.293478 0.70961 0.296739 0.710306 0.296739 0.710655 0.294565
3 0.707869 0.288043 0.7075210000000001 0.29782600000000004 0.708914 0.29782600000000004 0.7092620000000001 0.29565199999999997 0.707869 0.288043
3 0.704735 0.296739 0.706128 0.296739 0.706128 0.288043 0.704735 0.296739
3 0.7016020000000001 0.288043 0.700557 0.29782600000000004 0.702994 0.29782600000000004 0.702298 0.290217 0.7016020000000001 0.288043
3 0.693593 0.28586999999999996 0.692549 0.296739 0.695334 0.296739 0.69429 0.286957 0.693593 0.28586999999999996
3 0.681407 0.284783 0.6803619999999999 0.28913 0.68071 0.29565199999999997 0.682451 0.29565199999999997 0.681407 0.284783
3 0.667131 0.282609 0.666086 0.293478 0.668524 0.293478 0.6678270000000001 0.282609 0.667131 0.282609
3 0.649025 0.27934800000000004 0.6479809999999999 0.291304 0.6504179999999999 0.291304 0.649721 0.280435 0.649025 0.27934800000000004
3 0.607939 0.272826 0.6068939999999999 0.275 0.606198 0.284783 0.608287 0.284783 0.607939 0.272826
3 0.577646 0.267391 0.57695 0.278261 0.5790390000000001 0.278261 0.578343 0.268478 0.577646 0.267391
3 0.528203 0.25760900000000003 0.5271589999999999 0.259783 0.526462 0.268478 0.5288999999999999 0.268478 0.528203 0.25760900000000003
3 0.5194989999999999 0.301087 0.518802 0.298913 0.5181060000000001 0.27934800000000004 0.517409 0.27934800000000004 0.514972 0.302174 0.516713 0.304348 0.51915 0.304348 0.5194989999999999 0.301087
3 0.556755 0.321739 0.558148 0.306522 0.558148 0.294565 0.557103 0.294565 0.556407 0.296739 0.5543180000000001 0.321739 0.556755 0.321739
3 0.491643 0.340217 0.49199200000000004 0.33587 0.49094699999999997 0.333696 0.49025100000000005 0.32717399999999996 0.48955399999999993 0.302174 0.487465 0.302174 0.485724 0.32934800000000003 0.48328699999999997 0.336957 0.483983 0.340217 0.491643 0.340217
3 0.48433099999999996 0.293478 0.482939 0.282609 0.48259100000000005 0.270652 0.481546 0.277174 0.481198 0.28586999999999996 0.479805 0.293478 0.48433099999999996 0.293478
3 0.47876 0.26087 0.480501 0.26087 0.479457 0.251087 0.47876 0.26087
3 0.412256 0.268478 0.41190800000000005 0.254348 0.410864 0.254348 0.410515 0.261957 0.408774 0.275 0.413301 0.276087 0.412256 0.268478
3 0.397632 0.23913 0.396588 0.252174 0.399025 0.252174 0.39832900000000004 0.23913 0.397632 0.23913
3 0.370474 0.236957 0.36977699999999997 0.23586999999999997 0.36873300000000003 0.24565199999999998 0.36873300000000003 0.251087 0.37117 0.251087 0.370474 0.236957
3 0.35375999999999996 0.238043 0.352716 0.236957 0.351323 0.253261 0.354457 0.253261 0.35375999999999996 0.24782600000000002 0.35375999999999996 0.238043
1 0.42931800000000003 0.265217 0.431755 0.26413000000000003 0.431755 0.25652200000000003 0.431058 0.251087 0.43036199999999997 0.251087 0.429666 0.261957 0.42896900000000004 0.263043 0.42931800000000003 0.265217
3 0.43662999999999996 0.24239099999999997 0.435933 0.243478 0.435237 0.25543499999999997 0.437326 0.25543499999999997 0.43662999999999996 0.24239099999999997
3 0.36594699999999997 0.254348 0.36594699999999997 0.244565 0.365599 0.24239099999999997 0.36490300000000003 0.24239099999999997 0.36351 0.261957 0.366643 0.261957 0.366643 0.25760900000000003 0.36594699999999997 0.254348
3 0.626741 0.277174 0.626045 0.276087 0.625348 0.286957 0.626741 0.288043 0.627437 0.286957 0.626741 0.277174
3 0.7224929999999999 0.286957 0.721797 0.294565 0.723538 0.29565199999999997 0.723189 0.28913 0.7224929999999999 0.286957
3 0.744081 0.298913 0.745822 0.298913 0.744777 0.290217 0.744081 0.298913
1 0.856198 0.31413 0.855501 0.322826 0.857591 0.322826 0.857242 0.317391 0.856198 0.31413
3 0.848189 0.311957 0.8478410000000001 0.319565 0.849234 0.319565 0.849234 0.31630400000000003 0.848189 0.311957
3 0.541783 0.313043 0.547354 0.31413 0.547354 0.31087 0.546309 0.306522 0.545613 0.28913 0.544916 0.288043 0.5442199999999999 0.290217 0.543175 0.30869599999999997 0.541783 0.31087 0.541783 0.313043
3 0.541783 0.33913000000000004 0.542131 0.334783 0.5407379999999999 0.330435 0.540042 0.30869599999999997 0.539345 0.303261 0.537953 0.303261 0.535864 0.32934800000000003 0.534471 0.33260900000000004 0.534471 0.336957 0.541783 0.33913000000000004
3 0.557103 0.32717399999999996 0.556407 0.331522 0.562674 0.331522 0.5612809999999999 0.320652 0.560585 0.301087 0.5595399999999999 0.301087 0.558148 0.307609 0.557103 0.318478 0.557103 0.32717399999999996
3 0.368384 0.326087 0.368036 0.340217 0.36734 0.342391 0.365599 0.342391 0.365251 0.346739 0.36873300000000003 0.35108700000000004 0.375348 0.35 0.37639300000000003 0.347826 0.37639300000000003 0.343478 0.374304 0.341304 0.373955 0.325 0.372911 0.31521699999999997 0.37256300000000003 0.301087 0.370822 0.3 0.36977699999999997 0.31413 0.369081 0.317391 0.369081 0.322826 0.368384 0.326087
1 0.526462 0.504348 0.524373 0.5195649999999999 0.523329 0.53587 0.521936 0.543478 0.51915 0.545652 0.518454 0.5478259999999999 0.518454 0.555435 0.524025 0.5663039999999999 0.528203 0.565217 0.530292 0.567391 0.541086 0.569565 0.5428270000000001 0.571739 0.545613 0.569565 0.546309 0.567391 0.546309 0.56413 0.543872 0.557609 0.543524 0.552174 0.5424789999999999 0.548913 0.5407379999999999 0.5478259999999999 0.538997 0.543478 0.5383009999999999 0.536957 0.537953 0.525 0.537256 0.5195649999999999 0.5351670000000001 0.45108699999999996 0.533426 0.448913 0.530292 0.448913 0.529596 0.45108699999999996 0.5288999999999999 0.46630399999999994 0.527855 0.470652 0.526462 0.504348
1 0.516365 0.428261 0.514972 0.43695700000000004 0.514276 0.45 0.513231 0.454348 0.510794 0.457609 0.508357 0.46413000000000004 0.508357 0.46956499999999995 0.508705 0.467391 0.512883 0.471739 0.517061 0.470652 0.520891 0.47282599999999997 0.5254179999999999 0.47282599999999997 0.5271589999999999 0.471739 0.528203 0.468478 0.528552 0.46195700000000006 0.5254179999999999 0.45543500000000003 0.52507 0.446739 0.524025 0.441304 0.524025 0.417391 0.523329 0.4 0.522284 0.38913000000000003 0.5194989999999999 0.388043 0.518454 0.390217 0.517061 0.40543500000000005 0.516365 0.428261