1 0.454735 0.479348 0.453343 0.48043500000000006 0.451602 0.48804299999999995 0.45020899999999997 0.507609 0.45020899999999997 0.518478 0.448468 0.5380429999999999 0.448468 0.545652 0.446727 0.56413 0.44603099999999996 0.579348 0.44428999999999996 0.588043 0.438719 0.590217 0.439415 0.594565 0.439067 0.6054350000000001 0.441852 0.6141300000000001 0.451253 0.621739 0.473538 0.620652 0.475279 0.616304 0.475279 0.613043 0.471797 0.603261 0.47005600000000003 0.5956520000000001 0.46552899999999997 0.590217 0.464136 0.5826089999999999 0.46344 0.556522 0.46239600000000003 0.551087 0.46135099999999996 0.522826 0.46065500000000004 0.518478 0.46135099999999996 0.515217 0.46065500000000004 0.509783 0.459958 0.48695700000000003 0.45786899999999997 0.479348 0.459262 0.476087 0.45786899999999997 0.47282599999999997 0.453343 0.47282599999999997 0.452646 0.475 0.453343 0.478261 0.454039 0.47717400000000004 0.454735 0.479348
1 0.411212 0.404348 0.410515 0.407609 0.409819 0.426087 0.407382 0.43478300000000003 0.40529200000000004 0.43695700000000004 0.40494399999999997 0.44239100000000003 0.405641 0.44565200000000005 0.40773000000000004 0.446739 0.424095 0.44782599999999995 0.425139 0.444565 0.42479100000000003 0.43804299999999996 0.424095 0.43478300000000003 0.422702 0.43478300000000003 0.42130900000000004 0.431522 0.420265 0.420652 0.418175 0.366304 0.417479 0.361957 0.41364900000000004 0.361957 0.41260399999999997 0.371739 0.412256 0.388043 0.41156 0.392391 0.411212 0.404348
1 0.448816 0.371739 0.44777199999999995 0.376087 0.446727 0.376087 0.444986 0.38043499999999997 0.444986 0.383696 0.451253 0.383696 0.45543199999999995 0.386957 0.460306 0.384783 0.459958 0.379348 0.45717299999999994 0.373913 0.45717299999999994 0.365217 0.456128 0.355435 0.456128 0.336957 0.455084 0.323913 0.45369099999999996 0.322826 0.451602 0.323913 0.450905 0.32934800000000003 0.450557 0.344565 0.44951299999999994 0.353261 0.448816 0.371739
1 0.51149 0.356522 0.514624 0.356522 0.517061 0.358696 0.523329 0.358696 0.523329 0.354348 0.520543 0.35 0.520543 0.341304 0.5194989999999999 0.33260900000000004 0.5194989999999999 0.31521699999999997 0.518454 0.30978300000000003 0.517061 0.30869599999999997 0.515669 0.313043 0.513579 0.35108700000000004 0.511838 0.352174 0.51149 0.356522
1 0.582869 0.344565 0.581128 0.344565 0.581128 0.347826 0.59227 0.35 0.59227 0.346739 0.5898329999999999 0.341304 0.589485 0.333696 0.5884400000000001 0.328261 0.588788 0.31087 0.587744 0.306522 0.586003 0.306522 0.585306 0.30869599999999997 0.585306 0.317391 0.583565 0.341304 0.582869 0.344565
1 0.77507 0.358696 0.77507 0.361957 0.778552 0.361957 0.7788999999999999 0.36413 0.785515 0.36413 0.785515 0.36086999999999997 0.783774 0.358696 0.783774 0.353261 0.78273 0.343478 0.782382 0.32717399999999996 0.780292 0.326087 0.779248 0.33587 0.778552 0.353261 0.7771589999999999 0.358696 0.77507 0.358696
1 0.84993 0.371739 0.84993 0.375 0.860028 0.377174 0.8603759999999999 0.372826 0.8589829999999999 0.370652 0.858287 0.36739099999999997 0.857591 0.340217 0.8568939999999999 0.338043 0.8551529999999999 0.338043 0.853064 0.357609 0.852716 0.36739099999999997 0.851323 0.371739 0.84993 0.371739
3 0.067549 0.331522 0.067549 0.340217 0.06545999999999999 0.36086999999999997 0.06545999999999999 0.36739099999999997 0.063719 0.390217 0.063022 0.392391 0.059192 0.394565 0.058843999999999994 0.4 0.056407 0.4 0.05571 0.40108699999999997 0.05571 0.404348 0.057799 0.403261 0.059192 0.40543500000000005 0.078343 0.40543500000000005 0.079039 0.403261 0.082173 0.403261 0.083914 0.40108699999999997 0.083914 0.397826 0.082173 0.396739 0.08182500000000001 0.392391 0.079039 0.392391 0.077994 0.38913000000000003 0.076602 0.371739 0.075905 0.35 0.074861 0.346739 0.074861 0.338043 0.073468 0.326087 0.073468 0.318478 0.06928999999999999 0.319565 0.068245 0.323913 0.068245 0.330435 0.067549 0.331522
3 0.225279 0.330435 0.223189 0.331522 0.223189 0.334783 0.23711700000000002 0.334783 0.23746499999999998 0.32934800000000003 0.236769 0.32717399999999996 0.235724 0.32717399999999996 0.23502800000000001 0.323913 0.23468 0.306522 0.233983 0.302174 0.23363499999999998 0.291304 0.232939 0.288043 0.232939 0.282609 0.22980499999999998 0.282609 0.22876 0.304348 0.227019 0.320652 0.227019 0.32717399999999996 0.225279 0.330435
3 0.357242 0.30978300000000003 0.357242 0.313043 0.368384 0.31521699999999997 0.368384 0.311957 0.36734 0.30869599999999997 0.36594699999999997 0.307609 0.36490300000000003 0.276087 0.364554 0.27391299999999996 0.362117 0.27391299999999996 0.361072 0.29565199999999997 0.35933099999999996 0.307609 0.358635 0.30978300000000003 0.357242 0.30978300000000003
3 0.47492999999999996 0.30869599999999997 0.48537600000000003 0.30978300000000003 0.48537600000000003 0.306522 0.48328699999999997 0.304348 0.48189399999999993 0.276087 0.479805 0.276087 0.479457 0.288043 0.477019 0.305435 0.47492999999999996 0.305435 0.47492999999999996 0.30869599999999997
3 0.589485 0.31087 0.589485 0.31413 0.596448 0.31521699999999997 0.596448 0.311957 0.595752 0.31087 0.594011 0.28586999999999996 0.592967 0.28586999999999996 0.592967 0.288043 0.59227 0.28913 0.591226 0.30978300000000003 0.589485 0.31087
3 0.706825 0.326087 0.706825 0.32934800000000003 0.713788 0.330435 0.713788 0.32717399999999996 0.712396 0.320652 0.7116990000000001 0.301087 0.709958 0.3 0.708914 0.307609 0.708565 0.319565 0.707869 0.325 0.706825 0.326087
3 0.822772 0.34565199999999996 0.822772 0.348913 0.831128 0.35 0.831128 0.346739 0.830084 0.344565 0.8290390000000001 0.319565 0.8272980000000001 0.320652 0.8255570000000001 0.340217 0.8245129999999999 0.344565 0.822772 0.34565199999999996
1 0.659471 0.347826 0.668872 0.347826 0.668872 0.344565 0.668175 0.344565 0.667131 0.341304 0.666086 0.311957 0.663997 0.31087 0.662256 0.338043 0.661212 0.343478 0.659471 0.344565 0.659471 0.347826