3 0.310237 0.7793479999999999 0.308496 0.8108700000000001 0.308148 0.846739 0.338788 0.846739 0.338788 0.8423909999999999 0.337396 0.833696 0.337047 0.8239129999999999 0.335655 0.8130430000000001 0.335306 0.8010870000000001 0.333217 0.78587 0.331128 0.759783 0.329735 0.752174 0.329387 0.742391 0.324164 0.690217 0.323816 0.681522 0.32311999999999996 0.678261 0.320682 0.676087 0.318245 0.676087 0.314415 0.679348 0.312674 0.684783 0.312326 0.718478 0.31128100000000003 0.734783 0.310237 0.7793479999999999
3 0.462047 0.490217 0.46135099999999996 0.5 0.459958 0.504348 0.456825 0.506522 0.454735 0.51413 0.452298 0.517391 0.452298 0.520652 0.455084 0.5239130000000001 0.46065500000000004 0.521739 0.46239600000000003 0.525 0.465181 0.526087 0.466226 0.528261 0.46657400000000004 0.526087 0.46831500000000004 0.525 0.47318899999999997 0.525 0.47423400000000004 0.522826 0.47736799999999996 0.522826 0.47876 0.520652 0.48433099999999996 0.521739 0.485724 0.518478 0.48607199999999995 0.5195649999999999 0.486421 0.5130429999999999 0.482939 0.511957 0.481198 0.507609 0.47841199999999995 0.5054350000000001 0.477019 0.502174 0.47423400000000004 0.47391300000000003 0.47423400000000004 0.46630399999999994 0.471797 0.43587 0.47075199999999995 0.415217 0.47005600000000003 0.41086999999999996 0.468663 0.407609 0.46552899999999997 0.409783 0.464485 0.422826 0.464136 0.43913 0.46309199999999995 0.44782599999999995 0.462047 0.490217
3 0.42305000000000004 0.390217 0.420613 0.392391 0.41956800000000005 0.397826 0.41782700000000006 0.4 0.419916 0.4 0.420961 0.40217400000000003 0.428273 0.40217400000000003 0.42931800000000003 0.4 0.43662999999999996 0.40108699999999997 0.43697800000000003 0.39891299999999996 0.437674 0.39891299999999996 0.435933 0.394565 0.435933 0.392391 0.433496 0.391304 0.432103 0.383696 0.43036199999999997 0.366304 0.43036199999999997 0.355435 0.42896900000000004 0.334783 0.426184 0.333696 0.42548700000000006 0.33587 0.423747 0.372826 0.423747 0.38260900000000003 0.42305000000000004 0.390217
2 0.37117 0.31630400000000003 0.36977699999999997 0.366304 0.367688 0.375 0.364554 0.377174 0.37639300000000003 0.378261 0.383705 0.376087 0.384401 0.377174 0.38509699999999997 0.375 0.386142 0.375 0.386142 0.372826 0.383705 0.372826 0.383357 0.36956500000000003 0.38126699999999997 0.363043 0.380919 0.356522 0.379875 0.352174 0.379875 0.338043 0.378482 0.325 0.378134 0.31521699999999997 0.377089 0.30869599999999997 0.37743699999999997 0.3 0.375696 0.29239099999999996 0.375348 0.288043 0.37360699999999997 0.286957 0.37256300000000003 0.290217 0.371866 0.298913 0.371866 0.311957 0.37117 0.31630400000000003
3 0.35201899999999997 0.371739 0.35375999999999996 0.373913 0.357242 0.373913 0.360376 0.371739 0.363162 0.372826 0.36351 0.36739099999999997 0.362465 0.36739099999999997 0.361421 0.36413 0.360724 0.357609 0.358635 0.321739 0.357939 0.318478 0.35550099999999996 0.319565 0.354805 0.32717399999999996 0.354805 0.347826 0.354109 0.363043 0.35201899999999997 0.371739
2 0.335306 0.326087 0.333914 0.346739 0.333914 0.356522 0.329387 0.370652 0.33077999999999996 0.371739 0.331128 0.373913 0.339136 0.373913 0.339833 0.371739 0.341574 0.370652 0.34401099999999996 0.372826 0.34435899999999997 0.371739 0.345404 0.373913 0.34818899999999997 0.373913 0.348538 0.36739099999999997 0.34435899999999997 0.359783 0.343315 0.347826 0.343315 0.340217 0.34226999999999996 0.33587 0.341922 0.322826 0.340877 0.317391 0.340877 0.30869599999999997 0.339833 0.294565 0.338788 0.286957 0.337047 0.286957 0.336003 0.291304 0.336003 0.3 0.335306 0.306522 0.335306 0.326087
3 0.256616 0.363043 0.256616 0.366304 0.257312 0.36847799999999997 0.260446 0.366304 0.267409 0.366304 0.267758 0.361957 0.26532 0.356522 0.264624 0.346739 0.263579 0.342391 0.263231 0.326087 0.262535 0.320652 0.259749 0.320652 0.259401 0.34565199999999996 0.258705 0.347826 0.258705 0.355435 0.256616 0.363043
3 0.155989 0.372826 0.156337 0.371739 0.154596 0.36847799999999997 0.15389999999999998 0.359783 0.15285500000000002 0.355435 0.15285500000000002 0.348913 0.151462 0.333696 0.14902500000000002 0.33260900000000004 0.147632 0.363043 0.144847 0.375 0.146936 0.377174 0.155989 0.372826
1 0.059192 0.359783 0.057103 0.365217 0.057103 0.36739099999999997 0.058148 0.36847799999999997 0.059889000000000005 0.366304 0.066156 0.366304 0.066504 0.361957 0.06545999999999999 0.36086999999999997 0.064415 0.356522 0.064415 0.346739 0.062674 0.33587 0.06163 0.33260900000000004 0.060585 0.33260900000000004 0.059889000000000005 0.334783 0.060237 0.33587 0.059192 0.347826 0.059192 0.359783
1 0.201602 0.333696 0.20090499999999997 0.341304 0.207173 0.341304 0.207869 0.340217 0.207869 0.336957 0.20682499999999998 0.334783 0.206128 0.32934800000000003 0.205084 0.30869599999999997 0.204387 0.306522 0.203343 0.306522 0.202298 0.30869599999999997 0.202298 0.317391 0.201602 0.318478 0.201602 0.333696
0 0.181755 0.33587 0.182103 0.333696 0.18070999999999998 0.330435 0.180362 0.326087 0.179318 0.322826 0.179318 0.30869599999999997 0.178273 0.305435 0.177577 0.305435 0.176532 0.307609 0.176532 0.322826 0.174791 0.33587 0.181755 0.33587
0 0.139276 0.32717399999999996 0.137187 0.31521699999999997 0.136838 0.303261 0.135446 0.301087 0.134401 0.307609 0.134401 0.31630400000000003 0.133357 0.32717399999999996 0.139276 0.32717399999999996
0 0.108287 0.320652 0.106546 0.311957 0.10585 0.301087 0.104457 0.3 0.10341199999999999 0.30978300000000003 0.10341199999999999 0.318478 0.102019 0.320652 0.108287 0.320652
0 0.083914 0.317391 0.082521 0.29782600000000004 0.081128 0.296739 0.080432 0.311957 0.079387 0.31521699999999997 0.079387 0.317391 0.083914 0.317391
0 0.133008 0.306522 0.131616 0.298913 0.130919 0.28913 0.12987500000000002 0.28913 0.129178 0.302174 0.128134 0.304348 0.128134 0.306522 0.133008 0.306522
0 0.148677 0.301087 0.149373 0.302174 0.152507 0.301087 0.151114 0.284783 0.149721 0.286957 0.149721 0.296739 0.148677 0.298913 0.148677 0.301087
0 0.183844 0.302174 0.182451 0.298913 0.181407 0.283696 0.18070999999999998 0.283696 0.180014 0.3 0.178969 0.303261 0.183496 0.304348 0.183844 0.302174
0 0.224234 0.306522 0.222493 0.3 0.221448 0.283696 0.22005599999999997 0.283696 0.219359 0.302174 0.21796700000000002 0.303261 0.21796700000000002 0.306522 0.224234 0.306522
0 0.271936 0.31087 0.279596 0.311957 0.279596 0.30869599999999997 0.277507 0.301087 0.276462 0.282609 0.275418 0.281522 0.274373 0.283696 0.273677 0.306522 0.272284 0.307609 0.271936 0.31087
3 0.304666 0.311957 0.304666 0.31413 0.31162999999999996 0.31413 0.311978 0.30978300000000003 0.310237 0.304348 0.309192 0.29239099999999996 0.309192 0.284783 0.308496 0.282609 0.307103 0.282609 0.306407 0.28913 0.306407 0.305435 0.30571000000000004 0.30978300000000003 0.304666 0.311957
3 0.35933099999999996 0.291304 0.35933099999999996 0.288043 0.358635 0.286957 0.357591 0.278261 0.356894 0.265217 0.35550099999999996 0.267391 0.354805 0.28586999999999996 0.35375999999999996 0.291304 0.35933099999999996 0.291304
1 0.824861 0.421739 0.824164 0.43804299999999996 0.822772 0.44565200000000005 0.8199859999999999 0.44782599999999995 0.8199859999999999 0.454348 0.822772 0.46087 0.831476 0.46630399999999994 0.836699 0.46630399999999994 0.8391360000000001 0.46195700000000006 0.8436629999999999 0.46195700000000006 0.8443590000000001 0.457609 0.8443590000000001 0.45108699999999996 0.8426180000000001 0.44782599999999995 0.8415739999999999 0.44782599999999995 0.840181 0.443478 0.8391360000000001 0.433696 0.8391360000000001 0.42717400000000005 0.8370469999999999 0.404348 0.836003 0.371739 0.834958 0.356522 0.8342620000000001 0.354348 0.829735 0.354348 0.8290390000000001 0.355435 0.8283429999999999 0.36086999999999997 0.826253 0.415217 0.824861 0.421739
3 0.887535 0.34565199999999996 0.88649 0.35108700000000004 0.885446 0.35108700000000004 0.885446 0.354348 0.8889279999999999 0.354348 0.89032 0.356522 0.9073819999999999 0.354348 0.9059889999999999 0.346739 0.903552 0.34565199999999996 0.902507 0.341304 0.900766 0.317391 0.9004179999999999 0.302174 0.899025 0.28586999999999996 0.897981 0.283696 0.895543 0.283696 0.89415 0.291304 0.8910170000000001 0.341304 0.889972 0.344565 0.887535 0.34565199999999996
1 0.879526 0.275 0.878482 0.27934800000000004 0.8774369999999999 0.27934800000000004 0.876393 0.283696 0.875348 0.284783 0.885446 0.286957 0.888579 0.283696 0.888579 0.281522 0.887535 0.281522 0.886838 0.278261 0.884749 0.23913 0.881267 0.23913 0.880571 0.24782600000000002 0.880571 0.261957 0.879526 0.275
2 0.501393 0.30869599999999997 0.500348 0.318478 0.49860699999999997 0.322826 0.498259 0.32717399999999996 0.513579 0.32717399999999996 0.513928 0.323913 0.511142 0.321739 0.509749 0.317391 0.509401 0.31087 0.508705 0.30869599999999997 0.508705 0.301087 0.506964 0.277174 0.506616 0.26413000000000003 0.504875 0.25543499999999997 0.503482 0.25543499999999997 0.502437 0.258696 0.502437 0.266304 0.501393 0.27934800000000004 0.501393 0.30869599999999997
2 0.462744 0.290217 0.461699 0.31413 0.459262 0.322826 0.45717299999999994 0.326087 0.457521 0.328261 0.47423400000000004 0.328261 0.47492999999999996 0.325 0.47249299999999994 0.321739 0.470404 0.31630400000000003 0.467618 0.281522 0.466922 0.26413000000000003 0.466226 0.25760900000000003 0.464136 0.25760900000000003 0.46309199999999995 0.270652 0.46309199999999995 0.283696 0.46239600000000003 0.28913 0.462744 0.290217
1 0.5995820000000001 0.322826 0.5995820000000001 0.32717399999999996 0.600975 0.32934800000000003 0.604457 0.32717399999999996 0.610724 0.32717399999999996 0.611072 0.325 0.608983 0.318478 0.607591 0.305435 0.606198 0.277174 0.6037600000000001 0.277174 0.603064 0.28586999999999996 0.603064 0.302174 0.601671 0.318478 0.5995820000000001 0.322826
1 0.755571 0.305435 0.754178 0.305435 0.75383 0.30869599999999997 0.755571 0.31413 0.762883 0.311957 0.764276 0.313043 0.765669 0.30869599999999997 0.76532 0.305435 0.763928 0.302174 0.762535 0.290217 0.7621870000000001 0.269565 0.76149 0.261957 0.760794 0.259783 0.759053 0.259783 0.75766 0.26413000000000003 0.756964 0.29782600000000004 0.756267 0.303261 0.755571 0.305435
1 0.9261839999999999 0.254348 0.924095 0.25543499999999997 0.924095 0.26087 0.934192 0.258696 0.934192 0.25652200000000003 0.932451 0.251087 0.9327989999999999 0.24021699999999999 0.9317550000000001 0.221739 0.930362 0.218478 0.9282730000000001 0.220652 0.927577 0.227174 0.92688 0.252174 0.9261839999999999 0.254348
1 0.9129530000000001 0.236957 0.912256 0.24021699999999999 0.912604 0.243478 0.918175 0.24130400000000002 0.918175 0.233696 0.916783 0.225 0.917131 0.21086999999999997 0.9164350000000001 0.20760900000000002 0.913997 0.208696 0.913649 0.221739 0.9129530000000001 0.226087 0.9129530000000001 0.236957
1 0.866295 0.230435 0.866295 0.23478300000000002 0.87117 0.232609 0.87117 0.227174 0.870474 0.22391299999999997 0.8708220000000001 0.21413000000000001 0.870125 0.20543499999999998 0.867688 0.206522 0.867688 0.218478 0.866992 0.228261 0.866295 0.230435
3 0.8607239999999999 0.20760900000000002 0.8607239999999999 0.196739 0.8589829999999999 0.195652 0.857591 0.218478 0.861769 0.218478 0.861421 0.209783 0.8607239999999999 0.20760900000000002
3 0.764972 0.22282600000000002 0.768454 0.220652 0.7681060000000001 0.21413000000000001 0.767061 0.211957 0.767409 0.203261 0.766365 0.202174 0.76532 0.208696 0.76532 0.21739099999999997 0.764624 0.220652 0.764972 0.22282600000000002
1 0.8046659999999999 0.231522 0.8095399999999999 0.231522 0.8098890000000001 0.228261 0.8095399999999999 0.22282600000000002 0.808844 0.220652 0.808844 0.206522 0.8067550000000001 0.20760900000000002 0.8064069999999999 0.22391299999999997 0.804318 0.22934800000000002 0.8046659999999999 0.231522
1 0.738162 0.232609 0.741992 0.231522 0.740947 0.20760900000000002 0.739206 0.209783 0.73851 0.228261 0.7378129999999999 0.230435 0.738162 0.232609
3 0.6810579999999999 0.22934800000000002 0.6810579999999999 0.226087 0.6793180000000001 0.218478 0.6786209999999999 0.208696 0.677577 0.215217 0.677577 0.227174 0.6768799999999999 0.22934800000000002 0.6810579999999999 0.22934800000000002
1 0.6754870000000001 0.23586999999999997 0.674443 0.232609 0.674443 0.216304 0.67305 0.216304 0.671657 0.233696 0.670265 0.23586999999999997 0.674443 0.238043 0.6754870000000001 0.23586999999999997
1 0.606198 0.225 0.604457 0.22391299999999997 0.603064 0.24565199999999998 0.6072420000000001 0.244565 0.606546 0.24021699999999999 0.606198 0.225
3 0.594011 0.238043 0.592618 0.232609 0.592618 0.227174 0.591574 0.220652 0.590529 0.225 0.590877 0.230435 0.5901810000000001 0.24021699999999999 0.594011 0.238043
3 0.503482 0.254348 0.506964 0.253261 0.505919 0.236957 0.505223 0.233696 0.504178 0.236957 0.504526 0.24673899999999999 0.503482 0.251087 0.503482 0.254348
1 0.540042 0.253261 0.538997 0.23478300000000002 0.537604 0.233696 0.5365599999999999 0.252174 0.535864 0.25543499999999997 0.539694 0.25652200000000003 0.540042 0.253261
1 0.47736799999999996 0.321739 0.477019 0.32717399999999996 0.48781299999999994 0.32717399999999996 0.48781299999999994 0.323913 0.48607199999999995 0.320652 0.48537600000000003 0.31521699999999997 0.48363500000000004 0.284783 0.482242 0.281522 0.481198 0.282609 0.480501 0.28586999999999996 0.479805 0.31630400000000003 0.47876 0.321739 0.47736799999999996 0.321739
1 0.476323 0.270652 0.47841199999999995 0.268478 0.481546 0.269565 0.48189399999999993 0.268478 0.48015299999999994 0.26087 0.479805 0.24782600000000002 0.47910899999999995 0.244565 0.478064 0.244565 0.47736799999999996 0.248913 0.47736799999999996 0.263043 0.47597500000000004 0.268478 0.476323 0.270652
1 0.43071000000000004 0.284783 0.43697800000000003 0.283696 0.43488899999999997 0.272826 0.43488899999999997 0.259783 0.434192 0.25652200000000003 0.433148 0.25652200000000003 0.43245100000000003 0.26087 0.432103 0.27934800000000004 0.43071000000000004 0.282609 0.43071000000000004 0.284783
1 0.41539000000000004 0.311957 0.41539000000000004 0.31521699999999997 0.416435 0.317391 0.424095 0.31521699999999997 0.42479100000000003 0.311957 0.423398 0.30978300000000003 0.422006 0.303261 0.420613 0.27934800000000004 0.418524 0.278261 0.418175 0.298913 0.41713100000000003 0.302174 0.416435 0.30978300000000003 0.41539000000000004 0.311957
1 0.40598900000000004 0.3 0.40703300000000003 0.301087 0.413997 0.298913 0.412953 0.29239099999999996 0.411212 0.286957 0.411212 0.278261 0.410515 0.276087 0.410515 0.271739 0.409123 0.268478 0.40773000000000004 0.271739 0.40773000000000004 0.286957 0.40703300000000003 0.28913 0.40703300000000003 0.293478 0.40598900000000004 0.3
3 0.425139 0.263043 0.424095 0.248913 0.42305000000000004 0.25 0.422702 0.26413000000000003 0.422006 0.270652 0.42688 0.270652 0.425139 0.263043
0 0.109331 0.31087 0.10724199999999999 0.3 0.10724199999999999 0.293478 0.105501 0.293478 0.105501 0.298913 0.106894 0.306522 0.106894 0.31087 0.109331 0.31087