2 0.513928 0.46956499999999995 0.513928 0.48043500000000006 0.513231 0.483696 0.5121870000000001 0.503261 0.51149 0.5293479999999999 0.510794 0.534783 0.510794 0.543478 0.508705 0.573913 0.508705 0.581522 0.508008 0.58587 0.507312 0.61087 0.504875 0.655435 0.502089 0.665217 0.49930399999999997 0.670652 0.49860699999999997 0.680435 0.496866 0.686957 0.49234 0.693478 0.487465 0.696739 0.486421 0.7 0.486421 0.704348 0.487465 0.7076089999999999 0.489206 0.7076089999999999 0.490599 0.709783 0.491643 0.709783 0.49199200000000004 0.7076089999999999 0.49303600000000003 0.709783 0.497563 0.71087 0.502437 0.715217 0.510097 0.7163039999999999 0.5104460000000001 0.718478 0.5181060000000001 0.7206520000000001 0.51915 0.725 0.523677 0.7260869999999999 0.5254179999999999 0.729348 0.536908 0.729348 0.539345 0.722826 0.5459609999999999 0.713043 0.550836 0.708696 0.5553619999999999 0.698913 0.560237 0.692391 0.560585 0.679348 0.559889 0.677174 0.559192 0.678261 0.558844 0.676087 0.557451 0.675 0.5536209999999999 0.676087 0.550836 0.673913 0.548747 0.666304 0.545613 0.661957 0.543872 0.656522 0.541435 0.6304350000000001 0.541435 0.622826 0.540042 0.6010869999999999 0.539345 0.596739 0.539345 0.5913039999999999 0.536908 0.561957 0.5365599999999999 0.55 0.533774 0.516304 0.5330779999999999 0.49891300000000005 0.531685 0.484783 0.5288999999999999 0.43695700000000004 0.5271589999999999 0.421739 0.526462 0.404348 0.517409 0.404348 0.516713 0.409783 0.516713 0.425 0.515669 0.430435 0.513928 0.46956499999999995
0 0.796309 0.280435 0.795613 0.280435 0.795613 0.282609 0.796309 0.283696 0.8046659999999999 0.283696 0.8064069999999999 0.280435 0.8064069999999999 0.278261 0.8050140000000001 0.276087 0.804318 0.269565 0.8029249999999999 0.23586999999999997 0.800139 0.23586999999999997 0.798747 0.24130400000000002 0.797354 0.276087 0.796309 0.280435
3 0.562326 0.551087 0.5612809999999999 0.565217 0.5612809999999999 0.575 0.559192 0.609783 0.556407 0.618478 0.5543180000000001 0.617391 0.552577 0.6195649999999999 0.551184 0.625 0.5501389999999999 0.626087 0.549791 0.6304350000000001 0.54805 0.6358699999999999 0.545265 0.63913 0.544916 0.642391 0.545265 0.6445649999999999 0.548747 0.647826 0.551532 0.647826 0.553273 0.65 0.570334 0.656522 0.575557 0.656522 0.575905 0.6586960000000001 0.5790390000000001 0.659783 0.5790390000000001 0.657609 0.581128 0.653261 0.58461 0.65 0.585655 0.646739 0.588788 0.643478 0.592618 0.634783 0.5943590000000001 0.633696 0.595056 0.629348 0.592967 0.627174 0.5901810000000001 0.627174 0.589485 0.625 0.589485 0.620652 0.5884400000000001 0.617391 0.5821729999999999 0.61087 0.5807800000000001 0.5956520000000001 0.580432 0.5826089999999999 0.579387 0.573913 0.579735 0.568478 0.577298 0.531522 0.576253 0.5239130000000001 0.572772 0.475 0.566852 0.47391300000000003 0.565808 0.476087 0.564415 0.51413 0.5630219999999999 0.5293479999999999 0.562326 0.551087
2 0.595404 0.38152200000000003 0.595056 0.4 0.5943590000000001 0.40543500000000005 0.5943590000000001 0.411957 0.593663 0.415217 0.591226 0.47282599999999997 0.5898329999999999 0.492391 0.588788 0.5 0.588788 0.508696 0.587047 0.53587 0.5866990000000001 0.551087 0.585306 0.5663039999999999 0.5825210000000001 0.5663039999999999 0.581476 0.572826 0.581476 0.594565 0.581825 0.596739 0.5842620000000001 0.596739 0.588788 0.6 0.594708 0.6 0.59993 0.603261 0.61351 0.606522 0.619081 0.6 0.632312 0.578261 0.628482 0.572826 0.623955 0.570652 0.6222139999999999 0.56413 0.619081 0.559783 0.618036 0.555435 0.6145539999999999 0.5054350000000001 0.612465 0.463043 0.609331 0.42391300000000004 0.608287 0.40108699999999997 0.607591 0.396739 0.6068939999999999 0.378261 0.6055010000000001 0.366304 0.6055010000000001 0.359783 0.6037600000000001 0.35108700000000004 0.600975 0.35 0.5974929999999999 0.352174 0.596797 0.355435 0.596797 0.366304 0.595404 0.38152200000000003
0 0.744429 0.30869599999999997 0.743733 0.331522 0.741992 0.35108700000000004 0.741992 0.357609 0.740947 0.359783 0.7395539999999999 0.359783 0.738162 0.36413 0.737465 0.36413 0.737465 0.36847799999999997 0.741295 0.370652 0.756267 0.370652 0.75766 0.36413 0.75766 0.359783 0.755223 0.358696 0.753482 0.352174 0.750348 0.29565199999999997 0.749304 0.293478 0.749652 0.291304 0.7472139999999999 0.290217 0.745474 0.293478 0.745125 0.296739 0.745125 0.307609 0.744429 0.30869599999999997
0 0.8238160000000001 0.221739 0.8238160000000001 0.238043 0.8220750000000001 0.24130400000000002 0.822423 0.244565 0.8286910000000001 0.244565 0.829735 0.24239099999999997 0.8290390000000001 0.24021699999999999 0.8283429999999999 0.230435 0.8283429999999999 0.221739 0.8272980000000001 0.20760900000000002 0.826253 0.20760900000000002 0.8245129999999999 0.211957 0.8245129999999999 0.218478 0.8238160000000001 0.221739
0 0.8387879999999999 0.216304 0.837396 0.219565 0.838092 0.221739 0.8436629999999999 0.220652 0.8436629999999999 0.21086999999999997 0.8426180000000001 0.208696 0.842967 0.206522 0.8422700000000001 0.19347799999999998 0.8415739999999999 0.192391 0.840181 0.19347799999999998 0.8398329999999999 0.2 0.8391360000000001 0.202174 0.8387879999999999 0.216304
0 0.852019 0.203261 0.852019 0.197826 0.851323 0.195652 0.851323 0.183696 0.849234 0.182609 0.848189 0.202174 0.847493 0.20434800000000003 0.852716 0.20543499999999998 0.852019 0.203261
0 0.857939 0.176087 0.8568939999999999 0.175 0.854805 0.19456500000000002 0.85968 0.19456500000000002 0.8586349999999999 0.18804300000000002 0.857939 0.176087
0 0.8603759999999999 0.18804300000000002 0.864903 0.18695699999999998 0.8638579999999999 0.18152200000000002 0.86351 0.171739 0.862465 0.170652 0.861769 0.17282599999999998 0.861421 0.183696 0.8603759999999999 0.18804300000000002
0 0.868384 0.178261 0.867688 0.167391 0.866643 0.166304 0.865947 0.170652 0.8655989999999999 0.18152200000000002 0.8690810000000001 0.18043499999999998 0.868384 0.178261
0 0.870474 0.163043 0.869429 0.163043 0.868733 0.175 0.8690810000000001 0.177174 0.871866 0.176087 0.871866 0.17282599999999998 0.8743040000000001 0.171739 0.873607 0.168478 0.873259 0.159783 0.8722139999999999 0.16087 0.87117 0.170652 0.870474 0.167391 0.870474 0.163043
0 0.9470750000000001 0.152174 0.946031 0.16413 0.949164 0.16413 0.947772 0.152174 0.9470750000000001 0.152174
0 0.942897 0.152174 0.9418519999999999 0.161957 0.944638 0.161957 0.9439420000000001 0.152174 0.942897 0.152174
0 0.939067 0.152174 0.9383699999999999 0.159783 0.940808 0.159783 0.9404600000000001 0.152174 0.939067 0.152174