1 0.501393 0.6119570000000001 0.500348 0.6195649999999999 0.500348 0.628261 0.49930399999999997 0.632609 0.49930399999999997 0.641304 0.49791100000000005 0.652174 0.49791100000000005 0.66087 0.496518 0.666304 0.496518 0.678261 0.49373300000000003 0.713043 0.49234 0.718478 0.48676899999999995 0.725 0.485724 0.731522 0.48607199999999995 0.733696 0.48537600000000003 0.734783 0.48607199999999995 0.7369570000000001 0.48502799999999996 0.740217 0.485724 0.742391 0.485724 0.75 0.488162 0.757609 0.488858 0.7630429999999999 0.490599 0.765217 0.493384 0.765217 0.49373300000000003 0.7630429999999999 0.495822 0.770652 0.49791100000000005 0.767391 0.49965200000000004 0.768478 0.501741 0.766304 0.506964 0.766304 0.508008 0.76413 0.509749 0.766304 0.513928 0.766304 0.514972 0.76413 0.516017 0.766304 0.518454 0.7608699999999999 0.5194989999999999 0.765217 0.521588 0.765217 0.522632 0.761957 0.524025 0.761957 0.524025 0.751087 0.5254179999999999 0.748913 0.526462 0.751087 0.526811 0.747826 0.526462 0.733696 0.523329 0.727174 0.520195 0.725 0.518802 0.718478 0.517409 0.68587 0.516365 0.678261 0.514972 0.6358699999999999 0.514276 0.6304350000000001 0.514276 0.617391 0.513231 0.603261 0.512535 0.572826 0.509749 0.568478 0.505571 0.568478 0.50383 0.570652 0.501393 0.6054350000000001 0.501393 0.6119570000000001
1 0.458565 0.421739 0.45786899999999997 0.430435 0.459262 0.433696 0.464485 0.43260899999999997 0.46657400000000004 0.43478300000000003 0.468663 0.433696 0.473538 0.43587 0.476323 0.43260899999999997 0.47667099999999996 0.426087 0.47423400000000004 0.421739 0.472841 0.415217 0.471797 0.394565 0.471797 0.378261 0.470404 0.355435 0.46726999999999996 0.354348 0.466226 0.359783 0.462744 0.41413 0.46135099999999996 0.418478 0.458565 0.421739
1 0.581128 0.35108700000000004 0.5807800000000001 0.36086999999999997 0.579387 0.365217 0.578691 0.365217 0.578691 0.36847799999999997 0.585306 0.371739 0.588788 0.371739 0.589136 0.365217 0.587744 0.361957 0.587396 0.352174 0.586351 0.346739 0.5866990000000001 0.333696 0.586003 0.320652 0.583914 0.319565 0.583217 0.321739 0.5825210000000001 0.32934800000000003 0.5821729999999999 0.34565199999999996 0.581128 0.35108700000000004
1 0.740251 0.36413 0.740251 0.36739099999999997 0.74617 0.36956500000000003 0.748607 0.36847799999999997 0.748955 0.366304 0.747911 0.365217 0.7472139999999999 0.361957 0.74617 0.328261 0.745474 0.326087 0.743733 0.326087 0.74234 0.336957 0.74234 0.346739 0.741295 0.36086999999999997 0.740251 0.36413
1 0.937326 0.390217 0.939415 0.392391 0.947423 0.392391 0.947423 0.390217 0.945682 0.38587 0.9453340000000001 0.375 0.9439420000000001 0.36956500000000003 0.944638 0.365217 0.94429 0.352174 0.941156 0.35108700000000004 0.9401109999999999 0.363043 0.939415 0.365217 0.9387190000000001 0.383696 0.937326 0.390217
3 0.8892760000000001 0.353261 0.8896240000000001 0.355435 0.894499 0.355435 0.895195 0.353261 0.89415 0.32717399999999996 0.892409 0.32717399999999996 0.8906689999999999 0.334783 0.89032 0.35108700000000004 0.8892760000000001 0.353261
3 0.7788999999999999 0.340217 0.779248 0.338043 0.778552 0.334783 0.778552 0.319565 0.777855 0.31087 0.776462 0.31087 0.776114 0.31630400000000003 0.77507 0.319565 0.774373 0.33913000000000004 0.7788999999999999 0.340217
3 0.681755 0.301087 0.68071 0.301087 0.678273 0.331522 0.683496 0.33260900000000004 0.6827989999999999 0.305435 0.681755 0.301087
3 0.130223 0.357609 0.128482 0.365217 0.126393 0.366304 0.126393 0.372826 0.129526 0.373913 0.133357 0.371739 0.134749 0.373913 0.14136500000000002 0.373913 0.143454 0.371739 0.143454 0.36739099999999997 0.140669 0.361957 0.139972 0.35 0.138928 0.344565 0.139276 0.33913000000000004 0.137883 0.318478 0.137883 0.30978300000000003 0.136838 0.305435 0.13370500000000002 0.305435 0.133008 0.30869599999999997 0.13266 0.319565 0.131964 0.323913 0.130223 0.357609
3 0.347493 0.33913000000000004 0.357591 0.33913000000000004 0.357591 0.33587 0.356546 0.33587 0.35585 0.33260900000000004 0.35585 0.322826 0.355153 0.318478 0.354457 0.29782600000000004 0.353412 0.29239099999999996 0.35201899999999997 0.291304 0.350279 0.302174 0.349582 0.328261 0.346797 0.336957 0.347493 0.33913000000000004
3 0.48433099999999996 0.326087 0.49129500000000004 0.325 0.489903 0.305435 0.48955399999999993 0.290217 0.488858 0.28913 0.487465 0.290217 0.485724 0.318478 0.483983 0.322826 0.48433099999999996 0.326087
3 0.581128 0.320652 0.579735 0.322826 0.580084 0.328261 0.5825210000000001 0.32717399999999996 0.582869 0.321739 0.585306 0.313043 0.585306 0.304348 0.58461 0.302174 0.58461 0.296739 0.583914 0.293478 0.5825210000000001 0.294565 0.5825210000000001 0.3 0.581476 0.304348 0.581128 0.320652