0 0.797354 0.18152200000000002 0.796309 0.179348 0.795613 0.166304 0.7942199999999999 0.16413 0.793524 0.165217 0.792131 0.183696 0.796657 0.183696 0.797354 0.18152200000000002
0 0.61734 0.353261 0.617688 0.366304 0.616992 0.36847799999999997 0.616295 0.38587 0.615599 0.388043 0.612465 0.388043 0.611769 0.391304 0.611769 0.4 0.631616 0.4 0.63266 0.395652 0.63266 0.38913000000000003 0.631964 0.386957 0.629875 0.38587 0.62883 0.38152200000000003 0.625696 0.340217 0.623955 0.31087 0.620822 0.30978300000000003 0.619429 0.313043 0.618733 0.321739 0.618733 0.33260900000000004 0.61734 0.353261
0 0.708217 0.280435 0.706476 0.281522 0.7057800000000001 0.28586999999999996 0.717967 0.286957 0.718663 0.282609 0.716574 0.280435 0.7134400000000001 0.23478300000000002 0.711003 0.23478300000000002 0.710306 0.23586999999999997 0.709958 0.24782600000000002 0.708914 0.254348 0.708217 0.280435
0 0.774721 0.211957 0.773329 0.202174 0.772632 0.184783 0.770891 0.183696 0.7698470000000001 0.191304 0.7694989999999999 0.20434800000000003 0.7681060000000001 0.211957 0.774721 0.211957
0 0.785515 0.170652 0.784471 0.170652 0.78273 0.19456500000000002 0.787604 0.19456500000000002 0.786212 0.173913 0.785515 0.170652
0 0.8032730000000001 0.17282599999999998 0.802228 0.171739 0.8011839999999999 0.157609 0.799791 0.157609 0.799095 0.171739 0.7983979999999999 0.175 0.8032730000000001 0.175 0.8032730000000001 0.17282599999999998
0 0.8046659999999999 0.153261 0.8029249999999999 0.168478 0.807103 0.168478 0.805362 0.153261 0.8046659999999999 0.153261
0 0.8112809999999999 0.152174 0.8112809999999999 0.159783 0.8137190000000001 0.158696 0.8130219999999999 0.152174 0.8112809999999999 0.152174
0 0.9345399999999999 0.18804300000000002 0.9352370000000001 0.184783 0.933844 0.18152200000000002 0.9327989999999999 0.163043 0.932103 0.158696 0.9310579999999999 0.158696 0.928621 0.183696 0.9279249999999999 0.18587 0.9296659999999999 0.18804300000000002 0.9345399999999999 0.18804300000000002
0 0.8137190000000001 0.152174 0.814067 0.156522 0.815808 0.155435 0.815808 0.152174 0.8137190000000001 0.152174
0 0.919916 0.173913 0.918524 0.16956500000000002 0.917827 0.156522 0.916783 0.153261 0.9157379999999999 0.155435 0.914345 0.176087 0.9195679999999999 0.176087 0.919916 0.173913
0 0.907033 0.152174 0.905292 0.152174 0.9038999999999999 0.167391 0.9084260000000001 0.168478 0.908774 0.166304 0.907033 0.152174
0 0.899025 0.152174 0.896588 0.152174 0.895543 0.158696 0.895543 0.161957 0.90007 0.16087 0.899025 0.155435 0.899025 0.152174
0 0.8906689999999999 0.152174 0.889972 0.15434799999999999 0.89032 0.157609 0.893802 0.156522 0.892758 0.152174 0.8906689999999999 0.152174
0 0.756267 0.238043 0.756267 0.23478300000000002 0.755223 0.23478300000000002 0.754178 0.230435 0.752089 0.20108700000000002 0.749652 0.20108700000000002 0.747911 0.23478300000000002 0.746518 0.23586999999999997 0.74617 0.238043 0.756267 0.238043
0 0.8098890000000001 0.152174 0.8084960000000001 0.152174 0.807451 0.16413 0.810933 0.16413 0.8098890000000001 0.156522 0.8098890000000001 0.152174
0 0.174095 0.780435 0.173398 0.7880429999999999 0.171657 0.844565 0.172354 0.846739 0.20647600000000002 0.846739 0.206128 0.836957 0.204039 0.818478 0.201602 0.803261 0.201253 0.7923910000000001 0.199513 0.781522 0.196379 0.746739 0.192549 0.718478 0.188719 0.6728259999999999 0.186978 0.668478 0.182799 0.668478 0.177577 0.6728259999999999 0.17687999999999998 0.675 0.176532 0.7 0.174095 0.765217 0.174095 0.780435