1 0.41713100000000003 0.553261 0.415738 0.56413 0.41539000000000004 0.588043 0.413997 0.596739 0.411212 0.627174 0.41016700000000006 0.6304350000000001 0.404596 0.6358699999999999 0.402855 0.6445649999999999 0.397284 0.6445649999999999 0.395543 0.646739 0.39415 0.651087 0.39415 0.653261 0.396936 0.659783 0.401462 0.661957 0.409123 0.669565 0.414694 0.669565 0.421657 0.680435 0.422702 0.680435 0.423398 0.6836960000000001 0.42548700000000006 0.6836960000000001 0.425836 0.684783 0.425139 0.68587 0.428621 0.68587 0.427925 0.684783 0.42896900000000004 0.680435 0.430014 0.679348 0.430014 0.676087 0.431407 0.671739 0.443245 0.66087 0.44428999999999996 0.6586960000000001 0.44428999999999996 0.6543479999999999 0.439763 0.6380429999999999 0.435237 0.633696 0.433844 0.628261 0.432799 0.604348 0.43071000000000004 0.5826089999999999 0.43071000000000004 0.571739 0.429666 0.555435 0.430014 0.545652 0.428273 0.504348 0.426184 0.5 0.420961 0.5 0.419916 0.504348 0.419916 0.5108699999999999 0.418872 0.520652 0.41713100000000003 0.553261
1 0.171309 0.39891299999999996 0.170265 0.415217 0.16921999999999998 0.418478 0.167479 0.44239100000000003 0.164694 0.44782599999999995 0.162604 0.44782599999999995 0.16051500000000002 0.452174 0.155989 0.456522 0.155989 0.46087 0.16051500000000002 0.463043 0.162604 0.46630399999999994 0.165738 0.46630399999999994 0.167479 0.46956499999999995 0.178969 0.46956499999999995 0.178969 0.46630399999999994 0.179666 0.46413000000000004 0.180014 0.465217 0.183148 0.463043 0.184889 0.459783 0.188022 0.457609 0.18836999999999998 0.448913 0.187674 0.446739 0.185585 0.446739 0.183844 0.444565 0.182451 0.43478300000000003 0.180362 0.371739 0.179666 0.36086999999999997 0.178273 0.354348 0.173747 0.354348 0.172354 0.36413 0.171309 0.38152200000000003 0.171309 0.39891299999999996
1 0.237813 0.25652200000000003 0.23885800000000001 0.258696 0.24268800000000001 0.25760900000000003 0.24686599999999997 0.259783 0.247214 0.254348 0.24651800000000001 0.252174 0.24651800000000001 0.24673899999999999 0.24547400000000003 0.24130400000000002 0.24582199999999998 0.22934800000000002 0.24477699999999997 0.225 0.24268800000000001 0.225 0.241643 0.248913 0.240599 0.253261 0.23920599999999997 0.253261 0.237813 0.25652200000000003
3 0.25626699999999997 0.23913 0.256964 0.24239099999999997 0.262883 0.24130400000000002 0.260794 0.215217 0.259401 0.216304 0.258008 0.227174 0.25766 0.23478300000000002 0.25626699999999997 0.23913
1 0.330084 0.272826 0.331128 0.270652 0.331128 0.268478 0.330084 0.26413000000000003 0.330084 0.258696 0.329387 0.25652200000000003 0.329387 0.24239099999999997 0.328343 0.238043 0.326253 0.238043 0.324861 0.26413000000000003 0.323468 0.266304 0.322772 0.270652 0.330084 0.272826
3 0.365599 0.253261 0.364554 0.25760900000000003 0.365599 0.261957 0.366295 0.259783 0.370125 0.26087 0.370474 0.258696 0.36977699999999997 0.25543499999999997 0.36977699999999997 0.24130400000000002 0.369081 0.24021699999999999 0.369081 0.233696 0.368036 0.232609 0.366992 0.23586999999999997 0.366992 0.23913 0.36594699999999997 0.24130400000000002 0.365599 0.253261
1 0.45543199999999995 0.3 0.46309199999999995 0.302174 0.463788 0.3 0.463788 0.296739 0.462047 0.29239099999999996 0.462047 0.286957 0.46135099999999996 0.284783 0.46135099999999996 0.267391 0.46065500000000004 0.26413000000000003 0.458565 0.26413000000000003 0.458217 0.282609 0.45717299999999994 0.29239099999999996 0.45543199999999995 0.296739 0.45543199999999995 0.3
3 0.469359 0.281522 0.478064 0.281522 0.47562699999999997 0.276087 0.475279 0.253261 0.473538 0.252174 0.472841 0.25543499999999997 0.471797 0.272826 0.46901099999999996 0.27934800000000004 0.469359 0.281522
3 0.517061 0.288043 0.517409 0.28913 0.52507 0.28913 0.523329 0.281522 0.523329 0.269565 0.522284 0.26087 0.520891 0.261957 0.5194989999999999 0.27391299999999996 0.5194989999999999 0.281522 0.517061 0.288043
1 0.5483979999999999 0.307609 0.547702 0.31087 0.546309 0.311957 0.5459609999999999 0.31521699999999997 0.546657 0.317391 0.554666 0.318478 0.555014 0.31521699999999997 0.5536209999999999 0.31087 0.553273 0.302174 0.552577 0.3 0.552577 0.283696 0.5518799999999999 0.280435 0.550836 0.27934800000000004 0.549443 0.283696 0.549443 0.293478 0.5483979999999999 0.302174 0.5483979999999999 0.307609
3 0.581476 0.296739 0.587396 0.298913 0.587744 0.29565199999999997 0.5866990000000001 0.29239099999999996 0.5866990000000001 0.280435 0.586003 0.277174 0.586003 0.271739 0.58461 0.270652 0.583217 0.275 0.583217 0.286957 0.582869 0.291304 0.581476 0.296739
1 0.651114 0.321739 0.6504179999999999 0.325 0.648329 0.32717399999999996 0.648329 0.330435 0.657382 0.33260900000000004 0.6580779999999999 0.32934800000000003 0.656685 0.32717399999999996 0.655989 0.323913 0.654944 0.29782600000000004 0.652855 0.296739 0.6521589999999999 0.301087 0.6521589999999999 0.307609 0.651462 0.31087 0.651114 0.321739
3 0.631616 0.304348 0.638231 0.304348 0.638231 0.302174 0.63649 0.29782600000000004 0.6354460000000001 0.278261 0.633705 0.277174 0.633008 0.294565 0.632312 0.3 0.631616 0.301087 0.631616 0.304348
3 0.658774 0.304348 0.6633009999999999 0.306522 0.666086 0.305435 0.664694 0.302174 0.664694 0.290217 0.663997 0.281522 0.662604 0.280435 0.661212 0.291304 0.660864 0.301087 0.659123 0.302174 0.658774 0.304348
3 0.698468 0.306522 0.697772 0.301087 0.697772 0.291304 0.697075 0.283696 0.6956819999999999 0.283696 0.6946380000000001 0.302174 0.691852 0.306522 0.698468 0.306522
3 0.708217 0.306522 0.713092 0.306522 0.712047 0.284783 0.710655 0.28586999999999996 0.709958 0.302174 0.708565 0.303261 0.708217 0.306522
3 0.7134400000000001 0.301087 0.7134400000000001 0.306522 0.716574 0.306522 0.719011 0.303261 0.717618 0.298913 0.717618 0.286957 0.7169220000000001 0.283696 0.715877 0.283696 0.7151810000000001 0.286957 0.714485 0.29782600000000004 0.7134400000000001 0.301087
3 0.706476 0.291304 0.7071729999999999 0.294565 0.705084 0.296739 0.709958 0.296739 0.709958 0.286957 0.708565 0.276087 0.7075210000000001 0.276087 0.706476 0.288043 0.704735 0.290217 0.706476 0.291304
1 0.726671 0.334783 0.726671 0.336957 0.7287600000000001 0.340217 0.735028 0.340217 0.733287 0.32934800000000003 0.732591 0.307609 0.7305010000000001 0.306522 0.7301529999999999 0.31630400000000003 0.729457 0.318478 0.728412 0.333696 0.726671 0.334783
3 0.737465 0.293478 0.737117 0.27934800000000004 0.735724 0.277174 0.73468 0.28913 0.733983 0.291304 0.73468 0.293478 0.737465 0.293478
3 0.774373 0.3 0.7775070000000001 0.301087 0.776811 0.28586999999999996 0.775766 0.28586999999999996 0.77507 0.288043 0.77507 0.296739 0.774373 0.29782600000000004 0.774373 0.3
1 0.7806409999999999 0.340217 0.785864 0.340217 0.786212 0.336957 0.7848189999999999 0.333696 0.784471 0.330435 0.784123 0.31087 0.782033 0.30978300000000003 0.779944 0.333696 0.778552 0.334783 0.778552 0.336957 0.7806409999999999 0.340217
1 0.805362 0.334783 0.805362 0.336957 0.812326 0.336957 0.810585 0.330435 0.810585 0.31413 0.8098890000000001 0.311957 0.8084960000000001 0.313043 0.807103 0.326087 0.807103 0.33260900000000004 0.805362 0.334783
1 0.791783 0.31521699999999997 0.796309 0.31630400000000003 0.796309 0.31413 0.795265 0.31087 0.795265 0.3 0.7942199999999999 0.29565199999999997 0.793175 0.298913 0.7924789999999999 0.311957 0.791783 0.313043 0.791783 0.31521699999999997
1 0.798747 0.294565 0.797006 0.293478 0.795613 0.31087 0.799443 0.311957 0.7983979999999999 0.301087 0.798747 0.294565
3 0.868384 0.321739 0.871866 0.321739 0.8722139999999999 0.319565 0.87117 0.318478 0.8708220000000001 0.305435 0.869777 0.304348 0.8690810000000001 0.306522 0.868384 0.31630400000000003 0.8673400000000001 0.319565 0.868384 0.321739
3 0.897981 0.30978300000000003 0.89624 0.325 0.8997210000000001 0.326087 0.899373 0.31087 0.897981 0.30978300000000003
3 0.930362 0.328261 0.9300140000000001 0.318478 0.929318 0.31521699999999997 0.928621 0.31521699999999997 0.9265319999999999 0.330435 0.93071 0.33260900000000004 0.9310579999999999 0.32934800000000003 0.930362 0.328261
3 0.947772 0.331522 0.9488160000000001 0.318478 0.94812 0.318478 0.9470750000000001 0.321739 0.946031 0.33260900000000004 0.947772 0.331522
1 0.946379 0.338043 0.946379 0.341304 0.950905 0.341304 0.9495129999999999 0.323913 0.9484680000000001 0.325 0.9484680000000001 0.32934800000000003 0.947423 0.33587 0.946379 0.338043
1 0.899373 0.331522 0.9038999999999999 0.333696 0.9038999999999999 0.330435 0.902855 0.32717399999999996 0.902855 0.31630400000000003 0.902507 0.31413 0.901114 0.31413 0.9004179999999999 0.319565 0.9004179999999999 0.326087 0.899373 0.328261 0.899373 0.331522
1 0.139276 0.230435 0.138579 0.24021699999999999 0.137187 0.244565 0.135794 0.244565 0.135794 0.24673899999999999 0.14623999999999998 0.24673899999999999 0.144847 0.243478 0.14415 0.233696 0.143454 0.231522 0.143802 0.225 0.142758 0.209783 0.141713 0.209783 0.141017 0.213043 0.141017 0.220652 0.139276 0.230435
3 0.138579 0.211957 0.138579 0.221739 0.13753500000000002 0.225 0.135446 0.227174 0.139624 0.227174 0.140669 0.220652 0.140669 0.213043 0.141713 0.208696 0.142758 0.208696 0.142409 0.20434800000000003 0.141713 0.203261 0.141713 0.2 0.140669 0.198913 0.139972 0.202174 0.139972 0.20543499999999998 0.138579 0.211957
1 0.8116300000000001 0.331522 0.8172010000000001 0.331522 0.8154600000000001 0.313043 0.815808 0.30869599999999997 0.814067 0.307609 0.814067 0.313043 0.812674 0.323913 0.8116300000000001 0.32717399999999996 0.8116300000000001 0.331522
1 0.810933 0.321739 0.8112809999999999 0.323913 0.812326 0.322826 0.812326 0.319565 0.8133699999999999 0.31521699999999997 0.814067 0.303261 0.8133699999999999 0.303261 0.812326 0.306522 0.8116300000000001 0.320652 0.810933 0.321739
3 0.8189420000000001 0.30869599999999997 0.819638 0.31087 0.821031 0.31087 0.821031 0.304348 0.8220750000000001 0.298913 0.8217269999999999 0.294565 0.821031 0.294565 0.8199859999999999 0.3 0.8199859999999999 0.307609 0.8189420000000001 0.30869599999999997
1 0.8199859999999999 0.31521699999999997 0.8245129999999999 0.31630400000000003 0.824861 0.31413 0.8238160000000001 0.311957 0.8234680000000001 0.298913 0.822423 0.298913 0.8217269999999999 0.302174 0.821379 0.31087 0.8203340000000001 0.311957 0.8199859999999999 0.31521699999999997