3 0.090181 0.45869600000000005 0.088788 0.46630399999999994 0.088788 0.46956499999999995 0.085306 0.470652 0.083914 0.47391300000000003 0.083565 0.47717400000000004 0.081476 0.479348 0.080432 0.48260899999999995 0.08182500000000001 0.48586999999999997 0.095056 0.48586999999999997 0.096448 0.48804299999999995 0.105501 0.48804299999999995 0.109331 0.48586999999999997 0.11351 0.48043500000000006 0.116295 0.479348 0.115947 0.475 0.114206 0.475 0.112465 0.468478 0.10968 0.467391 0.108287 0.46195700000000006 0.105501 0.409783 0.10376 0.395652 0.102019 0.373913 0.09609999999999999 0.373913 0.094359 0.396739 0.09331500000000001 0.42391300000000004 0.090529 0.44782599999999995 0.090181 0.45869600000000005
3 0.277855 0.353261 0.277855 0.358696 0.27681100000000003 0.365217 0.274721 0.36739099999999997 0.274721 0.372826 0.28830100000000003 0.373913 0.29039000000000004 0.371739 0.29039000000000004 0.366304 0.288997 0.365217 0.28830100000000003 0.361957 0.287604 0.348913 0.28656000000000004 0.342391 0.28656000000000004 0.331522 0.28447100000000003 0.31087 0.282382 0.31087 0.28098900000000004 0.313043 0.279944 0.333696 0.277855 0.353261
3 0.416783 0.342391 0.42722800000000005 0.343478 0.427577 0.340217 0.426184 0.338043 0.42548700000000006 0.334783 0.424095 0.30869599999999997 0.424095 0.298913 0.42130900000000004 0.298913 0.420265 0.322826 0.418872 0.334783 0.416783 0.33913000000000004 0.416783 0.342391
3 0.547702 0.338043 0.547702 0.334783 0.546657 0.331522 0.546309 0.31521699999999997 0.545613 0.311957 0.545265 0.302174 0.543872 0.3 0.5428270000000001 0.304348 0.541086 0.333696 0.539694 0.336957 0.547702 0.338043
3 0.6580779999999999 0.341304 0.657033 0.342391 0.657033 0.34565199999999996 0.663649 0.346739 0.663997 0.342391 0.6633009999999999 0.341304 0.662604 0.333696 0.661908 0.317391 0.661212 0.31413 0.660515 0.31413 0.6598189999999999 0.31630400000000003 0.6598189999999999 0.323913 0.658774 0.336957 0.6580779999999999 0.341304
3 0.781685 0.361957 0.782382 0.36413 0.7883009999999999 0.363043 0.787256 0.356522 0.787256 0.346739 0.786212 0.333696 0.7848189999999999 0.334783 0.783774 0.35108700000000004 0.782382 0.36086999999999997 0.781685 0.361957
3 0.918175 0.390217 0.918524 0.38913000000000003 0.9174789999999999 0.384783 0.916783 0.36413 0.916086 0.359783 0.914345 0.359783 0.911908 0.38587 0.9101670000000001 0.388043 0.91156 0.390217 0.918175 0.390217
1 0.87883 0.39891299999999996 0.8760450000000001 0.407609 0.878482 0.41086999999999996 0.886838 0.411957 0.887535 0.409783 0.885097 0.40217400000000003 0.884053 0.370652 0.881267 0.36956500000000003 0.880571 0.378261 0.879875 0.38043499999999997 0.879875 0.386957 0.87883 0.39891299999999996
1 0.749652 0.390217 0.750348 0.391304 0.760097 0.392391 0.760097 0.388043 0.758705 0.38587 0.75766 0.372826 0.757312 0.35108700000000004 0.756267 0.348913 0.754178 0.35108700000000004 0.751741 0.383696 0.749652 0.386957 0.749652 0.390217
1 0.604805 0.40217400000000003 0.611421 0.40869600000000006 0.618733 0.407609 0.619081 0.403261 0.618384 0.40217400000000003 0.618384 0.4 0.615947 0.397826 0.615599 0.388043 0.6145539999999999 0.38043499999999997 0.614206 0.352174 0.61351 0.35 0.611072 0.35 0.607591 0.393478 0.6068939999999999 0.396739 0.604805 0.397826 0.604805 0.40217400000000003
1 0.6733979999999999 0.383696 0.671657 0.386957 0.671657 0.390217 0.678273 0.394565 0.683148 0.394565 0.683496 0.390217 0.681407 0.38587 0.68071 0.375 0.680014 0.371739 0.680014 0.356522 0.6793180000000001 0.346739 0.6786209999999999 0.344565 0.6768799999999999 0.344565 0.676184 0.346739 0.675836 0.36086999999999997 0.674443 0.379348 0.6733979999999999 0.383696
1 0.74617 0.76413 0.745822 0.771739 0.744777 0.778261 0.744429 0.7880429999999999 0.743036 0.798913 0.741643 0.8206519999999999 0.738858 0.846739 0.7677579999999999 0.846739 0.767061 0.8239129999999999 0.766017 0.815217 0.766017 0.8010870000000001 0.76532 0.795652 0.76532 0.761957 0.763579 0.703261 0.759749 0.697826 0.752437 0.696739 0.752089 0.708696 0.748259 0.7445649999999999 0.7472139999999999 0.761957 0.74617 0.76413
1 0.554666 0.430435 0.5536209999999999 0.43478300000000003 0.550836 0.43695700000000004 0.5501389999999999 0.44239100000000003 0.550836 0.44565200000000005 0.5518799999999999 0.44565200000000005 0.552577 0.44782599999999995 0.553969 0.44239100000000003 0.557451 0.44239100000000003 0.56163 0.452174 0.566852 0.45108699999999996 0.568245 0.44782599999999995 0.568245 0.443478 0.566852 0.43913 0.565808 0.43913 0.564415 0.43260899999999997 0.564415 0.421739 0.56337 0.41630399999999995 0.56337 0.392391 0.562674 0.377174 0.56163 0.373913 0.558844 0.373913 0.557451 0.38260900000000003 0.556755 0.40217400000000003 0.555014 0.418478 0.554666 0.430435
1 0.546309 0.532609 0.5424789999999999 0.53587 0.541086 0.544565 0.5442199999999999 0.555435 0.547702 0.559783 0.549791 0.557609 0.5595399999999999 0.557609 0.5612809999999999 0.559783 0.567897 0.559783 0.5689420000000001 0.557609 0.5689420000000001 0.554348 0.567897 0.548913 0.567549 0.5423910000000001 0.5630219999999999 0.534783 0.5619780000000001 0.511957 0.560585 0.5054350000000001 0.559889 0.481522 0.560237 0.467391 0.5595399999999999 0.448913 0.557103 0.443478 0.553969 0.443478 0.5518799999999999 0.468478 0.5518799999999999 0.479348 0.547702 0.527174 0.546309 0.532609