1 0.460306 0.592391 0.45891400000000004 0.602174 0.45891400000000004 0.607609 0.45786899999999997 0.616304 0.45786899999999997 0.623913 0.456476 0.636957 0.456128 0.652174 0.454039 0.676087 0.453343 0.678261 0.451253 0.678261 0.450557 0.680435 0.447075 0.6836960000000001 0.44568199999999997 0.690217 0.44568199999999997 0.695652 0.44463800000000003 0.7 0.439763 0.703261 0.438719 0.705435 0.441852 0.7076089999999999 0.44428999999999996 0.7119570000000001 0.446379 0.7119570000000001 0.450905 0.718478 0.454735 0.719565 0.45786899999999997 0.722826 0.459262 0.721739 0.46065500000000004 0.723913 0.461699 0.722826 0.462744 0.725 0.465181 0.725 0.467618 0.729348 0.47005600000000003 0.727174 0.4711 0.723913 0.474582 0.725 0.47562699999999997 0.722826 0.47841199999999995 0.722826 0.481546 0.719565 0.48607199999999995 0.71087 0.48955399999999993 0.708696 0.489903 0.703261 0.489206 0.7 0.48676899999999995 0.697826 0.483983 0.688043 0.479805 0.682609 0.47876 0.679348 0.478064 0.673913 0.478064 0.66413 0.47736799999999996 0.659783 0.47736799999999996 0.6489130000000001 0.47597500000000004 0.640217 0.476323 0.6380429999999999 0.47562699999999997 0.634783 0.47562699999999997 0.628261 0.474582 0.617391 0.473886 0.584783 0.47318899999999997 0.5771740000000001 0.47318899999999997 0.565217 0.472145 0.543478 0.470404 0.53913 0.46552899999999997 0.5380429999999999 0.463788 0.540217 0.461699 0.572826 0.460306 0.58587 0.460306 0.592391
1 0.333565 0.348913 0.345056 0.35 0.345752 0.348913 0.345752 0.346739 0.345056 0.343478 0.34401099999999996 0.343478 0.343315 0.341304 0.343315 0.330435 0.341574 0.321739 0.341226 0.296739 0.338092 0.294565 0.337396 0.29782600000000004 0.335655 0.33587 0.333565 0.342391 0.333565 0.348913
1 0.403203 0.318478 0.401462 0.321739 0.401462 0.325 0.404596 0.328261 0.410515 0.328261 0.411212 0.32717399999999996 0.411212 0.325 0.409123 0.318478 0.40947100000000003 0.30978300000000003 0.40842599999999996 0.306522 0.408774 0.3 0.40773000000000004 0.283696 0.406337 0.282609 0.40494399999999997 0.284783 0.40424800000000005 0.307609 0.403203 0.31413 0.403203 0.318478
3 0.38022300000000003 0.286957 0.381616 0.28913 0.387187 0.28913 0.387535 0.284783 0.38649 0.280435 0.38509699999999997 0.25760900000000003 0.383705 0.25652200000000003 0.38266 0.258696 0.38266 0.270652 0.381964 0.280435 0.38022300000000003 0.286957
3 0.131964 0.306522 0.130919 0.30978300000000003 0.12883 0.311957 0.128134 0.31521699999999997 0.130223 0.313043 0.135794 0.31521699999999997 0.143106 0.31413 0.142409 0.311957 0.142409 0.30869599999999997 0.141017 0.30869599999999997 0.14032 0.305435 0.139276 0.280435 0.138579 0.277174 0.138231 0.269565 0.137187 0.265217 0.135446 0.265217 0.134053 0.271739 0.13370500000000002 0.290217 0.131964 0.306522
3 0.264624 0.290217 0.262883 0.290217 0.261838 0.293478 0.272632 0.293478 0.27298100000000003 0.291304 0.270891 0.284783 0.270891 0.27391299999999996 0.269847 0.259783 0.26915 0.25652200000000003 0.267061 0.25652200000000003 0.266365 0.261957 0.266365 0.275 0.26532 0.288043 0.264624 0.290217
1 0.47249299999999994 0.319565 0.48015299999999994 0.320652 0.480501 0.31630400000000003 0.47841199999999995 0.311957 0.478064 0.303261 0.47736799999999996 0.301087 0.47736799999999996 0.283696 0.47667099999999996 0.280435 0.47562699999999997 0.27934800000000004 0.47423400000000004 0.283696 0.473886 0.302174 0.471797 0.317391 0.47249299999999994 0.319565
3 0.49617000000000006 0.288043 0.495125 0.28586999999999996 0.494777 0.266304 0.494081 0.26413000000000003 0.49268799999999996 0.26413000000000003 0.49129500000000004 0.28586999999999996 0.489903 0.290217 0.495822 0.291304 0.49617000000000006 0.288043
1 0.55571 0.318478 0.55571 0.31630400000000003 0.5536209999999999 0.30869599999999997 0.552577 0.283696 0.5504870000000001 0.283696 0.549095 0.30869599999999997 0.546657 0.31630400000000003 0.54805 0.318478 0.55571 0.318478
3 0.601671 0.29782600000000004 0.600627 0.3 0.600975 0.302174 0.606546 0.302174 0.6051529999999999 0.29239099999999996 0.6051529999999999 0.283696 0.604109 0.275 0.603064 0.278261 0.602716 0.290217 0.6020190000000001 0.29239099999999996 0.601671 0.29782600000000004
1 0.662953 0.32934800000000003 0.662953 0.32717399999999996 0.661212 0.322826 0.661212 0.31630400000000003 0.660515 0.313043 0.660515 0.296739 0.6598189999999999 0.294565 0.658774 0.294565 0.657382 0.302174 0.656337 0.321739 0.654248 0.328261 0.662953 0.32934800000000003
1 0.720056 0.333696 0.720056 0.336957 0.728412 0.336957 0.728412 0.333696 0.727368 0.330435 0.726323 0.305435 0.724234 0.304348 0.723189 0.323913 0.722145 0.331522 0.720056 0.333696
3 0.706476 0.313043 0.706476 0.31630400000000003 0.713092 0.317391 0.713092 0.313043 0.712047 0.31087 0.712047 0.29782600000000004 0.711351 0.28913 0.709958 0.28913 0.70961 0.29782600000000004 0.708565 0.305435 0.708565 0.311957 0.706476 0.313043
3 0.8255570000000001 0.334783 0.8255570000000001 0.338043 0.8325210000000001 0.338043 0.8307800000000001 0.31087 0.8290390000000001 0.311957 0.827994 0.328261 0.8269500000000001 0.333696 0.8255570000000001 0.334783
1 0.829735 0.358696 0.8387879999999999 0.358696 0.8387879999999999 0.355435 0.8370469999999999 0.348913 0.836003 0.323913 0.8342620000000001 0.323913 0.832173 0.352174 0.829735 0.355435 0.829735 0.358696
1 0.293175 0.425 0.291783 0.43804299999999996 0.291783 0.44565200000000005 0.289694 0.478261 0.288649 0.483696 0.28656000000000004 0.484783 0.284123 0.48913 0.284123 0.497826 0.285167 0.502174 0.288649 0.5054350000000001 0.310585 0.504348 0.310933 0.503261 0.30954000000000004 0.490217 0.308844 0.48804299999999995 0.30571000000000004 0.48586999999999997 0.304666 0.481522 0.301184 0.42934799999999995 0.301184 0.41086999999999996 0.300139 0.40217400000000003 0.29979100000000003 0.390217 0.294916 0.390217 0.294568 0.40543500000000005 0.293872 0.407609 0.293175 0.415217 0.293175 0.425
1 0.289345 0.346739 0.288997 0.36739099999999997 0.287953 0.376087 0.287953 0.38260900000000003 0.286212 0.386957 0.284123 0.38587 0.28273000000000004 0.390217 0.283426 0.395652 0.28447100000000003 0.397826 0.293524 0.397826 0.29422000000000004 0.396739 0.29422000000000004 0.392391 0.294916 0.38913000000000003 0.29979100000000003 0.38913000000000003 0.300487 0.394565 0.301184 0.394565 0.300836 0.386957 0.29805000000000004 0.384783 0.296657 0.373913 0.295613 0.352174 0.29596100000000003 0.333696 0.295265 0.326087 0.293872 0.322826 0.291435 0.322826 0.290042 0.330435 0.290042 0.344565 0.289345 0.346739