1 0.48189399999999993 0.555435 0.47910899999999995 0.555435 0.478064 0.557609 0.478064 0.568478 0.47876 0.570652 0.482939 0.573913 0.48502799999999996 0.580435 0.486421 0.581522 0.496518 0.579348 0.502437 0.584783 0.505919 0.584783 0.506964 0.579348 0.506616 0.575 0.505223 0.568478 0.504875 0.563043 0.500348 0.555435 0.49895500000000004 0.540217 0.49895500000000004 0.531522 0.49721399999999993 0.522826 0.496518 0.49891300000000005 0.49721399999999993 0.492391 0.49617000000000006 0.459783 0.494777 0.45543500000000003 0.49025100000000005 0.45543500000000003 0.48781299999999994 0.48695700000000003 0.48781299999999994 0.502174 0.482939 0.55 0.48189399999999993 0.555435
1 0.429666 0.384783 0.42896900000000004 0.386957 0.428273 0.39891299999999996 0.42722800000000005 0.403261 0.42479100000000003 0.404348 0.424443 0.409783 0.42548700000000006 0.41413 0.42688 0.41630399999999995 0.437326 0.41630399999999995 0.43837000000000004 0.41413 0.439763 0.415217 0.44046 0.41304299999999994 0.44046 0.40869600000000006 0.439763 0.40543500000000005 0.437674 0.403261 0.43697800000000003 0.396739 0.43697800000000003 0.388043 0.435933 0.384783 0.435933 0.356522 0.435237 0.347826 0.433148 0.344565 0.431407 0.34565199999999996 0.430014 0.363043 0.43036199999999997 0.372826 0.429666 0.378261 0.429666 0.384783
3 0.123955 0.33260900000000004 0.122563 0.36086999999999997 0.12151799999999999 0.36739099999999997 0.119777 0.36847799999999997 0.11734 0.373913 0.11768799999999999 0.378261 0.12987500000000002 0.38152200000000003 0.13370500000000002 0.38043499999999997 0.135446 0.377174 0.136142 0.378261 0.13753500000000002 0.376087 0.136838 0.36956500000000003 0.135097 0.36847799999999997 0.13370500000000002 0.365217 0.133008 0.354348 0.13266 0.331522 0.131616 0.32717399999999996 0.131616 0.319565 0.130919 0.31630400000000003 0.130919 0.30869599999999997 0.130223 0.305435 0.127437 0.304348 0.12604500000000002 0.307609 0.125 0.326087 0.123955 0.33260900000000004
2 0.190111 0.307609 0.189067 0.317391 0.188022 0.320652 0.186978 0.320652 0.185933 0.325 0.18453999999999998 0.32717399999999996 0.18453999999999998 0.32934800000000003 0.202298 0.32934800000000003 0.20264600000000002 0.325 0.200557 0.318478 0.197423 0.253261 0.196031 0.24565199999999998 0.19429000000000002 0.24565199999999998 0.192897 0.25760900000000003 0.190111 0.301087 0.190111 0.307609
3 0.244429 0.272826 0.244429 0.28586999999999996 0.24303599999999997 0.288043 0.24199199999999998 0.29239099999999996 0.23990300000000003 0.293478 0.240251 0.29565199999999997 0.24756300000000003 0.29565199999999997 0.251045 0.293478 0.251045 0.291304 0.25 0.290217 0.24930400000000003 0.283696 0.248259 0.25760900000000003 0.24686599999999997 0.25652200000000003 0.24582199999999998 0.258696 0.24582199999999998 0.26413000000000003 0.244429 0.272826
3 0.259401 0.280435 0.258357 0.281522 0.258357 0.284783 0.264972 0.284783 0.264276 0.278261 0.263579 0.253261 0.26149 0.254348 0.26009699999999997 0.268478 0.26009699999999997 0.276087 0.259401 0.280435
3 0.25522300000000003 0.275 0.25522300000000003 0.271739 0.254178 0.268478 0.253482 0.24673899999999999 0.251741 0.24565199999999998 0.250348 0.253261 0.24930400000000003 0.27391299999999996 0.252786 0.276087 0.25522300000000003 0.275
3 0.225279 0.26087 0.22388599999999997 0.26087 0.22388599999999997 0.26413000000000003 0.23154599999999997 0.265217 0.22945700000000002 0.23586999999999997 0.228064 0.236957 0.228064 0.243478 0.22667099999999998 0.25760900000000003 0.225279 0.26087
3 0.159471 0.24565199999999998 0.159471 0.24239099999999997 0.158426 0.23913 0.157382 0.221739 0.155641 0.220652 0.154248 0.24021699999999999 0.15285500000000002 0.24130400000000002 0.15285500000000002 0.244565 0.159471 0.24565199999999998
3 0.11002799999999999 0.233696 0.11002799999999999 0.236957 0.11734 0.236957 0.115947 0.213043 0.114206 0.211957 0.11281300000000001 0.221739 0.112465 0.232609 0.11002799999999999 0.233696
3 0.11664300000000001 0.20543499999999998 0.115947 0.192391 0.114554 0.19347799999999998 0.11351 0.203261 0.112117 0.20543499999999998 0.11664300000000001 0.20543499999999998
3 0.180014 0.21413000000000001 0.180014 0.203261 0.179318 0.20108700000000002 0.178273 0.203261 0.177577 0.211957 0.17687999999999998 0.21413000000000001 0.180014 0.21413000000000001
3 0.23851 0.215217 0.23746499999999998 0.21086999999999997 0.236421 0.21413000000000001 0.236072 0.22391299999999997 0.23920599999999997 0.22391299999999997 0.23851 0.215217
3 0.293524 0.232609 0.292827 0.219565 0.29213100000000003 0.220652 0.291435 0.228261 0.29039000000000004 0.232609 0.293524 0.232609
3 0.317201 0.23586999999999997 0.316156 0.22282600000000002 0.31511100000000003 0.227174 0.31511100000000003 0.233696 0.314067 0.23586999999999997 0.317201 0.23586999999999997
3 0.348886 0.231522 0.34818899999999997 0.228261 0.347493 0.228261 0.347145 0.238043 0.346448 0.24021699999999999 0.349234 0.24021699999999999 0.348886 0.231522
3 0.376741 0.244565 0.375696 0.24130400000000002 0.375348 0.231522 0.374652 0.231522 0.37360699999999997 0.23586999999999997 0.373955 0.24130400000000002 0.373259 0.244565 0.376741 0.244565
3 0.392758 0.24673899999999999 0.392061 0.24130400000000002 0.392061 0.23478300000000002 0.391365 0.233696 0.39066900000000004 0.236957 0.39066900000000004 0.243478 0.389972 0.24565199999999998 0.392758 0.24673899999999999
3 0.413301 0.248913 0.412953 0.24021699999999999 0.412256 0.236957 0.411212 0.23913 0.41156 0.24565199999999998 0.410515 0.24782600000000002 0.413301 0.248913
3 0.425139 0.25 0.42548700000000006 0.24782600000000002 0.42479100000000003 0.24673899999999999 0.42479100000000003 0.24021699999999999 0.424443 0.238043 0.423747 0.238043 0.42305000000000004 0.24130400000000002 0.42305000000000004 0.24673899999999999 0.422354 0.248913 0.425139 0.25
3 0.433148 0.25 0.431755 0.244565 0.431755 0.23913 0.431058 0.238043 0.430014 0.24130400000000002 0.430014 0.24673899999999999 0.42896900000000004 0.248913 0.433148 0.25
3 0.439415 0.24130400000000002 0.438719 0.238043 0.43802199999999997 0.238043 0.437674 0.24565199999999998 0.43697800000000003 0.24782600000000002 0.439415 0.24782600000000002 0.439415 0.24130400000000002
3 0.51149 0.25 0.510794 0.258696 0.512535 0.258696 0.512535 0.251087 0.51149 0.25
3 0.538649 0.26413000000000003 0.540042 0.26413000000000003 0.539694 0.254348 0.538649 0.25543499999999997 0.538649 0.26087 0.537953 0.261957 0.538649 0.26413000000000003
3 0.55571 0.258696 0.555014 0.258696 0.5543180000000001 0.267391 0.5560579999999999 0.267391 0.556407 0.263043 0.55571 0.258696
3 0.9488160000000001 0.342391 0.9470750000000001 0.353261 0.949861 0.354348 0.9502090000000001 0.346739 0.9488160000000001 0.342391
3 0.9157379999999999 0.347826 0.918524 0.346739 0.918175 0.33587 0.9174789999999999 0.33587 0.9164350000000001 0.33913000000000004 0.9164350000000001 0.344565 0.9157379999999999 0.347826
3 0.889972 0.33913000000000004 0.89032 0.331522 0.8896240000000001 0.330435 0.8896240000000001 0.328261 0.888579 0.331522 0.888231 0.336957 0.887187 0.33913000000000004 0.889972 0.33913000000000004
3 0.869429 0.33587 0.869777 0.333696 0.8690810000000001 0.325 0.868036 0.325 0.8673400000000001 0.32717399999999996 0.867688 0.33260900000000004 0.866992 0.334783 0.869429 0.33587
3 0.852019 0.320652 0.850627 0.322826 0.8502789999999999 0.32934800000000003 0.852368 0.32934800000000003 0.852019 0.320652
3 0.7712399999999999 0.296739 0.770543 0.29782600000000004 0.770195 0.304348 0.771588 0.304348 0.7712399999999999 0.296739
3 0.737117 0.291304 0.736072 0.290217 0.736072 0.293478 0.735376 0.29565199999999997 0.737465 0.296739 0.737117 0.291304
3 0.701253 0.283696 0.700905 0.290217 0.702298 0.290217 0.70195 0.283696 0.701253 0.283696
3 0.668872 0.277174 0.668175 0.277174 0.667131 0.282609 0.668524 0.283696 0.668872 0.277174
3 0.638579 0.270652 0.638231 0.278261 0.639624 0.278261 0.639624 0.272826 0.638579 0.270652
3 0.612117 0.270652 0.611421 0.267391 0.610724 0.267391 0.610724 0.271739 0.610028 0.27391299999999996 0.612117 0.27391299999999996 0.612117 0.270652
3 0.595752 0.26413000000000003 0.594708 0.271739 0.596448 0.270652 0.596448 0.266304 0.595752 0.26413000000000003
3 0.588788 0.270652 0.5884400000000001 0.26413000000000003 0.587396 0.265217 0.587396 0.269565 0.5866990000000001 0.271739 0.588788 0.270652
3 0.575209 0.269565 0.575209 0.261957 0.574164 0.261957 0.573816 0.267391 0.5731200000000001 0.269565 0.575209 0.269565
1 0.40076599999999996 0.296739 0.399721 0.298913 0.399721 0.301087 0.40494399999999997 0.301087 0.40424800000000005 0.270652 0.403203 0.270652 0.40250700000000006 0.27391299999999996 0.402159 0.284783 0.40076599999999996 0.296739
1 0.371866 0.28586999999999996 0.377786 0.286957 0.37639300000000003 0.277174 0.375348 0.258696 0.374652 0.258696 0.373955 0.263043 0.373259 0.27934800000000004 0.371866 0.283696 0.371866 0.28586999999999996
1 0.161212 0.233696 0.159471 0.225 0.159123 0.213043 0.158426 0.211957 0.15772999999999998 0.21413000000000001 0.158078 0.22934800000000002 0.159123 0.233696 0.161212 0.233696
1 0.135794 0.21413000000000001 0.134749 0.197826 0.13370500000000002 0.197826 0.133357 0.20543499999999998 0.131616 0.21413000000000001 0.135794 0.21413000000000001
1 0.184192 0.21739099999999997 0.182799 0.211957 0.183148 0.206522 0.181755 0.20543499999999998 0.181407 0.21413000000000001 0.180014 0.219565 0.184192 0.220652 0.184192 0.21739099999999997
1 0.22353800000000001 0.22282600000000002 0.22388599999999997 0.21739099999999997 0.223189 0.21086999999999997 0.22214499999999998 0.209783 0.22214499999999998 0.219565 0.220404 0.22391299999999997 0.224582 0.225 0.22353800000000001 0.22282600000000002
1 0.285167 0.232609 0.28481900000000004 0.220652 0.283774 0.220652 0.283078 0.231522 0.282033 0.23586999999999997 0.285864 0.23586999999999997 0.285167 0.232609
1 0.409123 0.24673899999999999 0.409123 0.24021699999999999 0.408078 0.23913 0.408078 0.24565199999999998 0.406337 0.253261 0.41016700000000006 0.254348 0.409123 0.24673899999999999
1 0.441504 0.258696 0.441852 0.254348 0.441156 0.252174 0.441156 0.244565 0.439763 0.243478 0.439763 0.248913 0.43837000000000004 0.25652200000000003 0.439763 0.258696 0.441504 0.258696
1 0.462047 0.259783 0.46135099999999996 0.24673899999999999 0.460306 0.24565199999999998 0.460306 0.252174 0.459262 0.254348 0.45891400000000004 0.258696 0.462047 0.259783
1 0.47771600000000003 0.25652200000000003 0.47736799999999996 0.24565199999999998 0.47667099999999996 0.24673899999999999 0.47667099999999996 0.252174 0.47562699999999997 0.25652200000000003 0.47771600000000003 0.25652200000000003
1 0.479805 0.25543499999999997 0.47910899999999995 0.248913 0.478064 0.24782600000000002 0.478064 0.25652200000000003 0.47736799999999996 0.258696 0.479457 0.259783 0.479805 0.25543499999999997
1 0.487117 0.25760900000000003 0.487465 0.251087 0.487117 0.24673899999999999 0.486421 0.24565199999999998 0.485724 0.24782600000000002 0.485724 0.254348 0.48502799999999996 0.25652200000000003 0.487117 0.25760900000000003
1 0.503134 0.25543499999999997 0.503134 0.248913 0.502089 0.248913 0.502089 0.253261 0.500696 0.258696 0.50383 0.258696 0.503134 0.25543499999999997
1 0.545265 0.25652200000000003 0.544568 0.25652200000000003 0.5442199999999999 0.261957 0.543175 0.266304 0.5459609999999999 0.267391 0.545265 0.25652200000000003
1 0.571031 0.271739 0.571031 0.26087 0.569986 0.26087 0.5696380000000001 0.267391 0.5689420000000001 0.269565 0.5696380000000001 0.271739 0.571031 0.271739
1 0.602368 0.267391 0.601671 0.275 0.6037600000000001 0.276087 0.603064 0.267391 0.602368 0.267391
1 0.621518 0.270652 0.620822 0.270652 0.620822 0.276087 0.620125 0.27934800000000004 0.621518 0.280435 0.621518 0.270652
1 0.6427579999999999 0.272826 0.642061 0.280435 0.643454 0.281522 0.643454 0.272826 0.6427579999999999 0.272826
1 0.661212 0.276087 0.660515 0.277174 0.660515 0.284783 0.661908 0.283696 0.661212 0.276087
1 0.681407 0.27934800000000004 0.68071 0.288043 0.6827989999999999 0.288043 0.682103 0.27934800000000004 0.681407 0.27934800000000004
1 0.704387 0.284783 0.7040390000000001 0.29239099999999996 0.705432 0.29239099999999996 0.705432 0.284783 0.704387 0.284783
1 0.7287600000000001 0.294565 0.728064 0.29239099999999996 0.728064 0.28913 0.727368 0.28913 0.726671 0.29239099999999996 0.726671 0.29782600000000004 0.728412 0.29782600000000004 0.7287600000000001 0.294565
1 0.799095 0.31413 0.799443 0.30869599999999997 0.7983979999999999 0.31087 0.797354 0.319565 0.800139 0.319565 0.799095 0.31413
1 0.827646 0.31630400000000003 0.826602 0.317391 0.8252090000000001 0.328261 0.8283429999999999 0.328261 0.827646 0.31630400000000003
1 0.864554 0.336957 0.86351 0.33260900000000004 0.86351 0.323913 0.862465 0.325 0.861769 0.32934800000000003 0.861769 0.338043 0.864554 0.336957
1 0.9091229999999999 0.334783 0.908078 0.334783 0.9066850000000001 0.347826 0.909819 0.348913 0.9091229999999999 0.343478 0.9091229999999999 0.334783
1 0.410864 0.318478 0.411212 0.31630400000000003 0.409819 0.313043 0.409123 0.304348 0.40842599999999996 0.281522 0.40598900000000004 0.281522 0.40529200000000004 0.304348 0.403203 0.31630400000000003 0.40424800000000005 0.318478 0.410864 0.318478
1 0.33077999999999996 0.268478 0.330084 0.268478 0.32903899999999997 0.26413000000000003 0.328343 0.24673899999999999 0.326602 0.24565199999999998 0.325905 0.26087 0.323816 0.269565 0.33077999999999996 0.270652 0.33077999999999996 0.268478
1 0.276114 0.24673899999999999 0.276114 0.23478300000000002 0.274721 0.233696 0.273677 0.248913 0.271936 0.254348 0.277855 0.25652200000000003 0.276114 0.24673899999999999
1 0.082521 0.197826 0.082521 0.191304 0.080432 0.191304 0.080084 0.2 0.078691 0.206522 0.083565 0.20760900000000002 0.082521 0.197826
1 0.064763 0.21739099999999997 0.063719 0.20760900000000002 0.06337000000000001 0.196739 0.061280999999999995 0.197826 0.061280999999999995 0.206522 0.058496000000000006 0.21739099999999997 0.064763 0.21739099999999997
1 0.22353800000000001 0.24130400000000002 0.222493 0.226087 0.2211 0.226087 0.22005599999999997 0.238043 0.21831499999999998 0.243478 0.224582 0.243478 0.22353800000000001 0.24130400000000002
1 0.324164 0.23478300000000002 0.324164 0.227174 0.322772 0.227174 0.322423 0.23478300000000002 0.32137899999999997 0.24130400000000002 0.32520899999999997 0.24239099999999997 0.324164 0.23478300000000002
1 0.370822 0.248913 0.37117 0.24565199999999998 0.370125 0.24130400000000002 0.370125 0.23478300000000002 0.36873300000000003 0.23478300000000002 0.368036 0.24565199999999998 0.36734 0.24673899999999999 0.36734 0.248913 0.370822 0.248913
1 0.472841 0.24782600000000002 0.471448 0.24782600000000002 0.47075199999999995 0.258696 0.47423400000000004 0.258696 0.47249299999999994 0.252174 0.472841 0.24782600000000002
1 0.632312 0.271739 0.631616 0.27934800000000004 0.633357 0.280435 0.633008 0.272826 0.632312 0.271739
1 0.75 0.294565 0.749652 0.303261 0.751741 0.302174 0.751045 0.296739 0.75 0.294565
1 0.795613 0.31413 0.794568 0.30869599999999997 0.794916 0.305435 0.793175 0.305435 0.793175 0.311957 0.7924789999999999 0.317391 0.795265 0.317391 0.795613 0.31413
1 0.773677 0.302174 0.774025 0.298913 0.7729809999999999 0.298913 0.772284 0.307609 0.774373 0.307609 0.774373 0.304348 0.773677 0.302174
1 0.7848189999999999 0.302174 0.784471 0.31087 0.7865599999999999 0.31087 0.785515 0.303261 0.7848189999999999 0.302174
2 0.202298 0.269565 0.201602 0.272826 0.20264600000000002 0.277174 0.204039 0.28913 0.204039 0.298913 0.20473499999999997 0.303261 0.20473499999999997 0.30869599999999997 0.20578 0.31413 0.20578 0.318478 0.207173 0.319565 0.207869 0.323913 0.21030600000000002 0.323913 0.211699 0.318478 0.21065499999999998 0.31630400000000003 0.209958 0.30978300000000003 0.208217 0.263043 0.207173 0.259783 0.207173 0.248913 0.20647600000000002 0.243478 0.20473499999999997 0.24239099999999997 0.204039 0.243478 0.203691 0.254348 0.202298 0.261957 0.202298 0.269565
3 0.197423 0.24673899999999999 0.197772 0.254348 0.200209 0.254348 0.200209 0.251087 0.199164 0.24782600000000002 0.199164 0.233696 0.198468 0.231522 0.198468 0.228261 0.197423 0.228261 0.195682 0.236957 0.195682 0.243478 0.196379 0.243478 0.197423 0.24673899999999999
2 0.415738 0.323913 0.415738 0.330435 0.41434499999999996 0.340217 0.413997 0.347826 0.412953 0.354348 0.41190800000000005 0.356522 0.41190800000000005 0.36086999999999997 0.41364900000000004 0.363043 0.42688 0.363043 0.42688 0.357609 0.425836 0.356522 0.424095 0.346739 0.423747 0.32717399999999996 0.422702 0.31630400000000003 0.422702 0.3 0.422006 0.296739 0.42130900000000004 0.280435 0.41922 0.280435 0.41956800000000005 0.288043 0.418872 0.29239099999999996 0.418524 0.302174 0.415738 0.323913
2 0.41434499999999996 0.28913 0.413997 0.298913 0.413301 0.302174 0.41260399999999997 0.322826 0.411212 0.342391 0.40947100000000003 0.34565199999999996 0.40947100000000003 0.348913 0.41156 0.347826 0.412256 0.34565199999999996 0.41260399999999997 0.33587 0.413301 0.33260900000000004 0.41434499999999996 0.318478 0.415738 0.313043 0.416783 0.313043 0.417479 0.30869599999999997 0.418524 0.291304 0.418524 0.282609 0.41782700000000006 0.276087 0.416435 0.276087 0.41539000000000004 0.27934800000000004 0.41539000000000004 0.283696 0.41434499999999996 0.28913
3 0.20299399999999998 0.326087 0.207521 0.325 0.207521 0.321739 0.205432 0.318478 0.205432 0.31413 0.204387 0.30869599999999997 0.204387 0.303261 0.203691 0.298913 0.203691 0.28913 0.202298 0.277174 0.20090499999999997 0.276087 0.200557 0.284783 0.199513 0.290217 0.20090499999999997 0.318478 0.20299399999999998 0.326087
3 0.41156 0.348913 0.41016700000000006 0.35 0.410515 0.354348 0.412256 0.354348 0.413997 0.344565 0.413997 0.33913000000000004 0.41539000000000004 0.330435 0.41539000000000004 0.323913 0.41608599999999996 0.320652 0.41608599999999996 0.31413 0.415042 0.317391 0.413997 0.325 0.41260399999999997 0.34565199999999996 0.41156 0.348913