3 0.439415 0.7880429999999999 0.43837000000000004 0.7923910000000001 0.43662999999999996 0.846739 0.471448 0.846739 0.470404 0.828261 0.466922 0.796739 0.466922 0.791304 0.46344 0.754348 0.462744 0.7369570000000001 0.459958 0.7 0.459262 0.696739 0.456825 0.6543479999999999 0.456128 0.652174 0.45369099999999996 0.65 0.45020899999999997 0.65 0.446379 0.653261 0.445334 0.656522 0.443245 0.715217 0.440808 0.748913 0.439415 0.7880429999999999
3 0.922354 0.45 0.920265 0.470652 0.918524 0.475 0.915042 0.475 0.913649 0.478261 0.913649 0.48043500000000006 0.912604 0.483696 0.909819 0.484783 0.9084260000000001 0.48695700000000003 0.9077299999999999 0.490217 0.9091229999999999 0.492391 0.9157379999999999 0.49347799999999997 0.919916 0.496739 0.922006 0.49565200000000004 0.9282730000000001 0.5 0.9317550000000001 0.5 0.9331480000000001 0.502174 0.9404600000000001 0.501087 0.94429 0.49891300000000005 0.9453340000000001 0.496739 0.9470750000000001 0.497826 0.9505570000000001 0.494565 0.9502090000000001 0.48804299999999995 0.9449859999999999 0.479348 0.9422010000000001 0.478261 0.941156 0.47391300000000003 0.9397629999999999 0.453261 0.9397629999999999 0.44239100000000003 0.939067 0.43804299999999996 0.937674 0.415217 0.9366300000000001 0.40869600000000006 0.9362809999999999 0.394565 0.9345399999999999 0.372826 0.9334960000000001 0.370652 0.9282730000000001 0.370652 0.927577 0.372826 0.925836 0.40543500000000005 0.923747 0.42391300000000004 0.922354 0.45
4 0.20856499999999997 0.356522 0.20647600000000002 0.361957 0.212744 0.361957 0.21518099999999998 0.36086999999999997 0.21622599999999997 0.358696 0.21901099999999998 0.358696 0.21901099999999998 0.356522 0.21622599999999997 0.355435 0.21518099999999998 0.341304 0.21448499999999998 0.338043 0.21448499999999998 0.331522 0.21344 0.323913 0.213092 0.31521699999999997 0.212047 0.311957 0.211351 0.311957 0.21065499999999998 0.31413 0.21030600000000002 0.32934800000000003 0.209262 0.338043 0.20856499999999997 0.356522
4 0.191156 0.294565 0.189763 0.276087 0.189067 0.27391299999999996 0.188719 0.267391 0.188022 0.266304 0.186978 0.278261 0.187326 0.284783 0.186281 0.293478 0.191156 0.294565
4 0.258008 0.26413000000000003 0.262535 0.26413000000000003 0.26149 0.26087 0.260794 0.244565 0.259749 0.243478 0.259749 0.248913 0.25905300000000003 0.252174 0.25905300000000003 0.261957 0.258008 0.26413000000000003
4 0.300139 0.29239099999999996 0.298398 0.283696 0.298398 0.278261 0.297006 0.267391 0.297006 0.263043 0.296309 0.261957 0.296309 0.259783 0.295613 0.259783 0.294916 0.265217 0.29422000000000004 0.288043 0.292479 0.29239099999999996 0.300139 0.29239099999999996
4 0.363858 0.3 0.363858 0.302174 0.36594699999999997 0.303261 0.369081 0.301087 0.37360699999999997 0.301087 0.373259 0.298913 0.371866 0.298913 0.370822 0.29565199999999997 0.36873300000000003 0.268478 0.368036 0.265217 0.36734 0.265217 0.366643 0.271739 0.366295 0.29239099999999996 0.36594699999999997 0.29565199999999997 0.363858 0.3
4 0.34226999999999996 0.266304 0.342618 0.261957 0.341922 0.25760900000000003 0.341574 0.24782600000000002 0.340877 0.24239099999999997 0.339833 0.24130400000000002 0.338788 0.258696 0.339136 0.26087 0.33843999999999996 0.266304 0.34226999999999996 0.266304
4 0.366295 0.24673899999999999 0.365599 0.232609 0.364206 0.230435 0.364206 0.238043 0.363162 0.251087 0.367688 0.251087 0.366295 0.24673899999999999
4 0.410515 0.268478 0.41260399999999997 0.266304 0.412953 0.26413000000000003 0.41190800000000005 0.261957 0.41190800000000005 0.254348 0.411212 0.251087 0.410864 0.24130400000000002 0.409819 0.23913 0.409123 0.24130400000000002 0.408774 0.25760900000000003 0.407382 0.266304 0.410515 0.268478
4 0.43245100000000003 0.248913 0.43245100000000003 0.251087 0.43697800000000003 0.251087 0.437326 0.24782600000000002 0.43662999999999996 0.244565 0.435585 0.228261 0.43454 0.228261 0.434192 0.23586999999999997 0.433496 0.238043 0.433496 0.24565199999999998 0.43245100000000003 0.248913
4 0.5 0.252174 0.504875 0.251087 0.50383 0.24021699999999999 0.50383 0.231522 0.5027860000000001 0.226087 0.502089 0.227174 0.501045 0.24673899999999999 0.5 0.248913 0.5 0.252174
4 0.507312 0.25543499999999997 0.507312 0.261957 0.505571 0.266304 0.512535 0.267391 0.512883 0.265217 0.51149 0.26087 0.5104460000000001 0.253261 0.509749 0.236957 0.508705 0.236957 0.508357 0.24673899999999999 0.50766 0.251087 0.508008 0.252174 0.507312 0.25543499999999997
4 0.621518 0.23586999999999997 0.620125 0.226087 0.619429 0.21413000000000001 0.618733 0.211957 0.618036 0.21413000000000001 0.618036 0.221739 0.616643 0.23478300000000002 0.621518 0.23586999999999997
4 0.655292 0.232609 0.654944 0.218478 0.6538999999999999 0.21739099999999997 0.6521589999999999 0.24021699999999999 0.650766 0.243478 0.657382 0.244565 0.655292 0.232609
4 0.772284 0.221739 0.7712399999999999 0.202174 0.7698470000000001 0.203261 0.76915 0.215217 0.7681060000000001 0.221739 0.772284 0.221739
4 0.790042 0.233696 0.788649 0.226087 0.787604 0.208696 0.7865599999999999 0.209783 0.7851670000000001 0.22934800000000002 0.783774 0.233696 0.790042 0.233696