3 0.5853240000000001 0.336538 0.584898 0.36177899999999996 0.582765 0.366587 0.582765 0.36899000000000004 0.584471 0.37379799999999996 0.59215 0.37379799999999996 0.5930030000000001 0.371394 0.594283 0.371394 0.59471 0.36899000000000004 0.59215 0.336538 0.5917239999999999 0.31009600000000004 0.590017 0.30769199999999997 0.588311 0.30769199999999997 0.587031 0.31129799999999996 0.586604 0.32572100000000004 0.5853240000000001 0.336538
3 0.674915 0.29206699999999997 0.674061 0.29927899999999996 0.676195 0.30168300000000003 0.68302 0.30168300000000003 0.68302 0.296875 0.6817409999999999 0.29447100000000004 0.680887 0.28605800000000003 0.680887 0.272837 0.680034 0.26802899999999996 0.679608 0.25961500000000004 0.677048 0.25961500000000004 0.676195 0.262019 0.676195 0.26802899999999996 0.675341 0.272837 0.674915 0.29206699999999997
2 0.714164 0.27524000000000004 0.71971 0.27524000000000004 0.721416 0.272837 0.721843 0.265625 0.7188570000000001 0.24399 0.71843 0.229567 0.717577 0.223558 0.71587 0.223558 0.7145900000000001 0.234375 0.714164 0.25480800000000003 0.712457 0.27163499999999996 0.714164 0.27524000000000004
2 0.721843 0.25961500000000004 0.72227 0.269231 0.725256 0.269231 0.724829 0.26081699999999997 0.722696 0.25 0.7205630000000001 0.223558 0.71843 0.223558 0.719283 0.240385 0.72099 0.25240399999999996 0.72099 0.258413 0.721843 0.25961500000000004
3 0.731229 0.25600999999999996 0.729522 0.245192 0.729522 0.239183 0.728669 0.236779 0.726962 0.236779 0.725256 0.26081699999999997 0.727389 0.26322100000000004 0.731229 0.262019 0.731229 0.25600999999999996
3 0.734642 0.25 0.736348 0.25240399999999996 0.739761 0.25240399999999996 0.740614 0.25 0.740614 0.245192 0.739334 0.241587 0.7384809999999999 0.229567 0.736775 0.229567 0.736348 0.242788 0.735495 0.246394 0.734642 0.246394 0.734642 0.25
3 0.25384 0.590144 0.25384 0.5997600000000001 0.25298600000000004 0.6045670000000001 0.25128 0.6430290000000001 0.249573 0.6586540000000001 0.24872 0.6875 0.24658699999999997 0.7211540000000001 0.23890799999999998 0.7367790000000001 0.23336199999999999 0.757212 0.22909600000000002 0.769231 0.22994900000000001 0.7764420000000001 0.23293499999999998 0.777644 0.23464200000000002 0.784856 0.237628 0.7824519999999999 0.244454 0.7824519999999999 0.24658699999999997 0.7800480000000001 0.26663800000000004 0.7800480000000001 0.270478 0.7704329999999999 0.274744 0.7632209999999999 0.275171 0.7596149999999999 0.278157 0.7524040000000001 0.28157 0.75 0.282423 0.7451920000000001 0.28413 0.7439899999999999 0.28796900000000003 0.7331730000000001 0.289249 0.7331730000000001 0.293515 0.7211540000000001 0.293515 0.7163459999999999 0.29223499999999997 0.7127399999999999 0.290529 0.7127399999999999 0.288396 0.7163459999999999 0.28541 0.706731 0.279437 0.7019230000000001 0.277304 0.694712 0.27431700000000003 0.663462 0.27431700000000003 0.6550480000000001 0.272184 0.6262019999999999 0.270051 0.6069709999999999 0.270051 0.5925480000000001 0.268771 0.585337 0.267918 0.5721149999999999 0.26663800000000004 0.5673079999999999 0.264078 0.5649040000000001 0.259386 0.566106 0.256399 0.570913 0.25384 0.590144
3 0.509386 0.408654 0.5072530000000001 0.409856 0.506399 0.415865 0.506399 0.421875 0.5072530000000001 0.426683 0.520904 0.426683 0.523891 0.423077 0.525597 0.418269 0.524744 0.411058 0.522611 0.40625 0.521331 0.40625 0.520478 0.402644 0.519198 0.36538499999999996 0.517918 0.35697100000000004 0.517918 0.347356 0.516638 0.34495200000000004 0.514078 0.347356 0.511945 0.39182700000000004 0.510239 0.40625 0.509386 0.408654
3 0.6970989999999999 0.28004799999999996 0.697526 0.27644199999999997 0.696672 0.27163499999999996 0.696672 0.26442299999999996 0.695392 0.257212 0.695819 0.25240399999999996 0.695392 0.25 0.693686 0.25 0.6932590000000001 0.25240399999999996 0.692406 0.25240399999999996 0.691126 0.28004799999999996 0.6970989999999999 0.28004799999999996
3 0.749147 0.228365 0.7478670000000001 0.22476 0.747014 0.22476 0.7461599999999999 0.229567 0.7461599999999999 0.245192 0.7512800000000001 0.245192 0.749147 0.228365
1 0.796075 0.43149 0.7947949999999999 0.441106 0.795222 0.447115 0.794369 0.448317 0.7930889999999999 0.457933 0.792662 0.479567 0.791382 0.486779 0.787969 0.485577 0.786263 0.490385 0.786263 0.495192 0.787543 0.497596 0.787969 0.5024040000000001 0.792662 0.512019 0.8157 0.515625 0.8165530000000001 0.5180290000000001 0.819113 0.5180290000000001 0.820392 0.5144230000000001 0.820392 0.5108170000000001 0.8186859999999999 0.5060100000000001 0.8186859999999999 0.498798 0.8165530000000001 0.492788 0.8127129999999999 0.491587 0.8127129999999999 0.485577 0.8105800000000001 0.471154 0.8105800000000001 0.465144 0.8075939999999999 0.436298 0.805887 0.40024 0.803754 0.39543300000000003 0.799915 0.39663499999999996 0.797355 0.403846 0.797355 0.414663 0.796502 0.418269 0.796075 0.43149
1 0.846416 0.371394 0.845563 0.375 0.845563 0.38461500000000004 0.84343 0.390625 0.8417239999999999 0.390625 0.840444 0.394231 0.840444 0.399038 0.84215 0.403846 0.8442830000000001 0.405048 0.863908 0.403846 0.863908 0.399038 0.862628 0.39663499999999996 0.862628 0.394231 0.857935 0.38581699999999997 0.8558020000000001 0.350962 0.8549490000000001 0.34615399999999996 0.8549490000000001 0.33293300000000003 0.8532420000000001 0.328125 0.8498290000000001 0.32932700000000004 0.848549 0.33293300000000003 0.84727 0.35456699999999997 0.8459899999999999 0.36177899999999996 0.846416 0.371394
3 0.402304 0.47476 0.40145099999999995 0.5108170000000001 0.400597 0.5180290000000001 0.397184 0.5204329999999999 0.396331 0.524038 0.396331 0.5336540000000001 0.392918 0.5372600000000001 0.392918 0.5420670000000001 0.395478 0.543269 0.396758 0.546875 0.400171 0.546875 0.40273000000000003 0.5444709999999999 0.409556 0.5444709999999999 0.41083600000000003 0.546875 0.412543 0.5444709999999999 0.415529 0.5456730000000001 0.419795 0.5372600000000001 0.42278200000000005 0.534856 0.42534099999999997 0.527644 0.42534099999999997 0.524038 0.421075 0.5144230000000001 0.420222 0.515625 0.417662 0.508413 0.41680900000000004 0.5012019999999999 0.415956 0.477163 0.413823 0.455529 0.413396 0.433894 0.412116 0.425481 0.409556 0.421875 0.40657 0.423077 0.40529000000000004 0.425481 0.40358400000000005 0.463942 0.402304 0.47476
3 0.6407849999999999 0.33413499999999996 0.650597 0.33413499999999996 0.6510239999999999 0.328125 0.649317 0.32572100000000004 0.649317 0.320913 0.648038 0.31370200000000004 0.647611 0.288462 0.647184 0.28605800000000003 0.644625 0.28605800000000003 0.642918 0.30649000000000004 0.642918 0.316106 0.641212 0.324519 0.6407849999999999 0.33413499999999996
3 0.756826 0.222356 0.755973 0.21875 0.754266 0.21875 0.7538400000000001 0.240385 0.756399 0.240385 0.757679 0.236779 0.756826 0.222356
3 0.765358 0.219952 0.762799 0.21875 0.761945 0.227163 0.761945 0.237981 0.766212 0.236779 0.765358 0.219952
3 0.78029 0.235577 0.7794369999999999 0.233173 0.77901 0.216346 0.7760239999999999 0.217548 0.775171 0.22476 0.774744 0.236779 0.7794369999999999 0.236779 0.78029 0.235577
3 0.8016209999999999 0.231971 0.8016209999999999 0.22476 0.8003410000000001 0.215144 0.798635 0.213942 0.797355 0.219952 0.7969280000000001 0.230769 0.798635 0.233173 0.8016209999999999 0.231971
3 0.821246 0.231971 0.825512 0.233173 0.826792 0.230769 0.826792 0.227163 0.825512 0.221154 0.825085 0.21274 0.8229520000000001 0.21274 0.8229520000000001 0.21875 0.822099 0.227163 0.821246 0.228365 0.821246 0.231971
1 0.84727 0.245192 0.847696 0.235577 0.846843 0.231971 0.846416 0.221154 0.84343 0.219952 0.84215 0.230769 0.842577 0.242788 0.84343 0.245192 0.84727 0.245192
1 0.8848119999999999 0.231971 0.8848119999999999 0.222356 0.8839589999999999 0.217548 0.8822530000000001 0.217548 0.879693 0.240385 0.886092 0.240385 0.886092 0.235577 0.8848119999999999 0.231971
3 0.8784129999999999 0.217548 0.8775600000000001 0.213942 0.8762800000000001 0.21274 0.874573 0.222356 0.874147 0.231971 0.879266 0.231971 0.8784129999999999 0.217548
3 0.919369 0.221154 0.919369 0.216346 0.9180889999999999 0.211538 0.9159560000000001 0.211538 0.914676 0.233173 0.9202220000000001 0.234375 0.9206480000000001 0.228365 0.919369 0.221154
1 0.9372870000000001 0.241587 0.9372870000000001 0.236779 0.9355800000000001 0.231971 0.934727 0.221154 0.933874 0.21875 0.932167 0.21875 0.9313140000000001 0.228365 0.930034 0.234375 0.930034 0.241587 0.9372870000000001 0.241587
1 0.872867 0.33293300000000003 0.874147 0.32932700000000004 0.8732939999999999 0.32692299999999996 0.87116 0.32572100000000004 0.868601 0.288462 0.8677469999999999 0.28365399999999996 0.8656140000000001 0.28365399999999996 0.862201 0.324519 0.860495 0.32572100000000004 0.8592150000000001 0.331731 0.872867 0.33293300000000003
1 0.8532420000000001 0.28725999999999996 0.852816 0.29807700000000004 0.8502560000000001 0.30288499999999996 0.8506830000000001 0.30649000000000004 0.862201 0.305288 0.862628 0.29807700000000004 0.862201 0.29447100000000004 0.8609220000000001 0.293269 0.860495 0.28605800000000003 0.859642 0.284856 0.858788 0.26442299999999996 0.857509 0.26081699999999997 0.8566549999999999 0.26081699999999997 0.8549490000000001 0.265625 0.854522 0.28004799999999996 0.8532420000000001 0.28725999999999996
2 0.8336180000000001 0.274038 0.832338 0.28245200000000004 0.84343 0.28245200000000004 0.8438570000000001 0.27163499999999996 0.842577 0.26322100000000004 0.84215 0.25240399999999996 0.840444 0.236779 0.8387370000000001 0.229567 0.836177 0.230769 0.835324 0.236779 0.835324 0.24399 0.8336180000000001 0.26081699999999997 0.8336180000000001 0.274038