1 0.9343 0.5252399999999999 0.93302 0.5300480000000001 0.9274739999999999 0.53125 0.9274739999999999 0.5372600000000001 0.924061 0.5372600000000001 0.924061 0.5408649999999999 0.9270479999999999 0.5480769999999999 0.930034 0.550481 0.934727 0.5576920000000001 0.939846 0.558894 0.939846 0.477163 0.9385669999999999 0.477163 0.9377129999999999 0.49399 0.9364330000000001 0.498798 0.936007 0.5108170000000001 0.9343 0.5252399999999999
1 0.891638 0.293269 0.8907849999999999 0.29567299999999996 0.887799 0.296875 0.887799 0.300481 0.8967579999999999 0.30288499999999996 0.897611 0.29807700000000004 0.897611 0.289663 0.8967579999999999 0.28725999999999996 0.8967579999999999 0.27524000000000004 0.895904 0.27163499999999996 0.8937709999999999 0.27163499999999996 0.8937709999999999 0.27644199999999997 0.892491 0.28125 0.891638 0.293269
1 0.889505 0.27163499999999996 0.8886520000000001 0.262019 0.8886520000000001 0.25120200000000004 0.885666 0.25 0.8848119999999999 0.26081699999999997 0.8831060000000001 0.26682700000000004 0.8831060000000001 0.27043300000000003 0.889505 0.27163499999999996
1 0.892491 0.26802899999999996 0.8937709999999999 0.26322100000000004 0.8941979999999999 0.25120200000000004 0.891638 0.25240399999999996 0.889932 0.27524000000000004 0.892065 0.274038 0.892491 0.26802899999999996
3 0.44624600000000003 0.454327 0.44453899999999996 0.480769 0.437713 0.49399 0.437713 0.5 0.43942 0.5048079999999999 0.44411300000000004 0.5024040000000001 0.44624600000000003 0.512019 0.44837899999999997 0.512019 0.45051199999999997 0.508413 0.461604 0.5012019999999999 0.465017 0.495192 0.46373699999999995 0.490385 0.462884 0.490385 0.462457 0.485577 0.45989800000000003 0.481971 0.45861799999999997 0.477163 0.455205 0.426683 0.455205 0.41226 0.454352 0.402644 0.453498 0.40024 0.45051199999999997 0.40024 0.448805 0.405048 0.44667199999999996 0.435096 0.44624600000000003 0.454327
3 0.729096 0.320913 0.729096 0.31730800000000003 0.725683 0.31129799999999996 0.725683 0.30288499999999996 0.7239760000000001 0.28004799999999996 0.721416 0.28004799999999996 0.719283 0.31129799999999996 0.7167239999999999 0.316106 0.7167239999999999 0.319712 0.729096 0.320913
3 0.7598119999999999 0.29927899999999996 0.7598119999999999 0.29567299999999996 0.757679 0.293269 0.755973 0.26802899999999996 0.754266 0.26802899999999996 0.751706 0.293269 0.750427 0.29447100000000004 0.750427 0.29807700000000004 0.7598119999999999 0.29927899999999996
3 0.773038 0.28125 0.779863 0.28245200000000004 0.779863 0.27884600000000004 0.77901 0.277644 0.77773 0.257212 0.775597 0.257212 0.775171 0.26802899999999996 0.773891 0.27644199999999997 0.773038 0.277644 0.773038 0.28125
3 0.799061 0.265625 0.798208 0.25961500000000004 0.798208 0.248798 0.796502 0.248798 0.793942 0.27043300000000003 0.8003410000000001 0.27043300000000003 0.8003410000000001 0.26682700000000004 0.799061 0.265625
3 0.808874 0.24399 0.807167 0.26322100000000004 0.8122870000000001 0.26322100000000004 0.8105800000000001 0.24399 0.808874 0.24399
4 0.421502 0.394231 0.421075 0.413462 0.420222 0.418269 0.419795 0.445913 0.421075 0.449519 0.42534099999999997 0.449519 0.429608 0.444712 0.43088699999999996 0.441106 0.431314 0.427885 0.433874 0.414663 0.433874 0.39543300000000003 0.437287 0.38822100000000004 0.437287 0.38461500000000004 0.43600700000000003 0.38100999999999996 0.43259400000000003 0.38100999999999996 0.431314 0.383413 0.424061 0.38581699999999997 0.421502 0.394231
1 0.917662 0.425481 0.918515 0.427885 0.93686 0.427885 0.93686 0.424279 0.934727 0.424279 0.9334469999999999 0.420673 0.9334469999999999 0.417067 0.929608 0.415865 0.929608 0.411058 0.927901 0.403846 0.9270479999999999 0.387019 0.925768 0.37980800000000003 0.9253410000000001 0.366587 0.923635 0.35336500000000004 0.9223549999999999 0.34975999999999996 0.919369 0.350962 0.916809 0.35697100000000004 0.9163819999999999 0.367788 0.915529 0.37259600000000004 0.915529 0.38581699999999997 0.913396 0.399038 0.912969 0.411058 0.90785 0.41226 0.9069969999999999 0.417067 0.904437 0.417067 0.904437 0.420673 0.9052899999999999 0.421875 0.913396 0.423077 0.917662 0.425481
3 0.584471 0.39543300000000003 0.582765 0.394231 0.581058 0.39663499999999996 0.5802050000000001 0.40024 0.579778 0.399038 0.580631 0.405048 0.586177 0.411058 0.59215 0.411058 0.59599 0.40625 0.597696 0.407452 0.599829 0.402644 0.599829 0.40024 0.598123 0.39543300000000003 0.5955630000000001 0.39302899999999996 0.5938570000000001 0.371394 0.5938570000000001 0.36177899999999996 0.5930030000000001 0.355769 0.5930030000000001 0.34254799999999996 0.5917239999999999 0.336538 0.588737 0.336538 0.5878840000000001 0.34134600000000004 0.585751 0.39182700000000004 0.584471 0.39543300000000003
3 0.672355 0.34254799999999996 0.672355 0.347356 0.673208 0.34975999999999996 0.676195 0.352163 0.679181 0.34975999999999996 0.684727 0.34975999999999996 0.686433 0.34615399999999996 0.686433 0.34254799999999996 0.6834469999999999 0.336538 0.6817409999999999 0.32211500000000004 0.680461 0.29807700000000004 0.678328 0.296875 0.677048 0.29927899999999996 0.676195 0.33413499999999996 0.673208 0.34254799999999996 0.672355 0.34254799999999996
4 0.434727 0.40024 0.435154 0.413462 0.432167 0.430288 0.432167 0.4375 0.434727 0.445913 0.443686 0.444712 0.44411300000000004 0.447115 0.445392 0.44351 0.445392 0.4375 0.44667199999999996 0.429087 0.44837899999999997 0.402644 0.45254871406249997 0.3932460140625 0.451365 0.38461500000000004 0.44624600000000003 0.38581699999999997 0.444966 0.38822100000000004 0.44155300000000003 0.38942299999999996 0.43814000000000003 0.394231 0.43685999999999997 0.394231 0.434727 0.40024
1 0.9001709999999999 0.347356 0.897184 0.34855800000000003 0.895904 0.35336500000000004 0.895904 0.35817299999999996 0.90785 0.359375 0.9099830000000001 0.36177899999999996 0.912543 0.36177899999999996 0.913396 0.359375 0.913823 0.35456699999999997 0.910836 0.35336500000000004 0.908703 0.34134600000000004 0.908703 0.316106 0.90657 0.308894 0.90273 0.31370200000000004 0.90273 0.328125 0.900597 0.33413499999999996 0.9001709999999999 0.347356
1 0.8946249999999999 0.316106 0.8933450000000001 0.319712 0.8933450000000001 0.32331699999999997 0.895904 0.32572100000000004 0.901877 0.324519 0.901877 0.3125 0.9040100000000001 0.30769199999999997 0.9040100000000001 0.29807700000000004 0.90273 0.29206699999999997 0.90273 0.288462 0.901451 0.284856 0.9001709999999999 0.284856 0.8988910000000001 0.288462 0.8967579999999999 0.31490399999999996 0.8946249999999999 0.316106
3 0.837031 0.242788 0.835324 0.242788 0.8336180000000001 0.25961500000000004 0.8378840000000001 0.26081699999999997 0.837031 0.253606 0.837031 0.242788
3 0.87116 0.25240399999999996 0.870734 0.245192 0.869027 0.24399 0.8673209999999999 0.25961500000000004 0.8724399999999999 0.26081699999999997 0.8724399999999999 0.25600999999999996 0.87116 0.25240399999999996