1 0.764505 0.496394 0.763225 0.5060100000000001 0.7615190000000001 0.534856 0.758959 0.5528850000000001 0.756399 0.5600959999999999 0.754693 0.5600959999999999 0.75256 0.566106 0.75256 0.5769230000000001 0.750853 0.578125 0.750853 0.5913459999999999 0.7572530000000001 0.5925480000000001 0.764078 0.600962 0.767065 0.600962 0.769625 0.6045670000000001 0.772184 0.6045670000000001 0.778157 0.6105769999999999 0.780717 0.6105769999999999 0.7854099999999999 0.616587 0.788823 0.616587 0.795648 0.5961540000000001 0.795648 0.5877399999999999 0.793942 0.5841350000000001 0.792662 0.5841350000000001 0.789249 0.5757209999999999 0.786689 0.574519 0.7854099999999999 0.569712 0.7832760000000001 0.555288 0.782423 0.5408649999999999 0.780717 0.53125 0.778157 0.498798 0.778157 0.480769 0.776877 0.472356 0.776877 0.460337 0.775171 0.455529 0.775171 0.450721 0.774317 0.448317 0.771331 0.444712 0.767918 0.444712 0.7657849999999999 0.451923 0.7657849999999999 0.46274 0.764505 0.479567 0.764505 0.496394
1 0.774317 0.38581699999999997 0.774317 0.402644 0.773038 0.40625 0.772611 0.411058 0.773038 0.429087 0.772184 0.430288 0.7717579999999999 0.435096 0.7674909999999999 0.435096 0.766638 0.4375 0.766638 0.441106 0.7674909999999999 0.44351 0.773038 0.44351 0.778157 0.457933 0.7794369999999999 0.457933 0.7811429999999999 0.461538 0.792235 0.461538 0.795648 0.455529 0.795648 0.451923 0.7947949999999999 0.449519 0.793515 0.449519 0.790956 0.441106 0.789249 0.439904 0.787543 0.433894 0.786689 0.426683 0.786689 0.418269 0.785836 0.413462 0.784556 0.38100999999999996 0.7832760000000001 0.37620200000000004 0.78285 0.36057700000000004 0.7819969999999999 0.35817299999999996 0.778157 0.35817299999999996 0.776877 0.36177899999999996 0.775171 0.37379799999999996 0.775171 0.38100999999999996 0.774317 0.38581699999999997
1 0.797355 0.37379799999999996 0.795222 0.37980800000000003 0.7930889999999999 0.37980800000000003 0.792235 0.382212 0.792662 0.394231 0.793515 0.39663499999999996 0.799915 0.39663499999999996 0.805034 0.40024 0.8084469999999999 0.40024 0.810154 0.402644 0.8144199999999999 0.402644 0.815273 0.40024 0.815273 0.39543300000000003 0.8114330000000001 0.38461500000000004 0.810154 0.383413 0.810154 0.375 0.806741 0.34134600000000004 0.805887 0.319712 0.805034 0.31730800000000003 0.802901 0.31730800000000003 0.799061 0.331731 0.798208 0.352163 0.797355 0.35456699999999997 0.797355 0.37379799999999996
1 0.8276450000000001 0.35336500000000004 0.8276450000000001 0.36057700000000004 0.830631 0.36538499999999996 0.847696 0.366587 0.848549 0.36418300000000003 0.848549 0.359375 0.845563 0.35336500000000004 0.8417239999999999 0.32572100000000004 0.84087 0.300481 0.8387370000000001 0.29447100000000004 0.836177 0.29447100000000004 0.8336180000000001 0.300481 0.832338 0.33413499999999996 0.8297779999999999 0.34855800000000003 0.8276450000000001 0.35336500000000004
1 0.8886520000000001 0.32572100000000004 0.887372 0.32932700000000004 0.887372 0.33413499999999996 0.888225 0.336538 0.889505 0.336538 0.889932 0.33413499999999996 0.890358 0.336538 0.9061429999999999 0.336538 0.9069969999999999 0.33413499999999996 0.9069969999999999 0.33052899999999996 0.9052899999999999 0.32692299999999996 0.9040100000000001 0.32692299999999996 0.902304 0.32211500000000004 0.8997439999999999 0.28365399999999996 0.898038 0.27884600000000004 0.8950509999999999 0.27884600000000004 0.8933450000000001 0.284856 0.892065 0.320913 0.8907849999999999 0.324519 0.8886520000000001 0.32572100000000004
3 0.8869450000000001 0.27163499999999996 0.886092 0.27644199999999997 0.8865190000000001 0.27884600000000004 0.895478 0.277644 0.8967579999999999 0.274038 0.8967579999999999 0.27163499999999996 0.8950509999999999 0.26682700000000004 0.8941979999999999 0.242788 0.889932 0.240385 0.8890779999999999 0.24399 0.889505 0.25240399999999996 0.888225 0.27043300000000003 0.8869450000000001 0.27163499999999996
3 0.757679 0.28245200000000004 0.758106 0.284856 0.766212 0.284856 0.767065 0.28004799999999996 0.766212 0.27884600000000004 0.7649320000000001 0.269231 0.764505 0.25600999999999996 0.763652 0.25120200000000004 0.761092 0.25 0.7598119999999999 0.25600999999999996 0.759386 0.277644 0.758106 0.27884600000000004 0.757679 0.28245200000000004
3 0.657423 0.29447100000000004 0.6582760000000001 0.289663 0.6569969999999999 0.284856 0.6561429999999999 0.26802899999999996 0.65529 0.26442299999999996 0.653157 0.26322100000000004 0.651877 0.27043300000000003 0.650597 0.293269 0.6510239999999999 0.29567299999999996 0.657423 0.29447100000000004
3 0.56698 0.32211500000000004 0.576365 0.32211500000000004 0.577218 0.31730800000000003 0.574659 0.31129799999999996 0.5742320000000001 0.30769199999999997 0.5742320000000001 0.29086500000000004 0.572952 0.28125 0.571246 0.28004799999999996 0.569966 0.284856 0.5682590000000001 0.31490399999999996 0.5665530000000001 0.31730800000000003 0.56698 0.32211500000000004
3 0.496587 0.378606 0.494454 0.38100999999999996 0.494454 0.390625 0.508106 0.38942299999999996 0.509386 0.38461500000000004 0.508959 0.378606 0.506399 0.37620200000000004 0.506399 0.37019199999999997 0.505119 0.362981 0.505119 0.355769 0.504266 0.350962 0.5038400000000001 0.33413499999999996 0.502986 0.32572100000000004 0.500853 0.324519 0.499573 0.33052899999999996 0.49914699999999995 0.34975999999999996 0.49701399999999996 0.362981 0.496587 0.378606
3 0.31356700000000004 0.484375 0.312287 0.5 0.312287 0.512019 0.311007 0.519231 0.311007 0.5336540000000001 0.30802 0.5480769999999999 0.307167 0.5492790000000001 0.307167 0.5516829999999999 0.303328 0.5625 0.302048 0.5637019999999999 0.302474 0.569712 0.303328 0.569712 0.30375399999999997 0.5721149999999999 0.3157 0.566106 0.32807200000000003 0.5649040000000001 0.333191 0.550481 0.336177 0.550481 0.33959 0.5444709999999999 0.339164 0.5372600000000001 0.334471 0.5360579999999999 0.333191 0.5324519999999999 0.33020499999999997 0.5300480000000001 0.32807200000000003 0.5096149999999999 0.32807200000000003 0.503606 0.326792 0.495192 0.326365 0.475962 0.324659 0.466346 0.324659 0.451923 0.322526 0.439904 0.317833 0.438702 0.3157 0.441106 0.31442000000000003 0.445913 0.31356700000000004 0.484375
2 0.8174060000000001 0.28125 0.819539 0.28004799999999996 0.8229520000000001 0.28245200000000004 0.828498 0.28245200000000004 0.8297779999999999 0.27884600000000004 0.8297779999999999 0.27644199999999997 0.827218 0.26081699999999997 0.825939 0.236779 0.8246589999999999 0.231971 0.824232 0.225962 0.820819 0.22476 0.819113 0.25120200000000004 0.819113 0.26322100000000004 0.81698 0.27884600000000004 0.8174060000000001 0.28125
2 0.841297 0.27884600000000004 0.854096 0.28125 0.8549490000000001 0.27884600000000004 0.8549490000000001 0.27524000000000004 0.852816 0.27043300000000003 0.852816 0.26682700000000004 0.8506830000000001 0.25480800000000003 0.8489760000000001 0.221154 0.847696 0.21875 0.8459899999999999 0.21875 0.8442830000000001 0.228365 0.84343 0.25600999999999996 0.84087 0.27644199999999997 0.841297 0.27884600000000004