0 0.5802050000000001 0.215144 0.5802050000000001 0.225962 0.5819110000000001 0.228365 0.5853240000000001 0.228365 0.589164 0.22476 0.589164 0.21875 0.587031 0.209135 0.586604 0.195913 0.5853240000000001 0.18870199999999998 0.5853240000000001 0.183894 0.583618 0.183894 0.582765 0.18629800000000002 0.581485 0.21274 0.5802050000000001 0.215144
0 0.570392 0.19831700000000002 0.568686 0.175481 0.567833 0.17307699999999998 0.567833 0.168269 0.565273 0.16947099999999998 0.565273 0.17668299999999998 0.56314 0.199519 0.567833 0.201923 0.570392 0.19831700000000002
3 0.37798600000000004 0.29206699999999997 0.37798600000000004 0.304087 0.376706 0.31850999999999996 0.37372 0.324519 0.37372 0.33052899999999996 0.371587 0.331731 0.37201399999999996 0.336538 0.380973 0.340144 0.386945 0.33894199999999997 0.389505 0.33293300000000003 0.392065 0.33052899999999996 0.393771 0.32572100000000004 0.392918 0.32331699999999997 0.388225 0.320913 0.386519 0.31129799999999996 0.386519 0.288462 0.385239 0.28004799999999996 0.384386 0.26081699999999997 0.383106 0.258413 0.381826 0.258413 0.379693 0.26322100000000004 0.379693 0.27163499999999996 0.37798600000000004 0.29206699999999997
1 0.645478 0.30769199999999997 0.643771 0.31490399999999996 0.6424909999999999 0.31490399999999996 0.6424909999999999 0.319712 0.6467579999999999 0.328125 0.65273 0.32932700000000004 0.65401 0.32692299999999996 0.660836 0.32692299999999996 0.661689 0.324519 0.660836 0.31370200000000004 0.65913 0.3125 0.657423 0.30288499999999996 0.657423 0.293269 0.65657 0.289663 0.65529 0.265625 0.65529 0.25120200000000004 0.65401 0.247596 0.650597 0.247596 0.649317 0.257212 0.649317 0.269231 0.6467579999999999 0.30649000000000004 0.645478 0.30769199999999997
0 0.4343 0.236779 0.44198000000000004 0.237981 0.443686 0.233173 0.443686 0.228365 0.442833 0.227163 0.4407 0.213942 0.439846 0.19351000000000002 0.437713 0.19351000000000002 0.43643299999999996 0.211538 0.43643299999999996 0.223558 0.4343 0.230769 0.4343 0.236779
4 0.223976 0.257212 0.22312300000000002 0.262019 0.22312300000000002 0.274038 0.22227000000000002 0.27524000000000004 0.22227000000000002 0.28004799999999996 0.228669 0.28245200000000004 0.235068 0.28125 0.23592200000000002 0.28004799999999996 0.235495 0.25961500000000004 0.23464200000000002 0.253606 0.23336199999999999 0.25120200000000004 0.23293499999999998 0.241587 0.231655 0.234375 0.231655 0.227163 0.230802 0.223558 0.230802 0.216346 0.230375 0.213942 0.22696200000000002 0.21274 0.22610899999999998 0.215144 0.22610899999999998 0.22476 0.223976 0.246394 0.223976 0.257212
4 0.24573399999999998 0.242788 0.244881 0.246394 0.244881 0.265625 0.244027 0.269231 0.244027 0.274038 0.244881 0.27524000000000004 0.25298600000000004 0.27524000000000004 0.255973 0.27163499999999996 0.255973 0.26682700000000004 0.255119 0.26322100000000004 0.255119 0.26081699999999997 0.255973 0.25961500000000004 0.255973 0.25480800000000003 0.254693 0.247596 0.25298600000000004 0.216346 0.251706 0.206731 0.24829400000000001 0.207933 0.24829400000000001 0.21274 0.24658699999999997 0.222356 0.24573399999999998 0.242788
4 0.31442000000000003 0.219952 0.31442000000000003 0.223558 0.32337899999999997 0.223558 0.32337899999999997 0.21875 0.322099 0.215144 0.322526 0.206731 0.321672 0.19831700000000002 0.321672 0.1875 0.320392 0.179087 0.317833 0.179087 0.316553 0.18509599999999998 0.315273 0.206731 0.315273 0.21875 0.31442000000000003 0.219952
4 0.326792 0.215144 0.326792 0.21875 0.327645 0.21875 0.328925 0.222356 0.334471 0.221154 0.33489800000000003 0.213942 0.334044 0.21274 0.33276500000000003 0.183894 0.33191099999999996 0.179087 0.329778 0.179087 0.328925 0.195913 0.327645 0.205529 0.327645 0.213942 0.326792 0.215144
4 0.362201 0.19711499999999998 0.360922 0.168269 0.35836199999999996 0.168269 0.35750899999999997 0.17307699999999998 0.357082 0.19831700000000002 0.360922 0.199519 0.362201 0.19711499999999998
4 0.37116 0.195913 0.369881 0.168269 0.367747 0.168269 0.366894 0.17307699999999998 0.366468 0.194712 0.369881 0.19711499999999998 0.37116 0.195913
0 0.448805 0.207933 0.45221799999999995 0.207933 0.453498 0.205529 0.453498 0.201923 0.450939 0.18148999999999998 0.450939 0.175481 0.449232 0.17427900000000002 0.447526 0.200721 0.44667199999999996 0.201923 0.44667199999999996 0.204327 0.448805 0.207933
0 0.46800300000000006 0.18148999999999998 0.46715 0.180288 0.46672399999999997 0.16947099999999998 0.46373699999999995 0.168269 0.462457 0.183894 0.46373699999999995 0.18629800000000002 0.467577 0.18629800000000002 0.46800300000000006 0.18148999999999998
3 0.194966 0.5024040000000001 0.194539 0.5060100000000001 0.19325900000000001 0.507212 0.19325900000000001 0.5168269999999999 0.19240600000000002 0.5204329999999999 0.19240600000000002 0.5300480000000001 0.191553 0.5360579999999999 0.1907 0.5564899999999999 0.187713 0.5793269999999999 0.18643300000000002 0.6081730000000001 0.18558 0.6105769999999999 0.18558 0.617788 0.184727 0.6225959999999999 0.184727 0.6346149999999999 0.183447 0.6394230000000001 0.183447 0.6502399999999999 0.18259399999999998 0.65625 0.18302000000000002 0.6622600000000001 0.180461 0.6694709999999999 0.172782 0.680288 0.169795 0.6899040000000001 0.16894199999999998 0.6971149999999999 0.165102 0.7079329999999999 0.16041 0.7163459999999999 0.15913 0.7211540000000001 0.16041 0.7211540000000001 0.161263 0.725962 0.16894199999999998 0.727163 0.176621 0.725962 0.180034 0.7235579999999999 0.187713 0.7235579999999999 0.197526 0.7199519999999999 0.197952 0.7175480000000001 0.20051199999999997 0.71875 0.212031 0.711538 0.221843 0.6875 0.22312300000000002 0.6862980000000001 0.23592200000000002 0.6514420000000001 0.235495 0.6466350000000001 0.23378800000000002 0.644231 0.228242 0.6430290000000001 0.22696200000000002 0.6382209999999999 0.224829 0.6358170000000001 0.22013699999999997 0.6358170000000001 0.21842999999999999 0.633413 0.21629700000000002 0.6262019999999999 0.21587 0.6141829999999999 0.213737 0.600962 0.210324 0.555288 0.20861800000000003 0.5456730000000001 0.20819100000000001 0.5300480000000001 0.20733799999999997 0.5264420000000001 0.206058 0.5012019999999999 0.205205 0.497596 0.20264500000000002 0.496394 0.197099 0.5 0.196246 0.5024040000000001 0.194966 0.5024040000000001
1 0.8941979999999999 0.53125 0.8929180000000001 0.539663 0.892065 0.5612980000000001 0.888225 0.5925480000000001 0.885239 0.6358170000000001 0.883532 0.6394230000000001 0.881399 0.640625 0.8737199999999999 0.640625 0.8720140000000001 0.649038 0.864761 0.649038 0.864334 0.6514420000000001 0.862628 0.652644 0.862628 0.65625 0.8634809999999999 0.6574519999999999 0.864761 0.664663 0.868174 0.6670670000000001 0.869881 0.6730769999999999 0.870734 0.6730769999999999 0.874147 0.6814899999999999 0.879266 0.6875 0.880546 0.691106 0.891212 0.7043269999999999 0.8937709999999999 0.710337 0.895478 0.711538 0.8993169999999999 0.7211540000000001 0.900597 0.7211540000000001 0.901451 0.7235579999999999 0.918942 0.7247600000000001 0.923208 0.727163 0.9385669999999999 0.725962 0.939846 0.722356 0.939846 0.7055290000000001 0.936007 0.6899040000000001 0.9355800000000001 0.6850959999999999 0.932167 0.6766829999999999 0.930461 0.6766829999999999 0.928754 0.6706730000000001 0.924061 0.6658649999999999 0.921928 0.6394230000000001 0.9210750000000001 0.6141829999999999 0.919795 0.609375 0.918515 0.5829329999999999 0.9163819999999999 0.566106 0.9159560000000001 0.550481 0.912969 0.524038 0.911689 0.498798 0.9099830000000001 0.492788 0.90785 0.489183 0.898464 0.486779 0.8967579999999999 0.492788 0.895904 0.5108170000000001 0.8946249999999999 0.5180290000000001 0.8941979999999999 0.53125
2 0.39931700000000003 0.219952 0.398038 0.225962 0.398038 0.248798 0.396331 0.265625 0.394198 0.272837 0.394198 0.27644199999999997 0.395051 0.277644 0.40827600000000003 0.277644 0.41168899999999997 0.272837 0.41168899999999997 0.269231 0.409983 0.265625 0.40870300000000004 0.25600999999999996 0.407423 0.230769 0.40657 0.225962 0.40657 0.213942 0.405717 0.210337 0.40529000000000004 0.19351000000000002 0.40401 0.1875 0.401877 0.1875 0.40102399999999994 0.18990400000000002 0.399744 0.200721 0.39931700000000003 0.219952
2 0.40913000000000005 0.215144 0.40913000000000005 0.231971 0.40827600000000003 0.233173 0.40827600000000003 0.240385 0.409983 0.25961500000000004 0.41894200000000004 0.26081699999999997 0.421075 0.258413 0.421075 0.25480800000000003 0.418089 0.25 0.418089 0.241587 0.41680900000000004 0.229567 0.41680900000000004 0.21274 0.415529 0.18509599999999998 0.413823 0.180288 0.412116 0.180288 0.41083600000000003 0.183894 0.409983 0.19351000000000002 0.409983 0.209135 0.40913000000000005 0.215144
2 0.601962 0.19351000000000002 0.601109 0.195913 0.600683 0.210337 0.599829 0.211538 0.599829 0.219952 0.598549 0.228365 0.598549 0.242788 0.596843 0.246394 0.596843 0.25 0.5989760000000001 0.25480800000000003 0.604096 0.25480800000000003 0.605375 0.25120200000000004 0.605375 0.245192 0.606655 0.236779 0.606655 0.228365 0.6075090000000001 0.227163 0.6075090000000001 0.200721 0.605802 0.17788500000000002 0.604522 0.175481 0.602816 0.17668299999999998 0.602816 0.183894 0.601962 0.1875 0.601962 0.19351000000000002
2 0.606229 0.25240399999999996 0.603669 0.26081699999999997 0.603669 0.26322100000000004 0.604522 0.26682700000000004 0.605802 0.26802899999999996 0.616894 0.26802899999999996 0.619027 0.26442299999999996 0.619027 0.25961500000000004 0.6177469999999999 0.257212 0.618174 0.25480800000000003 0.616468 0.236779 0.614334 0.18509599999999998 0.613055 0.180288 0.6100679999999999 0.179087 0.6092150000000001 0.18990400000000002 0.608362 0.22476 0.606229 0.242788 0.606229 0.25240399999999996