3 0.872867 0.340144 0.869027 0.34254799999999996 0.869027 0.347356 0.875853 0.34975999999999996 0.885239 0.34975999999999996 0.885666 0.34375 0.883532 0.34254799999999996 0.881826 0.335337 0.880973 0.316106 0.879693 0.3125 0.87884 0.30168300000000003 0.8762800000000001 0.30168300000000003 0.874573 0.31009600000000004 0.874147 0.320913 0.872867 0.33052899999999996 0.872867 0.340144
4 0.723123 0.31490399999999996 0.723549 0.31730800000000003 0.727816 0.319712 0.7350679999999999 0.319712 0.735922 0.31490399999999996 0.733362 0.3125 0.733362 0.29807700000000004 0.732082 0.29206699999999997 0.732082 0.28004799999999996 0.731229 0.27043300000000003 0.729949 0.26802899999999996 0.7282420000000001 0.26802899999999996 0.726962 0.272837 0.725256 0.308894 0.723549 0.31129799999999996 0.723123 0.31490399999999996
4 0.713737 0.29807700000000004 0.713737 0.305288 0.712031 0.308894 0.712457 0.31370200000000004 0.720137 0.31370200000000004 0.72227 0.31009600000000004 0.72227 0.29447100000000004 0.720137 0.28125 0.720137 0.272837 0.719283 0.265625 0.71715 0.26442299999999996 0.716297 0.26682700000000004 0.715444 0.27524000000000004 0.715444 0.28605800000000003 0.713737 0.29807700000000004
4 0.881826 0.30288499999999996 0.8822530000000001 0.305288 0.889932 0.30649000000000004 0.8907849999999999 0.304087 0.8907849999999999 0.300481 0.889932 0.29807700000000004 0.8890779999999999 0.269231 0.887799 0.26682700000000004 0.885666 0.26682700000000004 0.8843859999999999 0.27163499999999996 0.8839589999999999 0.28365399999999996 0.8822530000000001 0.29447100000000004 0.881826 0.30288499999999996
4 0.611775 0.25120200000000004 0.611348 0.233173 0.609642 0.233173 0.6092150000000001 0.241587 0.608362 0.24399 0.608362 0.25120200000000004 0.611775 0.25120200000000004
4 0.696672 0.236779 0.695392 0.253606 0.6992320000000001 0.25480800000000003 0.698379 0.236779 0.696672 0.236779
3 0.166382 0.652644 0.166382 0.664663 0.164249 0.6814899999999999 0.163823 0.6983170000000001 0.161263 0.7247600000000001 0.161263 0.7367790000000001 0.159556 0.7680290000000001 0.158276 0.7704329999999999 0.15785 0.777644 0.15657000000000001 0.7824519999999999 0.15187699999999998 0.7872600000000001 0.151451 0.7908649999999999 0.149317 0.7920670000000001 0.149317 0.7956730000000001 0.147184 0.801683 0.145478 0.8028850000000001 0.145478 0.805288 0.144198 0.8088939999999999 0.137799 0.814904 0.138652 0.817308 0.138652 0.8245189999999999 0.140785 0.830529 0.181314 0.830529 0.191126 0.819712 0.20008499999999999 0.805288 0.20264500000000002 0.804087 0.205205 0.7980769999999999 0.212884 0.788462 0.212884 0.7824519999999999 0.211604 0.7788459999999999 0.20819100000000001 0.774038 0.20648499999999997 0.774038 0.205205 0.7704329999999999 0.20563099999999998 0.7632209999999999 0.205205 0.7596149999999999 0.203498 0.7560100000000001 0.20264500000000002 0.7560100000000001 0.202218 0.753606 0.196672 0.7524040000000001 0.194539 0.7548079999999999 0.193686 0.7487980000000001 0.19240600000000002 0.746394 0.191553 0.7319709999999999 0.190273 0.727163 0.190273 0.7139420000000001 0.18942 0.7091350000000001 0.18899300000000002 0.6935100000000001 0.18686 0.6778850000000001 0.18686 0.671875 0.184727 0.6610579999999999 0.184727 0.6538459999999999 0.183447 0.6454329999999999 0.18302000000000002 0.6346149999999999 0.180461 0.612981 0.181314 0.6117790000000001 0.181314 0.6069709999999999 0.174488 0.6069709999999999 0.16894199999999998 0.6141829999999999 0.167235 0.647837 0.166382 0.652644
3 0.406143 0.484375 0.40486300000000003 0.490385 0.40273000000000003 0.491587 0.40273000000000003 0.495192 0.404437 0.497596 0.40785 0.507212 0.41126300000000005 0.508413 0.419369 0.503606 0.42662100000000003 0.5024040000000001 0.430034 0.495192 0.43088699999999996 0.495192 0.43088699999999996 0.490385 0.429608 0.490385 0.42875399999999997 0.487981 0.42790100000000003 0.480769 0.42448800000000003 0.478365 0.423635 0.475962 0.42235500000000004 0.448317 0.421502 0.447115 0.421502 0.438702 0.420222 0.425481 0.41894200000000004 0.397837 0.414249 0.399038 0.409556 0.478365 0.40827600000000003 0.483173 0.406143 0.484375
3 0.498294 0.40625 0.49744 0.409856 0.495734 0.41226 0.495734 0.414663 0.501706 0.423077 0.5149320000000001 0.420673 0.516638 0.418269 0.517065 0.414663 0.513652 0.405048 0.511945 0.403846 0.510666 0.40024 0.508532 0.34855800000000003 0.507679 0.34615399999999996 0.504693 0.34615399999999996 0.5021329999999999 0.38581699999999997 0.5012800000000001 0.38942299999999996 0.500853 0.403846 0.498294 0.40625
3 0.587031 0.367788 0.585751 0.367788 0.585751 0.371394 0.588737 0.37740399999999996 0.601962 0.37620200000000004 0.602816 0.37019199999999997 0.5989760000000001 0.36057700000000004 0.59599 0.316106 0.59343 0.316106 0.59215 0.328125 0.5917239999999999 0.34254799999999996 0.590017 0.35817299999999996 0.587031 0.367788
4 0.602816 0.32211500000000004 0.601962 0.324519 0.601962 0.32932700000000004 0.599403 0.33052899999999996 0.599403 0.33413499999999996 0.601109 0.33413499999999996 0.601962 0.336538 0.604096 0.33774000000000004 0.6126280000000001 0.336538 0.6134809999999999 0.33413499999999996 0.6134809999999999 0.33052899999999996 0.611775 0.33052899999999996 0.611348 0.324519 0.610495 0.32331699999999997 0.6100679999999999 0.308894 0.6092150000000001 0.305288 0.6075090000000001 0.27644199999999997 0.605375 0.27644199999999997 0.604096 0.289663 0.604096 0.29927899999999996 0.6032420000000001 0.304087 0.602816 0.32211500000000004
4 0.795222 0.277644 0.795648 0.27163499999999996 0.7947949999999999 0.269231 0.793515 0.25 0.791809 0.25 0.790529 0.269231 0.788823 0.272837 0.788823 0.27644199999999997 0.795222 0.277644
4 0.68302 0.296875 0.6834469999999999 0.29086500000000004 0.681314 0.27884600000000004 0.679608 0.257212 0.6779010000000001 0.257212 0.676195 0.28245200000000004 0.674061 0.29206699999999997 0.674061 0.29567299999999996 0.68302 0.296875
4 0.648038 0.277644 0.648891 0.27884600000000004 0.654863 0.277644 0.654863 0.272837 0.65401 0.27163499999999996 0.653157 0.262019 0.65273 0.247596 0.651877 0.246394 0.650597 0.247596 0.649317 0.274038 0.648038 0.27524000000000004 0.648038 0.277644
4 0.740614 0.262019 0.741041 0.26442299999999996 0.7461599999999999 0.26322100000000004 0.744027 0.241587 0.743174 0.241587 0.742321 0.25600999999999996 0.741894 0.25961500000000004 0.740614 0.262019
4 0.629266 0.258413 0.627986 0.253606 0.6271329999999999 0.237981 0.6262800000000001 0.237981 0.625427 0.25 0.6237199999999999 0.26081699999999997 0.6288400000000001 0.262019 0.629266 0.258413
3 0.680461 0.34615399999999996 0.679608 0.34975999999999996 0.678328 0.34975999999999996 0.678328 0.35336500000000004 0.6834469999999999 0.35817299999999996 0.694966 0.35697100000000004 0.694966 0.35336500000000004 0.693686 0.352163 0.692833 0.347356 0.6915530000000001 0.347356 0.690273 0.34375 0.6894199999999999 0.32211500000000004 0.688567 0.319712 0.688567 0.3125 0.687713 0.30649000000000004 0.68686 0.304087 0.685154 0.305288 0.6843 0.31490399999999996 0.68302 0.319712 0.68302 0.34495200000000004 0.680461 0.34615399999999996
3 0.7649320000000001 0.34615399999999996 0.773038 0.34975999999999996 0.78157 0.347356 0.7819969999999999 0.34495200000000004 0.780717 0.34134600000000004 0.777304 0.336538 0.774317 0.29927899999999996 0.771331 0.29927899999999996 0.769198 0.335337 0.7674909999999999 0.33894199999999997 0.765358 0.340144 0.7649320000000001 0.34615399999999996
4 0.602816 0.245192 0.601962 0.230769 0.6015360000000001 0.228365 0.600683 0.228365 0.599829 0.240385 0.5989760000000001 0.24399 0.600256 0.246394 0.602816 0.245192