3 0.42235500000000004 0.30288499999999996 0.424061 0.300481 0.421502 0.277644 0.421502 0.27163499999999996 0.420648 0.269231 0.419369 0.274038 0.41894200000000004 0.289663 0.41723499999999997 0.30288499999999996 0.42235500000000004 0.30288499999999996
3 0.430034 0.274038 0.429181 0.25600999999999996 0.42790100000000003 0.25600999999999996 0.425768 0.28245200000000004 0.431314 0.28245200000000004 0.431314 0.277644 0.430034 0.274038
3 0.450939 0.26442299999999996 0.44965900000000003 0.24399 0.44837899999999997 0.24399 0.44709899999999997 0.25961500000000004 0.44624600000000003 0.26081699999999997 0.44624600000000003 0.26442299999999996 0.450939 0.26442299999999996
3 0.22696200000000002 0.5408649999999999 0.226536 0.5625 0.22525599999999998 0.5733170000000001 0.22525599999999998 0.5961540000000001 0.223549 0.605769 0.222696 0.6262019999999999 0.21544400000000002 0.6454329999999999 0.215017 0.6538459999999999 0.213737 0.6574519999999999 0.20691099999999998 0.664663 0.20691099999999998 0.668269 0.20776500000000003 0.6706730000000001 0.22525599999999998 0.6658649999999999 0.237628 0.6658649999999999 0.24146800000000002 0.663462 0.24744000000000002 0.65625 0.251706 0.6454329999999999 0.25384 0.644231 0.259386 0.633413 0.260239 0.6274040000000001 0.257679 0.625 0.257253 0.6201920000000001 0.255973 0.6201920000000001 0.255546 0.617788 0.25298600000000004 0.617788 0.250853 0.612981 0.249147 0.6117790000000001 0.247867 0.6069709999999999 0.245307 0.566106 0.241894 0.539663 0.241894 0.5324519999999999 0.241041 0.53125 0.241041 0.5252399999999999 0.23890799999999998 0.5132209999999999 0.238055 0.503606 0.231229 0.503606 0.228669 0.5108170000000001 0.228242 0.53125 0.22696200000000002 0.5408649999999999
3 0.354096 0.387019 0.353242 0.39302899999999996 0.352816 0.40625 0.351962 0.408654 0.351109 0.419471 0.349829 0.420673 0.349829 0.424279 0.363908 0.423077 0.367321 0.417067 0.366468 0.415865 0.366468 0.41226 0.36518799999999996 0.407452 0.36518799999999996 0.402644 0.362628 0.38461500000000004 0.360495 0.35336500000000004 0.359215 0.34975999999999996 0.356229 0.350962 0.356229 0.359375 0.354096 0.37620200000000004 0.354096 0.387019
3 0.402304 0.33293300000000003 0.41083600000000003 0.33293300000000003 0.412116 0.32932700000000004 0.409983 0.319712 0.40870300000000004 0.300481 0.40785 0.29807700000000004 0.40699699999999994 0.289663 0.405717 0.288462 0.404437 0.304087 0.40358400000000005 0.328125 0.402304 0.32932700000000004 0.402304 0.33293300000000003
3 0.43942 0.26802899999999996 0.437287 0.25120200000000004 0.43643299999999996 0.25120200000000004 0.43600700000000003 0.262019 0.434727 0.27043300000000003 0.43899299999999997 0.27043300000000003 0.43942 0.26802899999999996
3 0.473123 0.253606 0.475256 0.25240399999999996 0.474403 0.236779 0.47354900000000005 0.236779 0.473123 0.247596 0.47226999999999997 0.25120200000000004 0.473123 0.253606
3 0.49104099999999995 0.231971 0.48933400000000005 0.248798 0.49274699999999994 0.25 0.49317399999999995 0.246394 0.49104099999999995 0.231971
1 0.665956 0.5324519999999999 0.6646759999999999 0.539663 0.65913 0.5420670000000001 0.6582760000000001 0.5480769999999999 0.655717 0.5492790000000001 0.655717 0.5528850000000001 0.6582760000000001 0.5625 0.6621159999999999 0.566106 0.6646759999999999 0.5721149999999999 0.667662 0.5757209999999999 0.694113 0.574519 0.694113 0.569712 0.691126 0.5637019999999999 0.6915530000000001 0.555288 0.6894199999999999 0.546875 0.686007 0.543269 0.683874 0.5360579999999999 0.6834469999999999 0.5252399999999999 0.6817409999999999 0.515625 0.682167 0.5108170000000001 0.681314 0.490385 0.680034 0.480769 0.680034 0.472356 0.6779010000000001 0.439904 0.6757679999999999 0.436298 0.671075 0.4375 0.669369 0.451923 0.668515 0.491587 0.667235 0.5012019999999999 0.665956 0.5324519999999999
1 0.581485 0.40024 0.581058 0.40625 0.578925 0.407452 0.578925 0.41226 0.580631 0.41226 0.5819110000000001 0.414663 0.59727 0.413462 0.599403 0.409856 0.598123 0.407452 0.598123 0.402644 0.59471 0.39663499999999996 0.59215 0.36899000000000004 0.591297 0.34254799999999996 0.590444 0.33774000000000004 0.588311 0.33774000000000004 0.587031 0.34495200000000004 0.587031 0.35456699999999997 0.583618 0.397837 0.581485 0.40024
1 0.528157 0.31850999999999996 0.53029 0.320913 0.536689 0.320913 0.536689 0.31370200000000004 0.534983 0.31009600000000004 0.534556 0.28245200000000004 0.5332760000000001 0.27884600000000004 0.5319969999999999 0.27884600000000004 0.530717 0.28245200000000004 0.53029 0.308894 0.528157 0.31490399999999996 0.528157 0.31850999999999996
1 0.552048 0.350962 0.551195 0.35336500000000004 0.551195 0.35697100000000004 0.549488 0.36057700000000004 0.551195 0.36418300000000003 0.562287 0.36418300000000003 0.56314 0.36177899999999996 0.562287 0.359375 0.562287 0.35336500000000004 0.561433 0.352163 0.5605800000000001 0.34615399999999996 0.560154 0.33413499999999996 0.5593 0.33052899999999996 0.558874 0.31730800000000003 0.55802 0.316106 0.557594 0.305288 0.555034 0.304087 0.554181 0.31009600000000004 0.553754 0.331731 0.552474 0.33894199999999997 0.552048 0.350962
1 0.5149320000000001 0.29206699999999997 0.5149320000000001 0.29567299999999996 0.522184 0.29567299999999996 0.522184 0.29206699999999997 0.520051 0.28365399999999996 0.519625 0.26442299999999996 0.517918 0.26442299999999996 0.517065 0.27043300000000003 0.516638 0.28365399999999996 0.5157849999999999 0.29086500000000004 0.5149320000000001 0.29206699999999997
1 0.514505 0.27043300000000003 0.514505 0.26682700000000004 0.513225 0.262019 0.512799 0.246394 0.511092 0.246394 0.510666 0.262019 0.509386 0.26682700000000004 0.509386 0.27043300000000003 0.514505 0.27043300000000003