1 0.7521329999999999 0.7211540000000001 0.753413 0.727163 0.758106 0.7367790000000001 0.758959 0.7367790000000001 0.762799 0.7475959999999999 0.763652 0.7524040000000001 0.767065 0.7596149999999999 0.767918 0.7668269999999999 0.770904 0.7764420000000001 0.773891 0.7908649999999999 0.775597 0.7920670000000001 0.776451 0.789663 0.776451 0.774038 0.774744 0.7608170000000001 0.774317 0.741587 0.7717579999999999 0.711538 0.771331 0.695913 0.769625 0.6850959999999999 0.769198 0.6742790000000001 0.767918 0.668269 0.7649320000000001 0.664663 0.756399 0.6622600000000001 0.754266 0.6694709999999999 0.7538400000000001 0.6875 0.7521329999999999 0.7079329999999999 0.7521329999999999 0.7211540000000001
1 0.549488 0.31490399999999996 0.549488 0.32211500000000004 0.560154 0.32211500000000004 0.560154 0.31850999999999996 0.557594 0.31370200000000004 0.556314 0.29086500000000004 0.556314 0.27884600000000004 0.553328 0.277644 0.552048 0.29927899999999996 0.551195 0.300481 0.5507679999999999 0.31370200000000004 0.549488 0.31490399999999996
3 0.42448800000000003 0.308894 0.423208 0.284856 0.42235500000000004 0.28125 0.421075 0.28125 0.41723499999999997 0.31730800000000003 0.425768 0.31850999999999996 0.425768 0.31370200000000004 0.42448800000000003 0.308894
3 0.43344699999999997 0.29447100000000004 0.440273 0.29567299999999996 0.440273 0.29086500000000004 0.43942 0.288462 0.43942 0.27644199999999997 0.43856700000000004 0.274038 0.43814000000000003 0.265625 0.43685999999999997 0.265625 0.435154 0.277644 0.435154 0.28605800000000003 0.43344699999999997 0.29086500000000004 0.43344699999999997 0.29447100000000004
3 0.44667199999999996 0.25600999999999996 0.444966 0.257212 0.443259 0.28125 0.44837899999999997 0.28004799999999996 0.44667199999999996 0.25600999999999996
3 0.18984600000000001 0.32572100000000004 0.20179200000000003 0.32572100000000004 0.20179200000000003 0.320913 0.20008499999999999 0.319712 0.20008499999999999 0.31370200000000004 0.197952 0.300481 0.197526 0.288462 0.194966 0.288462 0.191553 0.31850999999999996 0.1907 0.32211500000000004 0.18984600000000001 0.32211500000000004 0.18984600000000001 0.32572100000000004
1 0.5938570000000001 0.429087 0.5930030000000001 0.439904 0.59087 0.444712 0.590444 0.455529 0.59215 0.460337 0.59215 0.46274 0.59471 0.463942 0.609642 0.463942 0.611348 0.461538 0.611348 0.456731 0.609642 0.445913 0.6075090000000001 0.439904 0.606655 0.420673 0.605802 0.415865 0.605375 0.397837 0.604522 0.39182700000000004 0.604096 0.371394 0.602389 0.366587 0.599403 0.366587 0.596843 0.37379799999999996 0.596843 0.39663499999999996 0.5955630000000001 0.421875 0.5938570000000001 0.429087
1 0.5644199999999999 0.34254799999999996 0.562713 0.352163 0.561007 0.355769 0.561007 0.362981 0.562713 0.367788 0.5720989999999999 0.36899000000000004 0.573805 0.366587 0.573805 0.35817299999999996 0.5720989999999999 0.352163 0.570392 0.340144 0.570392 0.33293300000000003 0.569539 0.328125 0.569539 0.3125 0.56698 0.30769199999999997 0.5657 0.31490399999999996 0.5657 0.32572100000000004 0.5644199999999999 0.33293300000000003 0.5644199999999999 0.34254799999999996
1 0.539249 0.29447100000000004 0.545222 0.29447100000000004 0.545648 0.289663 0.544369 0.284856 0.543515 0.27524000000000004 0.543515 0.26442299999999996 0.5430889999999999 0.262019 0.541809 0.262019 0.540956 0.26682700000000004 0.540102 0.28365399999999996 0.538396 0.29206699999999997 0.539249 0.29447100000000004
1 0.535836 0.27644199999999997 0.536263 0.274038 0.5354099999999999 0.27163499999999996 0.534556 0.25120200000000004 0.5332760000000001 0.25120200000000004 0.532423 0.26442299999999996 0.530717 0.272837 0.53157 0.27644199999999997 0.535836 0.27644199999999997
1 0.527304 0.247596 0.526451 0.245192 0.525597 0.25 0.524744 0.26682700000000004 0.528584 0.26682700000000004 0.527304 0.247596
3 0.30759400000000003 0.419471 0.30631400000000003 0.429087 0.30631400000000003 0.4375 0.305461 0.444712 0.305461 0.460337 0.304608 0.472356 0.303328 0.477163 0.29692799999999997 0.487981 0.295648 0.495192 0.296075 0.5012019999999999 0.304608 0.5024040000000001 0.312713 0.5 0.31996600000000003 0.49399 0.32423199999999996 0.487981 0.32423199999999996 0.483173 0.322952 0.477163 0.320819 0.477163 0.319113 0.469952 0.317833 0.4375 0.31442000000000003 0.418269 0.314846 0.407452 0.31314000000000003 0.39543300000000003 0.31057999999999997 0.39543300000000003 0.3093 0.397837 0.30759400000000003 0.409856 0.30759400000000003 0.419471
3 0.389078 0.35817299999999996 0.388225 0.359375 0.387372 0.36899000000000004 0.39846400000000004 0.36899000000000004 0.399744 0.36538499999999996 0.399744 0.362981 0.398891 0.36177899999999996 0.398891 0.35697100000000004 0.397184 0.352163 0.396758 0.331731 0.395051 0.319712 0.395051 0.3125 0.392065 0.31129799999999996 0.391212 0.31490399999999996 0.391212 0.32211500000000004 0.389932 0.33052899999999996 0.389078 0.35817299999999996
2 0.067406 0.331731 0.066553 0.36177899999999996 0.064846 0.37019199999999997 0.063567 0.37259600000000004 0.063567 0.375 0.061860000000000005 0.37620200000000004 0.061860000000000005 0.37980800000000003 0.076365 0.37740399999999996 0.077218 0.375 0.083191 0.37379799999999996 0.085751 0.371394 0.085751 0.366587 0.084898 0.366587 0.083191 0.36177899999999996 0.083191 0.35817299999999996 0.082338 0.355769 0.081485 0.340144 0.080205 0.336538 0.079352 0.32932700000000004 0.078925 0.31730800000000003 0.077218 0.30168300000000003 0.075512 0.29447100000000004 0.07252600000000001 0.29447100000000004 0.070819 0.29927899999999996 0.070819 0.30769199999999997 0.067406 0.331731
1 0.508959 0.26081699999999997 0.509386 0.257212 0.508106 0.25120200000000004 0.508106 0.24399 0.5072530000000001 0.241587 0.506826 0.248798 0.505546 0.25480800000000003 0.505546 0.25961500000000004 0.508959 0.26081699999999997
1 0.453072 0.257212 0.455631 0.257212 0.456485 0.25480800000000003 0.454778 0.237981 0.453925 0.239183 0.453498 0.25 0.45264499999999996 0.25240399999999996 0.453072 0.257212
3 0.382253 0.27644199999999997 0.381399 0.262019 0.380119 0.25120200000000004 0.378413 0.25120200000000004 0.376706 0.27043300000000003 0.376706 0.277644 0.381399 0.27884600000000004 0.382253 0.27644199999999997
3 0.270904 0.29807700000000004 0.274744 0.29807700000000004 0.276877 0.29567299999999996 0.276877 0.29206699999999997 0.275597 0.28725999999999996 0.275597 0.28004799999999996 0.27431700000000003 0.26802899999999996 0.272184 0.26802899999999996 0.270904 0.289663 0.269625 0.29206699999999997 0.269625 0.29567299999999996 0.270904 0.29807700000000004