1 0.702645 0.459135 0.701365 0.465144 0.698805 0.467548 0.6970989999999999 0.472356 0.697526 0.478365 0.6992320000000001 0.481971 0.702645 0.480769 0.709044 0.487981 0.713737 0.489183 0.715017 0.491587 0.7180030000000001 0.489183 0.71843 0.490385 0.723123 0.485577 0.724403 0.481971 0.724403 0.475962 0.72227 0.469952 0.7188570000000001 0.467548 0.717577 0.460337 0.7167239999999999 0.445913 0.7145900000000001 0.427885 0.714164 0.40625 0.712457 0.38581699999999997 0.7069110000000001 0.38461500000000004 0.7052050000000001 0.394231 0.704352 0.414663 0.704778 0.43149 0.702645 0.459135
1 0.524317 0.36418300000000003 0.524317 0.36899000000000004 0.526451 0.36899000000000004 0.52773 0.371394 0.538396 0.36899000000000004 0.538396 0.36538499999999996 0.534556 0.36057700000000004 0.532423 0.31730800000000003 0.5311429999999999 0.31370200000000004 0.5294369999999999 0.31370200000000004 0.528157 0.320913 0.526877 0.35697100000000004 0.5260239999999999 0.36177899999999996 0.524317 0.36418300000000003
1 0.336604 0.31370200000000004 0.338311 0.31730800000000003 0.34599 0.31490399999999996 0.346416 0.31009600000000004 0.344283 0.30769199999999997 0.34343 0.29927899999999996 0.343003 0.28365399999999996 0.34215 0.28125 0.340444 0.28125 0.33959 0.28725999999999996 0.339164 0.30649000000000004 0.336604 0.308894 0.336604 0.31370200000000004
1 0.474829 0.336538 0.474829 0.340144 0.47781599999999996 0.34375 0.48592199999999997 0.34134600000000004 0.486348 0.336538 0.484215 0.331731 0.48336199999999996 0.32692299999999996 0.481229 0.29567299999999996 0.47952199999999995 0.29567299999999996 0.47738899999999995 0.331731 0.476109 0.33293300000000003 0.47568299999999997 0.336538 0.474829 0.336538
1 0.255546 0.3125 0.25384 0.31490399999999996 0.254266 0.319712 0.261092 0.319712 0.261945 0.31730800000000003 0.263652 0.31730800000000003 0.263652 0.31370200000000004 0.261519 0.31129799999999996 0.261519 0.30168300000000003 0.25981200000000004 0.29086500000000004 0.25981200000000004 0.284856 0.258106 0.284856 0.256826 0.28725999999999996 0.256399 0.305288 0.255546 0.3125
3 0.23464200000000002 0.362981 0.23976099999999997 0.36418300000000003 0.244454 0.36057700000000004 0.24829400000000001 0.36057700000000004 0.24829400000000001 0.355769 0.24616 0.35456699999999997 0.245307 0.352163 0.244881 0.336538 0.244027 0.33293300000000003 0.243174 0.319712 0.24146800000000002 0.31490399999999996 0.23976099999999997 0.31490399999999996 0.237628 0.350962 0.236775 0.355769 0.23464200000000002 0.359375 0.23464200000000002 0.362981
1 0.40401 0.31850999999999996 0.405717 0.32211500000000004 0.413823 0.320913 0.413823 0.316106 0.41168899999999997 0.3125 0.409983 0.28365399999999996 0.40785 0.28365399999999996 0.40657 0.30769199999999997 0.405717 0.31370200000000004 0.40401 0.31490399999999996 0.40401 0.31850999999999996
1 0.608788 0.41226 0.611775 0.414663 0.624573 0.413462 0.625427 0.411058 0.625 0.405048 0.620734 0.394231 0.620734 0.38822100000000004 0.619027 0.37620200000000004 0.619027 0.36177899999999996 0.6177469999999999 0.34254799999999996 0.616894 0.33894199999999997 0.6134809999999999 0.340144 0.610922 0.39543300000000003 0.6075090000000001 0.401442 0.607082 0.407452 0.608788 0.41226
1 0.059726999999999995 0.352163 0.066553 0.352163 0.06953899999999999 0.34975999999999996 0.06953899999999999 0.34615399999999996 0.068686 0.34495200000000004 0.067406 0.335337 0.06570000000000001 0.331731 0.06612599999999999 0.31730800000000003 0.064846 0.3125 0.061860000000000005 0.3125 0.061007 0.319712 0.061007 0.32932700000000004 0.059726999999999995 0.335337 0.059726999999999995 0.352163
3 0.17235499999999998 0.352163 0.169369 0.35817299999999996 0.169795 0.36177899999999996 0.178328 0.362981 0.1843 0.36057700000000004 0.1843 0.355769 0.182167 0.35456699999999997 0.181314 0.352163 0.180887 0.335337 0.180034 0.32331699999999997 0.178754 0.316106 0.177474 0.31490399999999996 0.174915 0.31730800000000003 0.174061 0.34134600000000004 0.17235499999999998 0.352163
3 0.295648 0.36538499999999996 0.291809 0.37019199999999997 0.291809 0.37379799999999996 0.302474 0.37379799999999996 0.30674100000000004 0.36899000000000004 0.30674100000000004 0.36538499999999996 0.30375399999999997 0.362981 0.302901 0.340144 0.30076800000000004 0.32572100000000004 0.30076800000000004 0.320913 0.298208 0.320913 0.298208 0.33052899999999996 0.296502 0.34134600000000004 0.295648 0.36538499999999996
1 0.198805 0.319712 0.198805 0.324519 0.204352 0.324519 0.20776500000000003 0.320913 0.20776500000000003 0.31730800000000003 0.206058 0.31490399999999996 0.206058 0.308894 0.203498 0.289663 0.202218 0.289663 0.20093899999999998 0.293269 0.20008499999999999 0.31850999999999996 0.198805 0.319712
3 0.326792 0.447115 0.326792 0.46274 0.325939 0.465144 0.322099 0.466346 0.322099 0.471154 0.320819 0.473558 0.322099 0.484375 0.325939 0.484375 0.331485 0.480769 0.336177 0.480769 0.34470999999999996 0.477163 0.34343 0.461538 0.33959 0.459135 0.33788399999999996 0.420673 0.335751 0.405048 0.335324 0.39302899999999996 0.334044 0.390625 0.330631 0.39182700000000004 0.329352 0.405048 0.328925 0.425481 0.326792 0.447115
3 0.326365 0.38942299999999996 0.324659 0.39663499999999996 0.322952 0.39543300000000003 0.322526 0.397837 0.321672 0.397837 0.32124600000000003 0.402644 0.327218 0.402644 0.329352 0.40024 0.329352 0.390625 0.33020499999999997 0.38822100000000004 0.33489800000000003 0.38822100000000004 0.336177 0.39302899999999996 0.336177 0.397837 0.339164 0.397837 0.339164 0.394231 0.33788399999999996 0.39302899999999996 0.33788399999999996 0.38942299999999996 0.334471 0.38100999999999996 0.334471 0.366587 0.331485 0.33774000000000004 0.329352 0.33774000000000004 0.328925 0.34495200000000004 0.327645 0.350962 0.326365 0.38942299999999996
3 0.255119 0.711538 0.255119 0.7235579999999999 0.254693 0.7283649999999999 0.25384 0.7295670000000001 0.253413 0.7524040000000001 0.25256 0.7548079999999999 0.252133 0.777644 0.25128 0.7824519999999999 0.25128 0.789663 0.250427 0.793269 0.249573 0.820913 0.250427 0.8245189999999999 0.25 0.8269230000000001 0.250853 0.8269230000000001 0.25256 0.8221149999999999 0.25298600000000004 0.817308 0.257253 0.8028850000000001 0.263225 0.7920670000000001 0.263652 0.789663 0.267065 0.788462 0.269198 0.7836540000000001 0.274744 0.7800480000000001 0.274744 0.7716350000000001 0.271758 0.7596149999999999 0.272184 0.7524040000000001 0.270478 0.7355769999999999 0.270478 0.7235579999999999 0.269198 0.7211540000000001 0.268771 0.7175480000000001 0.268771 0.7007209999999999 0.268345 0.694712 0.26749100000000003 0.6935100000000001 0.260239 0.6923079999999999 0.255973 0.703125 0.255973 0.7079329999999999 0.255119 0.711538