3 0.528157 0.30168300000000003 0.534556 0.30168300000000003 0.5354099999999999 0.296875 0.5332760000000001 0.29447100000000004 0.5332760000000001 0.28725999999999996 0.53157 0.274038 0.53157 0.26682700000000004 0.5294369999999999 0.26442299999999996 0.528157 0.272837 0.528584 0.293269 0.52773 0.29567299999999996 0.528157 0.30168300000000003
3 0.6970989999999999 0.284856 0.703498 0.284856 0.7052050000000001 0.28125 0.7052050000000001 0.277644 0.703925 0.27644199999999997 0.7030719999999999 0.272837 0.7030719999999999 0.26322100000000004 0.701365 0.247596 0.698805 0.245192 0.697526 0.25240399999999996 0.697526 0.26322100000000004 0.695819 0.28125 0.6970989999999999 0.284856
1 0.651877 0.35697100000000004 0.6510239999999999 0.362981 0.651451 0.366587 0.649317 0.36899000000000004 0.649317 0.371394 0.648038 0.37379799999999996 0.648038 0.37740399999999996 0.650171 0.383413 0.652304 0.38461500000000004 0.665529 0.38100999999999996 0.666382 0.378606 0.666382 0.37379799999999996 0.664249 0.37019199999999997 0.664249 0.36418300000000003 0.662543 0.35817299999999996 0.662543 0.352163 0.660836 0.336538 0.660836 0.32692299999999996 0.659983 0.32572100000000004 0.658703 0.31730800000000003 0.658703 0.31009600000000004 0.6561429999999999 0.308894 0.65401 0.31490399999999996 0.653157 0.33774000000000004 0.651877 0.347356 0.651877 0.35697100000000004
1 0.680887 0.449519 0.678754 0.450721 0.677048 0.459135 0.674915 0.463942 0.674915 0.467548 0.676621 0.469952 0.680461 0.469952 0.689846 0.475962 0.698805 0.475962 0.6992320000000001 0.473558 0.701792 0.469952 0.704352 0.469952 0.704778 0.463942 0.703498 0.460337 0.699659 0.457933 0.697526 0.447115 0.695392 0.401442 0.694539 0.40024 0.693686 0.378606 0.692406 0.371394 0.6915530000000001 0.37019199999999997 0.68686 0.37019199999999997 0.686433 0.37980800000000003 0.685154 0.38461500000000004 0.682594 0.442308 0.680887 0.449519
3 0.32423199999999996 0.447115 0.32423199999999996 0.456731 0.32337899999999997 0.46274 0.32337899999999997 0.47476 0.322099 0.485577 0.322526 0.492788 0.320392 0.5204329999999999 0.316553 0.5288459999999999 0.31442000000000003 0.5420670000000001 0.31314000000000003 0.5444709999999999 0.31314000000000003 0.5492790000000001 0.335751 0.5456730000000001 0.337457 0.543269 0.33959 0.543269 0.342577 0.5360579999999999 0.344283 0.527644 0.345563 0.5252399999999999 0.345563 0.5204329999999999 0.34343 0.5204329999999999 0.343003 0.5180290000000001 0.338311 0.5180290000000001 0.33788399999999996 0.507212 0.336177 0.492788 0.335324 0.490385 0.334471 0.473558 0.333618 0.471154 0.33233799999999997 0.435096 0.331485 0.429087 0.327218 0.427885 0.32551199999999997 0.430288 0.32551199999999997 0.436298 0.32423199999999996 0.447115
3 0.758532 0.277644 0.758532 0.28245200000000004 0.761945 0.284856 0.767065 0.28365399999999996 0.767918 0.28125 0.766212 0.272837 0.763652 0.245192 0.761945 0.245192 0.761945 0.247596 0.760666 0.25 0.7598119999999999 0.272837 0.758532 0.277644
1 0.741041 0.34615399999999996 0.7384809999999999 0.350962 0.7384809999999999 0.355769 0.74744 0.359375 0.755119 0.35817299999999996 0.755973 0.355769 0.755973 0.352163 0.754266 0.350962 0.752986 0.34495200000000004 0.752986 0.33774000000000004 0.750427 0.31730800000000003 0.750427 0.30649000000000004 0.749573 0.296875 0.748294 0.29206699999999997 0.744881 0.293269 0.743601 0.30288499999999996 0.744027 0.3125 0.7427469999999999 0.33894199999999997 0.741041 0.34615399999999996
1 0.862201 0.34855800000000003 0.860495 0.34855800000000003 0.859642 0.350962 0.859642 0.355769 0.8613479999999999 0.355769 0.861775 0.35817299999999996 0.866468 0.359375 0.8775600000000001 0.35817299999999996 0.87884 0.355769 0.87884 0.350962 0.8767060000000001 0.34615399999999996 0.8762800000000001 0.340144 0.875427 0.33774000000000004 0.8720140000000001 0.29567299999999996 0.870307 0.29086500000000004 0.8677469999999999 0.29086500000000004 0.8660410000000001 0.30288499999999996 0.8656140000000001 0.319712 0.8634809999999999 0.34375 0.862201 0.34855800000000003
3 0.380546 0.38100999999999996 0.380546 0.38581699999999997 0.379693 0.38942299999999996 0.37756 0.38942299999999996 0.377133 0.397837 0.38481200000000004 0.401442 0.390785 0.40024 0.392918 0.39663499999999996 0.393345 0.38942299999999996 0.391212 0.38942299999999996 0.390358 0.387019 0.386519 0.331731 0.384386 0.33052899999999996 0.383106 0.336538 0.381826 0.35336500000000004 0.381399 0.37740399999999996 0.380546 0.38100999999999996
3 0.456911 0.32211500000000004 0.456911 0.328125 0.46715 0.328125 0.46715 0.32331699999999997 0.46586999999999995 0.32331699999999997 0.465017 0.319712 0.465017 0.305288 0.46373699999999995 0.300481 0.462884 0.28605800000000003 0.460751 0.284856 0.460751 0.289663 0.459471 0.29447100000000004 0.459044 0.320913 0.456911 0.32211500000000004
3 0.604949 0.28605800000000003 0.605802 0.28725999999999996 0.610922 0.28725999999999996 0.613055 0.284856 0.612201 0.27043300000000003 0.6092150000000001 0.248798 0.607935 0.25120200000000004 0.6075090000000001 0.26442299999999996 0.604949 0.28245200000000004 0.604949 0.28605800000000003