1 0.703925 0.5264420000000001 0.701365 0.5300480000000001 0.697952 0.538462 0.695819 0.539663 0.694966 0.543269 0.697952 0.5492790000000001 0.703498 0.550481 0.710751 0.5564899999999999 0.7145900000000001 0.5625 0.72099 0.5673079999999999 0.7342150000000001 0.5576920000000001 0.735495 0.555288 0.735922 0.550481 0.730375 0.538462 0.7265360000000001 0.5336540000000001 0.724829 0.527644 0.724403 0.5108170000000001 0.723123 0.5012019999999999 0.723123 0.491587 0.72227 0.486779 0.72227 0.478365 0.721416 0.47476 0.721416 0.463942 0.719283 0.436298 0.7180030000000001 0.432692 0.7128840000000001 0.430288 0.711177 0.433894 0.709471 0.478365 0.706485 0.5180290000000001 0.703925 0.5264420000000001
1 0.42790100000000003 0.29206699999999997 0.42662100000000003 0.29927899999999996 0.433874 0.29807700000000004 0.433874 0.29206699999999997 0.43301999999999996 0.29086500000000004 0.431314 0.28004799999999996 0.431314 0.27043300000000003 0.429608 0.269231 0.42875399999999997 0.272837 0.429181 0.27644199999999997 0.42832800000000004 0.28004799999999996 0.42790100000000003 0.29206699999999997
1 0.386092 0.296875 0.392065 0.296875 0.392065 0.293269 0.391212 0.29206699999999997 0.390358 0.28605800000000003 0.390358 0.269231 0.388225 0.26802899999999996 0.387372 0.28365399999999996 0.386519 0.28605800000000003 0.385666 0.29447100000000004 0.386092 0.296875
1 0.351962 0.293269 0.357082 0.293269 0.35750899999999997 0.289663 0.355802 0.28365399999999996 0.356229 0.28245200000000004 0.355375 0.27884600000000004 0.355375 0.269231 0.354949 0.26682700000000004 0.353242 0.26682700000000004 0.352816 0.28245200000000004 0.35153599999999996 0.28365399999999996 0.35068299999999997 0.29086500000000004 0.351962 0.293269
3 0.258106 0.574519 0.257679 0.59375 0.255546 0.6153850000000001 0.255546 0.6274040000000001 0.25298600000000004 0.647837 0.25298600000000004 0.659856 0.252133 0.664663 0.250853 0.6899040000000001 0.249147 0.6983170000000001 0.243174 0.710337 0.242321 0.710337 0.239334 0.71875 0.238481 0.7235579999999999 0.238481 0.737981 0.237628 0.7451920000000001 0.238055 0.7512019999999999 0.243174 0.7512019999999999 0.24701399999999998 0.7475959999999999 0.263652 0.7403850000000001 0.26749100000000003 0.7367790000000001 0.270904 0.7367790000000001 0.280717 0.7319709999999999 0.283703 0.7283649999999999 0.28541 0.722356 0.286263 0.710337 0.288823 0.6923079999999999 0.288396 0.6826920000000001 0.280717 0.6778850000000001 0.278157 0.671875 0.274744 0.6358170000000001 0.273891 0.6141829999999999 0.269198 0.5564899999999999 0.268345 0.5528850000000001 0.265358 0.5516829999999999 0.260666 0.554087 0.259386 0.5564899999999999 0.258106 0.574519
3 0.336177 0.448317 0.334471 0.456731 0.333618 0.477163 0.330631 0.480769 0.32807200000000003 0.486779 0.328925 0.496394 0.330631 0.5 0.338737 0.496394 0.348976 0.495192 0.351962 0.492788 0.353242 0.487981 0.352816 0.477163 0.35153599999999996 0.473558 0.349829 0.472356 0.347696 0.463942 0.345563 0.436298 0.344283 0.403846 0.343003 0.399038 0.341724 0.397837 0.338737 0.399038 0.337457 0.403846 0.336177 0.427885 0.336177 0.448317
1 0.291382 0.29206699999999997 0.297782 0.293269 0.298635 0.288462 0.296075 0.28245200000000004 0.295222 0.277644 0.295222 0.26802899999999996 0.29394200000000004 0.265625 0.29266200000000003 0.27043300000000003 0.29266200000000003 0.28125 0.291382 0.28605800000000003 0.291382 0.29206699999999997
1 0.592577 0.35456699999999997 0.5917239999999999 0.383413 0.588311 0.39182700000000004 0.588311 0.39543300000000003 0.591297 0.40024 0.602389 0.401442 0.603669 0.399038 0.603669 0.394231 0.599829 0.383413 0.599829 0.37259600000000004 0.598549 0.366587 0.598549 0.35456699999999997 0.597696 0.34855800000000003 0.59727 0.335337 0.5955630000000001 0.33413499999999996 0.594283 0.335337 0.5930030000000001 0.340144 0.59343 0.34615399999999996 0.592577 0.35456699999999997
1 0.551195 0.34975999999999996 0.557594 0.34975999999999996 0.5593 0.34495200000000004 0.558874 0.340144 0.556314 0.33894199999999997 0.555461 0.335337 0.555461 0.32211500000000004 0.554181 0.31129799999999996 0.554181 0.300481 0.5529010000000001 0.29807700000000004 0.5507679999999999 0.29927899999999996 0.549061 0.33774000000000004 0.546502 0.34375 0.547782 0.347356 0.551195 0.34975999999999996
1 0.49616 0.3125 0.496587 0.31490399999999996 0.50256 0.3125 0.50256 0.30769199999999997 0.500853 0.304087 0.499573 0.293269 0.499573 0.28125 0.498294 0.277644 0.49701399999999996 0.277644 0.495734 0.28245200000000004 0.495734 0.29447100000000004 0.494454 0.3125 0.49616 0.3125
1 0.46459 0.30288499999999996 0.465017 0.296875 0.46416399999999997 0.29206699999999997 0.462457 0.288462 0.46203099999999997 0.28365399999999996 0.46203099999999997 0.27163499999999996 0.461177 0.269231 0.459044 0.27043300000000003 0.459044 0.288462 0.457338 0.29927899999999996 0.45819099999999996 0.30288499999999996 0.46459 0.30288499999999996
3 0.31825899999999996 0.316106 0.316553 0.320913 0.31698 0.32331699999999997 0.32508499999999996 0.32211500000000004 0.323805 0.31730800000000003 0.323805 0.30769199999999997 0.322526 0.296875 0.322526 0.289663 0.321672 0.28725999999999996 0.319113 0.289663 0.319113 0.30769199999999997 0.31825899999999996 0.31129799999999996 0.31825899999999996 0.316106
3 0.289249 0.31490399999999996 0.290956 0.3125 0.290956 0.308894 0.289249 0.300481 0.289249 0.28725999999999996 0.28796900000000003 0.28245200000000004 0.286689 0.28245200000000004 0.285836 0.284856 0.28541 0.30168300000000003 0.283703 0.31370200000000004 0.289249 0.31490399999999996
3 0.244027 0.31370200000000004 0.24573399999999998 0.316106 0.250427 0.31370200000000004 0.251706 0.31129799999999996 0.249573 0.30649000000000004 0.249573 0.288462 0.24872 0.28365399999999996 0.24616 0.28365399999999996 0.245307 0.28605800000000003 0.245307 0.29927899999999996 0.244027 0.31370200000000004
1 0.147184 0.31129799999999996 0.14846399999999998 0.30769199999999997 0.149317 0.30769199999999997 0.149317 0.30288499999999996 0.146758 0.29447100000000004 0.146758 0.28605800000000003 0.145478 0.28125 0.142065 0.28365399999999996 0.141638 0.29927899999999996 0.13907799999999998 0.31009600000000004 0.147184 0.31129799999999996
3 0.118174 0.32331699999999997 0.115614 0.324519 0.115188 0.32932700000000004 0.127133 0.32932700000000004 0.127986 0.32692299999999996 0.127986 0.32331699999999997 0.125853 0.31850999999999996 0.125853 0.31009600000000004 0.12414700000000001 0.29447100000000004 0.12116 0.29567299999999996 0.11988099999999999 0.304087 0.119027 0.319712 0.118174 0.32331699999999997
1 0.089164 0.31730800000000003 0.089164 0.3125 0.08788399999999999 0.31009600000000004 0.086177 0.29447100000000004 0.086604 0.289663 0.081911 0.288462 0.080631 0.30769199999999997 0.078498 0.319712 0.08788399999999999 0.319712 0.089164 0.31730800000000003
1 0.23293499999999998 0.29807700000000004 0.23336199999999999 0.29447100000000004 0.232509 0.293269 0.230375 0.27163499999999996 0.228242 0.27163499999999996 0.227389 0.28725999999999996 0.226536 0.293269 0.224829 0.29807700000000004 0.23293499999999998 0.29807700000000004
3 0.192833 0.31730800000000003 0.192833 0.31490399999999996 0.18984600000000001 0.30649000000000004 0.18942 0.289663 0.18600699999999998 0.288462 0.1843 0.3125 0.18302000000000002 0.31850999999999996 0.191553 0.319712 0.192833 0.31730800000000003
3 0.370307 0.37379799999999996 0.368601 0.375 0.368174 0.37980800000000003 0.374147 0.38100999999999996 0.37628 0.383413 0.381399 0.38100999999999996 0.383106 0.37620200000000004 0.379693 0.366587 0.378413 0.35456699999999997 0.37798600000000004 0.33894199999999997 0.37628 0.33413499999999996 0.374573 0.33413499999999996 0.373294 0.33774000000000004 0.37201399999999996 0.350962 0.371587 0.36899000000000004 0.370307 0.37379799999999996
3 0.370734 0.336538 0.367321 0.34134600000000004 0.368174 0.34375 0.37201399999999996 0.34254799999999996 0.37244 0.33774000000000004 0.37372 0.33413499999999996 0.37628 0.33293300000000003 0.378413 0.33894199999999997 0.379266 0.34495200000000004 0.380973 0.34495200000000004 0.380973 0.33894199999999997 0.37884 0.33774000000000004 0.37756 0.33413499999999996 0.37628 0.32572100000000004 0.375853 0.305288 0.375427 0.30288499999999996 0.373294 0.30168300000000003 0.371587 0.308894 0.371587 0.32572100000000004 0.370734 0.32932700000000004 0.370734 0.336538