0 0.342727 0.595588 0.340455 0.614706 0.340455 0.6242650000000001 0.339091 0.628676 0.333636 0.633088 0.332727 0.636029 0.332727 0.640441 0.331818 0.642647 0.332727 0.6455879999999999 0.361364 0.646324 0.365909 0.644118 0.369091 0.638971 0.369091 0.631618 0.368182 0.628676 0.362727 0.6272059999999999 0.361364 0.6242650000000001 0.36 0.611765 0.356364 0.592647 0.353636 0.5698529999999999 0.350909 0.5647059999999999 0.345909 0.5647059999999999 0.344545 0.567647 0.342727 0.585294 0.342727 0.595588
0 0.605909 0.558824 0.604545 0.561029 0.6022730000000001 0.5617650000000001 0.6009089999999999 0.5647059999999999 0.6009089999999999 0.5669120000000001 0.601818 0.569118 0.6036360000000001 0.570588 0.6259089999999999 0.570588 0.6259089999999999 0.5625 0.6222730000000001 0.5617650000000001 0.621364 0.5602940000000001 0.621364 0.5536760000000001 0.620455 0.550735 0.621364 0.547794 0.621364 0.544118 0.620455 0.544118 0.619091 0.5419120000000001 0.619091 0.536029 0.617727 0.530147 0.617273 0.519853 0.615909 0.516912 0.611818 0.516912 0.610909 0.517647 0.607727 0.542647 0.607727 0.55 0.605909 0.558824
0 0.587727 0.524265 0.586818 0.529412 0.583182 0.533088 0.583182 0.538971 0.583636 0.5404410000000001 0.5986360000000001 0.5404410000000001 0.601364 0.538235 0.601364 0.534559 0.598182 0.531618 0.597727 0.522794 0.595909 0.516912 0.594545 0.506618 0.5940909999999999 0.496324 0.5904550000000001 0.495588 0.5886359999999999 0.498529 0.5886359999999999 0.503676 0.587727 0.5073529999999999 0.587727 0.524265
0 0.544091 0.506618 0.543636 0.509559 0.545909 0.511765 0.556818 0.511765 0.559091 0.510294 0.559091 0.5088239999999999 0.5577270000000001 0.5058819999999999 0.5563640000000001 0.505147 0.555455 0.5007349999999999 0.553636 0.47720599999999996 0.552727 0.47573499999999996 0.550909 0.47573499999999996 0.549545 0.480882 0.548636 0.493382 0.546364 0.5058819999999999 0.544091 0.506618
0 0.382273 0.549265 0.381364 0.561029 0.379545 0.5654410000000001 0.37636400000000003 0.567647 0.375909 0.573529 0.40136399999999994 0.573529 0.40090899999999996 0.5654410000000001 0.4 0.563971 0.397273 0.5632349999999999 0.395 0.557353 0.395 0.5536760000000001 0.392273 0.541176 0.391818 0.530147 0.38909099999999996 0.517647 0.385 0.516912 0.383636 0.519853 0.383636 0.530147 0.381818 0.548529 0.382273 0.549265
3 0.357727 0.533088 0.355909 0.552206 0.352273 0.5580879999999999 0.352273 0.5625 0.353182 0.563971 0.374091 0.563971 0.375455 0.5625 0.375909 0.5602940000000001 0.375 0.5566180000000001 0.371818 0.5551470000000001 0.370455 0.552206 0.369091 0.538235 0.368182 0.536765 0.366818 0.523529 0.365455 0.518382 0.365455 0.513235 0.364545 0.510294 0.36090900000000004 0.510294 0.36 0.511029 0.359091 0.527941 0.358636 0.531618 0.357727 0.533088
0 0.25136400000000003 0.5419120000000001 0.25136400000000003 0.547794 0.249545 0.552206 0.24590900000000002 0.5551470000000001 0.24545499999999998 0.5617650000000001 0.250909 0.563971 0.269091 0.563971 0.270455 0.5625 0.271364 0.5536760000000001 0.266364 0.552206 0.264545 0.549265 0.264545 0.545588 0.26318199999999997 0.5404410000000001 0.260455 0.521324 0.259545 0.5088239999999999 0.257727 0.508088 0.25409099999999996 0.510294 0.25409099999999996 0.514706 0.25272700000000003 0.519853 0.25272700000000003 0.534559 0.25136400000000003 0.5419120000000001
0 0.063636 0.5617650000000001 0.076364 0.5595589999999999 0.078182 0.5602940000000001 0.081364 0.5580879999999999 0.083182 0.5580879999999999 0.084091 0.5536760000000001 0.083182 0.551471 0.080909 0.552206 0.08 0.550735 0.076364 0.528676 0.07409099999999999 0.519118 0.073182 0.5088239999999999 0.070455 0.5058819999999999 0.067273 0.5058819999999999 0.06454499999999999 0.530147 0.06454499999999999 0.5375 0.063636 0.539706 0.063636 0.5617650000000001
0 0.425 0.511029 0.42681800000000003 0.509559 0.42681800000000003 0.508088 0.425909 0.5073529999999999 0.42681800000000003 0.5058819999999999 0.42409100000000005 0.5 0.420909 0.47720599999999996 0.419545 0.475 0.41727299999999995 0.475 0.415909 0.47720599999999996 0.415909 0.5 0.414091 0.510294 0.425 0.511029
3 0.42772699999999997 0.5 0.427273 0.503676 0.44045500000000004 0.503676 0.441364 0.5007349999999999 0.439545 0.5 0.438182 0.497794 0.43772700000000003 0.488971 0.436818 0.486765 0.435455 0.47426500000000005 0.43454499999999996 0.47205899999999995 0.43272700000000003 0.47132399999999997 0.431818 0.47205899999999995 0.430455 0.495588 0.42954499999999995 0.498529 0.42772699999999997 0.5
2 0.5650000000000001 0.494853 0.565455 0.497794 0.5645450000000001 0.501471 0.564091 0.511765 0.5631820000000001 0.513235 0.5618179999999999 0.5125 0.5604549999999999 0.513971 0.5604549999999999 0.515441 0.562273 0.518382 0.567727 0.518382 0.571364 0.493382 0.571818 0.480882 0.574091 0.46985299999999997 0.574091 0.46323499999999995 0.572727 0.46029400000000004 0.5700000000000001 0.45955899999999994 0.569091 0.46911800000000003 0.566818 0.482353 0.566818 0.4875 0.5650000000000001 0.494853
1 0.6236360000000001 0.536029 0.622727 0.547059 0.621364 0.548529 0.6222730000000001 0.557353 0.623182 0.5595589999999999 0.6263639999999999 0.561029 0.637727 0.5602940000000001 0.639091 0.5580879999999999 0.64 0.5580879999999999 0.638182 0.5566180000000001 0.638636 0.5551470000000001 0.636364 0.55 0.636364 0.541176 0.635 0.538235 0.633636 0.514706 0.631818 0.5088239999999999 0.628182 0.5088239999999999 0.6259089999999999 0.514706 0.6263639999999999 0.518382 0.625455 0.527941 0.6236360000000001 0.536029
1 0.535909 0.501471 0.5363640000000001 0.506618 0.542727 0.5073529999999999 0.542727 0.5058819999999999 0.545 0.5044120000000001 0.546364 0.501471 0.546818 0.494118 0.545909 0.491912 0.545909 0.486029 0.5445450000000001 0.480147 0.544091 0.47279400000000005 0.540909 0.47279400000000005 0.54 0.47794100000000006 0.539091 0.497059 0.535909 0.501471
0 0.390455 0.522794 0.392273 0.525735 0.39318200000000003 0.542647 0.403636 0.543382 0.40499999999999997 0.5419120000000001 0.40499999999999997 0.5375 0.403182 0.534559 0.401818 0.534559 0.40090899999999996 0.533088 0.399545 0.527941 0.399091 0.523529 0.396818 0.516176 0.395909 0.501471 0.394091 0.497059 0.391818 0.497059 0.39 0.505147 0.389545 0.519118 0.390455 0.5205879999999999 0.390455 0.522794
2 0.397273 0.5073529999999999 0.398636 0.5220589999999999 0.40090899999999996 0.525735 0.413636 0.526471 0.41500000000000004 0.525 0.41500000000000004 0.522794 0.412727 0.518382 0.40954499999999994 0.494118 0.40772700000000006 0.4875 0.40636400000000006 0.475 0.404545 0.46617600000000003 0.40272699999999995 0.463971 0.399545 0.46617600000000003 0.399545 0.47279400000000005 0.398636 0.47720599999999996 0.397273 0.5073529999999999
2 0.405455 0.46985299999999997 0.407273 0.47720599999999996 0.407273 0.482353 0.408636 0.483824 0.40818199999999993 0.4875 0.41 0.494118 0.41045499999999996 0.5 0.411364 0.501471 0.411364 0.5058819999999999 0.412273 0.508088 0.414091 0.519853 0.416818 0.519853 0.417727 0.519118 0.417727 0.517647 0.413636 0.511029 0.412273 0.497059 0.411364 0.494853 0.410909 0.488235 0.41 0.485294 0.41045499999999996 0.478676 0.40954499999999994 0.47058799999999995 0.40818199999999993 0.46764700000000003 0.406818 0.46029400000000004 0.405909 0.458824 0.40272699999999995 0.45955899999999994 0.401818 0.46176500000000004 0.403182 0.46176500000000004 0.405455 0.46691200000000005 0.405455 0.46985299999999997
0 0.335 0.730147 0.333636 0.739706 0.333636 0.7492650000000001 0.332273 0.764706 0.331818 0.784559 0.330909 0.785294 0.330455 0.8014709999999999 0.32863600000000004 0.8095589999999999 0.32863600000000004 0.813235 0.327727 0.8147059999999999 0.323636 0.8161759999999999 0.32 0.8198529999999999 0.317273 0.8257350000000001 0.317273 0.841912 0.316364 0.8485290000000001 0.316364 0.857353 0.318182 0.864706 0.331364 0.864706 0.340909 0.859559 0.347273 0.858824 0.357727 0.854412 0.364091 0.855147 0.367727 0.8536759999999999 0.37909099999999996 0.8536759999999999 0.384545 0.8492649999999999 0.384545 0.8360290000000001 0.383636 0.833088 0.383636 0.8257350000000001 0.380455 0.813235 0.375909 0.8044119999999999 0.373182 0.802206 0.368636 0.802206 0.365909 0.796324 0.36363599999999996 0.779412 0.36227299999999996 0.777206 0.359545 0.755147 0.356364 0.743382 0.355909 0.736765 0.353182 0.723529 0.350909 0.705147 0.347727 0.695588 0.340909 0.695588 0.336818 0.699265 0.335455 0.704412 0.335 0.730147
0 0.691364 0.600735 0.688636 0.628676 0.6868179999999999 0.6323529999999999 0.6813640000000001 0.635294 0.676364 0.641912 0.677273 0.641912 0.681818 0.647794 0.687727 0.652941 0.6922729999999999 0.655147 0.699091 0.655147 0.702727 0.653676 0.7122729999999999 0.652941 0.7150000000000001 0.654412 0.722273 0.654412 0.722273 0.649265 0.7154550000000001 0.638235 0.711818 0.635294 0.71 0.6308819999999999 0.709091 0.626471 0.709091 0.619853 0.707727 0.614706 0.705909 0.600735 0.706364 0.595588 0.705 0.588971 0.705 0.5830879999999999 0.703636 0.572059 0.702273 0.5698529999999999 0.696818 0.5698529999999999 0.695455 0.572794 0.6936359999999999 0.581618 0.693182 0.591912 0.691364 0.600735
2 0.571818 0.497794 0.570909 0.5007349999999999 0.5700000000000001 0.5125 0.5686359999999999 0.519118 0.566818 0.519853 0.565909 0.5220589999999999 0.569545 0.524265 0.586364 0.524265 0.586818 0.522794 0.586364 0.5205879999999999 0.585 0.519118 0.584545 0.511765 0.583182 0.5058819999999999 0.582727 0.495588 0.58 0.478676 0.579545 0.46911800000000003 0.578636 0.46691200000000005 0.578636 0.463971 0.577273 0.46176500000000004 0.575909 0.46176500000000004 0.575 0.463971 0.575 0.47132399999999997 0.572727 0.482353 0.571818 0.497794