2 0.095563 0.804087 0.093857 0.7860579999999999 0.09215 0.7788459999999999 0.089164 0.753606 0.085751 0.7139420000000001 0.083191 0.694712 0.082338 0.675481 0.08105799999999999 0.6694709999999999 0.079352 0.647837 0.075939 0.6225959999999999 0.071246 0.569712 0.06698 0.5456730000000001 0.066553 0.527644 0.06612599999999999 0.5252399999999999 0.06442 0.524038 0.060154 0.524038 0.059726999999999995 0.828125 0.098549 0.8293269999999999 0.097696 0.814904 0.095563 0.804087
3 0.482509 0.296875 0.491894 0.29567299999999996 0.492321 0.29086500000000004 0.48933400000000005 0.277644 0.488908 0.26442299999999996 0.48592199999999997 0.239183 0.484642 0.233173 0.482509 0.231971 0.480802 0.26682700000000004 0.479096 0.28365399999999996 0.479096 0.29447100000000004 0.482509 0.296875
3 0.537969 0.246394 0.53413 0.21875 0.533703 0.209135 0.5319969999999999 0.209135 0.529863 0.25961500000000004 0.537543 0.25961500000000004 0.538396 0.258413 0.537969 0.246394
3 0.588737 0.223558 0.586604 0.21274 0.587031 0.210337 0.585751 0.195913 0.584044 0.19351000000000002 0.5819110000000001 0.235577 0.588311 0.236779 0.589164 0.235577 0.588737 0.223558
3 0.633959 0.228365 0.635239 0.231971 0.639505 0.231971 0.641212 0.227163 0.641212 0.221154 0.638652 0.194712 0.636945 0.191106 0.636092 0.195913 0.635239 0.21274 0.633959 0.219952 0.633959 0.228365
3 0.674061 0.225962 0.675341 0.228365 0.680034 0.228365 0.680887 0.227163 0.680887 0.219952 0.679608 0.203125 0.678754 0.199519 0.678328 0.191106 0.676621 0.18870199999999998 0.6757679999999999 0.19230799999999998 0.6757679999999999 0.199519 0.674488 0.209135 0.674061 0.225962
3 0.7128840000000001 0.216346 0.712457 0.221154 0.719283 0.22476 0.7205630000000001 0.222356 0.71971 0.201923 0.7188570000000001 0.200721 0.71843 0.18990400000000002 0.7167239999999999 0.18870199999999998 0.71587 0.18990400000000002 0.715017 0.21274 0.714164 0.216346 0.7128840000000001 0.216346
3 0.760666 0.221154 0.7615190000000001 0.223558 0.769198 0.22476 0.770051 0.223558 0.770051 0.219952 0.768345 0.215144 0.767918 0.205529 0.766212 0.19351000000000002 0.766212 0.1875 0.7649320000000001 0.18269200000000002 0.764078 0.18269200000000002 0.763225 0.18629800000000002 0.7623719999999999 0.213942 0.761092 0.216346 0.760666 0.221154
3 0.862628 0.233173 0.864334 0.235577 0.869881 0.235577 0.8715870000000001 0.231971 0.869881 0.221154 0.868601 0.194712 0.8673209999999999 0.18990400000000002 0.866468 0.18990400000000002 0.8651880000000001 0.195913 0.864761 0.205529 0.863908 0.209135 0.862628 0.233173
2 0.9313140000000001 0.495192 0.9274739999999999 0.527644 0.925768 0.5685100000000001 0.924915 0.5721149999999999 0.9223549999999999 0.6105769999999999 0.9202220000000001 0.6274040000000001 0.9180889999999999 0.637019 0.911689 0.7319709999999999 0.909556 0.75 0.9069969999999999 0.7644230000000001 0.9069969999999999 0.7680290000000001 0.904863 0.7788459999999999 0.892491 0.7992790000000001 0.885666 0.8028850000000001 0.8839589999999999 0.8064899999999999 0.879266 0.8028850000000001 0.8779859999999999 0.7992790000000001 0.875427 0.8004810000000001 0.874573 0.8028850000000001 0.875427 0.817308 0.8767060000000001 0.819712 0.8767060000000001 0.823317 0.879266 0.825721 0.880119 0.828125 0.879693 0.8293269999999999 0.9385669999999999 0.8293269999999999 0.93814 0.456731 0.936007 0.459135 0.9343 0.465144 0.9334469999999999 0.483173 0.9313140000000001 0.495192
3 0.383106 0.36418300000000003 0.382253 0.37019199999999997 0.383106 0.37019199999999997 0.383532 0.37259600000000004 0.37884 0.37980800000000003 0.37884 0.383413 0.380546 0.38822100000000004 0.383959 0.39182700000000004 0.389932 0.38942299999999996 0.393771 0.390625 0.396758 0.387019 0.399744 0.387019 0.401877 0.383413 0.401877 0.37620200000000004 0.396758 0.366587 0.396758 0.36177899999999996 0.395478 0.35697100000000004 0.395478 0.347356 0.392918 0.3125 0.39249100000000003 0.29567299999999996 0.389932 0.29206699999999997 0.386945 0.296875 0.385239 0.31370200000000004 0.383532 0.34375 0.383106 0.36418300000000003
1 0.8558020000000001 0.324519 0.8570819999999999 0.324519 0.8592150000000001 0.331731 0.862201 0.335337 0.879266 0.33894199999999997 0.880546 0.335337 0.881399 0.336538 0.881826 0.33293300000000003 0.877133 0.320913 0.875853 0.31129799999999996 0.875853 0.300481 0.874147 0.272837 0.874147 0.257212 0.872867 0.25480800000000003 0.870734 0.25480800000000003 0.868174 0.25961500000000004 0.8668939999999999 0.26682700000000004 0.862628 0.31009600000000004 0.8558020000000001 0.324519
1 0.824232 0.33774000000000004 0.8229520000000001 0.34495200000000004 0.8233790000000001 0.352163 0.826365 0.36057700000000004 0.832338 0.36057700000000004 0.838311 0.36418300000000003 0.84087 0.362981 0.8438570000000001 0.366587 0.845563 0.366587 0.84727 0.37019199999999997 0.8506830000000001 0.37019199999999997 0.8532420000000001 0.36538499999999996 0.854096 0.36057700000000004 0.851536 0.35336500000000004 0.8459899999999999 0.34375 0.845137 0.335337 0.8438570000000001 0.33052899999999996 0.84215 0.30168300000000003 0.84215 0.29086500000000004 0.84087 0.28725999999999996 0.84087 0.272837 0.8400169999999999 0.27043300000000003 0.835324 0.269231 0.833191 0.28365399999999996 0.8297779999999999 0.328125 0.8276450000000001 0.336538 0.824232 0.33774000000000004
1 0.775171 0.347356 0.775171 0.35456699999999997 0.7760239999999999 0.35456699999999997 0.776877 0.35817299999999996 0.7794369999999999 0.38461500000000004 0.78413 0.38581699999999997 0.785836 0.38822100000000004 0.788823 0.38822100000000004 0.790529 0.38581699999999997 0.799488 0.387019 0.799915 0.38100999999999996 0.799061 0.38100999999999996 0.7969280000000001 0.37259600000000004 0.793515 0.36418300000000003 0.791809 0.34975999999999996 0.790102 0.34495200000000004 0.790102 0.340144 0.788396 0.33413499999999996 0.7871159999999999 0.288462 0.786263 0.284856 0.78413 0.28365399999999996 0.78029 0.284856 0.7794369999999999 0.289663 0.7794369999999999 0.29807700000000004 0.776451 0.34375 0.775171 0.347356
1 0.761092 0.455529 0.755973 0.459135 0.755119 0.463942 0.7538400000000001 0.466346 0.7538400000000001 0.473558 0.755546 0.484375 0.757679 0.490385 0.774744 0.5 0.778157 0.503606 0.78157 0.503606 0.783703 0.508413 0.790102 0.508413 0.795222 0.5 0.796502 0.489183 0.793515 0.478365 0.786689 0.467548 0.784556 0.460337 0.78413 0.450721 0.78157 0.436298 0.78157 0.426683 0.779863 0.419471 0.779863 0.407452 0.778584 0.397837 0.778157 0.37980800000000003 0.776877 0.36418300000000003 0.7760239999999999 0.359375 0.7734639999999999 0.35336500000000004 0.768771 0.35336500000000004 0.766212 0.399038 0.761945 0.441106 0.761945 0.451923 0.761092 0.455529