0 0.627273 0.703676 0.625 0.7279410000000001 0.617273 0.738235 0.617273 0.741912 0.622727 0.7522059999999999 0.625 0.753676 0.6345449999999999 0.7529410000000001 0.639091 0.75 0.643182 0.7507349999999999 0.647273 0.75 0.6490910000000001 0.748529 0.6613640000000001 0.748529 0.661818 0.7441180000000001 0.657273 0.738235 0.656818 0.731618 0.650909 0.727206 0.649545 0.727206 0.648182 0.725 0.647273 0.717647 0.645909 0.714706 0.644545 0.7080879999999999 0.642727 0.6904410000000001 0.636818 0.660294 0.630909 0.660294 0.629545 0.667647 0.629545 0.675 0.6277269999999999 0.6897059999999999 0.627273 0.703676
0 0.267727 0.736029 0.267727 0.7441180000000001 0.265 0.775735 0.259091 0.783088 0.258182 0.788235 0.254545 0.793382 0.25363600000000003 0.793382 0.25363600000000003 0.795588 0.265 0.795588 0.271364 0.793382 0.278636 0.793382 0.285455 0.7919120000000001 0.291364 0.788235 0.3 0.777206 0.3 0.775 0.298182 0.774265 0.29545499999999997 0.769118 0.290909 0.769118 0.289091 0.766912 0.286364 0.7558819999999999 0.285455 0.748529 0.282727 0.7411760000000001 0.282273 0.736029 0.27999999999999997 0.727206 0.279091 0.718382 0.275909 0.707353 0.272727 0.707353 0.26954500000000003 0.710294 0.269091 0.730147 0.267727 0.736029
0 0.340909 0.675 0.33999999999999997 0.6897059999999999 0.339091 0.691176 0.334545 0.692647 0.334545 0.697794 0.33999999999999997 0.698529 0.348636 0.695588 0.356364 0.695588 0.36 0.6897059999999999 0.361364 0.688971 0.36 0.6845589999999999 0.35681799999999997 0.683824 0.354545 0.679412 0.348182 0.648529 0.347727 0.641176 0.34681799999999996 0.638971 0.34409100000000004 0.638971 0.342273 0.640441 0.340909 0.658824 0.340909 0.675
0 0.36090900000000004 0.654412 0.358636 0.653676 0.358182 0.658824 0.365455 0.659559 0.371818 0.656618 0.378182 0.656618 0.37863600000000003 0.654412 0.38 0.652941 0.38 0.650735 0.378182 0.647794 0.375455 0.6470589999999999 0.374091 0.644118 0.37363599999999997 0.641176 0.37136399999999997 0.636029 0.37090900000000004 0.6308819999999999 0.369545 0.6272059999999999 0.368636 0.6191180000000001 0.367727 0.6176470000000001 0.366818 0.6125 0.362727 0.6125 0.36227299999999996 0.640441 0.361364 0.648529 0.36181800000000003 0.652206 0.36090900000000004 0.654412
0 0.400455 0.613971 0.40818199999999993 0.613971 0.410909 0.6125 0.416818 0.611765 0.416818 0.610294 0.412727 0.606618 0.41045499999999996 0.597794 0.41 0.591176 0.40818199999999993 0.582353 0.406818 0.579412 0.405455 0.579412 0.404545 0.588971 0.403182 0.594118 0.403182 0.608088 0.400455 0.613971
0 0.215909 0.669118 0.215909 0.676471 0.21409099999999998 0.6852940000000001 0.21454499999999999 0.694118 0.21318199999999998 0.6963239999999999 0.209545 0.698529 0.209545 0.705882 0.217273 0.705882 0.224545 0.702941 0.233182 0.701471 0.234091 0.697059 0.235909 0.694118 0.229091 0.6897059999999999 0.229091 0.686029 0.227273 0.679412 0.22681800000000002 0.671324 0.225 0.6654410000000001 0.223182 0.651471 0.222273 0.649265 0.218636 0.649265 0.217727 0.650735 0.216818 0.6654410000000001 0.215909 0.669118
3 0.31863600000000003 0.6816180000000001 0.315455 0.6830879999999999 0.315 0.6882349999999999 0.315909 0.6897059999999999 0.32318199999999997 0.688971 0.338182 0.6845589999999999 0.339545 0.6816180000000001 0.338636 0.677206 0.335 0.676471 0.333636 0.664706 0.331364 0.657353 0.32999999999999996 0.6455879999999999 0.32727300000000004 0.635294 0.32318199999999997 0.635294 0.322727 0.636765 0.319545 0.6786760000000001 0.31863600000000003 0.6816180000000001
0 0.572727 0.6470589999999999 0.569091 0.649265 0.567727 0.653676 0.568182 0.657353 0.5700000000000001 0.658824 0.575 0.657353 0.586364 0.656618 0.5900000000000001 0.654412 0.5922729999999999 0.654412 0.5936359999999999 0.652206 0.593182 0.6470589999999999 0.5918180000000001 0.644853 0.589545 0.644118 0.5872729999999999 0.640441 0.584091 0.6205879999999999 0.582273 0.614706 0.5804549999999999 0.6 0.577273 0.599265 0.575 0.602206 0.574091 0.621324 0.573182 0.625 0.572727 0.6470589999999999
1 0.5940909999999999 0.628676 0.592727 0.6323529999999999 0.5904550000000001 0.633088 0.589091 0.635294 0.5886359999999999 0.639706 0.589545 0.641912 0.5922729999999999 0.644118 0.596364 0.641912 0.6140909999999999 0.640441 0.614545 0.638235 0.613636 0.6338239999999999 0.609091 0.631618 0.607273 0.6279410000000001 0.601818 0.588235 0.597727 0.5875 0.5968180000000001 0.589706 0.5968180000000001 0.597059 0.594545 0.616912 0.5940909999999999 0.628676
0 0.5331819999999999 0.590441 0.5331819999999999 0.593382 0.545455 0.593382 0.548636 0.591912 0.548636 0.589706 0.546818 0.589706 0.545 0.5875 0.545455 0.586029 0.544091 0.582353 0.544091 0.579412 0.541818 0.5698529999999999 0.540909 0.5602940000000001 0.539545 0.557353 0.538182 0.557353 0.5363640000000001 0.5632349999999999 0.5363640000000001 0.586765 0.5349999999999999 0.589706 0.5331819999999999 0.590441
2 0.375455 0.6323529999999999 0.37636400000000003 0.6338239999999999 0.37863600000000003 0.634559 0.395 0.6338239999999999 0.397727 0.631618 0.399545 0.6279410000000001 0.395455 0.6257349999999999 0.392727 0.6191180000000001 0.391364 0.608088 0.38909099999999996 0.6029410000000001 0.388636 0.594853 0.38636400000000004 0.586765 0.384091 0.5713239999999999 0.38 0.5713239999999999 0.37909099999999996 0.575735 0.37863600000000003 0.6161760000000001 0.37772700000000003 0.626471 0.375455 0.6323529999999999
3 0.420909 0.6 0.419091 0.600735 0.418182 0.6029410000000001 0.419091 0.605147 0.422273 0.605147 0.42772699999999997 0.602206 0.432273 0.601471 0.432273 0.599265 0.42954499999999995 0.597794 0.429091 0.592647 0.427273 0.588235 0.42636399999999997 0.580147 0.423636 0.5713239999999999 0.422273 0.572059 0.421818 0.580147 0.420909 0.583824 0.420909 0.6
2 0.549545 0.585294 0.548636 0.597059 0.550909 0.597059 0.551364 0.593382 0.553636 0.589706 0.553636 0.575 0.5549999999999999 0.558824 0.555909 0.5566180000000001 0.555455 0.546324 0.5563640000000001 0.5419120000000001 0.5577270000000001 0.541176 0.557273 0.538235 0.554091 0.538971 0.551818 0.558824 0.550909 0.577941 0.549545 0.585294
1 0.530455 0.583824 0.5281819999999999 0.586029 0.5263639999999999 0.586029 0.527727 0.588971 0.535455 0.588235 0.535909 0.586029 0.535909 0.5602940000000001 0.5349999999999999 0.5595589999999999 0.5345449999999999 0.555882 0.5331819999999999 0.5536760000000001 0.5313640000000001 0.554412 0.5313640000000001 0.561029 0.530455 0.563971 0.530455 0.583824
2 0.5563640000000001 0.544853 0.556818 0.551471 0.555455 0.567647 0.554545 0.570588 0.554545 0.588971 0.551364 0.594853 0.551364 0.597794 0.550455 0.599265 0.550455 0.6029410000000001 0.551818 0.605147 0.5631820000000001 0.605147 0.564091 0.599265 0.564091 0.588971 0.5650000000000001 0.5875 0.565455 0.582353 0.566364 0.580882 0.566364 0.576471 0.5672729999999999 0.575 0.562727 0.555882 0.562273 0.549265 0.5604549999999999 0.541176 0.559545 0.541176 0.559091 0.542647 0.556818 0.542647 0.5563640000000001 0.544853
0 0.5604549999999999 0.6176470000000001 0.5604549999999999 0.6227940000000001 0.561364 0.623529 0.5686359999999999 0.6242650000000001 0.573182 0.6205879999999999 0.574545 0.601471 0.572273 0.595588 0.572273 0.590441 0.5700000000000001 0.577206 0.569091 0.577206 0.5686359999999999 0.575735 0.566818 0.576471 0.562727 0.6161760000000001 0.5618179999999999 0.6176470000000001 0.5604549999999999 0.6176470000000001
2 0.392273 0.608088 0.393636 0.6205879999999999 0.395455 0.625 0.400455 0.6257349999999999 0.40272699999999995 0.623529 0.40272699999999995 0.6205879999999999 0.4 0.619853 0.398636 0.6176470000000001 0.398636 0.613235 0.397273 0.608824 0.397273 0.605882 0.395455 0.600735 0.395909 0.597794 0.392727 0.581618 0.392727 0.577206 0.389545 0.5683819999999999 0.386818 0.5683819999999999 0.385455 0.5698529999999999 0.385455 0.577206 0.390455 0.6044120000000001 0.392273 0.608088