1 0.630546 0.33894199999999997 0.632679 0.34495200000000004 0.6373719999999999 0.34855800000000003 0.648038 0.34495200000000004 0.649744 0.33894199999999997 0.648038 0.33293300000000003 0.647184 0.33293300000000003 0.645478 0.328125 0.644198 0.319712 0.643345 0.293269 0.6424909999999999 0.29206699999999997 0.6424909999999999 0.27524000000000004 0.641212 0.26081699999999997 0.640358 0.258413 0.636945 0.258413 0.634386 0.31370200000000004 0.633106 0.32692299999999996 0.630973 0.33413499999999996 0.630546 0.33894199999999997
3 0.453072 0.30288499999999996 0.457338 0.30288499999999996 0.46672399999999997 0.29567299999999996 0.465017 0.26322100000000004 0.462457 0.235577 0.45989800000000003 0.235577 0.456485 0.28125 0.45264499999999996 0.29927899999999996 0.453072 0.30288499999999996
3 0.595137 0.201923 0.596416 0.210337 0.6032420000000001 0.206731 0.6032420000000001 0.204327 0.600683 0.194712 0.600256 0.179087 0.5989760000000001 0.171875 0.598123 0.171875 0.59727 0.17668299999999998 0.596416 0.19711499999999998 0.595137 0.201923
3 0.772611 0.179087 0.7717579999999999 0.16947099999999998 0.767065 0.16947099999999998 0.766638 0.180288 0.7674909999999999 0.18269200000000002 0.770478 0.18269200000000002 0.772611 0.179087
1 0.6915530000000001 0.383413 0.688993 0.423077 0.68686 0.436298 0.6843 0.442308 0.68302 0.442308 0.680887 0.445913 0.680034 0.451923 0.680461 0.460337 0.681314 0.465144 0.685154 0.475962 0.687287 0.477163 0.703925 0.477163 0.708618 0.47476 0.7145900000000001 0.47476 0.714164 0.463942 0.712457 0.460337 0.709471 0.459135 0.707338 0.451923 0.7069110000000001 0.432692 0.7052050000000001 0.417067 0.704778 0.402644 0.7030719999999999 0.38942299999999996 0.699659 0.34495200000000004 0.698805 0.34254799999999996 0.694539 0.34134600000000004 0.692833 0.355769 0.692833 0.366587 0.6915530000000001 0.37379799999999996 0.6915530000000001 0.383413
3 0.488481 0.204327 0.488481 0.19711499999999998 0.48720100000000005 0.191106 0.48592199999999997 0.17668299999999998 0.48506799999999994 0.17668299999999998 0.48336199999999996 0.203125 0.48506799999999994 0.205529 0.48762800000000006 0.205529 0.488481 0.204327
3 0.443686 0.19831700000000002 0.444966 0.194712 0.444966 0.18990400000000002 0.443686 0.18509599999999998 0.443259 0.17307699999999998 0.44155300000000003 0.171875 0.44155300000000003 0.18148999999999998 0.4407 0.18629800000000002 0.440273 0.19711499999999998 0.443686 0.19831700000000002
3 0.42491500000000004 0.1875 0.423635 0.168269 0.42235500000000004 0.168269 0.420648 0.191106 0.421502 0.19351000000000002 0.42448800000000003 0.19351000000000002 0.42491500000000004 0.1875
3 0.651451 0.19711499999999998 0.650597 0.204327 0.65657 0.205529 0.657423 0.204327 0.657423 0.199519 0.65529 0.17668299999999998 0.65529 0.17067300000000002 0.6544369999999999 0.16947099999999998 0.654863 0.168269 0.653157 0.168269 0.653157 0.17307699999999998 0.652304 0.175481 0.651451 0.18509599999999998 0.651451 0.19711499999999998
3 0.40358400000000005 0.179087 0.402304 0.17307699999999998 0.402304 0.168269 0.400597 0.168269 0.39931700000000003 0.1875 0.40273000000000003 0.18870199999999998 0.40358400000000005 0.1875 0.40358400000000005 0.179087
3 0.709044 0.19711499999999998 0.709898 0.195913 0.709471 0.17668299999999998 0.708191 0.171875 0.708191 0.168269 0.705631 0.168269 0.704352 0.179087 0.703925 0.194712 0.704352 0.19711499999999998 0.709044 0.19711499999999998
1 0.603669 0.25 0.604096 0.26802899999999996 0.599829 0.277644 0.599829 0.28245200000000004 0.6015360000000001 0.28605800000000003 0.608362 0.28605800000000003 0.6100679999999999 0.28365399999999996 0.6126280000000001 0.28365399999999996 0.613908 0.28125 0.613908 0.277644 0.612201 0.27524000000000004 0.610922 0.27043300000000003 0.6100679999999999 0.245192 0.607935 0.222356 0.606229 0.222356 0.604949 0.22476 0.604522 0.242788 0.603669 0.25