3 0.600279 0.49347799999999997 0.598538 0.5130429999999999 0.5974929999999999 0.516304 0.595752 0.516304 0.593315 0.5195649999999999 0.593663 0.527174 0.592967 0.5293479999999999 0.590877 0.530435 0.5901810000000001 0.532609 0.5901810000000001 0.53587 0.598538 0.540217 0.606546 0.540217 0.610376 0.5423910000000001 0.6145539999999999 0.5423910000000001 0.615599 0.540217 0.621866 0.53587 0.626393 0.528261 0.6222139999999999 0.527174 0.621866 0.520652 0.620822 0.517391 0.616643 0.5130429999999999 0.614903 0.48804299999999995 0.614206 0.484783 0.6128129999999999 0.457609 0.612117 0.453261 0.610376 0.41413 0.609331 0.409783 0.6055010000000001 0.40869600000000006 0.6037600000000001 0.41304299999999994 0.603412 0.43587 0.601671 0.457609 0.600279 0.49347799999999997
2 0.732591 0.302174 0.73085 0.341304 0.7301529999999999 0.344565 0.7301529999999999 0.35108700000000004 0.729109 0.359783 0.7287600000000001 0.373913 0.728064 0.379348 0.725627 0.384783 0.725627 0.38913000000000003 0.7224929999999999 0.392391 0.720752 0.396739 0.7211000000000001 0.397826 0.740947 0.4 0.750348 0.393478 0.750348 0.391304 0.748955 0.38913000000000003 0.745822 0.378261 0.744777 0.36847799999999997 0.743384 0.323913 0.7395539999999999 0.268478 0.736072 0.267391 0.73468 0.270652 0.734331 0.288043 0.732591 0.302174
3 0.821379 0.272826 0.8304320000000001 0.27391299999999996 0.829735 0.268478 0.8286910000000001 0.266304 0.8286910000000001 0.258696 0.826602 0.232609 0.824861 0.232609 0.8238160000000001 0.24021699999999999 0.822772 0.268478 0.821379 0.269565 0.821379 0.272826
3 0.8147629999999999 0.302174 0.8137190000000001 0.306522 0.8119780000000001 0.307609 0.8119780000000001 0.31087 0.8252090000000001 0.311957 0.825905 0.30869599999999997 0.824164 0.307609 0.822772 0.302174 0.821379 0.27391299999999996 0.8199859999999999 0.259783 0.8182449999999999 0.258696 0.8172010000000001 0.26087 0.8168519999999999 0.27391299999999996 0.815808 0.282609 0.8147629999999999 0.302174
3 0.835655 0.28586999999999996 0.8353059999999999 0.290217 0.8467969999999999 0.28913 0.847145 0.28586999999999996 0.845404 0.284783 0.8443590000000001 0.280435 0.8422700000000001 0.24673899999999999 0.8415739999999999 0.244565 0.8398329999999999 0.24565199999999998 0.8387879999999999 0.252174 0.8387879999999999 0.261957 0.837396 0.284783 0.835655 0.28586999999999996
3 0.789694 0.263043 0.79805 0.261957 0.797702 0.25652200000000003 0.796657 0.254348 0.7959609999999999 0.23913 0.794568 0.227174 0.793175 0.22934800000000002 0.791783 0.25543499999999997 0.789694 0.259783 0.789694 0.263043
3 0.7527860000000001 0.25543499999999997 0.759749 0.25543499999999997 0.759749 0.251087 0.758705 0.248913 0.756964 0.22391299999999997 0.755223 0.22391299999999997 0.754526 0.243478 0.75383 0.251087 0.7527860000000001 0.252174 0.7527860000000001 0.25543499999999997
3 0.707869 0.25 0.714136 0.251087 0.713788 0.24565199999999998 0.713092 0.243478 0.712396 0.226087 0.7116990000000001 0.221739 0.710655 0.221739 0.709958 0.227174 0.7092620000000001 0.243478 0.708217 0.24565199999999998 0.707869 0.25
3 0.666086 0.248913 0.672006 0.25 0.672006 0.24565199999999998 0.670613 0.24130400000000002 0.669916 0.22282600000000002 0.668524 0.22282600000000002 0.6678270000000001 0.228261 0.6674789999999999 0.24130400000000002 0.666086 0.24565199999999998 0.666086 0.248913
3 0.57695 0.251087 0.575557 0.227174 0.573816 0.227174 0.5731200000000001 0.24782600000000002 0.572075 0.248913 0.572075 0.252174 0.57695 0.251087
3 0.514276 0.227174 0.512883 0.248913 0.516713 0.248913 0.51532 0.227174 0.514276 0.227174
3 0.501393 0.22282600000000002 0.500348 0.22282600000000002 0.49895500000000004 0.24239099999999997 0.502437 0.24239099999999997 0.502089 0.225 0.501393 0.22282600000000002
3 0.5212399999999999 0.218478 0.520543 0.23478300000000002 0.524025 0.23478300000000002 0.522632 0.218478 0.5212399999999999 0.218478
1 0.629178 0.238043 0.627437 0.215217 0.626045 0.21413000000000001 0.625348 0.231522 0.624652 0.232609 0.623955 0.238043 0.629178 0.238043
1 0.580084 0.23478300000000002 0.586003 0.23478300000000002 0.585306 0.22934800000000002 0.5842620000000001 0.227174 0.583914 0.215217 0.5821729999999999 0.21413000000000001 0.581825 0.227174 0.581128 0.231522 0.580084 0.231522 0.580084 0.23478300000000002
1 0.59227 0.211957 0.591226 0.211957 0.5898329999999999 0.22934800000000002 0.594011 0.230435 0.592967 0.216304 0.59227 0.211957
1 0.614206 0.22282600000000002 0.613162 0.215217 0.613162 0.208696 0.611421 0.20760900000000002 0.611421 0.21413000000000001 0.610028 0.227174 0.614206 0.227174 0.614206 0.22282600000000002
1 0.852019 0.23913 0.85968 0.24021699999999999 0.85968 0.23586999999999997 0.8586349999999999 0.233696 0.857591 0.225 0.8568939999999999 0.211957 0.85585 0.209783 0.854457 0.209783 0.853412 0.232609 0.852716 0.23586999999999997 0.852019 0.23586999999999997 0.852019 0.23913
1 0.718315 0.22934800000000002 0.71727 0.211957 0.715529 0.21086999999999997 0.7148329999999999 0.22934800000000002 0.713092 0.233696 0.719708 0.233696 0.718315 0.22934800000000002
3 0.745822 0.372826 0.747563 0.38152200000000003 0.751045 0.391304 0.753134 0.391304 0.755223 0.38913000000000003 0.757312 0.38260900000000003 0.756616 0.379348 0.754526 0.378261 0.7527860000000001 0.36956500000000003 0.752089 0.34565199999999996 0.748955 0.30978300000000003 0.74617 0.30978300000000003 0.744429 0.330435 0.744777 0.357609 0.745474 0.359783 0.745822 0.372826
2 0.749304 0.306522 0.75 0.30869599999999997 0.751393 0.323913 0.751393 0.33260900000000004 0.752089 0.33587 0.7527860000000001 0.35 0.753482 0.353261 0.75383 0.36956500000000003 0.754526 0.376087 0.756267 0.376087 0.760097 0.383696 0.763579 0.383696 0.764276 0.38043499999999997 0.76915 0.372826 0.766713 0.370652 0.765669 0.371739 0.764276 0.366304 0.762535 0.36413 0.761838 0.36086999999999997 0.757312 0.272826 0.755571 0.259783 0.752089 0.259783 0.751393 0.263043 0.751045 0.276087 0.75 0.28586999999999996 0.749304 0.306522
1 0.594011 0.238043 0.599234 0.238043 0.598886 0.232609 0.5978410000000001 0.230435 0.5974929999999999 0.215217 0.5961000000000001 0.215217 0.595752 0.226087 0.594708 0.233696 0.594011 0.23478300000000002 0.594011 0.238043
1 0.9317550000000001 0.24130400000000002 0.9317550000000001 0.244565 0.932451 0.244565 0.9327989999999999 0.24673899999999999 0.933844 0.24673899999999999 0.9345399999999999 0.244565 0.9404600000000001 0.244565 0.9404600000000001 0.24130400000000002 0.939415 0.24021699999999999 0.9387190000000001 0.23586999999999997 0.9369780000000001 0.21086999999999997 0.9352370000000001 0.21086999999999997 0.934192 0.215217 0.9331480000000001 0.238043 0.932451 0.24130400000000002 0.9317550000000001 0.24130400000000002
1 0.7830779999999999 0.23586999999999997 0.7907379999999999 0.23586999999999997 0.7907379999999999 0.232609 0.788997 0.226087 0.787953 0.209783 0.786212 0.209783 0.7851670000000001 0.228261 0.784123 0.232609 0.7830779999999999 0.232609 0.7830779999999999 0.23586999999999997