3 0.49234 0.459783 0.491643 0.465217 0.491643 0.47282599999999997 0.490599 0.481522 0.48955399999999993 0.484783 0.48781299999999994 0.48586999999999997 0.486421 0.48913 0.48607199999999995 0.49891300000000005 0.48781299999999994 0.502174 0.49129500000000004 0.504348 0.503134 0.504348 0.509749 0.5 0.511838 0.49347799999999997 0.511838 0.490217 0.510097 0.48586999999999997 0.506964 0.48586999999999997 0.505919 0.48043500000000006 0.504526 0.459783 0.5027860000000001 0.444565 0.502437 0.433696 0.501045 0.421739 0.5 0.397826 0.49895500000000004 0.393478 0.495474 0.393478 0.494777 0.394565 0.494081 0.420652 0.49234 0.444565 0.49234 0.459783
1 0.9369780000000001 0.426087 0.9369780000000001 0.42934799999999995 0.9439420000000001 0.433696 0.949164 0.43913 0.950905 0.43913 0.950905 0.326087 0.9495129999999999 0.326087 0.9422010000000001 0.41413 0.941156 0.418478 0.9383699999999999 0.418478 0.9369780000000001 0.426087
1 0.613162 0.276087 0.613162 0.27934800000000004 0.619429 0.278261 0.620125 0.269565 0.618036 0.24130400000000002 0.616295 0.24239099999999997 0.615599 0.270652 0.6145539999999999 0.275 0.613162 0.276087
3 0.412953 0.35108700000000004 0.41260399999999997 0.356522 0.420961 0.357609 0.424443 0.355435 0.42479100000000003 0.35108700000000004 0.422702 0.347826 0.41956800000000005 0.304348 0.418872 0.302174 0.417479 0.302174 0.416783 0.306522 0.41539000000000004 0.346739 0.414694 0.35 0.412953 0.35108700000000004
3 0.424443 0.313043 0.431755 0.313043 0.432799 0.30978300000000003 0.431755 0.30978300000000003 0.431058 0.306522 0.42896900000000004 0.275 0.42722800000000005 0.275 0.426532 0.280435 0.425836 0.30869599999999997 0.424443 0.31087 0.424443 0.313043
3 0.49442899999999995 0.282609 0.49442899999999995 0.27934800000000004 0.49373300000000003 0.278261 0.49303600000000003 0.271739 0.49234 0.253261 0.490599 0.252174 0.489206 0.278261 0.488162 0.27934800000000004 0.488162 0.282609 0.49442899999999995 0.282609
3 0.5790390000000001 0.259783 0.579387 0.254348 0.578343 0.24782600000000002 0.577298 0.231522 0.575905 0.231522 0.5748610000000001 0.25543499999999997 0.573816 0.25652200000000003 0.573816 0.259783 0.5790390000000001 0.259783
3 0.6793180000000001 0.23913 0.677925 0.216304 0.6768799999999999 0.216304 0.6754870000000001 0.238043 0.6733979999999999 0.24239099999999997 0.68071 0.24239099999999997 0.6793180000000001 0.23913
1 0.713788 0.254348 0.721797 0.254348 0.721448 0.251087 0.719708 0.25 0.719011 0.22391299999999997 0.71727 0.22282600000000002 0.716574 0.225 0.715529 0.25 0.713788 0.252174 0.713788 0.254348
3 0.783774 0.230435 0.790042 0.230435 0.790042 0.227174 0.788649 0.226087 0.788649 0.215217 0.787604 0.203261 0.7865599999999999 0.203261 0.785515 0.208696 0.7848189999999999 0.226087 0.783774 0.227174 0.783774 0.230435
1 0.794568 0.24565199999999998 0.802577 0.24673899999999999 0.8029249999999999 0.243478 0.800836 0.24130400000000002 0.799791 0.215217 0.797702 0.21413000000000001 0.796657 0.238043 0.7959609999999999 0.24130400000000002 0.794568 0.24239099999999997 0.794568 0.24565199999999998
1 0.9042479999999999 0.236957 0.9042479999999999 0.23913 0.913997 0.23913 0.913997 0.23586999999999997 0.911908 0.23478300000000002 0.910515 0.20543499999999998 0.908774 0.20543499999999998 0.907033 0.221739 0.9066850000000001 0.233696 0.9059889999999999 0.236957 0.9042479999999999 0.236957
3 0.482242 0.41413 0.47910899999999995 0.418478 0.47771600000000003 0.422826 0.481546 0.428261 0.49268799999999996 0.42717400000000005 0.49373300000000003 0.407609 0.493384 0.395652 0.490599 0.365217 0.489903 0.347826 0.48851000000000006 0.344565 0.487117 0.344565 0.48607199999999995 0.347826 0.48328699999999997 0.41086999999999996 0.482242 0.41413
3 0.9063370000000001 0.221739 0.908774 0.203261 0.9084260000000001 0.192391 0.9063370000000001 0.192391 0.9049440000000001 0.21413000000000001 0.902507 0.221739 0.9063370000000001 0.221739
1 0.766365 0.343478 0.766017 0.35 0.777855 0.352174 0.782382 0.347826 0.782382 0.344565 0.781337 0.341304 0.780292 0.341304 0.779248 0.334783 0.776811 0.304348 0.775766 0.282609 0.7729809999999999 0.281522 0.771588 0.29565199999999997 0.7694989999999999 0.338043 0.768454 0.341304 0.766365 0.343478
1 0.616992 0.31087 0.628134 0.31087 0.629178 0.307609 0.628482 0.307609 0.628134 0.304348 0.626393 0.304348 0.625696 0.301087 0.623607 0.26413000000000003 0.62117 0.263043 0.619081 0.302174 0.618384 0.305435 0.616992 0.306522 0.616992 0.31087
1 0.593663 0.296739 0.602716 0.296739 0.603412 0.29565199999999997 0.603064 0.29239099999999996 0.601671 0.290217 0.600627 0.281522 0.599234 0.254348 0.597145 0.254348 0.5961000000000001 0.28586999999999996 0.595404 0.291304 0.593663 0.293478 0.593663 0.296739
1 0.668872 0.261957 0.668872 0.259783 0.667131 0.25652200000000003 0.6657379999999999 0.22934800000000002 0.663997 0.22934800000000002 0.662604 0.258696 0.660864 0.259783 0.660864 0.263043 0.668872 0.261957
3 0.416435 0.554348 0.41608599999999996 0.572826 0.414694 0.588043 0.41434499999999996 0.603261 0.413301 0.617391 0.41364900000000004 0.6358699999999999 0.41190800000000005 0.6673910000000001 0.411212 0.670652 0.40529200000000004 0.676087 0.404596 0.680435 0.40424800000000005 0.6913039999999999 0.403203 0.694565 0.399373 0.7 0.39798100000000003 0.704348 0.39832900000000004 0.708696 0.41364900000000004 0.7119570000000001 0.435585 0.7119570000000001 0.441504 0.7 0.442897 0.694565 0.448468 0.681522 0.448468 0.677174 0.44428999999999996 0.675 0.443593 0.671739 0.43662999999999996 0.668478 0.435237 0.6630429999999999 0.433496 0.647826 0.43071000000000004 0.603261 0.428273 0.5826089999999999 0.428273 0.575 0.42548700000000006 0.543478 0.425139 0.532609 0.423398 0.525 0.418872 0.525 0.41713100000000003 0.531522 0.41713100000000003 0.545652 0.416435 0.554348