3 0.441156 0.433696 0.439763 0.457609 0.439763 0.46956499999999995 0.43837000000000004 0.490217 0.43454 0.49347799999999997 0.433844 0.49565200000000004 0.433496 0.506522 0.432799 0.5108699999999999 0.443593 0.5108699999999999 0.457521 0.507609 0.459958 0.497826 0.457521 0.48804299999999995 0.454735 0.48804299999999995 0.45369099999999996 0.483696 0.44951299999999994 0.42934799999999995 0.44812 0.41956499999999997 0.446727 0.397826 0.442897 0.397826 0.441852 0.41086999999999996 0.441852 0.418478 0.441156 0.422826 0.441156 0.433696
3 0.40424800000000005 0.377174 0.403203 0.377174 0.402855 0.38043499999999997 0.403203 0.38260900000000003 0.416783 0.38152200000000003 0.418524 0.378261 0.418524 0.372826 0.415738 0.36956500000000003 0.41434499999999996 0.346739 0.41364900000000004 0.343478 0.413301 0.334783 0.41156 0.318478 0.408774 0.318478 0.406337 0.366304 0.40668499999999996 0.36956500000000003 0.40598900000000004 0.373913 0.40424800000000005 0.377174
3 0.422702 0.293478 0.42130900000000004 0.28913 0.41956800000000005 0.272826 0.41922 0.263043 0.417479 0.261957 0.41608599999999996 0.29239099999999996 0.414694 0.296739 0.422006 0.29565199999999997 0.422702 0.293478
1 0.9059889999999999 0.371739 0.904596 0.40217400000000003 0.9038999999999999 0.406522 0.9038999999999999 0.41304299999999994 0.902855 0.425 0.901114 0.431522 0.897981 0.431522 0.895891 0.44239100000000003 0.9042479999999999 0.444565 0.912604 0.443478 0.9164350000000001 0.44565200000000005 0.9265319999999999 0.444565 0.92688 0.443478 0.9261839999999999 0.443478 0.9247909999999999 0.43913 0.9247909999999999 0.431522 0.9213089999999999 0.430435 0.919916 0.425 0.918872 0.40543500000000005 0.917827 0.4 0.9157379999999999 0.376087 0.916086 0.372826 0.914345 0.354348 0.913649 0.340217 0.9084260000000001 0.340217 0.9077299999999999 0.354348 0.907033 0.357609 0.9066850000000001 0.36739099999999997 0.9059889999999999 0.371739
1 0.558844 0.282609 0.5654600000000001 0.282609 0.5654600000000001 0.278261 0.564415 0.277174 0.562674 0.248913 0.560933 0.24782600000000002 0.559889 0.265217 0.559889 0.277174 0.558496 0.280435 0.558844 0.282609
1 0.5825210000000001 0.267391 0.586003 0.267391 0.5866990000000001 0.263043 0.585655 0.263043 0.584958 0.259783 0.583914 0.23478300000000002 0.5825210000000001 0.233696 0.581476 0.24021699999999999 0.581128 0.26087 0.580432 0.265217 0.5825210000000001 0.267391
3 0.47005600000000003 0.268478 0.469359 0.263043 0.468663 0.24673899999999999 0.46657400000000004 0.24565199999999998 0.465181 0.272826 0.470404 0.270652 0.47075199999999995 0.269565 0.47005600000000003 0.268478
3 0.537604 0.25 0.5365599999999999 0.248913 0.535515 0.231522 0.534123 0.230435 0.533426 0.24782600000000002 0.532382 0.252174 0.536908 0.252174 0.537604 0.25
3 0.613162 0.236957 0.611769 0.233696 0.610724 0.21739099999999997 0.609331 0.21739099999999997 0.608983 0.230435 0.607939 0.23478300000000002 0.608287 0.238043 0.613162 0.236957
1 0.673747 0.23913 0.672702 0.23478300000000002 0.671657 0.216304 0.670265 0.216304 0.6692199999999999 0.238043 0.6678270000000001 0.24239099999999997 0.67305 0.243478 0.673747 0.23913
3 0.69429 0.225 0.693245 0.22391299999999997 0.6922010000000001 0.206522 0.690808 0.206522 0.690111 0.22282600000000002 0.689067 0.227174 0.69429 0.227174 0.69429 0.225
1 0.729805 0.233696 0.7305010000000001 0.230435 0.729457 0.22391299999999997 0.729109 0.21086999999999997 0.727368 0.21086999999999997 0.726323 0.22934800000000002 0.725279 0.231522 0.725279 0.233696 0.729805 0.233696
3 0.784123 0.21739099999999997 0.7830779999999999 0.211957 0.782382 0.196739 0.781337 0.195652 0.7806409999999999 0.2 0.780292 0.211957 0.7788999999999999 0.21739099999999997 0.784123 0.21739099999999997
1 0.8168519999999999 0.22391299999999997 0.8168519999999999 0.221739 0.815808 0.219565 0.8147629999999999 0.202174 0.8133699999999999 0.20108700000000002 0.812674 0.20434800000000003 0.8119780000000001 0.220652 0.8112809999999999 0.225 0.8168519999999999 0.22391299999999997
1 0.87117 0.195652 0.869777 0.195652 0.867688 0.221739 0.8739549999999999 0.220652 0.8725630000000001 0.216304 0.87117 0.195652
3 0.876741 0.190217 0.875348 0.18913 0.873607 0.21086999999999997 0.878482 0.21086999999999997 0.8777860000000001 0.20760900000000002 0.876741 0.190217
3 0.442201 0.393478 0.440808 0.41086999999999996 0.437326 0.41630399999999995 0.437326 0.421739 0.441156 0.421739 0.442201 0.39891299999999996 0.442897 0.396739 0.447075 0.397826 0.448468 0.41956499999999997 0.449164 0.421739 0.452994 0.421739 0.45543199999999995 0.41956499999999997 0.456128 0.417391 0.456128 0.411957 0.454039 0.41086999999999996 0.45194999999999996 0.40108699999999997 0.451253 0.388043 0.449164 0.36847799999999997 0.449164 0.361957 0.447075 0.342391 0.44428999999999996 0.344565 0.44428999999999996 0.353261 0.443593 0.358696 0.442201 0.393478
3 0.365599 0.328261 0.363858 0.32934800000000003 0.36351 0.33260900000000004 0.363858 0.334783 0.37360699999999997 0.333696 0.374652 0.330435 0.374652 0.328261 0.37360699999999997 0.328261 0.372911 0.326087 0.370474 0.290217 0.367688 0.28913 0.36734 0.302174 0.366295 0.31413 0.366295 0.322826 0.365599 0.328261
1 0.624304 0.319565 0.623607 0.322826 0.634053 0.323913 0.636838 0.321739 0.636838 0.319565 0.6354460000000001 0.318478 0.633705 0.313043 0.631267 0.282609 0.631267 0.271739 0.62883 0.270652 0.628134 0.272826 0.626741 0.313043 0.626045 0.318478 0.624304 0.319565
1 0.566852 0.303261 0.5672010000000001 0.305435 0.57695 0.306522 0.577646 0.302174 0.576253 0.302174 0.574164 0.293478 0.572423 0.26087 0.570334 0.259783 0.5696380000000001 0.265217 0.568593 0.298913 0.5672010000000001 0.3 0.566852 0.303261
1 0.626741 0.25 0.625348 0.248913 0.623607 0.225 0.622563 0.225 0.621518 0.248913 0.620125 0.253261 0.626045 0.253261 0.626741 0.25
3 0.34018099999999996 0.608696 0.339833 0.629348 0.338092 0.66087 0.338092 0.6728259999999999 0.337047 0.686957 0.336351 0.708696 0.335655 0.7119570000000001 0.334262 0.7119570000000001 0.332173 0.7163039999999999 0.332173 0.723913 0.331128 0.727174 0.32903899999999997 0.7260869999999999 0.327994 0.729348 0.326602 0.7304350000000001 0.326602 0.733696 0.323816 0.738043 0.322772 0.741304 0.322772 0.7445649999999999 0.323816 0.747826 0.331128 0.747826 0.332173 0.75 0.334958 0.75 0.336003 0.752174 0.34435899999999997 0.752174 0.357242 0.7554350000000001 0.357591 0.753261 0.361072 0.751087 0.362465 0.746739 0.371518 0.732609 0.375348 0.721739 0.375348 0.719565 0.371866 0.718478 0.370474 0.708696 0.367688 0.703261 0.36351 0.701087 0.362465 0.697826 0.357591 0.6489130000000001 0.356894 0.634783 0.35550099999999996 0.625 0.354805 0.6119570000000001 0.354109 0.608696 0.354109 0.603261 0.351323 0.573913 0.350627 0.557609 0.349582 0.553261 0.344708 0.553261 0.342967 0.556522 0.341922 0.56087 0.341922 0.572826 0.34018099999999996 0.608696
1 0.750696 0.361957 0.754875 0.361957 0.755223 0.36413 0.76915 0.363043 0.7712399999999999 0.36086999999999997 0.7698470000000001 0.354348 0.767409 0.353261 0.767409 0.35108700000000004 0.766017 0.346739 0.764276 0.323913 0.762883 0.293478 0.76149 0.290217 0.758705 0.29239099999999996 0.755571 0.348913 0.754526 0.353261 0.7527860000000001 0.354348 0.750696 0.361957