2 0.598189 0.395652 0.596448 0.425 0.596448 0.43260899999999997 0.5943590000000001 0.45869600000000005 0.592967 0.494565 0.589136 0.553261 0.589136 0.56413 0.5884400000000001 0.569565 0.587744 0.588043 0.586351 0.592391 0.58461 0.593478 0.583217 0.597826 0.5825210000000001 0.6054350000000001 0.581825 0.607609 0.57695 0.6119570000000001 0.573468 0.613043 0.572423 0.615217 0.572075 0.622826 0.573468 0.627174 0.587744 0.6304350000000001 0.595404 0.6358699999999999 0.608635 0.641304 0.611769 0.640217 0.616295 0.6358699999999999 0.629526 0.617391 0.631267 0.616304 0.634749 0.609783 0.633705 0.606522 0.6277860000000001 0.606522 0.625696 0.603261 0.619777 0.58587 0.61734 0.544565 0.616992 0.530435 0.613162 0.476087 0.611072 0.43260899999999997 0.609331 0.41304299999999994 0.608983 0.40217400000000003 0.607591 0.391304 0.607591 0.38043499999999997 0.6072420000000001 0.377174 0.60585 0.373913 0.600279 0.373913 0.598886 0.376087 0.598189 0.38043499999999997 0.598189 0.395652
3 0.790042 0.38260900000000003 0.787953 0.388043 0.798747 0.392391 0.8064069999999999 0.391304 0.8095399999999999 0.388043 0.8102370000000001 0.383696 0.8081480000000001 0.379348 0.8067550000000001 0.379348 0.8050140000000001 0.371739 0.804318 0.36086999999999997 0.804318 0.348913 0.80188 0.318478 0.80188 0.30978300000000003 0.797702 0.30869599999999997 0.793872 0.373913 0.7928270000000001 0.378261 0.790042 0.379348 0.790042 0.38260900000000003
3 0.833217 0.33587 0.8307800000000001 0.336957 0.8307800000000001 0.33913000000000004 0.829735 0.341304 0.8304320000000001 0.343478 0.8342620000000001 0.344565 0.8461000000000001 0.343478 0.846448 0.33913000000000004 0.8440110000000001 0.336957 0.8426180000000001 0.33260900000000004 0.8426180000000001 0.323913 0.8415739999999999 0.31521699999999997 0.8405290000000001 0.293478 0.839485 0.28586999999999996 0.839485 0.27934800000000004 0.8370469999999999 0.278261 0.836003 0.284783 0.834958 0.30869599999999997 0.833217 0.328261 0.833217 0.33587
3 0.8182449999999999 0.28586999999999996 0.8168519999999999 0.306522 0.814067 0.307609 0.814067 0.31087 0.8269500000000001 0.31087 0.827646 0.30978300000000003 0.827646 0.307609 0.826602 0.307609 0.8252090000000001 0.303261 0.8238160000000001 0.276087 0.82312 0.272826 0.8220750000000001 0.258696 0.8203340000000001 0.25760900000000003 0.8189420000000001 0.269565 0.8189420000000001 0.275 0.8182449999999999 0.278261 0.8182449999999999 0.28586999999999996
3 0.7788999999999999 0.28586999999999996 0.7788999999999999 0.28913 0.788649 0.28913 0.788649 0.284783 0.787604 0.282609 0.785515 0.248913 0.7848189999999999 0.244565 0.783426 0.244565 0.781685 0.26413000000000003 0.781685 0.272826 0.7806409999999999 0.284783 0.7788999999999999 0.28586999999999996
3 0.735028 0.277174 0.743733 0.276087 0.743733 0.27391299999999996 0.74234 0.270652 0.740599 0.23913 0.73851 0.23913 0.736769 0.269565 0.736072 0.27391299999999996 0.735028 0.27391299999999996 0.735028 0.277174
3 0.6845399999999999 0.268478 0.691504 0.268478 0.691504 0.265217 0.690808 0.26413000000000003 0.690111 0.25760900000000003 0.689415 0.24130400000000002 0.6887190000000001 0.24021699999999999 0.6887190000000001 0.23478300000000002 0.6869780000000001 0.23478300000000002 0.685933 0.244565 0.685585 0.261957 0.6845399999999999 0.265217 0.6845399999999999 0.268478
3 0.63649 0.266304 0.642409 0.266304 0.6431060000000001 0.265217 0.642061 0.24673899999999999 0.64032 0.232609 0.639276 0.232609 0.638231 0.24239099999999997 0.637883 0.261957 0.63649 0.263043 0.63649 0.266304
3 0.536908 0.26413000000000003 0.536908 0.26087 0.535515 0.252174 0.5348189999999999 0.236957 0.533426 0.236957 0.532033 0.258696 0.530989 0.265217 0.536908 0.26413000000000003
3 0.47249299999999994 0.236957 0.47075199999999995 0.259783 0.475279 0.26087 0.473886 0.236957 0.47249299999999994 0.236957
3 0.46657400000000004 0.231522 0.46552899999999997 0.230435 0.464136 0.251087 0.46796699999999997 0.251087 0.46726999999999996 0.236957 0.46657400000000004 0.231522
1 0.598886 0.24673899999999999 0.6051529999999999 0.24673899999999999 0.6051529999999999 0.243478 0.6037600000000001 0.24130400000000002 0.602368 0.219565 0.601323 0.219565 0.600627 0.22282600000000002 0.600279 0.23586999999999997 0.598886 0.243478 0.598886 0.24673899999999999
1 0.5731200000000001 0.24673899999999999 0.5731200000000001 0.243478 0.572075 0.24239099999999997 0.5706819999999999 0.231522 0.569986 0.221739 0.5689420000000001 0.221739 0.567897 0.236957 0.566852 0.24239099999999997 0.566852 0.24673899999999999 0.5731200000000001 0.24673899999999999
1 0.569986 0.215217 0.571727 0.23478300000000002 0.572772 0.23478300000000002 0.5713790000000001 0.216304 0.569986 0.215217
1 0.597145 0.231522 0.595404 0.211957 0.593663 0.21086999999999997 0.593663 0.219565 0.59227 0.228261 0.59227 0.231522 0.597145 0.231522
2 0.647632 0.366304 0.647284 0.38043499999999997 0.645195 0.40543500000000005 0.6444989999999999 0.42391300000000004 0.643802 0.428261 0.642061 0.47282599999999997 0.641017 0.479348 0.641017 0.48695700000000003 0.639972 0.49565200000000004 0.639972 0.516304 0.641365 0.534783 0.642061 0.536957 0.643454 0.563043 0.64415 0.567391 0.647632 0.570652 0.649721 0.5771740000000001 0.656685 0.5771740000000001 0.6580779999999999 0.579348 0.662604 0.579348 0.677577 0.559783 0.6793180000000001 0.556522 0.6793180000000001 0.553261 0.672354 0.551087 0.669916 0.541304 0.6674789999999999 0.53913 0.666783 0.536957 0.664694 0.5108699999999999 0.661212 0.426087 0.6598189999999999 0.411957 0.658426 0.38152200000000003 0.656337 0.359783 0.656337 0.35108700000000004 0.6556409999999999 0.347826 0.653552 0.344565 0.651462 0.344565 0.649025 0.346739 0.648329 0.35 0.648329 0.361957 0.647632 0.366304
3 0.623607 0.553261 0.6222139999999999 0.568478 0.620125 0.570652 0.620125 0.580435 0.620822 0.581522 0.620822 0.584783 0.624304 0.594565 0.6277860000000001 0.6010869999999999 0.638579 0.604348 0.642409 0.603261 0.6444989999999999 0.598913 0.6525070000000001 0.590217 0.655989 0.584783 0.656337 0.581522 0.649721 0.579348 0.6479809999999999 0.573913 0.6462399999999999 0.570652 0.643802 0.569565 0.6427579999999999 0.5663039999999999 0.642061 0.552174 0.64032 0.5336960000000001 0.64032 0.526087 0.639276 0.516304 0.639276 0.508696 0.638579 0.503261 0.635794 0.45108699999999996 0.634401 0.446739 0.630919 0.44565200000000005 0.62883 0.45 0.6277860000000001 0.47717400000000004 0.624304 0.528261 0.623607 0.553261
1 0.555014 0.24239099999999997 0.560237 0.243478 0.558496 0.219565 0.556755 0.219565 0.556755 0.228261 0.5560579999999999 0.236957 0.555014 0.23913 0.555014 0.24239099999999997
1 0.705084 0.238043 0.704735 0.22934800000000002 0.703691 0.22391299999999997 0.703691 0.21739099999999997 0.702298 0.21739099999999997 0.700209 0.24673899999999999 0.7057800000000001 0.24673899999999999 0.7057800000000001 0.24021699999999999 0.705084 0.238043
1 0.861421 0.252174 0.861421 0.25543499999999997 0.87117 0.25652200000000003 0.87117 0.253261 0.8690810000000001 0.24673899999999999 0.8690810000000001 0.24021699999999999 0.867688 0.221739 0.866992 0.219565 0.865251 0.219565 0.86351 0.24021699999999999 0.86351 0.24565199999999998 0.862813 0.251087 0.861421 0.252174
1 0.780989 0.24565199999999998 0.779248 0.24673899999999999 0.779248 0.25 0.782033 0.25 0.783426 0.24239099999999997 0.785515 0.243478 0.786212 0.24782600000000002 0.787953 0.24782600000000002 0.787953 0.243478 0.786908 0.24021699999999999 0.785864 0.218478 0.7851670000000001 0.215217 0.783774 0.215217 0.782382 0.228261 0.781685 0.24239099999999997 0.780989 0.24565199999999998