3 0.37117 0.68913 0.37117 0.7119570000000001 0.36977699999999997 0.741304 0.368036 0.747826 0.365599 0.75 0.361769 0.758696 0.361072 0.7695649999999999 0.35585 0.781522 0.35375999999999996 0.782609 0.353064 0.78587 0.35375999999999996 0.78913 0.358287 0.790217 0.360376 0.793478 0.366643 0.793478 0.370474 0.796739 0.376741 0.7978259999999999 0.37883 0.8 0.39415 0.8010870000000001 0.401462 0.78587 0.402159 0.782609 0.40668499999999996 0.775 0.40773000000000004 0.770652 0.412256 0.7630429999999999 0.41260399999999997 0.758696 0.40703300000000003 0.754348 0.404596 0.742391 0.402159 0.7391300000000001 0.397284 0.738043 0.39624000000000004 0.734783 0.395195 0.721739 0.395195 0.71413 0.393106 0.695652 0.392409 0.677174 0.388928 0.645652 0.388928 0.6380429999999999 0.387535 0.626087 0.38509699999999997 0.5869570000000001 0.383008 0.580435 0.378134 0.580435 0.37639300000000003 0.584783 0.375696 0.58913 0.375696 0.609783 0.37117 0.68913
3 0.460306 0.47282599999999997 0.458565 0.508696 0.457521 0.515217 0.452994 0.520652 0.452994 0.531522 0.459262 0.5380429999999999 0.47492999999999996 0.5380429999999999 0.477019 0.53587 0.479457 0.53587 0.48085000000000006 0.530435 0.481198 0.526087 0.479805 0.522826 0.47910899999999995 0.516304 0.475279 0.51413 0.474582 0.5108699999999999 0.472841 0.484783 0.472145 0.481522 0.471797 0.46956499999999995 0.46970799999999996 0.448913 0.46796699999999997 0.417391 0.46309199999999995 0.415217 0.462047 0.41956499999999997 0.461699 0.44021699999999997 0.46065500000000004 0.454348 0.460306 0.47282599999999997
3 0.41434499999999996 0.378261 0.41190800000000005 0.38260900000000003 0.41156 0.386957 0.416435 0.390217 0.42130900000000004 0.390217 0.42548700000000006 0.388043 0.427577 0.384783 0.427577 0.38152200000000003 0.42688 0.379348 0.425139 0.379348 0.424095 0.376087 0.420613 0.325 0.419916 0.321739 0.417479 0.322826 0.41713100000000003 0.336957 0.416435 0.341304 0.41539000000000004 0.371739 0.41434499999999996 0.378261
3 0.36734 0.365217 0.36873300000000003 0.36739099999999997 0.375696 0.36739099999999997 0.38126699999999997 0.361957 0.38126699999999997 0.359783 0.378482 0.358696 0.377786 0.356522 0.374652 0.30978300000000003 0.372214 0.30978300000000003 0.37117 0.323913 0.370125 0.358696 0.368036 0.359783 0.36734 0.365217
3 0.257312 0.346739 0.262883 0.346739 0.268454 0.343478 0.268454 0.340217 0.266365 0.33913000000000004 0.264276 0.302174 0.262187 0.303261 0.26009699999999997 0.338043 0.257312 0.344565 0.257312 0.346739
3 0.229109 0.321739 0.236421 0.321739 0.236421 0.318478 0.23537599999999997 0.317391 0.23537599999999997 0.311957 0.23433099999999998 0.304348 0.23328700000000002 0.28913 0.231894 0.28913 0.23085 0.298913 0.23050099999999998 0.317391 0.229109 0.319565 0.229109 0.321739
3 0.271588 0.296739 0.270891 0.293478 0.270891 0.288043 0.26949900000000004 0.272826 0.268106 0.271739 0.267061 0.293478 0.266017 0.29782600000000004 0.27124000000000004 0.298913 0.271588 0.296739
3 0.337396 0.276087 0.336351 0.27391299999999996 0.336003 0.25652200000000003 0.334262 0.25543499999999997 0.333914 0.268478 0.33286899999999997 0.278261 0.337396 0.278261 0.337396 0.276087
1 0.41539000000000004 0.303261 0.41539000000000004 0.3 0.413301 0.29782600000000004 0.412953 0.284783 0.41156 0.267391 0.41016700000000006 0.267391 0.40947100000000003 0.271739 0.408774 0.298913 0.40703300000000003 0.303261 0.41539000000000004 0.303261
1 0.377089 0.29782600000000004 0.382312 0.3 0.384401 0.298913 0.38649 0.29565199999999997 0.383705 0.288043 0.383705 0.280435 0.382312 0.26413000000000003 0.380919 0.26413000000000003 0.379875 0.28913 0.378482 0.294565 0.377089 0.29565199999999997 0.377089 0.29782600000000004
1 0.421657 0.270652 0.420613 0.269565 0.41956800000000005 0.26087 0.41922 0.25 0.418175 0.248913 0.417479 0.265217 0.415738 0.27391299999999996 0.42130900000000004 0.27391299999999996 0.421657 0.270652
1 0.46065500000000004 0.26413000000000003 0.459262 0.258696 0.459262 0.25 0.458565 0.24239099999999997 0.456825 0.24130400000000002 0.456825 0.251087 0.455084 0.267391 0.46065500000000004 0.267391 0.46065500000000004 0.26413000000000003
3 0.504526 0.248913 0.503134 0.243478 0.502089 0.228261 0.501393 0.228261 0.500348 0.23913 0.500348 0.24565199999999998 0.49930399999999997 0.248913 0.504526 0.248913
3 0.587047 0.23586999999999997 0.586351 0.219565 0.584958 0.219565 0.5842620000000001 0.23586999999999997 0.5825210000000001 0.24021699999999999 0.5884400000000001 0.24021699999999999 0.587047 0.23586999999999997
1 0.665042 0.24130400000000002 0.663997 0.23586999999999997 0.663649 0.225 0.662953 0.221739 0.6615599999999999 0.221739 0.661212 0.23478300000000002 0.6601670000000001 0.244565 0.665042 0.244565 0.665042 0.24130400000000002
3 0.674443 0.228261 0.673747 0.21413000000000001 0.672354 0.211957 0.6709609999999999 0.22934800000000002 0.669568 0.232609 0.6754870000000001 0.232609 0.674443 0.228261
1 0.729805 0.24239099999999997 0.729805 0.23913 0.728412 0.230435 0.727716 0.215217 0.726323 0.215217 0.725279 0.236957 0.724234 0.23913 0.724234 0.24239099999999997 0.729805 0.24239099999999997
3 0.763579 0.220652 0.762883 0.206522 0.76149 0.206522 0.7604460000000001 0.22391299999999997 0.759053 0.22934800000000002 0.764972 0.22934800000000002 0.763579 0.220652
1 0.834958 0.24021699999999999 0.834958 0.243478 0.8415739999999999 0.243478 0.8422700000000001 0.24239099999999997 0.8422700000000001 0.24021699999999999 0.8408770000000001 0.23586999999999997 0.839485 0.215217 0.837744 0.21413000000000001 0.837744 0.221739 0.8370469999999999 0.225 0.836351 0.23913 0.834958 0.24021699999999999
3 0.856198 0.228261 0.8638579999999999 0.228261 0.8638579999999999 0.226087 0.8621169999999999 0.22391299999999997 0.8610720000000001 0.206522 0.8603759999999999 0.203261 0.85968 0.203261 0.8586349999999999 0.209783 0.857939 0.22391299999999997 0.856198 0.226087 0.856198 0.228261
3 0.913301 0.225 0.9129530000000001 0.221739 0.911908 0.219565 0.910515 0.2 0.9094709999999999 0.198913 0.9084260000000001 0.206522 0.9077299999999999 0.220652 0.9063370000000001 0.225 0.913301 0.225
1 0.9230499999999999 0.24130400000000002 0.932451 0.24130400000000002 0.9327989999999999 0.23913 0.93071 0.238043 0.928621 0.21086999999999997 0.92688 0.209783 0.925139 0.23586999999999997 0.9244429999999999 0.238043 0.9230499999999999 0.238043 0.9230499999999999 0.24130400000000002
3 0.449164 0.396739 0.449164 0.40869600000000006 0.44812 0.428261 0.447075 0.431522 0.44463800000000003 0.433696 0.44428999999999996 0.443478 0.445334 0.44565200000000005 0.461003 0.444565 0.46135099999999996 0.430435 0.459958 0.426087 0.454735 0.356522 0.45194999999999996 0.355435 0.451253 0.356522 0.450557 0.36739099999999997 0.450557 0.378261 0.449164 0.396739
1 0.388231 0.288043 0.389972 0.28586999999999996 0.39032 0.283696 0.388579 0.278261 0.387187 0.258696 0.386142 0.258696 0.385446 0.26087 0.384401 0.284783 0.38509699999999997 0.288043 0.388231 0.288043
1 0.5424789999999999 0.307609 0.541086 0.307609 0.538997 0.302174 0.5365599999999999 0.266304 0.534471 0.266304 0.53273 0.305435 0.529944 0.30978300000000003 0.542131 0.30978300000000003 0.5424789999999999 0.307609
1 0.634749 0.325 0.633705 0.325 0.633705 0.328261 0.651811 0.328261 0.651811 0.325 0.649373 0.323913 0.646588 0.317391 0.6448470000000001 0.298913 0.64415 0.280435 0.6427579999999999 0.275 0.641017 0.275 0.641017 0.27934800000000004 0.64032 0.281522 0.638579 0.318478 0.634749 0.325
1 0.755919 0.325 0.754178 0.34565199999999996 0.754178 0.355435 0.753482 0.36086999999999997 0.747911 0.365217 0.750696 0.36847799999999997 0.754526 0.36847799999999997 0.758008 0.371739 0.763928 0.370652 0.764972 0.36847799999999997 0.768454 0.366304 0.766017 0.357609 0.764972 0.357609 0.763928 0.353261 0.763579 0.340217 0.761838 0.31630400000000003 0.761838 0.30869599999999997 0.7604460000000001 0.296739 0.75766 0.29782600000000004 0.757312 0.304348 0.756616 0.306522 0.755919 0.325
1 0.9401109999999999 0.465217 0.950905 0.476087 0.950905 0.395652 0.9502090000000001 0.395652 0.945682 0.454348 0.9435930000000001 0.456522 0.9401109999999999 0.456522 0.9401109999999999 0.465217
1 0.520195 0.25652200000000003 0.518802 0.254348 0.5177579999999999 0.23586999999999997 0.516365 0.23478300000000002 0.515669 0.252174 0.513928 0.25760900000000003 0.5194989999999999 0.25760900000000003 0.520195 0.25652200000000003
1 0.594011 0.25 0.594011 0.24673899999999999 0.593315 0.24565199999999998 0.592618 0.24021699999999999 0.5919220000000001 0.227174 0.591226 0.225 0.5901810000000001 0.22934800000000002 0.589485 0.24565199999999998 0.587744 0.25 0.594011 0.25
3 0.41782700000000006 0.259783 0.41782700000000006 0.243478 0.41713100000000003 0.24021699999999999 0.415738 0.24130400000000002 0.414694 0.261957 0.417479 0.261957 0.41782700000000006 0.259783