3 0.188947 0.7558819999999999 0.188421 0.761029 0.19 0.7625 0.20368400000000003 0.763971 0.229474 0.761765 0.230526 0.761029 0.22999999999999998 0.7558819999999999 0.22473700000000002 0.755147 0.22315800000000002 0.753676 0.221053 0.735294 0.22000000000000003 0.731618 0.22000000000000003 0.725 0.21684199999999998 0.703676 0.215789 0.700735 0.214737 0.6867650000000001 0.21368399999999999 0.6852940000000001 0.20684200000000003 0.6852940000000001 0.196316 0.7529410000000001 0.19526300000000002 0.755147 0.193684 0.7558819999999999 0.188947 0.7558819999999999
3 0.214737 0.644853 0.21263200000000002 0.6470589999999999 0.209474 0.6470589999999999 0.209474 0.650735 0.21263200000000002 0.652206 0.22578900000000002 0.651471 0.231053 0.652941 0.23947400000000002 0.651471 0.23894700000000002 0.6470589999999999 0.23578899999999997 0.6470589999999999 0.234211 0.6455879999999999 0.22736800000000001 0.594118 0.222105 0.594118 0.220526 0.600735 0.220526 0.605147 0.21842100000000003 0.615441 0.214737 0.644853
3 0.368421 0.613971 0.364737 0.614706 0.36105299999999996 0.619853 0.385789 0.6205879999999999 0.39052600000000004 0.6191180000000001 0.39 0.614706 0.386842 0.614706 0.385789 0.613235 0.38421099999999997 0.597059 0.38210500000000003 0.5875 0.38 0.5698529999999999 0.37578900000000004 0.569118 0.374737 0.570588 0.36947399999999997 0.6125 0.368421 0.613971
3 0.46052600000000005 0.592647 0.459474 0.597059 0.478421 0.598529 0.484211 0.597059 0.484211 0.594118 0.481053 0.593382 0.479474 0.589706 0.47894699999999996 0.580882 0.476842 0.572059 0.47421100000000005 0.551471 0.470526 0.551471 0.465789 0.577206 0.46473699999999996 0.590441 0.46315799999999996 0.592647 0.46052600000000005 0.592647
3 0.495263 0.811765 0.493684 0.817647 0.493684 0.821324 0.49157900000000004 0.8257350000000001 0.48684200000000005 0.8257350000000001 0.484211 0.828676 0.484211 0.8360290000000001 0.48526300000000006 0.8375 0.48789499999999997 0.8382350000000001 0.521053 0.8382350000000001 0.534211 0.8360290000000001 0.5357890000000001 0.8338240000000001 0.534211 0.831618 0.5336839999999999 0.827206 0.5305259999999999 0.8257350000000001 0.526842 0.8257350000000001 0.525263 0.8235290000000001 0.525263 0.8191179999999999 0.524211 0.8161759999999999 0.523684 0.808088 0.521579 0.797794 0.514211 0.7441180000000001 0.513158 0.7426470000000001 0.505263 0.741912 0.504211 0.7441180000000001 0.502105 0.7573529999999999 0.49947400000000003 0.783088 0.495263 0.811765
3 0.666316 0.792647 0.661053 0.794118 0.661053 0.8007350000000001 0.6768419999999999 0.802941 0.697368 0.802941 0.703158 0.8014709999999999 0.704211 0.8 0.703684 0.794118 0.697368 0.7919120000000001 0.695789 0.788235 0.6926319999999999 0.7705879999999999 0.6863159999999999 0.716912 0.6784209999999999 0.716912 0.676316 0.733824 0.667895 0.781618 0.667368 0.791176 0.666316 0.792647
3 0.9131579999999999 0.721324 0.9089470000000001 0.7455879999999999 0.908421 0.7544120000000001 0.907368 0.756618 0.902105 0.756618 0.902105 0.763971 0.9231579999999999 0.766176 0.925263 0.765441 0.925789 0.763971 0.925789 0.6919120000000001 0.924737 0.6897059999999999 0.917368 0.6897059999999999 0.914737 0.7125 0.9131579999999999 0.717647 0.9131579999999999 0.721324
3 0.510526 0.545588 0.507895 0.546324 0.507368 0.55 0.526842 0.550735 0.526842 0.547059 0.524211 0.545588 0.523158 0.542647 0.523684 0.5419120000000001 0.521053 0.525735 0.520526 0.514706 0.519474 0.5125 0.516842 0.5125 0.515789 0.513971 0.514737 0.525735 0.511579 0.543382 0.510526 0.545588
3 0.548421 0.526471 0.546316 0.530147 0.544211 0.530882 0.5436840000000001 0.533824 0.5589470000000001 0.533824 0.5589470000000001 0.521324 0.558421 0.516176 0.5573680000000001 0.515441 0.5573680000000001 0.5073529999999999 0.5557890000000001 0.499265 0.552105 0.5 0.551053 0.511765 0.549474 0.516912 0.548421 0.526471
3 0.6536839999999999 0.491176 0.651053 0.47794100000000006 0.651053 0.46985299999999997 0.65 0.46764700000000003 0.647895 0.46764700000000003 0.644737 0.486765 0.6489469999999999 0.493382 0.653158 0.493382 0.6536839999999999 0.491176
3 0.673684 0.48308799999999996 0.679474 0.482353 0.6799999999999999 0.47205899999999995 0.681053 0.46617600000000003 0.682105 0.46470599999999995 0.6815789999999999 0.457353 0.679474 0.45808799999999994 0.676316 0.478676 0.673684 0.480882 0.673684 0.48308799999999996
3 0.8410529999999999 0.46176500000000004 0.841579 0.46323499999999995 0.8515790000000001 0.4625 0.85 0.457353 0.8484209999999999 0.441912 0.8463160000000001 0.441912 0.8452629999999999 0.444118 0.8431580000000001 0.45955899999999994 0.8410529999999999 0.46176500000000004
3 0.865789 0.45808799999999994 0.865789 0.461029 0.8742110000000001 0.461029 0.8757889999999999 0.458824 0.8736840000000001 0.447059 0.8742110000000001 0.442647 0.8731579999999999 0.440441 0.8710530000000001 0.440441 0.868421 0.455882 0.8668419999999999 0.45808799999999994 0.865789 0.45808799999999994
2 0.383684 0.574265 0.383684 0.577941 0.39 0.579412 0.39684200000000003 0.579412 0.398947 0.577941 0.401579 0.578676 0.406842 0.577206 0.41368400000000005 0.579412 0.421053 0.578676 0.42000000000000004 0.575 0.416316 0.572794 0.411579 0.572059 0.41 0.555882 0.41 0.547059 0.40894700000000006 0.5419120000000001 0.40894700000000006 0.527941 0.406316 0.511765 0.406316 0.506618 0.405263 0.505147 0.400526 0.505147 0.393158 0.5669120000000001 0.391053 0.5713239999999999 0.384737 0.572059 0.383684 0.574265
4 0.09315799999999999 0.425 0.09842100000000001 0.423529 0.096316 0.40808799999999995 0.095263 0.40735299999999997 0.093684 0.40808799999999995 0.092632 0.418382 0.090526 0.422794 0.09315799999999999 0.425
4 0.601579 0.4125 0.608947 0.411029 0.606842 0.40588199999999997 0.606842 0.40220599999999995 0.605263 0.397794 0.603684 0.4 0.603684 0.40661800000000003 0.6010530000000001 0.41029400000000005 0.601579 0.4125
3 0.9199999999999999 0.450735 0.918421 0.452206 0.918421 0.45441200000000004 0.925789 0.45441200000000004 0.925263 0.435294 0.9231579999999999 0.435294 0.922105 0.436765 0.921579 0.444118 0.9199999999999999 0.450735
3 0.8889469999999999 0.457353 0.8884209999999999 0.45955899999999994 0.898947 0.45955899999999994 0.898947 0.457353 0.8973679999999999 0.45441200000000004 0.896316 0.440441 0.893684 0.440441 0.8921049999999999 0.446324 0.891053 0.455882 0.8889469999999999 0.457353
3 0.9236840000000001 0.421324 0.921053 0.41691200000000006 0.921053 0.40808799999999995 0.9199999999999999 0.40808799999999995 0.918947 0.41029400000000005 0.917368 0.42205899999999996 0.9236840000000001 0.421324
3 0.631579 0.40808799999999995 0.6289469999999999 0.411029 0.6289469999999999 0.413971 0.636316 0.413971 0.635263 0.40441200000000005 0.6336839999999999 0.399265 0.632632 0.4 0.632632 0.40220599999999995 0.631579 0.40367600000000003 0.631579 0.40808799999999995
3 0.637368 0.411029 0.640526 0.411029 0.641053 0.40955899999999995 0.639474 0.40661800000000003 0.639474 0.397794 0.638421 0.396324 0.637368 0.397794 0.636316 0.40294100000000005 0.636316 0.40955899999999995 0.637368 0.411029
3 0.925789 0.41691200000000006 0.9236840000000001 0.40882399999999997 0.9236840000000001 0.40588199999999997 0.9226319999999999 0.40514700000000003 0.921579 0.40808799999999995 0.921579 0.41691200000000006 0.9236840000000001 0.419118 0.925789 0.41691200000000006
2 0.475263 0.552941 0.479474 0.5845589999999999 0.48842100000000005 0.585294 0.495789 0.583824 0.49631600000000003 0.578676 0.495263 0.577206 0.487368 0.577206 0.48631599999999997 0.575735 0.484737 0.552941 0.48368399999999995 0.55 0.482632 0.527941 0.481053 0.5205879999999999 0.481053 0.513971 0.47894699999999996 0.509559 0.476316 0.509559 0.47421100000000005 0.518382 0.47105300000000006 0.550735 0.47421100000000005 0.550735 0.475263 0.552941