1 0.696364 0.6227940000000001 0.702727 0.643382 0.726818 0.6470589999999999 0.736818 0.6470589999999999 0.736364 0.643382 0.730455 0.6279410000000001 0.729091 0.5551470000000001 0.726818 0.5536760000000001 0.721364 0.5536760000000001 0.704545 0.616912 0.703636 0.618382 0.696818 0.618382 0.696364 0.6227940000000001
1 0.694545 0.501471 0.691364 0.514706 0.6895450000000001 0.517647 0.6854549999999999 0.519853 0.6849999999999999 0.522794 0.703182 0.530882 0.707273 0.530882 0.7136359999999999 0.525735 0.714091 0.521324 0.709091 0.519853 0.707273 0.47426500000000005 0.705909 0.46838199999999997 0.702273 0.46838199999999997 0.700455 0.47279400000000005 0.699545 0.47941200000000006 0.6950000000000001 0.495588 0.694545 0.501471
1 0.753636 0.476471 0.755909 0.480882 0.761818 0.48308799999999996 0.772273 0.48308799999999996 0.772273 0.480147 0.77 0.47720599999999996 0.769091 0.440441 0.768636 0.438971 0.765 0.438971 0.757273 0.47058799999999995 0.755909 0.473529 0.753636 0.473529 0.753636 0.476471
1 0.776818 0.4625 0.7831819999999999 0.46691200000000005 0.797273 0.46691200000000005 0.796818 0.463971 0.793636 0.46323499999999995 0.793182 0.444118 0.791818 0.435294 0.791818 0.430147 0.788636 0.429412 0.781818 0.458824 0.7809090000000001 0.46029400000000004 0.777273 0.461029 0.776818 0.4625
1 0.8813639999999999 0.46838199999999997 0.879545 0.47132399999999997 0.879545 0.473529 0.883182 0.47573499999999996 0.891818 0.476471 0.893182 0.47573499999999996 0.893182 0.47426500000000005 0.891818 0.47205899999999995 0.8909090000000001 0.442647 0.890455 0.441176 0.8877269999999999 0.441176 0.8859090000000001 0.447059 0.8845449999999999 0.456618 0.882727 0.461029 0.8813639999999999 0.46838199999999997
3 0.904091 0.441176 0.910909 0.444118 0.914091 0.444118 0.9131819999999999 0.441176 0.9131819999999999 0.42205899999999996 0.910909 0.421324 0.9077270000000001 0.433824 0.9077270000000001 0.4375 0.905909 0.440441 0.904091 0.441176
3 0.821364 0.418382 0.821364 0.419853 0.8236359999999999 0.421324 0.831818 0.421324 0.831818 0.419118 0.8309089999999999 0.417647 0.8300000000000001 0.398529 0.827727 0.398529 0.8240909999999999 0.41470599999999996 0.8231820000000001 0.41691200000000006 0.821364 0.418382
3 0.710455 0.399265 0.710455 0.40220599999999995 0.714091 0.40367600000000003 0.720909 0.40367600000000003 0.720909 0.401471 0.719545 0.40073499999999995 0.719545 0.388235 0.718182 0.378676 0.715909 0.378676 0.7150000000000001 0.380882 0.712727 0.397059 0.711364 0.399265 0.710455 0.399265
3 0.610455 0.399265 0.621364 0.399265 0.621364 0.395588 0.62 0.394118 0.619091 0.37720600000000004 0.617727 0.37058800000000003 0.6154550000000001 0.37058800000000003 0.611818 0.393382 0.608636 0.396324 0.608636 0.397794 0.610455 0.399265
3 0.487727 0.40735299999999997 0.492727 0.41029400000000005 0.503182 0.40955899999999995 0.503182 0.40514700000000003 0.5013639999999999 0.40367600000000003 0.499545 0.37426499999999996 0.49545500000000003 0.373529 0.490909 0.401471 0.49000000000000005 0.40294100000000005 0.487727 0.40367600000000003 0.487727 0.40735299999999997
3 0.38909099999999996 0.429412 0.38909099999999996 0.431618 0.393636 0.435294 0.40636400000000006 0.435294 0.41045499999999996 0.433824 0.41045499999999996 0.427941 0.40772700000000006 0.426471 0.40636400000000006 0.424265 0.403636 0.388971 0.399091 0.388971 0.39454500000000003 0.42205899999999996 0.39318200000000003 0.425 0.390455 0.425735 0.38909099999999996 0.429412
3 0.223182 0.533088 0.221818 0.533088 0.21954500000000002 0.536029 0.21954500000000002 0.538971 0.222273 0.5404410000000001 0.23636400000000002 0.543382 0.244545 0.543382 0.259091 0.530882 0.259545 0.526471 0.255455 0.526471 0.253182 0.5205879999999999 0.249091 0.519118 0.241364 0.46691200000000005 0.23545500000000003 0.46617600000000003 0.234545 0.46691200000000005 0.22954500000000003 0.525735 0.22545500000000002 0.527206 0.223182 0.533088