3 0.706842 0.769853 0.703684 0.786029 0.703684 0.792647 0.696842 0.8235290000000001 0.695789 0.831618 0.693158 0.8345589999999999 0.6910529999999999 0.8338240000000001 0.687368 0.835294 0.685789 0.8382350000000001 0.685789 0.8411759999999999 0.6831579999999999 0.844853 0.683684 0.847794 0.707368 0.8485290000000001 0.718947 0.850735 0.731053 0.8514709999999999 0.736842 0.847059 0.736842 0.8433820000000001 0.735263 0.841912 0.735263 0.839706 0.734211 0.8382350000000001 0.729474 0.836765 0.727368 0.835294 0.726316 0.833088 0.725263 0.818382 0.722105 0.798529 0.721579 0.779412 0.72 0.768382 0.72 0.761765 0.718947 0.7558819999999999 0.7178950000000001 0.7544120000000001 0.714737 0.7529410000000001 0.71 0.753676 0.707368 0.761765 0.706842 0.769853
3 0.6257889999999999 0.611765 0.622105 0.6338239999999999 0.6210530000000001 0.635294 0.616842 0.636029 0.615789 0.639706 0.6210530000000001 0.641912 0.644737 0.641912 0.644737 0.6375 0.641053 0.636029 0.639474 0.633088 0.636316 0.608824 0.634737 0.588971 0.6336839999999999 0.5875 0.63 0.5875 0.6289469999999999 0.588235 0.6289469999999999 0.592647 0.6257889999999999 0.607353 0.6257889999999999 0.611765
3 0.509474 0.610294 0.508421 0.611765 0.508421 0.613971 0.51 0.615441 0.534737 0.615441 0.534211 0.6125 0.531053 0.611029 0.529474 0.608088 0.528421 0.602206 0.528421 0.595588 0.526316 0.585294 0.525263 0.569118 0.523158 0.566176 0.519474 0.566176 0.514737 0.6029410000000001 0.513158 0.608824 0.512105 0.610294 0.509474 0.610294
3 0.465789 0.594118 0.462632 0.594118 0.46210500000000004 0.597794 0.467368 0.599265 0.48684200000000005 0.599265 0.485789 0.594853 0.48368399999999995 0.594853 0.48210499999999995 0.593382 0.481053 0.581618 0.48 0.578676 0.48 0.572059 0.477895 0.5536760000000001 0.476842 0.552206 0.473158 0.552941 0.472105 0.557353 0.470526 0.574265 0.46684200000000003 0.592647 0.465789 0.594118
3 0.416316 0.586029 0.417368 0.5875 0.43052599999999996 0.5875 0.437895 0.588971 0.43894700000000003 0.586029 0.43578900000000004 0.583824 0.434737 0.580147 0.434737 0.572794 0.433158 0.563971 0.432632 0.545588 0.431579 0.543382 0.42736799999999997 0.543382 0.420526 0.581618 0.418947 0.5830879999999999 0.416316 0.5830879999999999 0.416316 0.586029
3 0.35631599999999997 0.5683819999999999 0.35631599999999997 0.5713239999999999 0.362105 0.572794 0.36947399999999997 0.572059 0.378421 0.573529 0.37736800000000004 0.569118 0.374737 0.5683819999999999 0.373684 0.5669120000000001 0.370526 0.531618 0.36736800000000003 0.530147 0.36578900000000003 0.531618 0.36105299999999996 0.5632349999999999 0.358947 0.567647 0.35631599999999997 0.5683819999999999
3 0.39210500000000004 0.525735 0.39052600000000004 0.527941 0.40894700000000006 0.528676 0.41 0.527941 0.409474 0.525 0.406842 0.523529 0.40578900000000007 0.519118 0.403158 0.495588 0.402105 0.493382 0.4 0.493382 0.395789 0.521324 0.394211 0.524265 0.39210500000000004 0.524265 0.39210500000000004 0.525735
3 0.271053 0.5536760000000001 0.292105 0.5551470000000001 0.292105 0.552206 0.291053 0.550735 0.289474 0.550735 0.287895 0.546324 0.286316 0.536029 0.286316 0.523529 0.285263 0.516176 0.284211 0.514706 0.281053 0.514706 0.275789 0.547059 0.274211 0.55 0.271579 0.550735 0.271053 0.5536760000000001
3 0.201053 0.513235 0.198947 0.513235 0.197895 0.515441 0.19947399999999998 0.517647 0.216316 0.517647 0.216316 0.514706 0.21368399999999999 0.513235 0.21263200000000002 0.511029 0.21000000000000002 0.486765 0.20842100000000002 0.48308799999999996 0.20684200000000003 0.483824 0.20526300000000003 0.4875 0.20210499999999998 0.511029 0.201053 0.513235
3 0.372105 0.8095589999999999 0.36736800000000003 0.811765 0.363684 0.8198529999999999 0.364211 0.821324 0.37263199999999996 0.8235290000000001 0.41368400000000005 0.8235290000000001 0.420526 0.821324 0.422105 0.8191179999999999 0.417895 0.8154410000000001 0.41526300000000005 0.8110290000000001 0.411053 0.8110290000000001 0.407895 0.808088 0.402632 0.7720589999999999 0.402632 0.766176 0.401053 0.758088 0.398421 0.731618 0.396316 0.7294120000000001 0.39368400000000003 0.728676 0.389474 0.7294120000000001 0.387895 0.732353 0.383158 0.774265 0.37736800000000004 0.8088240000000001 0.372105 0.8095589999999999
3 0.574211 0.5698529999999999 0.5731580000000001 0.572059 0.570526 0.572059 0.5700000000000001 0.575735 0.590526 0.577206 0.590526 0.573529 0.587895 0.572794 0.5868420000000001 0.5713239999999999 0.583684 0.536765 0.58 0.536029 0.577895 0.544853 0.577368 0.552941 0.574211 0.5669120000000001 0.574211 0.5698529999999999
3 0.6799999999999999 0.666176 0.695789 0.667647 0.696316 0.6625 0.694737 0.652206 0.6926319999999999 0.625 0.691579 0.6227940000000001 0.6863159999999999 0.6227940000000001 0.6847369999999999 0.6279410000000001 0.681053 0.656618 0.678947 0.664706 0.6799999999999999 0.666176
3 0.705789 0.669853 0.715263 0.669853 0.715789 0.660294 0.714737 0.658824 0.713158 0.639706 0.706842 0.639706 0.704737 0.655147 0.703158 0.661029 0.702632 0.668382 0.705789 0.669853
3 0.890526 0.759559 0.890526 0.763235 0.921579 0.763235 0.921053 0.758088 0.9194739999999999 0.7558819999999999 0.9163159999999999 0.7544120000000001 0.9142110000000001 0.7507349999999999 0.912632 0.721324 0.9104894140625 0.7147673343750001 0.905263 0.723529 0.9036839999999999 0.7294120000000001 0.902105 0.731618 0.896316 0.746324 0.894211 0.748529 0.893684 0.7529410000000001 0.890526 0.759559
0 0.777895 0.588971 0.771579 0.588971 0.770526 0.589706 0.770526 0.593382 0.789474 0.594853 0.794211 0.594118 0.794211 0.591176 0.7921050000000001 0.589706 0.791053 0.585294 0.791053 0.580147 0.789474 0.5713239999999999 0.789474 0.561029 0.787895 0.5536760000000001 0.7857890000000001 0.55 0.783158 0.552941 0.781053 0.572059 0.779474 0.577206 0.777895 0.588971
0 0.908421 0.570588 0.9068419999999999 0.574265 0.905263 0.5830879999999999 0.9036839999999999 0.585294 0.9010529999999999 0.586029 0.9010529999999999 0.589706 0.902105 0.590441 0.9099999999999999 0.590441 0.911579 0.591912 0.912105 0.591176 0.912632 0.592647 0.9131579999999999 0.591176 0.9142110000000001 0.591912 0.915263 0.590441 0.9199999999999999 0.590441 0.921053 0.588971 0.921053 0.5875 0.9199999999999999 0.586029 0.918421 0.586029 0.917368 0.583824 0.917368 0.574265 0.914737 0.550735 0.9110530000000001 0.550735 0.9099999999999999 0.552206 0.908421 0.561029 0.908421 0.570588
3 0.37421099999999996 0.548529 0.373684 0.5595589999999999 0.385263 0.5617650000000001 0.389474 0.561029 0.39 0.5580879999999999 0.387895 0.557353 0.386316 0.5536760000000001 0.386316 0.548529 0.384737 0.5419120000000001 0.383684 0.522794 0.38263199999999997 0.5205879999999999 0.38052600000000003 0.519853 0.37894700000000003 0.521324 0.37736800000000004 0.528676 0.37736800000000004 0.534559 0.37421099999999996 0.548529
3 0.142632 0.6242650000000001 0.142632 0.635294 0.145263 0.648529 0.163158 0.649265 0.163684 0.643382 0.159474 0.641912 0.157895 0.638235 0.153684 0.588235 0.148421 0.586765 0.146316 0.591176 0.144211 0.611765 0.141579 0.6205879999999999 0.142632 0.6242650000000001
3 0.12894699999999998 0.652941 0.12526299999999999 0.672059 0.12526299999999999 0.676471 0.124211 0.6786760000000001 0.12473700000000001 0.6801470000000001 0.12368399999999999 0.682353 0.124211 0.6852940000000001 0.151579 0.6867650000000001 0.156316 0.6845589999999999 0.156316 0.682353 0.153684 0.6786760000000001 0.147368 0.675735 0.144211 0.655147 0.143158 0.639706 0.141579 0.636029 0.141053 0.6220589999999999 0.137895 0.616912 0.133158 0.616912 0.130526 0.6375 0.130526 0.6455879999999999 0.12894699999999998 0.649265 0.12894699999999998 0.652941
3 0.7142109999999999 0.639706 0.7178950000000001 0.669118 0.718947 0.669853 0.721053 0.668382 0.726842 0.667647 0.733684 0.669853 0.735263 0.668382 0.735263 0.6669120000000001 0.732105 0.6625 0.729474 0.6625 0.727368 0.660294 0.727368 0.655882 0.725789 0.65 0.723158 0.611765 0.722105 0.609559 0.716842 0.609559 0.7163160000000001 0.615441 0.713684 0.626471 0.7126319999999999 0.638235 0.7142109999999999 0.639706
3 0.7936840000000001 0.707353 0.7936840000000001 0.711029 0.7905260000000001 0.722794 0.7905260000000001 0.726471 0.786842 0.734559 0.7836839999999999 0.735294 0.784211 0.741912 0.791053 0.7426470000000001 0.803684 0.716912 0.806316 0.713971 0.8084210000000001 0.7080879999999999 0.8084210000000001 0.6852940000000001 0.807368 0.673529 0.806316 0.671324 0.8010529999999999 0.670588 0.798947 0.672059 0.795789 0.697794 0.7936840000000001 0.707353
3 0.788421 0.552206 0.7905260000000001 0.5580879999999999 0.796842 0.5580879999999999 0.799474 0.5566180000000001 0.8 0.552941 0.797368 0.534559 0.796842 0.522794 0.795789 0.521324 0.793158 0.521324 0.791053 0.530882 0.7905260000000001 0.541176 0.7889470000000001 0.545588 0.788421 0.552206
4 0.89743125625 0.5803681093749999 0.8947369999999999 0.5602940000000001 0.894211 0.5669120000000001 0.8952629999999999 0.5683819999999999 0.8952629999999999 0.579412 0.896842 0.586029 0.896842 0.589706 0.897715778125 0.589706 0.89743125625 0.5803681093749999
4 0.9042109999999999 0.602206 0.902105 0.600735 0.899474 0.595588 0.8986845453125 0.589706 0.897715778125 0.589706 0.8978949999999999 0.595588 0.8984209999999999 0.606618 0.902632 0.606618 0.9042109999999999 0.605147 0.9042109999999999 0.602206
3 0.14052599999999998 0.618382 0.142632 0.611765 0.142632 0.605882 0.137895 0.5713239999999999 0.137895 0.566176 0.134737 0.566176 0.131579 0.603676 0.131579 0.615441 0.138421 0.615441 0.14052599999999998 0.618382
3 0.768947 0.724265 0.767895 0.731618 0.766316 0.736029 0.766842 0.738235 0.774211 0.738235 0.7805259999999999 0.739706 0.782632 0.738971 0.782632 0.731618 0.781579 0.7279410000000001 0.781579 0.713971 0.7778946625 0.6977943140625 0.776316 0.699265 0.774737 0.705147 0.775263 0.706618 0.773158 0.708824 0.772105 0.711765 0.771053 0.719118 0.768947 0.724265
3 0.6589470000000001 0.5830879999999999 0.663684 0.5845589999999999 0.668421 0.583824 0.678947 0.585294 0.6799999999999999 0.5845589999999999 0.6799999999999999 0.581618 0.677368 0.580882 0.676316 0.579412 0.673684 0.555882 0.673684 0.544118 0.672632 0.541176 0.668947 0.5404410000000001 0.664211 0.574265 0.6615789999999999 0.580147 0.6589470000000001 0.580882 0.6589470000000001 0.5830879999999999