3 0.374538 0.7294120000000001 0.369255 0.733088 0.36767 0.7375 0.364501 0.738971 0.362916 0.7411760000000001 0.384575 0.748529 0.387744 0.748529 0.40570500000000004 0.736765 0.401479 0.736029 0.399366 0.733824 0.39883799999999997 0.731618 0.394083 0.728676 0.38668800000000003 0.6830879999999999 0.381405 0.682353 0.37982 0.686029 0.378764 0.699265 0.37717900000000004 0.706618 0.374538 0.7294120000000001
3 0.548336 0.7904410000000001 0.543582 0.791176 0.561014 0.8095589999999999 0.574221 0.806618 0.576334 0.8051470000000001 0.592182 0.8007350000000001 0.5879559999999999 0.796324 0.5868990000000001 0.796324 0.58373 0.7875 0.581088 0.785294 0.579503 0.785294 0.5784469999999999 0.783088 0.573164 0.735294 0.572108 0.730882 0.5668249999999999 0.730147 0.56524 0.732353 0.556788 0.783824 0.552562 0.785294 0.548336 0.7904410000000001
3 0.751717 0.870588 0.749076 0.8772059999999999 0.7485470000000001 0.8816179999999999 0.7886949999999999 0.894118 0.7945059999999999 0.894118 0.799789 0.8772059999999999 0.8003170000000001 0.869118 0.796091 0.8683820000000001 0.789223 0.8617649999999999 0.7828839999999999 0.799265 0.780771 0.796324 0.775489 0.796324 0.762282 0.8566179999999999 0.756471 0.8580880000000001 0.7533019999999999 0.8625 0.751717 0.870588
3 0.7437929999999999 0.672059 0.741152 0.675 0.73851 0.6816180000000001 0.752773 0.6852940000000001 0.763339 0.686029 0.768093 0.679412 0.768093 0.677941 0.761754 0.675 0.760697 0.672794 0.757528 0.636029 0.7533019999999999 0.635294 0.749076 0.653676 0.746434 0.669853 0.745378 0.672059 0.7437929999999999 0.672059
3 0.843634 0.691176 0.8409929999999999 0.6875 0.837824 0.686029 0.8357110000000001 0.663971 0.8301946953125 0.6502600453125 0.825145 0.663235 0.821976 0.6830879999999999 0.81775 0.6845589999999999 0.8135239999999999 0.6933819999999999 0.836239 0.698529 0.8399369999999999 0.697794 0.8446910000000001 0.691176 0.843634 0.691176
3 0.648177 0.654412 0.646593 0.658088 0.642895 0.658824 0.657158 0.664706 0.661912 0.664706 0.673534 0.661029 0.670365 0.659559 0.667723 0.655147 0.6650820000000001 0.653676 0.661912 0.621324 0.660856 0.618382 0.657686 0.618382 0.655573 0.626471 0.651875 0.652206 0.650819 0.653676 0.648177 0.654412
3 0.5419970000000001 0.638971 0.5382990000000001 0.641176 0.537771 0.643382 0.534601 0.646324 0.5478080000000001 0.65 0.5541470000000001 0.65 0.561014 0.646324 0.561543 0.644853 0.559429 0.644118 0.558373 0.641912 0.554675 0.639706 0.550449 0.608824 0.549392 0.606618 0.546751 0.606618 0.543582 0.6242650000000001 0.543053 0.631618 0.5419970000000001 0.634559 0.5419970000000001 0.638971
3 0.164289 0.8963240000000001 0.189646 0.8963240000000001 0.189646 0.8933820000000001 0.18806099999999998 0.888971 0.18806099999999998 0.8860290000000001 0.181722 0.855882 0.180137 0.8514709999999999 0.180137 0.847059 0.17802400000000002 0.844853 0.171685 0.845588 0.169044 0.847794 0.166403 0.8764709999999999 0.164818 0.885294 0.164289 0.8963240000000001
3 0.210248 0.8242649999999999 0.217644 0.842647 0.223983 0.842647 0.258848 0.832353 0.25832 0.8294119999999999 0.254622 0.822794 0.254094 0.817647 0.250396 0.8139709999999999 0.24617 0.8125 0.236133 0.760294 0.236133 0.756618 0.23454799999999998 0.755147 0.230322 0.755147 0.22768099999999997 0.7573529999999999 0.221342 0.8161759999999999 0.210248 0.8242649999999999
3 0.196513 0.702206 0.1944 0.702206 0.19281600000000002 0.703676 0.20074 0.711029 0.20655 0.711029 0.21288999999999997 0.708824 0.226624 0.706618 0.22873700000000002 0.704412 0.22873700000000002 0.702941 0.225568 0.700735 0.22345500000000001 0.6963239999999999 0.21975699999999998 0.6948529999999999 0.21236100000000002 0.653676 0.207079 0.653676 0.202324 0.6963239999999999 0.201268 0.697794 0.198627 0.698529 0.196513 0.702206
3 0.173798 0.676471 0.16587400000000002 0.6845589999999999 0.17326999999999998 0.688971 0.180137 0.688971 0.199683 0.6830879999999999 0.196513 0.6816180000000001 0.194929 0.677206 0.192287 0.676471 0.190174 0.674265 0.183307 0.638971 0.18225 0.636765 0.17855300000000002 0.6375 0.176968 0.643382 0.176968 0.649265 0.175383 0.658088 0.173798 0.676471
3 0.51981 0.569118 0.531432 0.5698529999999999 0.534601 0.567647 0.530903 0.5647059999999999 0.528262 0.544118 0.526149 0.544118 0.523508 0.563971 0.522451 0.566176 0.520866 0.566176 0.51981 0.569118
3 0.630745 0.579412 0.631273 0.577206 0.628632 0.574265 0.628632 0.5683819999999999 0.6265189999999999 0.552206 0.623877 0.552206 0.620708 0.573529 0.6175379999999999 0.575735 0.6175379999999999 0.579412 0.630745 0.579412
3 0.5895400000000001 0.5683819999999999 0.5879559999999999 0.5713239999999999 0.591653 0.572794 0.6048600000000001 0.572794 0.602747 0.5698529999999999 0.600106 0.5683819999999999 0.597993 0.546324 0.595351 0.546324 0.592182 0.5632349999999999 0.592182 0.5669120000000001 0.591125 0.5683819999999999 0.5895400000000001 0.5683819999999999
3 0.241944 0.7588239999999999 0.241416 0.763971 0.238774 0.766912 0.239303 0.7705879999999999 0.269942 0.771324 0.278922 0.756618 0.278922 0.755147 0.275225 0.755147 0.27152699999999996 0.751471 0.269414 0.751471 0.268357 0.7492650000000001 0.260961 0.7080879999999999 0.260961 0.702941 0.259377 0.701471 0.254094 0.702206 0.24828299999999998 0.7529410000000001 0.24300099999999997 0.756618 0.241944 0.7588239999999999
3 0.22292700000000001 0.674265 0.237718 0.669118 0.23401999999999998 0.667647 0.232435 0.663971 0.22873700000000002 0.6625 0.222398 0.6257349999999999 0.217644 0.626471 0.21394600000000003 0.655147 0.217644 0.675735 0.221342 0.675735 0.22292700000000001 0.674265
3 0.463814 0.623529 0.460644 0.6272059999999999 0.473323 0.630147 0.47807700000000003 0.630147 0.48441599999999996 0.626471 0.484945 0.625 0.48335999999999996 0.625 0.47860500000000006 0.6205879999999999 0.474379 0.591176 0.47173800000000005 0.591176 0.470681 0.595588 0.469625 0.596324 0.467512 0.621324 0.463814 0.623529
3 0.48019 0.613971 0.472266 0.5845589999999999 0.469097 0.5845589999999999 0.465399 0.613235 0.46222899999999995 0.615441 0.46117299999999994 0.6176470000000001 0.459588 0.6176470000000001 0.45906 0.6191180000000001 0.466455 0.6205879999999999 0.469625 0.591912 0.470681 0.589706 0.47279499999999997 0.589706 0.47860500000000006 0.613971 0.48019 0.6205879999999999 0.48335999999999996 0.6205879999999999 0.48019 0.6176470000000001 0.48019 0.613971
3 0.282092 0.701471 0.283677 0.703676 0.29635500000000004 0.7095589999999999 0.30110899999999996 0.708824 0.308505 0.705147 0.318542 0.702206 0.314316 0.699265 0.312731 0.6948529999999999 0.309033 0.694118 0.307977 0.692647 0.302166 0.652206 0.296883 0.652206 0.291601 0.6948529999999999 0.287375 0.697059 0.28579 0.7 0.282092 0.701471