0 0.15847899999999998 0.7507349999999999 0.153196 0.75 0.149498 0.751471 0.14738500000000002 0.753676 0.14738500000000002 0.759559 0.146329 0.7625 0.138405 0.763971 0.135763 0.766912 0.161648 0.769118 0.174855 0.769118 0.193872 0.771324 0.214474 0.771324 0.23507699999999998 0.766176 0.23454799999999998 0.763971 0.225568 0.7625 0.22504 0.7544120000000001 0.223983 0.753676 0.21288999999999997 0.7522059999999999 0.211833 0.7507349999999999 0.211833 0.7441180000000001 0.209192 0.721324 0.20813500000000001 0.702941 0.20655 0.692647 0.205494 0.673529 0.20390899999999998 0.663971 0.20390899999999998 0.657353 0.199683 0.6125 0.19598500000000002 0.610294 0.183835 0.611029 0.16217600000000001 0.7492650000000001 0.15847899999999998 0.7507349999999999
0 0.8272579999999999 0.272794 0.82356 0.273529 0.82356 0.276471 0.831484 0.27867600000000003 0.851558 0.27867600000000003 0.8499739999999999 0.274265 0.8452189999999999 0.272059 0.844163 0.269853 0.839408 0.222794 0.834126 0.222794 0.8299 0.258824 0.8283149999999999 0.265441 0.8283149999999999 0.269853 0.8272579999999999 0.272794
0 0.5832010000000001 0.247794 0.581616 0.253676 0.581616 0.258088 0.58056 0.261029 0.576334 0.26176499999999997 0.576334 0.266176 0.604332 0.266912 0.6048600000000001 0.264706 0.602747 0.26176499999999997 0.5985210000000001 0.259559 0.597464 0.257353 0.5937669999999999 0.214706 0.593238 0.213235 0.588484 0.213235 0.5868990000000001 0.218382 0.585843 0.229412 0.5832010000000001 0.243382 0.5832010000000001 0.247794
0 0.387216 0.258088 0.387216 0.25441199999999997 0.380349 0.25220600000000004 0.37717900000000004 0.198529 0.369255 0.198529 0.36133099999999996 0.236029 0.35869 0.255147 0.366614 0.257353 0.387216 0.258088
0 0.854728 0.20735299999999998 0.852087 0.211029 0.8542 0.2125 0.8711040000000001 0.213235 0.8711040000000001 0.21176499999999998 0.866878 0.20735299999999998 0.864765 0.174265 0.8631800000000001 0.172794 0.8600110000000001 0.172794 0.858954 0.174265 0.858954 0.177941 0.8573689999999999 0.184559 0.854728 0.20735299999999998
0 0.7543580000000001 0.20220600000000002 0.7543580000000001 0.20441199999999998 0.756471 0.20661800000000002 0.771263 0.20661800000000002 0.769149 0.20073500000000002 0.76598 0.167647 0.762282 0.167647 0.761226 0.17058800000000002 0.758584 0.197059 0.756999 0.20073500000000002 0.7543580000000001 0.20220600000000002
0 0.6376120000000001 0.18823499999999999 0.636556 0.19264699999999998 0.634443 0.194853 0.634443 0.197059 0.642895 0.197059 0.643951 0.180147 0.645536 0.177206 0.647083621875 0.1764883328125 0.643951 0.161029 0.640782 0.161029 0.639725 0.1625 0.638141 0.174265 0.6376120000000001 0.18823499999999999
0 0.587427 0.144118 0.589012 0.14191199999999998 0.585314 0.134559 0.5821449999999999 0.110294 0.5773900000000001 0.110294 0.576334 0.135294 0.574221 0.141176 0.574221 0.143382 0.587427 0.144118
0 0.460644 0.1875 0.479662 0.18823499999999999 0.479662 0.186029 0.475964 0.177206 0.472266 0.15 0.468568 0.149265 0.46698399999999995 0.151471 0.463286 0.183088 0.460644 0.18529400000000001 0.460644 0.1875
0 0.366614 0.175 0.36714199999999997 0.178676 0.37136800000000003 0.177206 0.372425 0.178676 0.375066 0.178676 0.376123 0.176471 0.37665099999999996 0.161029 0.377707 0.15882400000000002 0.377707 0.1492627609375 0.37665099999999996 0.145588 0.373481 0.146324 0.371896 0.148529 0.371896 0.15882400000000002 0.368199 0.169853 0.368199 0.17205900000000002 0.366614 0.175
0 0.380877 0.18088200000000001 0.385631 0.181618 0.38616 0.178676 0.38299 0.167647 0.37926319999999997 0.154678159375 0.381405 0.166176 0.380877 0.18088200000000001
0 0.259905 0.160294 0.256735 0.127941 0.255151 0.12573499999999999 0.251981 0.12573499999999999 0.25092400000000004 0.13161799999999999 0.24986799999999998 0.154412 0.25092400000000004 0.15588200000000002 0.259905 0.160294
0 0.226624 0.122059 0.22768099999999997 0.11985300000000002 0.226624 0.10367599999999999 0.21817199999999998 0.10294099999999999 0.217116 0.10514699999999999 0.216059 0.11691199999999999 0.21341800000000002 0.120588 0.226624 0.122059
0 0.115161 0.1375 0.12466999999999999 0.1375 0.126783 0.135294 0.123613 0.113971 0.122557 0.1125 0.119387 0.1125 0.11727399999999999 0.11544099999999999 0.11727399999999999 0.11911799999999999 0.115161 0.127941 0.115161 0.1375
3 0.5726359999999999 0.597059 0.571051 0.6029410000000001 0.569995 0.613971 0.564712 0.644853 0.564712 0.648529 0.563656 0.65 0.555732 0.65 0.552562 0.651471 0.552562 0.658088 0.550449 0.660294 0.5446380000000001 0.663235 0.573164 0.664706 0.591653 0.6669120000000001 0.609086 0.6669120000000001 0.61701 0.6625 0.615425 0.654412 0.606445 0.652206 0.594295 0.534559 0.581616 0.534559 0.573693 0.589706 0.5726359999999999 0.592647 0.5726359999999999 0.597059
0 0.21341800000000002 0.220588 0.214474 0.222794 0.220285 0.223529 0.221342 0.222059 0.221342 0.20220600000000002 0.220814 0.19411799999999999 0.21975699999999998 0.193382 0.21869999999999998 0.194853 0.21869999999999998 0.199265 0.216587 0.211029 0.21341800000000002 0.220588
0 0.600106 0.580147 0.60169 0.5875 0.6022190000000001 0.602206 0.603275 0.605882 0.603803 0.614706 0.6048600000000001 0.6176470000000001 0.6048600000000001 0.6279410000000001 0.6080300000000001 0.651471 0.6111989999999999 0.651471 0.61701 0.653676 0.6291599999999999 0.652206 0.630217 0.651471 0.630745 0.648529 0.6265189999999999 0.6455879999999999 0.615954 0.531618 0.603275 0.530882 0.599049 0.5595589999999999 0.5985210000000001 0.569118 0.600106 0.573529 0.600106 0.580147
3 0.637084 0.601471 0.636027 0.614706 0.6318010000000001 0.641912 0.6318010000000001 0.650735 0.630217 0.653676 0.61701 0.655882 0.618067 0.663235 0.61701 0.664706 0.613312 0.6654410000000001 0.610671 0.667647 0.64131 0.670588 0.663497 0.671324 0.66561 0.666176 0.666667 0.613235 0.660328 0.5647059999999999 0.660328 0.5595589999999999 0.659271 0.555882 0.659271 0.550735 0.657686 0.5404410000000001 0.6561009999999999 0.538971 0.646593 0.538971 0.645008 0.541176 0.64131 0.574265 0.637084 0.601471