0 0.28157899999999997 0.743382 0.280526 0.746324 0.275263 0.746324 0.274737 0.7522059999999999 0.28736799999999996 0.7529410000000001 0.31052599999999997 0.7507349999999999 0.30947399999999997 0.7492650000000001 0.30947399999999997 0.7441180000000001 0.304211 0.7441180000000001 0.303158 0.7426470000000001 0.294211 0.6845589999999999 0.287895 0.683824 0.286316 0.691176 0.286316 0.697059 0.283158 0.722059 0.28157899999999997 0.743382
0 0.344211 0.8051470000000001 0.338947 0.8058820000000001 0.34315799999999996 0.808088 0.353684 0.8102940000000001 0.37 0.8095589999999999 0.39368400000000003 0.806618 0.39368400000000003 0.8051470000000001 0.392632 0.8044119999999999 0.387895 0.8044119999999999 0.386842 0.797794 0.38 0.796324 0.374737 0.759559 0.373158 0.753676 0.368947 0.721324 0.360526 0.722059 0.352632 0.797794 0.351579 0.799265 0.345263 0.8014709999999999 0.344211 0.8051470000000001
0 0.198947 0.725 0.206316 0.725735 0.22842099999999999 0.723529 0.22736800000000001 0.718382 0.222632 0.716912 0.214211 0.672794 0.20842100000000002 0.672059 0.204211 0.716176 0.203158 0.719853 0.19947399999999998 0.721324 0.198947 0.725
0 0.263158 0.694118 0.262105 0.6948529999999999 0.274737 0.6948529999999999 0.284211 0.6933819999999999 0.28578899999999996 0.6919120000000001 0.28578899999999996 0.6897059999999999 0.282632 0.688971 0.28157899999999997 0.6867650000000001 0.274737 0.651471 0.271579 0.651471 0.27 0.654412 0.267368 0.688971 0.263158 0.6919120000000001 0.263158 0.694118
0 0.683684 0.8713240000000001 0.6831579999999999 0.8727940000000001 0.71 0.8764709999999999 0.724737 0.8764709999999999 0.737895 0.874265 0.75 0.874265 0.758421 0.8727940000000001 0.757895 0.8713240000000001 0.749474 0.869118 0.748947 0.8632350000000001 0.739474 0.860294 0.726316 0.763235 0.715263 0.763235 0.703684 0.861029 0.694737 0.8632350000000001 0.693158 0.869853 0.683684 0.8713240000000001
0 0.687368 0.652941 0.687368 0.655882 0.6863159999999999 0.657353 0.703684 0.656618 0.7110529999999999 0.655147 0.711579 0.654412 0.710526 0.651471 0.706842 0.650735 0.705263 0.6470589999999999 0.698947 0.611029 0.6942109999999999 0.610294 0.691579 0.640441 0.691579 0.648529 0.690526 0.652206 0.687368 0.652941
0 0.718947 0.6786760000000001 0.7178950000000001 0.679412 0.7194740000000001 0.680882 0.730526 0.680882 0.736316 0.679412 0.748421 0.6786760000000001 0.746842 0.677206 0.746842 0.674265 0.742632 0.673529 0.741579 0.671324 0.733684 0.6257349999999999 0.727895 0.6257349999999999 0.723684 0.673529 0.722632 0.675 0.7194740000000001 0.675735 0.718947 0.6786760000000001
0 0.605263 0.646324 0.6257889999999999 0.644853 0.6257889999999999 0.643382 0.623158 0.644118 0.622105 0.641176 0.6194740000000001 0.641176 0.614211 0.613971 0.610526 0.613971 0.608421 0.641176 0.607368 0.643382 0.605263 0.644118 0.605263 0.646324
0 0.772105 0.636765 0.784737 0.636765 0.795789 0.634559 0.7936840000000001 0.631618 0.79 0.6308819999999999 0.783158 0.595588 0.779474 0.595588 0.776842 0.6323529999999999 0.773684 0.633088 0.773684 0.634559 0.772105 0.636765
0 0.8584210000000001 0.592647 0.856842 0.6220589999999999 0.866316 0.621324 0.862105 0.592647 0.8584210000000001 0.592647
0 0.902632 0.616912 0.902105 0.6191180000000001 0.912632 0.616912 0.918947 0.616912 0.9226319999999999 0.615441 0.925263 0.6161760000000001 0.9231579999999999 0.6125 0.921053 0.6125 0.9194739999999999 0.609559 0.9142110000000001 0.582353 0.910526 0.582353 0.9078950000000001 0.613235 0.9057890000000001 0.613971 0.9042109999999999 0.616912 0.902632 0.616912
0 0.851053 0.702206 0.850526 0.705882 0.8463160000000001 0.706618 0.8526320000000001 0.708824 0.8705260000000001 0.708824 0.8884209999999999 0.706618 0.884211 0.705882 0.8831580000000001 0.7 0.877895 0.698529 0.868947 0.642647 0.8636839999999999 0.641912 0.862632 0.643382 0.856842 0.7 0.855789 0.701471 0.851053 0.702206