0 0.188947 0.461029 0.188947 0.463971 0.192632 0.46544100000000005 0.2 0.46544100000000005 0.201053 0.463971 0.201053 0.46176500000000004 0.197895 0.453676 0.197895 0.442647 0.195789 0.440441 0.193684 0.440441 0.192632 0.441912 0.191579 0.455882 0.190526 0.45955899999999994 0.188947 0.461029
0 0.31210499999999997 0.46544100000000005 0.316316 0.46764700000000003 0.322105 0.46764700000000003 0.322632 0.46470599999999995 0.321053 0.46176500000000004 0.32 0.456618 0.319474 0.446324 0.317895 0.444118 0.315789 0.443382 0.314211 0.447794 0.31526299999999996 0.456618 0.312632 0.46176500000000004 0.31210499999999997 0.46544100000000005
0 0.32842099999999996 0.47132399999999997 0.326316 0.473529 0.326316 0.47720599999999996 0.339474 0.47720599999999996 0.339474 0.47279400000000005 0.336316 0.46764700000000003 0.336842 0.46323499999999995 0.335789 0.45441200000000004 0.333684 0.452206 0.330526 0.45441200000000004 0.329474 0.463971 0.32999999999999996 0.46691200000000005 0.32842099999999996 0.47132399999999997
0 0.34631599999999996 0.483824 0.34631599999999996 0.4875 0.358947 0.488235 0.360526 0.486765 0.360526 0.483824 0.35789499999999996 0.481618 0.35789499999999996 0.47941200000000006 0.355789 0.473529 0.355789 0.46176500000000004 0.35473699999999997 0.46029400000000004 0.352105 0.46029400000000004 0.350526 0.46323499999999995 0.350526 0.47058799999999995 0.348947 0.480882 0.34631599999999996 0.483824
0 0.396316 0.518382 0.396316 0.5205879999999999 0.4 0.5220589999999999 0.411053 0.522794 0.412632 0.521324 0.412632 0.518382 0.41 0.515441 0.408421 0.508088 0.407895 0.493382 0.406316 0.489706 0.404211 0.488971 0.401579 0.491176 0.400526 0.508088 0.399474 0.513971 0.396316 0.518382
0 0.43052599999999996 0.529412 0.42736799999999997 0.531618 0.426842 0.533824 0.427895 0.536029 0.44421099999999997 0.536029 0.445263 0.533088 0.442105 0.528676 0.44052600000000003 0.516912 0.441053 0.5125 0.44000000000000006 0.5029410000000001 0.43842100000000006 0.5007349999999999 0.43526300000000007 0.5007349999999999 0.43368399999999996 0.503676 0.433158 0.519853 0.431579 0.523529 0.43052599999999996 0.529412
0 0.456316 0.544853 0.453684 0.547794 0.45263200000000003 0.551471 0.456316 0.552941 0.471579 0.552941 0.472105 0.55 0.46842100000000003 0.544853 0.46789500000000006 0.538235 0.46631600000000006 0.532353 0.465789 0.516912 0.464211 0.514706 0.461053 0.514706 0.45894700000000005 0.519118 0.45842099999999997 0.535294 0.456316 0.5404410000000001 0.456316 0.544853
0 0.49105299999999996 0.5595589999999999 0.48631599999999997 0.5647059999999999 0.48842100000000005 0.5683819999999999 0.49947400000000003 0.5669120000000001 0.505789 0.567647 0.506842 0.566176 0.506316 0.5632349999999999 0.504211 0.5617650000000001 0.503684 0.555882 0.501579 0.549265 0.501579 0.530882 0.501053 0.528676 0.498421 0.526471 0.495789 0.527206 0.49473700000000004 0.529412 0.49315800000000004 0.551471 0.49105299999999996 0.5595589999999999
0 0.539474 0.574265 0.537895 0.577206 0.536842 0.5845589999999999 0.534211 0.586029 0.532632 0.590441 0.5357890000000001 0.591912 0.5557890000000001 0.591912 0.556316 0.588235 0.551579 0.583824 0.548947 0.567647 0.548947 0.557353 0.547895 0.548529 0.546316 0.545588 0.543158 0.545588 0.541053 0.547794 0.5405260000000001 0.555882 0.539474 0.5602940000000001 0.539474 0.574265
0 0.606316 0.599265 0.606316 0.6029410000000001 0.603684 0.607353 0.6010530000000001 0.609559 0.5994740000000001 0.6125 0.5994740000000001 0.614706 0.605263 0.6161760000000001 0.607368 0.614706 0.611579 0.614706 0.614737 0.6161760000000001 0.626842 0.615441 0.628421 0.6125 0.6257889999999999 0.608824 0.6226320000000001 0.608088 0.621579 0.606618 0.621579 0.6 0.618947 0.591176 0.6194740000000001 0.582353 0.6178950000000001 0.5669120000000001 0.6163160000000001 0.5647059999999999 0.613158 0.5647059999999999 0.610526 0.5683819999999999 0.609474 0.575735 0.609474 0.586029 0.606316 0.599265
0 0.662632 0.6308819999999999 0.661053 0.6338239999999999 0.6568419999999999 0.635294 0.6552629999999999 0.639706 0.6589470000000001 0.642647 0.682632 0.641912 0.683684 0.635294 0.681053 0.634559 0.679474 0.6308819999999999 0.675789 0.592647 0.674737 0.588235 0.672632 0.586765 0.669474 0.586765 0.667368 0.589706 0.665263 0.6161760000000001 0.6631579999999999 0.6242650000000001 0.662632 0.6308819999999999
0 0.718421 0.6294120000000001 0.718947 0.633088 0.715789 0.655147 0.713684 0.659559 0.7110529999999999 0.660294 0.705789 0.667647 0.71 0.669853 0.7142109999999999 0.669853 0.7163160000000001 0.668382 0.741053 0.669853 0.743158 0.667647 0.741053 0.6654410000000001 0.74 0.6625 0.736316 0.661765 0.734211 0.658088 0.731053 0.635294 0.73 0.6176470000000001 0.728421 0.610294 0.726842 0.608088 0.723158 0.608088 0.721053 0.610294 0.72 0.613235 0.72 0.619853 0.718421 0.6294120000000001
0 0.8152630000000001 0.705147 0.8131579999999999 0.7095589999999999 0.8084210000000001 0.711765 0.806842 0.719853 0.811579 0.722059 0.816842 0.722059 0.8205260000000001 0.720588 0.841579 0.722059 0.8442109999999999 0.719853 0.8442109999999999 0.714706 0.8421049999999999 0.7125 0.839474 0.711765 0.837895 0.708824 0.831579 0.652206 0.8300000000000001 0.65 0.825263 0.649265 0.822105 0.652206 0.821053 0.655882 0.8184210000000001 0.6845589999999999 0.8152630000000001 0.705147
0 0.37 0.492647 0.366842 0.494853 0.36736800000000003 0.498529 0.37421099999999996 0.497794 0.376842 0.483824 0.378421 0.47941200000000006 0.377895 0.473529 0.376316 0.47058799999999995 0.373158 0.47058799999999995 0.372105 0.47279400000000005 0.37105299999999997 0.488235 0.37 0.492647
0 0.371579 0.506618 0.371579 0.508088 0.37263199999999996 0.509559 0.385789 0.509559 0.386316 0.5058819999999999 0.38421099999999997 0.5029410000000001 0.383158 0.497794 0.38263199999999997 0.485294 0.38052600000000003 0.480882 0.37894700000000003 0.480882 0.376316 0.490441 0.375263 0.5007349999999999 0.37421099999999996 0.503676 0.371579 0.506618