1 0.693182 0.666176 0.6922729999999999 0.667647 0.6868179999999999 0.6963239999999999 0.684091 0.706618 0.680909 0.713971 0.6799999999999999 0.714706 0.677273 0.7125 0.675455 0.7125 0.675455 0.713971 0.679091 0.727206 0.680909 0.731618 0.6827270000000001 0.733088 0.701364 0.734559 0.703182 0.736029 0.705909 0.736029 0.706818 0.734559 0.712727 0.735294 0.7136359999999999 0.736765 0.715909 0.736765 0.7168180000000001 0.738235 0.7168180000000001 0.734559 0.709545 0.721324 0.708182 0.715441 0.707727 0.691176 0.706818 0.6845589999999999 0.706364 0.642647 0.7054549999999999 0.640441 0.703182 0.638971 0.699091 0.638971 0.697727 0.641176 0.696364 0.653676 0.6936359999999999 0.661029 0.693182 0.666176
1 0.6827270000000001 0.605147 0.6813640000000001 0.605147 0.679545 0.607353 0.681818 0.611029 0.6950000000000001 0.6125 0.697727 0.611029 0.697727 0.608824 0.696818 0.609559 0.6950000000000001 0.606618 0.6950000000000001 0.597794 0.694091 0.594853 0.6936359999999999 0.586765 0.694091 0.574265 0.693182 0.570588 0.6900000000000001 0.5698529999999999 0.689091 0.570588 0.6881820000000001 0.580882 0.684545 0.601471 0.6827270000000001 0.605147
1 0.737727 0.582353 0.735455 0.582353 0.734545 0.583824 0.736818 0.586765 0.74 0.586029 0.743182 0.5875 0.747727 0.5875 0.747727 0.5845589999999999 0.7459089999999999 0.5830879999999999 0.745455 0.561029 0.744545 0.558824 0.742727 0.558824 0.7418180000000001 0.561029 0.7418180000000001 0.5647059999999999 0.7390909999999999 0.580147 0.737727 0.582353
1 0.8150000000000001 0.5845589999999999 0.8159090000000001 0.583824 0.8159090000000001 0.582353 0.813636 0.580882 0.813636 0.572059 0.812273 0.561029 0.8104549999999999 0.561029 0.807273 0.577941 0.805 0.580882 0.8090909999999999 0.5845589999999999 0.8150000000000001 0.5845589999999999
1 0.886364 0.590441 0.8913639999999999 0.590441 0.892273 0.589706 0.892273 0.588235 0.8909090000000001 0.586765 0.89 0.569118 0.8872730000000001 0.569118 0.885 0.582353 0.882727 0.586029 0.882727 0.5875 0.886364 0.590441
0 0.489091 0.558824 0.49000000000000005 0.561029 0.49227299999999996 0.5595589999999999 0.5013639999999999 0.561029 0.501818 0.5595589999999999 0.500455 0.5551470000000001 0.500455 0.548529 0.49909100000000006 0.544853 0.499545 0.530882 0.49545500000000003 0.530147 0.494545 0.530882 0.494545 0.536029 0.491364 0.5551470000000001 0.489091 0.558824
0 0.62 0.551471 0.62 0.5536760000000001 0.6277269999999999 0.5551470000000001 0.6290910000000001 0.5536760000000001 0.628636 0.546324 0.627273 0.541176 0.626818 0.533088 0.625455 0.530882 0.624545 0.530882 0.6236360000000001 0.532353 0.622727 0.538235 0.622727 0.545588 0.62 0.551471
0 0.731364 0.5551470000000001 0.730455 0.541176 0.727727 0.541176 0.725455 0.557353 0.727727 0.558824 0.730909 0.558824 0.731364 0.5551470000000001
0 0.825909 0.569118 0.8295450000000001 0.569118 0.8295450000000001 0.554412 0.8268179999999999 0.554412 0.825455 0.563971 0.8240909999999999 0.566176 0.8240909999999999 0.567647 0.825909 0.569118
0 0.930455 0.5845589999999999 0.9336360000000001 0.5845589999999999 0.934545 0.5830879999999999 0.9336360000000001 0.569118 0.931364 0.569118 0.93 0.578676 0.928636 0.580882 0.928636 0.5830879999999999 0.930455 0.5845589999999999
0 0.927727 0.55 0.9272729999999999 0.555882 0.93 0.5566180000000001 0.9295450000000001 0.55 0.927727 0.55
0 0.905 0.544853 0.9031819999999999 0.544118 0.902727 0.549265 0.905 0.550735 0.9054550000000001 0.546324 0.905 0.544853