0 0.42383699999999996 0.555882 0.42383699999999996 0.557353 0.42848800000000004 0.5595589999999999 0.43372099999999997 0.5595589999999999 0.438953 0.557353 0.436047 0.555882 0.434302 0.552941 0.43255800000000005 0.538235 0.42965099999999995 0.538235 0.42907 0.544118 0.427326 0.548529 0.427326 0.552206 0.42383699999999996 0.555882
0 0.5075580000000001 0.550735 0.50814 0.549265 0.505233 0.546324 0.50407 0.535294 0.501163 0.535294 0.5 0.545588 0.49825600000000003 0.549265 0.500581 0.551471 0.5075580000000001 0.550735
0 0.569186 0.542647 0.568023 0.533824 0.566279 0.533824 0.565116 0.5419120000000001 0.563372 0.546324 0.571512 0.546324 0.569186 0.542647
0 0.656977 0.542647 0.6581400000000001 0.5419120000000001 0.6581400000000001 0.5404410000000001 0.656977 0.5404410000000001 0.655814 0.538235 0.6552330000000001 0.530882 0.6534880000000001 0.530882 0.652326 0.539706 0.6505810000000001 0.5404410000000001 0.6505810000000001 0.5419120000000001 0.656977 0.542647
0 0.754651 0.527206 0.752907 0.527206 0.751163 0.538971 0.7575580000000001 0.539706 0.755814 0.535294 0.754651 0.527206
0 0.8401160000000001 0.525 0.838372 0.525 0.837209 0.529412 0.837209 0.535294 0.8418599999999999 0.535294 0.8401160000000001 0.525
0 0.9081400000000001 0.5205879999999999 0.9063950000000001 0.5205879999999999 0.905233 0.530882 0.9110469999999999 0.530882 0.9093019999999999 0.527206 0.9081400000000001 0.5205879999999999
0 0.693023 0.588235 0.6918599999999999 0.590441 0.688372 0.591176 0.687209 0.594853 0.693605 0.599265 0.702326 0.599265 0.710465 0.597794 0.709302 0.594118 0.706395 0.591912 0.705233 0.588971 0.7017439999999999 0.5580879999999999 0.697674 0.5580879999999999 0.6959299999999999 0.5654410000000001 0.6959299999999999 0.570588 0.694186 0.577206 0.693023 0.588235
0 0.6505810000000001 0.570588 0.662209 0.570588 0.662791 0.5669120000000001 0.6604650000000001 0.563971 0.6604650000000001 0.5580879999999999 0.659302 0.5551470000000001 0.6581400000000001 0.544853 0.65407 0.544853 0.652326 0.563971 0.648837 0.567647 0.648837 0.569118 0.6505810000000001 0.570588
0 0.671512 0.5632349999999999 0.674419 0.5617650000000001 0.674419 0.5602940000000001 0.672674 0.5595589999999999 0.671512 0.555882 0.669767 0.5404410000000001 0.667442 0.5404410000000001 0.664535 0.558824 0.662791 0.5602940000000001 0.662791 0.5617650000000001 0.671512 0.5632349999999999
0 0.685465 0.557353 0.691279 0.557353 0.6918599999999999 0.5551470000000001 0.690116 0.552206 0.688372 0.536765 0.686628 0.536765 0.683721 0.549265 0.683721 0.552941 0.682558 0.5551470000000001 0.685465 0.557353
0 0.827326 0.547059 0.825581 0.544118 0.8238369999999999 0.530882 0.821512 0.530882 0.819186 0.546324 0.821512 0.548529 0.826163 0.548529 0.827326 0.547059
0 0.719186 0.554412 0.723837 0.554412 0.725581 0.552206 0.723256 0.544118 0.723256 0.538235 0.722093 0.534559 0.7197669999999999 0.534559 0.7186049999999999 0.5404410000000001 0.7186049999999999 0.548529 0.7168599999999999 0.552941 0.719186 0.554412