0 0.6884210000000001 0.660294 0.692105 0.6625 0.7142109999999999 0.661765 0.7142109999999999 0.659559 0.71 0.659559 0.708947 0.658088 0.7078949999999999 0.648529 0.7063159999999999 0.644853 0.7063159999999999 0.639706 0.703158 0.6205879999999999 0.698947 0.619853 0.6942109999999999 0.65 0.693684 0.658088 0.6926319999999999 0.659559 0.6884210000000001 0.660294
0 0.178947 0.6933819999999999 0.175789 0.6948529999999999 0.175263 0.697059 0.178421 0.699265 0.20210499999999998 0.697059 0.201579 0.6948529999999999 0.19842100000000001 0.694118 0.19684200000000002 0.6882349999999999 0.19684200000000002 0.6852940000000001 0.193684 0.672059 0.190526 0.650735 0.185789 0.650735 0.18421099999999999 0.653676 0.18368400000000001 0.6669120000000001 0.18052600000000002 0.6882349999999999 0.178947 0.6933819999999999
0 0.094211 0.652941 0.092632 0.655147 0.091579 0.655147 0.091579 0.657353 0.11052599999999999 0.657353 0.11157900000000001 0.655882 0.10842099999999999 0.651471 0.10421100000000001 0.626471 0.10421100000000001 0.6227940000000001 0.103158 0.6205879999999999 0.1 0.6205879999999999 0.098947 0.6220589999999999 0.097895 0.6272059999999999 0.097895 0.633088 0.094211 0.652941
0 0.506842 0.633088 0.521579 0.6323529999999999 0.522105 0.6308819999999999 0.518947 0.628676 0.515263 0.608088 0.515263 0.602206 0.514211 0.599265 0.510526 0.599265 0.506316 0.6294120000000001 0.503158 0.630147 0.502632 0.631618 0.506842 0.633088
0 0.398947 0.611029 0.39684200000000003 0.607353 0.394211 0.593382 0.39368400000000003 0.585294 0.392632 0.583824 0.39052600000000004 0.583824 0.38894700000000004 0.589706 0.386842 0.608824 0.38421099999999997 0.611029 0.398947 0.611029
0 0.307368 0.596324 0.318947 0.597059 0.32 0.595588 0.31684199999999996 0.5845589999999999 0.316316 0.575 0.31526299999999996 0.573529 0.313158 0.573529 0.31210499999999997 0.575735 0.31210499999999997 0.582353 0.30947399999999997 0.594853 0.307368 0.596324
0 0.33999999999999997 0.763971 0.337368 0.769853 0.334211 0.769853 0.332632 0.771324 0.332632 0.772794 0.334211 0.775 0.33842099999999997 0.777206 0.37 0.775735 0.371579 0.774265 0.371579 0.772794 0.36578900000000003 0.769853 0.364211 0.765441 0.361579 0.7477940000000001 0.36 0.743382 0.358421 0.7294120000000001 0.35631599999999997 0.719118 0.35631599999999997 0.714706 0.35473699999999997 0.7080879999999999 0.351579 0.706618 0.347895 0.707353 0.34631599999999996 0.711029 0.345789 0.722059 0.341053 0.751471 0.33999999999999997 0.763971
0 0.25210499999999997 0.572059 0.25210499999999997 0.567647 0.251053 0.5654410000000001 0.24894699999999997 0.5654410000000001 0.24631599999999998 0.5845589999999999 0.24473699999999998 0.585294 0.254737 0.585294 0.25210499999999997 0.572059
0 0.204211 0.577206 0.201053 0.5595589999999999 0.19842100000000001 0.5595589999999999 0.19842100000000001 0.5654410000000001 0.19684200000000002 0.574265 0.19526300000000002 0.577206 0.204211 0.577206
0 0.801579 0.581618 0.800526 0.578676 0.798421 0.578676 0.794737 0.600735 0.803158 0.601471 0.803684 0.599265 0.801579 0.581618
0 0.654737 0.5875 0.6552629999999999 0.588235 0.662632 0.5875 0.6615789999999999 0.582353 0.661053 0.570588 0.6589470000000001 0.5683819999999999 0.6573680000000001 0.572059 0.6568419999999999 0.580147 0.6557890000000001 0.586029 0.654737 0.5875
0 0.536316 0.575735 0.535263 0.5602940000000001 0.533158 0.5602940000000001 0.531053 0.573529 0.531579 0.576471 0.536316 0.575735
0 0.49000000000000005 0.5669120000000001 0.48947399999999996 0.5654410000000001 0.48789499999999997 0.5654410000000001 0.48526300000000006 0.578676 0.48631599999999997 0.580882 0.49105299999999996 0.581618 0.49000000000000005 0.5669120000000001
0 0.446842 0.5602940000000001 0.44631600000000005 0.554412 0.445263 0.554412 0.44315800000000005 0.5683819999999999 0.44789500000000004 0.5683819999999999 0.448421 0.5669120000000001 0.446842 0.5602940000000001
0 0.368947 0.549265 0.36736800000000003 0.5617650000000001 0.371579 0.5617650000000001 0.37 0.549265 0.368947 0.549265
0 0.267895 0.544118 0.266316 0.5536760000000001 0.27 0.5536760000000001 0.269474 0.544118 0.267895 0.544118
0 0.24052600000000002 0.548529 0.24 0.5419120000000001 0.238421 0.542647 0.238421 0.546324 0.23736799999999997 0.549265 0.24052600000000002 0.548529
0 0.220526 0.5419120000000001 0.22000000000000003 0.550735 0.222632 0.550735 0.222105 0.5419120000000001 0.220526 0.5419120000000001
0 0.210526 0.544118 0.209474 0.551471 0.212105 0.551471 0.21157900000000002 0.544853 0.210526 0.544118
0 0.12210499999999999 0.536029 0.12105300000000001 0.5375 0.120526 0.543382 0.12315799999999999 0.542647 0.12210499999999999 0.536029
0 0.077368 0.536029 0.076316 0.544118 0.078947 0.544118 0.07842099999999999 0.5375 0.077368 0.536029
4 0.136842 0.5654410000000001 0.135263 0.563971 0.134211 0.5551470000000001 0.132632 0.5566180000000001 0.132632 0.563971 0.131053 0.566176 0.136842 0.5654410000000001
0 0.606316 0.5875 0.604211 0.575 0.602105 0.575 0.6010530000000001 0.583824 0.598947 0.591176 0.606316 0.591912 0.606316 0.5875
0 0.75 0.5875 0.747895 0.602206 0.754737 0.602206 0.753158 0.5875 0.75 0.5875
0 0.385789 0.5580879999999999 0.38421099999999997 0.557353 0.383158 0.561029 0.383158 0.566176 0.386842 0.566176 0.385789 0.5580879999999999
0 0.092105 0.538235 0.091579 0.5419120000000001 0.09315799999999999 0.5419120000000001 0.09315799999999999 0.538971 0.092105 0.538235
0 0.087895 0.538235 0.086316 0.5375 0.085789 0.539706 0.086842 0.5419120000000001 0.087895 0.5419120000000001 0.087895 0.538235
0 0.090526 0.538971 0.089474 0.539706 0.089474 0.5419120000000001 0.090526 0.5419120000000001 0.090526 0.538971
0 0.254211 0.547059 0.253684 0.5536760000000001 0.256316 0.5536760000000001 0.255789 0.547059 0.254211 0.547059
0 0.30947399999999997 0.551471 0.308421 0.5595589999999999 0.31105299999999997 0.5595589999999999 0.31105299999999997 0.552206 0.30947399999999997 0.551471
4 0.10684199999999999 0.5595589999999999 0.10631600000000001 0.552206 0.104737 0.552206 0.104737 0.5566180000000001 0.103158 0.561029 0.107895 0.561029 0.10684199999999999 0.5595589999999999
4 0.083158 0.555882 0.083158 0.551471 0.082105 0.548529 0.081579 0.5551470000000001 0.080526 0.557353 0.08421100000000001 0.557353 0.083158 0.555882
4 0.083158 0.539706 0.08263200000000001 0.544853 0.08421100000000001 0.544853 0.08421100000000001 0.539706 0.083158 0.539706
4 0.085263 0.544853 0.086316 0.543382 0.085789 0.5419120000000001 0.08473699999999999 0.542647 0.08421100000000001 0.547059 0.085263 0.547059 0.085263 0.544853
0 0.075789 0.534559 0.074737 0.534559 0.073684 0.541176 0.075789 0.5419120000000001 0.076316 0.538235 0.075789 0.534559
4 0.217368 0.5419120000000001 0.21684199999999998 0.547794 0.218947 0.547794 0.21842100000000003 0.5419120000000001 0.217368 0.5419120000000001
0 0.16947399999999999 0.570588 0.168421 0.570588 0.16736800000000002 0.5683819999999999 0.165263 0.555882 0.163158 0.5551470000000001 0.161579 0.569118 0.159474 0.5713239999999999 0.168947 0.5713239999999999 0.16947399999999999 0.570588
0 0.764211 0.875735 0.761579 0.889706 0.761579 0.8963240000000001 0.7821049999999999 0.8963240000000001 0.7821049999999999 0.8882350000000001 0.779474 0.8772059999999999 0.779474 0.8713240000000001 0.777895 0.8639709999999999 0.772105 0.8625 0.766842 0.8632350000000001 0.764737 0.864706 0.764211 0.875735