4 0.177273 0.5375 0.177273 0.543382 0.17636400000000002 0.546324 0.175909 0.5566180000000001 0.174545 0.5632349999999999 0.174545 0.573529 0.172273 0.5875 0.166818 0.591176 0.160909 0.592647 0.160909 0.594118 0.180455 0.6 0.184091 0.6 0.19409099999999999 0.597059 0.197727 0.594853 0.205 0.593382 0.208636 0.589706 0.20454500000000003 0.585294 0.199091 0.583824 0.197273 0.580147 0.192273 0.5580879999999999 0.192273 0.5536760000000001 0.19045499999999999 0.544853 0.19045499999999999 0.538971 0.188636 0.531618 0.18818200000000002 0.523529 0.186364 0.514706 0.18181799999999998 0.514706 0.180455 0.516912 0.179091 0.5220589999999999 0.177273 0.5375
4 0.290455 0.5375 0.289091 0.546324 0.286818 0.550735 0.284545 0.552941 0.302727 0.552941 0.31272700000000003 0.55 0.31318199999999996 0.547794 0.309091 0.547794 0.305455 0.533824 0.303636 0.518382 0.301364 0.5088239999999999 0.299545 0.494853 0.298182 0.493382 0.293636 0.494118 0.292727 0.497794 0.292273 0.514706 0.290909 0.523529 0.290455 0.5375
4 0.8663639999999999 0.547794 0.864545 0.552941 0.8631819999999999 0.5617650000000001 0.857273 0.583824 0.8559089999999999 0.585294 0.8413639999999999 0.585294 0.8413639999999999 0.5875 0.842727 0.589706 0.846364 0.591176 0.852727 0.596324 0.860455 0.6 0.8722730000000001 0.603676 0.8731820000000001 0.605147 0.885455 0.605147 0.8881819999999999 0.6029410000000001 0.893182 0.601471 0.893182 0.599265 0.8872730000000001 0.598529 0.882727 0.595588 0.8813639999999999 0.593382 0.8804550000000001 0.555882 0.8790910000000001 0.546324 0.878182 0.519853 0.877273 0.517647 0.8731820000000001 0.517647 0.8699999999999999 0.525735 0.870455 0.528676 0.868182 0.536765 0.8663639999999999 0.547794
4 0.719545 0.530882 0.7186359999999999 0.531618 0.7168180000000001 0.538235 0.714091 0.543382 0.71 0.544118 0.712727 0.547059 0.718182 0.548529 0.7390909999999999 0.550735 0.738182 0.548529 0.735 0.547059 0.734091 0.544118 0.732727 0.530882 0.732727 0.511029 0.731818 0.5044120000000001 0.731818 0.493382 0.730455 0.490441 0.7286360000000001 0.489706 0.7272730000000001 0.490441 0.726364 0.492647 0.721364 0.516912 0.719545 0.530882
4 0.168182 0.510294 0.165909 0.509559 0.16499999999999998 0.508088 0.163182 0.496324 0.161364 0.490441 0.159091 0.497794 0.157273 0.508088 0.155 0.510294 0.168182 0.510294
4 0.279091 0.494853 0.287727 0.494853 0.288182 0.492647 0.286818 0.486765 0.284091 0.486029 0.284091 0.4875 0.281364 0.489706 0.279091 0.494853
3 0.411364 0.506618 0.41181799999999996 0.505147 0.41045499999999996 0.505147 0.409091 0.5022059999999999 0.405909 0.48455899999999996 0.40499999999999997 0.48455899999999996 0.403636 0.489706 0.40272699999999995 0.503676 0.400455 0.5073529999999999 0.411364 0.506618
1 0.61 0.503676 0.606364 0.501471 0.600455 0.492647 0.5986360000000001 0.494118 0.597273 0.498529 0.5968180000000001 0.508088 0.5986360000000001 0.5058819999999999 0.610909 0.5058819999999999 0.61 0.503676
1 0.552273 0.494118 0.552727 0.489706 0.551818 0.486765 0.550455 0.486765 0.545909 0.493382 0.545909 0.494853 0.552273 0.494118
1 0.545455 0.486765 0.543182 0.48308799999999996 0.542273 0.48308799999999996 0.541364 0.485294 0.541364 0.488971 0.545455 0.488971 0.545455 0.486765
3 0.43727299999999997 0.482353 0.435909 0.492647 0.44000000000000006 0.493382 0.44000000000000006 0.488235 0.43727299999999997 0.482353