1 0.672273 0.62135 0.6695450000000001 0.623175 0.668182 0.626825 0.675455 0.630474 0.6849999999999999 0.6295620000000001 0.6854549999999999 0.626825 0.684545 0.626825 0.681818 0.6204379999999999 0.678636 0.5921529999999999 0.676364 0.591241 0.675455 0.593066 0.675455 0.601277 0.672727 0.614964 0.672273 0.62135
1 0.675455 0.5784670000000001 0.674545 0.5812039999999999 0.688636 0.5812039999999999 0.688636 0.57938 0.6849999999999999 0.5720799999999999 0.684545 0.559307 0.683636 0.553832 0.6813640000000001 0.553832 0.680455 0.562956 0.678636 0.571168 0.678636 0.5748179999999999 0.675455 0.5784670000000001
1 0.5886359999999999 0.588504 0.5886359999999999 0.590328 0.5918180000000001 0.5921529999999999 0.6022730000000001 0.590328 0.598182 0.5812039999999999 0.595909 0.560219 0.593182 0.560219 0.593182 0.567518 0.590909 0.5812039999999999 0.590909 0.584854 0.5886359999999999 0.588504
2 0.450455 0.5155109999999999 0.44863600000000003 0.5127740000000001 0.447727 0.508212 0.44681800000000005 0.49543799999999993 0.445909 0.49543799999999993 0.445 0.5136860000000001 0.44227299999999997 0.517336 0.45 0.517336 0.450455 0.5155109999999999
2 0.182727 0.529197 0.182727 0.531022 0.191364 0.530109 0.18954500000000002 0.523723 0.187727 0.505474 0.186364 0.5063869999999999 0.186364 0.5136860000000001 0.185 0.525547 0.182727 0.529197
1 0.492727 0.5520069999999999 0.5013639999999999 0.5529200000000001 0.5013639999999999 0.551095 0.499545 0.54927 0.498636 0.538321 0.49681800000000004 0.531934 0.495909 0.537409 0.495909 0.5437960000000001 0.494545 0.54927 0.492727 0.5520069999999999
1 0.412727 0.541058 0.419545 0.541058 0.419545 0.537409 0.417727 0.533759 0.41727299999999995 0.525547 0.416364 0.525547 0.41500000000000004 0.529197 0.414091 0.538321 0.412727 0.541058
1 0.343182 0.544708 0.341364 0.542883 0.340455 0.530109 0.338182 0.529197 0.337273 0.541971 0.335455 0.5465329999999999 0.343182 0.5465329999999999 0.343182 0.544708
1 0.290909 0.54927 0.299091 0.5501820000000001 0.299091 0.548358 0.297273 0.5465329999999999 0.29681799999999997 0.541971 0.29590900000000003 0.541058 0.29590900000000003 0.531934 0.29500000000000004 0.529197 0.294091 0.529197 0.294091 0.531934 0.293182 0.533759 0.292727 0.54562 0.290909 0.54927
1 0.257273 0.553832 0.255909 0.5520069999999999 0.255 0.537409 0.253182 0.536496 0.251818 0.551095 0.25 0.5520069999999999 0.25 0.553832 0.257273 0.553832
1 0.18181799999999998 0.554745 0.180455 0.553832 0.179545 0.551095 0.178636 0.536496 0.176818 0.536496 0.175909 0.54927 0.17363599999999998 0.556569 0.181364 0.557482 0.18181799999999998 0.554745
1 0.104091 0.560219 0.112273 0.5611309999999999 0.112727 0.559307 0.110455 0.557482 0.110455 0.5520069999999999 0.108636 0.540146 0.107273 0.540146 0.107273 0.5437960000000001 0.105909 0.548358 0.10545500000000001 0.5583940000000001 0.104091 0.560219
3 0.529091 0.562044 0.529091 0.5638690000000001 0.5377270000000001 0.564781 0.5377270000000001 0.562044 0.535909 0.5583940000000001 0.5345449999999999 0.541058 0.5331819999999999 0.540146 0.5327270000000001 0.548358 0.5313640000000001 0.5529200000000001 0.530455 0.560219 0.529091 0.562044
3 0.674545 0.547445 0.674545 0.5520069999999999 0.683182 0.5520069999999999 0.6813640000000001 0.5465329999999999 0.6813640000000001 0.536496 0.6799999999999999 0.528285 0.679091 0.528285 0.678182 0.531022 0.676364 0.5465329999999999 0.674545 0.547445
1 0.7595449999999999 0.568431 0.759091 0.551095 0.757727 0.547445 0.756818 0.547445 0.756364 0.554745 0.755 0.5583940000000001 0.754545 0.568431 0.7595449999999999 0.568431
1 0.807273 0.687044 0.819091 0.693431 0.8268179999999999 0.693431 0.8340909999999999 0.6916059999999999 0.8331820000000001 0.687956 0.831364 0.687044 0.8300000000000001 0.6833940000000001 0.8268179999999999 0.680657 0.825909 0.669708 0.824545 0.666058 0.8231820000000001 0.642336 0.822273 0.6405109999999999 0.819091 0.6405109999999999 0.814091 0.679745 0.810909 0.6833940000000001 0.8081820000000001 0.684307 0.807273 0.687044
1 0.37863600000000003 0.541058 0.37863600000000003 0.542883 0.385 0.542883 0.385 0.540146 0.383182 0.536496 0.382273 0.525547 0.380909 0.525547 0.381818 0.527372 0.38 0.531934 0.38 0.539234 0.37863600000000003 0.541058
1 0.874091 0.593978 0.877273 0.595803 0.8777269999999999 0.591241 0.876364 0.585766 0.875909 0.576642 0.8722730000000001 0.5748179999999999 0.871818 0.57938 0.8709089999999999 0.5812039999999999 0.8709089999999999 0.586679 0.874091 0.593978
4 0.45636400000000005 0.537409 0.46681800000000007 0.537409 0.46454500000000004 0.536496 0.46318200000000004 0.5328470000000001 0.46318200000000004 0.519161 0.462273 0.517336 0.462273 0.511861 0.46045499999999995 0.511861 0.459545 0.521898 0.459545 0.5328470000000001 0.458636 0.535584 0.45636400000000005 0.537409
2 0.275909 0.538321 0.275909 0.536496 0.274091 0.5328470000000001 0.271818 0.519161 0.270909 0.510036 0.27 0.510036 0.26818200000000003 0.534672 0.265909 0.539234 0.275 0.539234 0.275909 0.538321
3 0.698182 0.551095 0.703636 0.551095 0.704545 0.54562 0.703182 0.530109 0.701818 0.528285 0.700909 0.530109 0.700455 0.539234 0.698182 0.548358 0.698182 0.551095
3 0.711364 0.548358 0.711364 0.538321 0.71 0.530109 0.708182 0.529197 0.707273 0.533759 0.706818 0.54562 0.707273 0.548358 0.711364 0.548358
2 0.267727 0.528285 0.266818 0.5127740000000001 0.265455 0.502737 0.26409099999999996 0.50365 0.26318199999999997 0.519161 0.26136400000000004 0.528285 0.267727 0.528285