1 0.8121790000000001 0.533871 0.8102560000000001 0.5540320000000001 0.808333 0.558065 0.804487 0.559677 0.8038460000000001 0.56129 0.805769 0.562903 0.8307689999999999 0.562097 0.832692 0.559677 0.830128 0.557258 0.828205 0.558065 0.826282 0.555645 0.825 0.547581 0.8237180000000001 0.545968 0.8237180000000001 0.541129 0.819231 0.5177419999999999 0.8179489999999999 0.515323 0.815385 0.515323 0.814103 0.5177419999999999 0.8147439999999999 0.519355 0.813462 0.530645 0.8121790000000001 0.533871
1 0.686538 0.55 0.702564 0.55 0.708333 0.548387 0.703205 0.544355 0.703205 0.540323 0.7019230000000001 0.539516 0.7019230000000001 0.5362899999999999 0.7 0.530645 0.6993590000000001 0.522581 0.698077 0.518548 0.696795 0.5177419999999999 0.6948719999999999 0.520968 0.6948719999999999 0.527419 0.691667 0.545161 0.686538 0.55
1 0.433333 0.550806 0.44871800000000006 0.55 0.449359 0.547581 0.444872 0.542742 0.44294900000000004 0.5290320000000001 0.441667 0.525806 0.43910299999999997 0.525806 0.437179 0.543548 0.43589700000000003 0.547581 0.433333 0.549194 0.433333 0.550806
1 0.336538 0.545968 0.333974 0.543548 0.33141 0.5370969999999999 0.329487 0.5241939999999999 0.32692299999999996 0.522581 0.324359 0.541935 0.322436 0.547581 0.335897 0.547581 0.336538 0.545968
1 0.23140999999999998 0.543548 0.228205 0.539516 0.22564099999999998 0.5233869999999999 0.22435900000000003 0.520968 0.22179500000000002 0.525 0.22051300000000001 0.539516 0.216667 0.544355 0.23140999999999998 0.543548
3 0.348718 0.56129 0.371795 0.562097 0.373077 0.559677 0.36794899999999997 0.5548390000000001 0.366026 0.548387 0.363462 0.527419 0.359615 0.526613 0.355128 0.555645 0.351282 0.559677 0.34935900000000003 0.559677 0.348718 0.56129
3 0.254487 0.557258 0.255128 0.555645 0.252564 0.553226 0.251282 0.549194 0.251282 0.542742 0.25 0.537903 0.24935900000000003 0.527419 0.24807700000000002 0.5241939999999999 0.24807700000000002 0.519355 0.245513 0.519355 0.239103 0.551613 0.23461500000000002 0.5540320000000001 0.23461500000000002 0.555645 0.254487 0.557258
3 0.126923 0.543548 0.126923 0.545161 0.146795 0.545968 0.146795 0.544355 0.144872 0.543548 0.142308 0.53871 0.14166700000000002 0.526613 0.139103 0.5169349999999999 0.139103 0.512903 0.137179 0.51129 0.135897 0.512903 0.132692 0.537903 0.130128 0.541935 0.126923 0.543548
3 0.115385 0.86371 0.11859 0.86129 0.12307699999999999 0.8604839999999999 0.128846 0.8572580000000001 0.136538 0.856452 0.142308 0.8540319999999999 0.144872 0.8516130000000001 0.170513 0.8411289999999999 0.176923 0.83629 0.18269200000000002 0.829839 0.18269200000000002 0.817742 0.18205100000000002 0.815323 0.175 0.805645 0.163462 0.794355 0.15641 0.783871 0.132692 0.755645 0.126282 0.745968 0.116667 0.742742 0.103846 0.704032 0.097436 0.6790320000000001 0.095513 0.676613 0.09358999999999999 0.666129 0.089744 0.656452 0.089744 0.8709680000000001 0.091667 0.8709680000000001 0.1 0.8661289999999999 0.115385 0.86371
1 0.533974 0.547581 0.533974 0.550806 0.546795 0.550806 0.5506409999999999 0.549194 0.549359 0.549194 0.547436 0.546774 0.547436 0.544355 0.5455129999999999 0.543548 0.544231 0.530645 0.542308 0.5233869999999999 0.539744 0.5233869999999999 0.538462 0.526613 0.537821 0.541129 0.536538 0.546774 0.533974 0.547581
3 0.495513 0.591935 0.501923 0.5951609999999999 0.538462 0.5951609999999999 0.548718 0.592742 0.548718 0.5895159999999999 0.5455129999999999 0.5895159999999999 0.537179 0.58629 0.5358970000000001 0.584677 0.5314099999999999 0.562097 0.528205 0.553226 0.527564 0.544355 0.525 0.5362899999999999 0.524359 0.528226 0.521795 0.522581 0.517308 0.521774 0.5070509999999999 0.584677 0.505128 0.587097 0.49615400000000004 0.5903229999999999 0.495513 0.591935
3 0.5288459999999999 0.553226 0.530769 0.557258 0.532692 0.566935 0.541026 0.566129 0.540385 0.564516 0.536538 0.562903 0.532692 0.5540320000000001 0.532692 0.549194 0.530769 0.541935 0.530769 0.537903 0.528205 0.530645 0.528205 0.526613 0.526923 0.5241939999999999 0.525641 0.5241939999999999 0.524359 0.526613 0.525641 0.5362899999999999 0.527564 0.540323 0.5288459999999999 0.553226