1 0.425455 0.47058799999999995 0.42818199999999995 0.46911800000000003 0.42636399999999997 0.46617600000000003 0.424545 0.453676 0.423182 0.45441200000000004 0.422273 0.463971 0.42000000000000004 0.47058799999999995 0.425455 0.47058799999999995
0 0.905 0.463971 0.904545 0.46544100000000005 0.917273 0.46544100000000005 0.918182 0.46176500000000004 0.9168179999999999 0.455882 0.916364 0.448529 0.914091 0.440441 0.911818 0.440441 0.9086360000000001 0.45955899999999994 0.907273 0.46323499999999995 0.905 0.463971
3 0.378182 0.478676 0.375909 0.47941200000000006 0.390909 0.47941200000000006 0.38909099999999996 0.478676 0.386818 0.47426500000000005 0.385909 0.46323499999999995 0.384545 0.46029400000000004 0.383636 0.453676 0.382727 0.453676 0.381818 0.455882 0.381364 0.46323499999999995 0.37909099999999996 0.47720599999999996 0.378182 0.478676
1 0.6154550000000001 0.46691200000000005 0.6154550000000001 0.46911800000000003 0.631364 0.46911800000000003 0.631818 0.46838199999999997 0.630455 0.46838199999999997 0.627273 0.46176500000000004 0.624545 0.444853 0.622727 0.444853 0.621364 0.456618 0.619545 0.463971 0.617727 0.46691200000000005 0.6154550000000001 0.46691200000000005
0 0.210455 0.4875 0.22272699999999998 0.486765 0.22272699999999998 0.485294 0.22045499999999998 0.48455899999999996 0.21954500000000002 0.48308799999999996 0.216818 0.46911800000000003 0.21454499999999999 0.46911800000000003 0.213636 0.483824 0.212273 0.486029 0.210455 0.486029 0.210455 0.4875
2 0.32999999999999996 0.473529 0.32818200000000003 0.47205899999999995 0.325909 0.461029 0.325909 0.45808799999999994 0.324545 0.45808799999999994 0.322727 0.473529 0.320909 0.475 0.32954500000000003 0.475 0.32999999999999996 0.473529
2 0.589545 0.46323499999999995 0.588182 0.463971 0.599091 0.463971 0.5968180000000001 0.46176500000000004 0.5954550000000001 0.453676 0.594545 0.452206 0.5936359999999999 0.444118 0.5922729999999999 0.444118 0.5922729999999999 0.448529 0.591364 0.451471 0.5904550000000001 0.461029 0.589545 0.46323499999999995
4 0.918182 0.46617600000000003 0.935909 0.46691200000000005 0.9340909999999999 0.45 0.9204549999999999 0.45 0.921818 0.45441200000000004 0.921818 0.45808799999999994 0.917727 0.463971 0.918182 0.46617600000000003
4 0.195909 0.48455899999999996 0.192727 0.47573499999999996 0.192727 0.47279400000000005 0.191364 0.47058799999999995 0.19 0.478676 0.19 0.48308799999999996 0.189091 0.48455899999999996 0.195909 0.48455899999999996
0 0.522273 0.46323499999999995 0.5213639999999999 0.46323499999999995 0.520455 0.461029 0.519091 0.451471 0.518182 0.451471 0.517273 0.46029400000000004 0.515909 0.46470599999999995 0.522273 0.46470599999999995 0.522273 0.46323499999999995
0 0.441364 0.46617600000000003 0.44000000000000006 0.455882 0.438182 0.455882 0.43772700000000003 0.46470599999999995 0.435455 0.46838199999999997 0.443182 0.46764700000000003 0.441364 0.46617600000000003