3 0.262187 0.627174 0.260794 0.643478 0.259401 0.68587 0.258357 0.692391 0.258357 0.698913 0.25626699999999997 0.729348 0.254875 0.732609 0.250348 0.7369570000000001 0.24895499999999998 0.741304 0.24895499999999998 0.753261 0.24617 0.761957 0.24617 0.768478 0.270543 0.768478 0.285167 0.765217 0.287953 0.756522 0.29039000000000004 0.742391 0.29039000000000004 0.738043 0.288649 0.738043 0.286908 0.729348 0.280292 0.727174 0.278552 0.704348 0.276114 0.651087 0.274025 0.629348 0.27332900000000004 0.609783 0.271588 0.593478 0.26532 0.593478 0.263579 0.596739 0.262535 0.61087 0.262187 0.627174
3 0.321031 0.516304 0.318593 0.518478 0.316852 0.528261 0.33460999999999996 0.528261 0.337744 0.5239130000000001 0.337744 0.521739 0.337047 0.521739 0.336003 0.516304 0.333565 0.516304 0.33286899999999997 0.51413 0.331825 0.478261 0.330084 0.45108699999999996 0.326253 0.452174 0.324861 0.46413000000000004 0.321727 0.51413 0.321031 0.516304
3 0.320334 0.467391 0.320334 0.47282599999999997 0.324164 0.47282599999999997 0.324861 0.459783 0.326602 0.45 0.330084 0.45 0.3307053828125 0.451940928125 0.328691 0.41630399999999995 0.326253 0.415217 0.32520899999999997 0.422826 0.32520899999999997 0.42934799999999995 0.32311999999999996 0.46087 0.322075 0.465217 0.321031 0.465217 0.320334 0.467391
3 0.343663 0.425 0.34435899999999997 0.42391300000000004 0.34435899999999997 0.421739 0.342618 0.41956499999999997 0.34052899999999997 0.384783 0.338788 0.384783 0.336351 0.41956499999999997 0.33460999999999996 0.421739 0.334262 0.425 0.343663 0.425
3 0.413301 0.407609 0.41156 0.40217400000000003 0.409819 0.376087 0.40842599999999996 0.376087 0.40668499999999996 0.395652 0.40668499999999996 0.40217400000000003 0.40494399999999997 0.407609 0.413301 0.407609
3 0.47771600000000003 0.4 0.48468 0.4 0.48328699999999997 0.395652 0.482242 0.373913 0.481546 0.370652 0.48085000000000006 0.370652 0.47910899999999995 0.38913000000000003 0.47910899999999995 0.395652 0.478064 0.396739 0.47771600000000003 0.4
3 0.545265 0.395652 0.551184 0.395652 0.551184 0.393478 0.5504870000000001 0.392391 0.549095 0.36847799999999997 0.54805 0.36847799999999997 0.546657 0.38043499999999997 0.546309 0.390217 0.545265 0.393478 0.545265 0.395652
3 0.615251 0.395652 0.621518 0.395652 0.621518 0.393478 0.620474 0.390217 0.619081 0.36956500000000003 0.618384 0.36956500000000003 0.617688 0.372826 0.616643 0.391304 0.615251 0.395652
3 0.705432 0.392391 0.704387 0.371739 0.703343 0.370652 0.7016020000000001 0.393478 0.700209 0.396739 0.706825 0.396739 0.705432 0.392391
3 0.840181 0.40217400000000003 0.8387879999999999 0.378261 0.837744 0.378261 0.836351 0.40108699999999997 0.834958 0.40543500000000005 0.841226 0.40543500000000005 0.840181 0.40217400000000003
3 0.935933 0.426087 0.9453340000000001 0.426087 0.9435930000000001 0.418478 0.9432449999999999 0.407609 0.9418519999999999 0.392391 0.9401109999999999 0.391304 0.9380219999999999 0.418478 0.9366300000000001 0.42391300000000004 0.935933 0.42391300000000004 0.935933 0.426087
1 0.508357 0.426087 0.5181060000000001 0.426087 0.5181060000000001 0.422826 0.516365 0.420652 0.514624 0.390217 0.513928 0.386957 0.512883 0.386957 0.511142 0.403261 0.5104460000000001 0.41956499999999997 0.509053 0.421739 0.508357 0.426087
1 0.529248 0.46087 0.543175 0.459783 0.541783 0.454348 0.540042 0.453261 0.537953 0.415217 0.537256 0.41086999999999996 0.535515 0.41086999999999996 0.532382 0.452174 0.530292 0.45543500000000003 0.529248 0.45869600000000005 0.529248 0.46087
1 0.582869 0.41413 0.591226 0.41413 0.589485 0.406522 0.5884400000000001 0.38260900000000003 0.5866990000000001 0.38152200000000003 0.585655 0.38913000000000003 0.58461 0.40869600000000006 0.583217 0.41086999999999996 0.582869 0.41413
1 0.611769 0.5130429999999999 0.611072 0.518478 0.608983 0.520652 0.620125 0.526087 0.625 0.526087 0.62883 0.522826 0.631267 0.522826 0.631616 0.520652 0.629178 0.520652 0.628482 0.51413 0.626045 0.5130429999999999 0.625 0.501087 0.625 0.492391 0.623955 0.481522 0.622563 0.45 0.619429 0.448913 0.616295 0.48260899999999995 0.614903 0.508696 0.613858 0.511957 0.611769 0.5130429999999999
1 0.671309 0.415217 0.6793180000000001 0.415217 0.677925 0.40869600000000006 0.676532 0.383696 0.6751389999999999 0.38260900000000003 0.6733979999999999 0.395652 0.672702 0.409783 0.671309 0.411957 0.671309 0.415217
1 0.760097 0.421739 0.768802 0.421739 0.768802 0.41956499999999997 0.7677579999999999 0.418478 0.767061 0.41413 0.765669 0.391304 0.764972 0.388043 0.763928 0.388043 0.762883 0.395652 0.761838 0.417391 0.7604460000000001 0.418478 0.760097 0.421739
1 0.8502789999999999 0.43804299999999996 0.861421 0.43804299999999996 0.861421 0.43478300000000003 0.8593310000000001 0.431522 0.8568939999999999 0.396739 0.854805 0.396739 0.852716 0.420652 0.852368 0.43260899999999997 0.850627 0.433696 0.8502789999999999 0.43804299999999996
1 0.748607 0.6119570000000001 0.7472139999999999 0.617391 0.743384 0.6195649999999999 0.742688 0.627174 0.739206 0.631522 0.763231 0.643478 0.764972 0.643478 0.774373 0.634783 0.774373 0.632609 0.7712399999999999 0.631522 0.770195 0.623913 0.767061 0.621739 0.766365 0.6195649999999999 0.7621870000000001 0.56087 0.761838 0.546739 0.7604460000000001 0.526087 0.759053 0.5239130000000001 0.755571 0.525 0.754526 0.532609 0.75383 0.548913 0.751393 0.572826 0.748607 0.6119570000000001