3 0.286908 0.583696 0.285864 0.609783 0.28098900000000004 0.670652 0.279944 0.673913 0.275766 0.679348 0.274373 0.701087 0.306407 0.701087 0.307799 0.698913 0.30954000000000004 0.6913039999999999 0.310237 0.680435 0.309192 0.675 0.307103 0.670652 0.304666 0.670652 0.302925 0.6673910000000001 0.30188000000000004 0.6489130000000001 0.300487 0.6380429999999999 0.300487 0.629348 0.297702 0.5956520000000001 0.297354 0.583696 0.295265 0.555435 0.290042 0.554348 0.288997 0.556522 0.28830100000000003 0.56087 0.28830100000000003 0.568478 0.286908 0.583696
3 0.334262 0.420652 0.343315 0.420652 0.343315 0.417391 0.34226999999999996 0.417391 0.341574 0.415217 0.341226 0.40217400000000003 0.34018099999999996 0.393478 0.339833 0.383696 0.33843999999999996 0.38260900000000003 0.336003 0.41304299999999994 0.334958 0.417391 0.334262 0.417391 0.334262 0.420652
3 0.47841199999999995 0.396739 0.477019 0.392391 0.47562699999999997 0.36956500000000003 0.474582 0.36956500000000003 0.473538 0.38043499999999997 0.47318899999999997 0.392391 0.471797 0.396739 0.47841199999999995 0.396739
3 0.543175 0.393478 0.543175 0.391304 0.542131 0.388043 0.542131 0.38152200000000003 0.5407379999999999 0.36739099999999997 0.540042 0.36739099999999997 0.538649 0.384783 0.536908 0.393478 0.543175 0.393478
3 0.60585 0.394565 0.611769 0.394565 0.610028 0.38152200000000003 0.609331 0.370652 0.608287 0.36956500000000003 0.6068939999999999 0.38260900000000003 0.6068939999999999 0.38913000000000003 0.60585 0.392391 0.60585 0.394565
3 0.692897 0.38913000000000003 0.691852 0.372826 0.690808 0.370652 0.689067 0.392391 0.6880219999999999 0.395652 0.6939420000000001 0.395652 0.692897 0.38913000000000003
3 0.8234680000000001 0.404348 0.8220750000000001 0.395652 0.820682 0.377174 0.8199859999999999 0.377174 0.817897 0.40108699999999997 0.8168519999999999 0.40217400000000003 0.8168519999999999 0.404348 0.8234680000000001 0.404348
3 0.919916 0.422826 0.919916 0.420652 0.918872 0.41956499999999997 0.918175 0.41630399999999995 0.9164350000000001 0.390217 0.9146940000000001 0.38913000000000003 0.913301 0.40108699999999997 0.912256 0.418478 0.9108639999999999 0.422826 0.919916 0.422826
1 0.501741 0.422826 0.510097 0.422826 0.510097 0.418478 0.509401 0.418478 0.508705 0.415217 0.506964 0.388043 0.505571 0.38587 0.504178 0.396739 0.503134 0.418478 0.501741 0.420652 0.501741 0.422826
1 0.520891 0.454348 0.534123 0.454348 0.534123 0.452174 0.5330779999999999 0.452174 0.532382 0.44782599999999995 0.5306409999999999 0.446739 0.528552 0.40869600000000006 0.526811 0.407609 0.526114 0.41086999999999996 0.523329 0.446739 0.521588 0.44782599999999995 0.520891 0.454348
1 0.572772 0.41304299999999994 0.581476 0.41304299999999994 0.581476 0.41086999999999996 0.579387 0.404348 0.578691 0.388043 0.577646 0.379348 0.576253 0.383696 0.5748610000000001 0.406522 0.5731200000000001 0.409783 0.572772 0.41304299999999994
1 0.598886 0.497826 0.596448 0.5 0.595752 0.5054350000000001 0.593663 0.506522 0.602716 0.5108699999999999 0.610028 0.5108699999999999 0.614206 0.508696 0.6128129999999999 0.507609 0.611421 0.501087 0.608983 0.49891300000000005 0.607591 0.465217 0.606198 0.452174 0.6055010000000001 0.44021699999999997 0.6037600000000001 0.44021699999999997 0.602716 0.44239100000000003 0.601671 0.459783 0.5995820000000001 0.481522 0.598886 0.497826
1 0.658426 0.41304299999999994 0.666086 0.41304299999999994 0.666086 0.409783 0.664694 0.40869600000000006 0.664345 0.395652 0.6633009999999999 0.383696 0.662604 0.38152200000000003 0.6615599999999999 0.38260900000000003 0.6598189999999999 0.40869600000000006 0.658426 0.409783 0.658426 0.41304299999999994
1 0.752089 0.41956499999999997 0.752089 0.417391 0.750348 0.41304299999999994 0.748955 0.390217 0.748259 0.386957 0.7472139999999999 0.386957 0.745125 0.41304299999999994 0.743733 0.41630399999999995 0.743733 0.41956499999999997 0.752089 0.41956499999999997
1 0.716226 0.552174 0.7151810000000001 0.5586960000000001 0.7134400000000001 0.58587 0.711351 0.58913 0.709958 0.58913 0.7092620000000001 0.597826 0.706128 0.6 0.72493 0.609783 0.728064 0.609783 0.737117 0.604348 0.736769 0.6010869999999999 0.734331 0.6 0.733635 0.597826 0.733635 0.593478 0.729457 0.58913 0.727368 0.55 0.726671 0.546739 0.725279 0.508696 0.7245820000000001 0.5054350000000001 0.723538 0.504348 0.720404 0.504348 0.7193590000000001 0.5108699999999999 0.718663 0.525 0.7169220000000001 0.540217 0.716226 0.552174
1 0.8391360000000001 0.433696 0.83844 0.430435 0.8370469999999999 0.428261 0.834958 0.4 0.8342620000000001 0.395652 0.833217 0.394565 0.831825 0.40108699999999997 0.830084 0.42717400000000005 0.827994 0.433696 0.8391360000000001 0.433696
1 0.9380219999999999 0.47717400000000004 0.950905 0.47717400000000004 0.950905 0.47282599999999997 0.9502090000000001 0.470652 0.94812 0.46956499999999995 0.9470750000000001 0.46413000000000004 0.94429 0.425 0.9435930000000001 0.422826 0.9415039999999999 0.42391300000000004 0.937674 0.468478 0.935585 0.46956499999999995 0.9345399999999999 0.475 0.9380219999999999 0.47717400000000004
3 0.401462 0.40543500000000005 0.409123 0.40543500000000005 0.408774 0.40217400000000003 0.40773000000000004 0.40108699999999997 0.40703300000000003 0.384783 0.406337 0.38260900000000003 0.405641 0.373913 0.404596 0.375 0.403203 0.397826 0.401462 0.403261 0.401462 0.40543500000000005
3 0.324164 0.504348 0.323816 0.508696 0.32311999999999996 0.509783 0.32311999999999996 0.5130429999999999 0.339485 0.5130429999999999 0.341226 0.509783 0.341574 0.506522 0.339833 0.501087 0.338788 0.501087 0.337396 0.49347799999999997 0.336351 0.471739 0.333565 0.44239100000000003 0.331128 0.44239100000000003 0.329735 0.463043 0.328691 0.470652 0.32694999999999996 0.5 0.324164 0.504348
3 0.324861 0.45869600000000005 0.323468 0.45869600000000005 0.322772 0.46413000000000004 0.32903899999999997 0.46413000000000004 0.33077999999999996 0.44239100000000003 0.33286899999999997 0.441304 0.330432 0.41086999999999996 0.328691 0.41086999999999996 0.327994 0.41413 0.325557 0.45543500000000003 0.324861 0.45869600000000005