1 0.665042 0.5 0.663649 0.517391 0.660864 0.520652 0.660515 0.526087 0.664694 0.530435 0.6786209999999999 0.530435 0.6786209999999999 0.526087 0.677577 0.521739 0.674443 0.520652 0.674443 0.5130429999999999 0.673747 0.508696 0.673747 0.49565200000000004 0.671657 0.47282599999999997 0.671309 0.456522 0.668524 0.45543500000000003 0.6674789999999999 0.46195700000000006 0.666435 0.478261 0.6657379999999999 0.48043500000000006 0.665042 0.5
1 0.62883 0.456522 0.626741 0.459783 0.626741 0.463043 0.637535 0.46413000000000004 0.637883 0.459783 0.636142 0.45869600000000005 0.6354460000000001 0.45108699999999996 0.6354460000000001 0.44239100000000003 0.634401 0.42934799999999995 0.634401 0.41630399999999995 0.633705 0.41413 0.631616 0.41413 0.629875 0.44021699999999997 0.629875 0.448913 0.629178 0.45 0.62883 0.456522
1 0.61351 0.425 0.612465 0.426087 0.612117 0.42934799999999995 0.619777 0.430435 0.620125 0.428261 0.618384 0.425 0.61734 0.394565 0.615947 0.393478 0.615251 0.394565 0.614903 0.403261 0.613858 0.409783 0.61351 0.425
1 0.604457 0.407609 0.604457 0.41086999999999996 0.610376 0.409783 0.610376 0.407609 0.609331 0.406522 0.609331 0.394565 0.608287 0.38043499999999997 0.6072420000000001 0.38043499999999997 0.606198 0.386957 0.6055010000000001 0.406522 0.604457 0.407609
1 0.597145 0.397826 0.595752 0.392391 0.595056 0.372826 0.593663 0.373913 0.592618 0.393478 0.590877 0.397826 0.597145 0.397826
1 0.535515 0.384783 0.540042 0.384783 0.539345 0.38260900000000003 0.538649 0.363043 0.537953 0.363043 0.5365599999999999 0.372826 0.5365599999999999 0.38260900000000003 0.535515 0.384783
1 0.465877 0.366304 0.46552899999999997 0.36413 0.46483299999999994 0.36413 0.46309199999999995 0.38587 0.46726999999999996 0.38587 0.466226 0.38260900000000003 0.465877 0.366304
1 0.38126699999999997 0.393478 0.379875 0.386957 0.379526 0.372826 0.378482 0.371739 0.377786 0.376087 0.377786 0.386957 0.37639300000000003 0.393478 0.38126699999999997 0.393478
1 0.30362100000000003 0.4 0.302577 0.379348 0.301184 0.378261 0.300487 0.4 0.299095 0.40217400000000003 0.304318 0.40217400000000003 0.30362100000000003 0.4
1 0.212047 0.397826 0.212047 0.38587 0.211351 0.383696 0.209958 0.383696 0.209262 0.407609 0.208217 0.409783 0.213788 0.409783 0.212047 0.397826
1 0.090181 0.420652 0.09714500000000001 0.420652 0.09714500000000001 0.418478 0.09609999999999999 0.417391 0.09609999999999999 0.409783 0.095404 0.40543500000000005 0.094708 0.390217 0.09331500000000001 0.390217 0.092618 0.393478 0.09226999999999999 0.409783 0.091574 0.417391 0.090181 0.420652
3 0.292479 0.621739 0.291086 0.63913 0.291086 0.646739 0.289345 0.659783 0.289345 0.668478 0.28830100000000003 0.673913 0.28830100000000003 0.682609 0.287604 0.68587 0.284123 0.686957 0.281337 0.695652 0.281337 0.706522 0.28273000000000004 0.7076089999999999 0.283078 0.71087 0.289345 0.715217 0.305014 0.7163039999999999 0.314763 0.706522 0.316504 0.7 0.316156 0.688043 0.31545999999999996 0.68587 0.30988899999999997 0.680435 0.308844 0.657609 0.306407 0.6445649999999999 0.306058 0.631522 0.304666 0.616304 0.304666 0.607609 0.30362100000000003 0.597826 0.302228 0.567391 0.29596100000000003 0.5663039999999999 0.294916 0.568478 0.293175 0.61087 0.292479 0.613043 0.292479 0.621739
3 0.172354 0.41956499999999997 0.172354 0.421739 0.18070999999999998 0.421739 0.18070999999999998 0.41956499999999997 0.179666 0.418478 0.179318 0.406522 0.178273 0.39891299999999996 0.178273 0.391304 0.177577 0.388043 0.175836 0.388043 0.174791 0.404348 0.173398 0.41304299999999994 0.173398 0.418478 0.172354 0.41956499999999997
3 0.279944 0.411957 0.286908 0.411957 0.286908 0.409783 0.285515 0.407609 0.284123 0.383696 0.28273000000000004 0.383696 0.282033 0.396739 0.281337 0.4 0.281337 0.406522 0.279944 0.411957
3 0.373259 0.397826 0.371866 0.377174 0.370822 0.377174 0.369081 0.4 0.368384 0.40217400000000003 0.374304 0.40217400000000003 0.373259 0.397826
3 0.453343 0.384783 0.452994 0.370652 0.451253 0.36956500000000003 0.450905 0.383696 0.449164 0.393478 0.454735 0.393478 0.453343 0.384783
3 0.496866 0.39891299999999996 0.501045 0.39891299999999996 0.501393 0.396739 0.501741 0.38260900000000003 0.500696 0.371739 0.49930399999999997 0.372826 0.49791100000000005 0.395652 0.496866 0.396739 0.496866 0.39891299999999996
3 0.49930399999999997 0.40869600000000006 0.506267 0.409783 0.506616 0.407609 0.505223 0.404348 0.504875 0.397826 0.504178 0.395652 0.504178 0.38043499999999997 0.503482 0.378261 0.502437 0.378261 0.501741 0.396739 0.500696 0.40217400000000003 0.500696 0.40543500000000005 0.49930399999999997 0.40869600000000006
3 0.48189399999999993 0.42717400000000005 0.490599 0.42717400000000005 0.489206 0.41956499999999997 0.48781299999999994 0.390217 0.48607199999999995 0.38913000000000003 0.48537600000000003 0.392391 0.48363500000000004 0.421739 0.482242 0.42391300000000004 0.48189399999999993 0.42717400000000005
3 0.453343 0.43695700000000004 0.452298 0.45 0.450557 0.452174 0.450557 0.456522 0.461699 0.456522 0.462047 0.454348 0.459958 0.45 0.459262 0.44239100000000003 0.45891400000000004 0.426087 0.458217 0.421739 0.458217 0.409783 0.457521 0.407609 0.45578 0.407609 0.454735 0.415217 0.454735 0.426087 0.454039 0.43587 0.453343 0.43695700000000004
3 0.408078 0.48913 0.408078 0.494565 0.40668499999999996 0.507609 0.4039 0.5130429999999999 0.40424800000000005 0.520652 0.41608599999999996 0.520652 0.419916 0.518478 0.420961 0.515217 0.420265 0.5108699999999999 0.41782700000000006 0.509783 0.416783 0.496739 0.416783 0.481522 0.416435 0.476087 0.415738 0.47391300000000003 0.415738 0.467391 0.413997 0.44782599999999995 0.411212 0.44782599999999995 0.41016700000000006 0.453261 0.409123 0.48586999999999997 0.408078 0.48913
1 0.762883 0.584783 0.762883 0.5913039999999999 0.76149 0.602174 0.761142 0.616304 0.759401 0.6304350000000001 0.759053 0.641304 0.758008 0.647826 0.757312 0.659783 0.75383 0.66087 0.752089 0.665217 0.752437 0.676087 0.754178 0.680435 0.763231 0.684783 0.7806409999999999 0.6836960000000001 0.7830779999999999 0.677174 0.7830779999999999 0.668478 0.780292 0.66413 0.7771589999999999 0.6630429999999999 0.7771589999999999 0.6543479999999999 0.775766 0.6380429999999999 0.77507 0.615217 0.774373 0.613043 0.774373 0.607609 0.773329 0.602174 0.773329 0.5956520000000001 0.772632 0.592391 0.771936 0.561957 0.7712399999999999 0.554348 0.764972 0.554348 0.764624 0.565217 0.763928 0.567391 0.763928 0.575 0.762883 0.584783