0 0.099582 0.33913000000000004 0.098886 0.336957 0.098886 0.33260900000000004 0.096797 0.33260900000000004 0.09609999999999999 0.346739 0.095056 0.354348 0.09992999999999999 0.354348 0.099582 0.33913000000000004
0 0.14902500000000002 0.338043 0.147632 0.330435 0.14623999999999998 0.330435 0.145891 0.341304 0.144847 0.348913 0.14902500000000002 0.35 0.14902500000000002 0.338043
0 0.20473499999999997 0.336957 0.203343 0.330435 0.20264600000000002 0.330435 0.20195 0.341304 0.20090499999999997 0.347826 0.205084 0.347826 0.20473499999999997 0.336957
3 0.092618 0.718478 0.092618 0.727174 0.091226 0.743478 0.091226 0.751087 0.090529 0.754348 0.090529 0.761957 0.08460999999999999 0.846739 0.114903 0.846739 0.114903 0.8380430000000001 0.114206 0.834783 0.11316200000000001 0.8141299999999999 0.11142099999999999 0.7978259999999999 0.106546 0.7260869999999999 0.106546 0.713043 0.105501 0.709783 0.09992999999999999 0.708696 0.098886 0.71087 0.093663 0.713043 0.092618 0.718478
3 0.31545999999999996 0.593478 0.312326 0.594565 0.31162999999999996 0.598913 0.334262 0.6010869999999999 0.339136 0.596739 0.343663 0.596739 0.34401099999999996 0.593478 0.341226 0.593478 0.339833 0.584783 0.337047 0.583696 0.336003 0.581522 0.330432 0.49347799999999997 0.325557 0.49347799999999997 0.319638 0.581522 0.318942 0.583696 0.315808 0.58587 0.31545999999999996 0.593478
3 0.274721 0.47717400000000004 0.274373 0.481522 0.27507000000000004 0.483696 0.290042 0.483696 0.290042 0.47717400000000004 0.288997 0.47717400000000004 0.287256 0.47391300000000003 0.284123 0.420652 0.28098900000000004 0.41956499999999997 0.280292 0.422826 0.27715900000000004 0.475 0.276462 0.47717400000000004 0.274721 0.47717400000000004
3 0.296657 0.409783 0.29596100000000003 0.411957 0.29596100000000003 0.418478 0.294568 0.425 0.293175 0.426087 0.293175 0.428261 0.29422000000000004 0.430435 0.304318 0.430435 0.304318 0.426087 0.302577 0.42391300000000004 0.302577 0.415217 0.301532 0.40108699999999997 0.300836 0.39891299999999996 0.300487 0.38913000000000003 0.29979100000000003 0.38587 0.29805000000000004 0.38587 0.297354 0.388043 0.297354 0.396739 0.296657 0.39891299999999996 0.296657 0.409783
3 0.32520899999999997 0.4 0.32520899999999997 0.40217400000000003 0.332521 0.403261 0.333217 0.40217400000000003 0.333217 0.4 0.331476 0.395652 0.330432 0.370652 0.327994 0.36956500000000003 0.327646 0.38043499999999997 0.326602 0.386957 0.326602 0.397826 0.32520899999999997 0.4
3 0.385794 0.377174 0.38509699999999997 0.379348 0.384401 0.386957 0.39066900000000004 0.386957 0.389276 0.379348 0.388231 0.359783 0.38649 0.36086999999999997 0.38649 0.366304 0.385794 0.36847799999999997 0.385794 0.377174
3 0.454039 0.376087 0.454039 0.378261 0.458565 0.379348 0.45891400000000004 0.377174 0.458217 0.376087 0.45786899999999997 0.363043 0.45717299999999994 0.357609 0.456128 0.356522 0.45578 0.363043 0.455084 0.365217 0.454735 0.375 0.454039 0.376087
3 0.524025 0.357609 0.523677 0.355435 0.522632 0.355435 0.520891 0.376087 0.5254179999999999 0.376087 0.524025 0.36739099999999997 0.524025 0.357609
3 0.6580779999999999 0.38043499999999997 0.6556409999999999 0.359783 0.654944 0.36413 0.654596 0.376087 0.6538999999999999 0.379348 0.6580779999999999 0.38043499999999997
3 0.744081 0.38913000000000003 0.741992 0.36847799999999997 0.740947 0.36739099999999997 0.740599 0.375 0.7395539999999999 0.379348 0.739206 0.38913000000000003 0.744081 0.38913000000000003
3 0.8398329999999999 0.395652 0.839485 0.40108699999999997 0.8443590000000001 0.40108699999999997 0.8433149999999999 0.391304 0.8433149999999999 0.384783 0.8422700000000001 0.379348 0.8415739999999999 0.38043499999999997 0.841226 0.38587 0.8391360000000001 0.391304 0.8398329999999999 0.395652
3 0.833914 0.444565 0.8353059999999999 0.446739 0.8436629999999999 0.446739 0.8440110000000001 0.44239100000000003 0.842967 0.441304 0.841922 0.43478300000000003 0.8405290000000001 0.40543500000000005 0.838092 0.404348 0.836003 0.42391300000000004 0.835655 0.43913 0.8342620000000001 0.441304 0.833914 0.444565
3 0.8283429999999999 0.430435 0.8283429999999999 0.43260899999999997 0.8290390000000001 0.433696 0.835655 0.43260899999999997 0.836351 0.415217 0.834958 0.407609 0.834958 0.39891299999999996 0.8342620000000001 0.395652 0.832173 0.396739 0.8304320000000001 0.41086999999999996 0.829735 0.42717400000000005 0.8283429999999999 0.430435
3 0.8844010000000001 0.426087 0.8844010000000001 0.430435 0.892758 0.431522 0.893454 0.42934799999999995 0.891713 0.42391300000000004 0.8896240000000001 0.395652 0.888231 0.395652 0.887535 0.40217400000000003 0.8861420000000001 0.407609 0.885794 0.42391300000000004 0.8844010000000001 0.426087
3 0.935933 0.404348 0.935585 0.392391 0.934192 0.391304 0.932103 0.409783 0.9334960000000001 0.41304299999999994 0.937326 0.41304299999999994 0.935933 0.404348
1 0.618384 0.534783 0.61734 0.536957 0.615251 0.536957 0.6145539999999999 0.5380429999999999 0.614206 0.5423910000000001 0.6128129999999999 0.543478 0.618384 0.55 0.63649 0.548913 0.634053 0.543478 0.634053 0.540217 0.633357 0.5380429999999999 0.631267 0.536957 0.630223 0.5336960000000001 0.626741 0.467391 0.626045 0.46413000000000004 0.622911 0.46413000000000004 0.6222139999999999 0.468478 0.62117 0.490217 0.620125 0.49565200000000004 0.618384 0.534783
1 0.510097 0.459783 0.509401 0.46956499999999995 0.508705 0.471739 0.506616 0.47282599999999997 0.506616 0.475 0.505571 0.478261 0.521588 0.478261 0.520195 0.475 0.520195 0.47282599999999997 0.518802 0.47282599999999997 0.517409 0.468478 0.51532 0.425 0.514624 0.420652 0.512535 0.420652 0.511838 0.42391300000000004 0.510794 0.446739 0.510097 0.448913 0.510097 0.459783
1 0.47736799999999996 0.396739 0.47736799999999996 0.406522 0.477019 0.409783 0.47562699999999997 0.411957 0.47562699999999997 0.41413 0.48363500000000004 0.41413 0.48363500000000004 0.41086999999999996 0.482242 0.409783 0.482242 0.404348 0.481198 0.394565 0.481198 0.384783 0.480501 0.379348 0.47910899999999995 0.379348 0.47910899999999995 0.38260900000000003 0.47841199999999995 0.384783 0.47841199999999995 0.392391 0.47736799999999996 0.396739
1 0.48502799999999996 0.397826 0.49094699999999997 0.397826 0.49129500000000004 0.394565 0.489903 0.390217 0.488858 0.36847799999999997 0.48781299999999994 0.36847799999999997 0.48676899999999995 0.378261 0.48607199999999995 0.393478 0.48502799999999996 0.395652 0.48502799999999996 0.397826
1 0.529944 0.38913000000000003 0.5351670000000001 0.38913000000000003 0.534123 0.38260900000000003 0.533774 0.365217 0.532033 0.36413 0.532033 0.370652 0.530989 0.377174 0.530989 0.384783 0.529944 0.38913000000000003
1 0.58461 0.378261 0.5842620000000001 0.363043 0.582869 0.363043 0.581825 0.38152200000000003 0.5807800000000001 0.386957 0.586003 0.386957 0.58461 0.378261
1 0.626393 0.379348 0.625348 0.384783 0.630223 0.384783 0.629178 0.38043499999999997 0.62883 0.36413 0.627089 0.363043 0.627089 0.36847799999999997 0.625696 0.371739 0.625696 0.377174 0.626393 0.379348
1 0.639624 0.43260899999999997 0.648329 0.433696 0.648677 0.430435 0.6479809999999999 0.430435 0.646936 0.426087 0.645543 0.394565 0.643454 0.394565 0.641365 0.42717400000000005 0.640669 0.42934799999999995 0.639624 0.42934799999999995 0.639624 0.43260899999999997
1 0.648677 0.41956499999999997 0.656685 0.41956499999999997 0.654944 0.409783 0.654596 0.390217 0.653552 0.38587 0.6525070000000001 0.38587 0.651462 0.391304 0.65007 0.415217 0.649025 0.41630399999999995 0.648677 0.41956499999999997
1 0.691504 0.40869600000000006 0.698816 0.40869600000000006 0.697423 0.40543500000000005 0.696727 0.39891299999999996 0.696031 0.379348 0.694986 0.378261 0.6939420000000001 0.38152200000000003 0.692897 0.404348 0.691504 0.406522 0.691504 0.40869600000000006
1 0.700557 0.391304 0.705084 0.391304 0.7040390000000001 0.38587 0.7040390000000001 0.370652 0.703343 0.36739099999999997 0.702646 0.36739099999999997 0.70195 0.36956500000000003 0.7016020000000001 0.38587 0.700557 0.38913000000000003 0.700557 0.391304
1 0.75 0.40543500000000005 0.748607 0.396739 0.748259 0.38043499999999997 0.747563 0.377174 0.745822 0.379348 0.744777 0.39891299999999996 0.743384 0.40543500000000005 0.75 0.40543500000000005
1 0.7928270000000001 0.48586999999999997 0.792131 0.490217 0.793175 0.492391 0.8084960000000001 0.49347799999999997 0.8084960000000001 0.49130399999999996 0.8077989999999999 0.49130399999999996 0.8067550000000001 0.48695700000000003 0.80571 0.48695700000000003 0.804318 0.481522 0.80188 0.433696 0.798747 0.433696 0.79805 0.43695700000000004 0.795265 0.48260899999999995 0.793872 0.48586999999999997 0.7928270000000001 0.48586999999999997
1 0.789694 0.39891299999999996 0.789694 0.40108699999999997 0.795265 0.40108699999999997 0.7942199999999999 0.394565 0.7942199999999999 0.38260900000000003 0.793524 0.376087 0.7924789999999999 0.376087 0.791435 0.379348 0.7907379999999999 0.395652 0.789694 0.39891299999999996
1 0.892758 0.403261 0.892409 0.388043 0.891713 0.38587 0.89032 0.38587 0.889972 0.396739 0.8910170000000001 0.41086999999999996 0.89415 0.411957 0.892758 0.403261
1 0.467618 0.430435 0.466922 0.43260899999999997 0.465877 0.43260899999999997 0.465877 0.43695700000000004 0.47562699999999997 0.43695700000000004 0.47562699999999997 0.43260899999999997 0.47423400000000004 0.43260899999999997 0.47318899999999997 0.425 0.472145 0.397826 0.471448 0.394565 0.47005600000000003 0.394565 0.469359 0.39891299999999996 0.46831500000000004 0.425 0.467618 0.42717400000000005 0.467618 0.430435
1 0.6827989999999999 0.42934799999999995 0.684192 0.441304 0.685237 0.441304 0.685585 0.43587 0.6862809999999999 0.43587 0.6862809999999999 0.44565200000000005 0.685237 0.45108699999999996 0.683496 0.452174 0.683148 0.456522 0.6939420000000001 0.457609 0.695334 0.453261 0.6939420000000001 0.452174 0.692549 0.44565200000000005 0.692549 0.43913 0.693245 0.43478300000000003 0.691504 0.425 0.690808 0.41086999999999996 0.68837 0.409783 0.687674 0.41413 0.687326 0.42391300000000004 0.6862809999999999 0.42717400000000005 0.6827989999999999 0.42934799999999995
1 0.8220750000000001 0.409783 0.8220750000000001 0.406522 0.821031 0.40217400000000003 0.8203340000000001 0.38260900000000003 0.8185930000000001 0.38152200000000003 0.8168519999999999 0.404348 0.815808 0.406522 0.815808 0.40869600000000006 0.8220750000000001 0.409783
1 0.855501 0.677174 0.853064 0.7076089999999999 0.852019 0.71087 0.8478410000000001 0.7119570000000001 0.846448 0.71413 0.8461000000000001 0.719565 0.8450559999999999 0.722826 0.8405290000000001 0.722826 0.8398329999999999 0.723913 0.8398329999999999 0.7260869999999999 0.861769 0.747826 0.864554 0.748913 0.89032 0.743478 0.8906689999999999 0.7391300000000001 0.888579 0.7391300000000001 0.885446 0.73587 0.883357 0.722826 0.8774369999999999 0.7163039999999999 0.869429 0.592391 0.862465 0.5913039999999999 0.860028 0.615217 0.8586349999999999 0.640217 0.85585 0.6630429999999999 0.855501 0.677174