3 0.35933099999999996 0.7163039999999999 0.354109 0.793478 0.353064 0.7978259999999999 0.348886 0.803261 0.345404 0.8108700000000001 0.345056 0.8195650000000001 0.345752 0.826087 0.34435899999999997 0.832609 0.34018099999999996 0.840217 0.339833 0.845652 0.389972 0.846739 0.395891 0.825 0.396588 0.8206519999999999 0.396588 0.817391 0.395891 0.815217 0.393106 0.8141299999999999 0.391017 0.803261 0.387187 0.8010870000000001 0.384401 0.796739 0.38266 0.745652 0.379875 0.708696 0.378482 0.697826 0.375696 0.6445649999999999 0.373955 0.641304 0.367688 0.641304 0.36594699999999997 0.645652 0.360028 0.713043 0.35933099999999996 0.7163039999999999
3 0.592967 0.594565 0.59227 0.6010869999999999 0.5901810000000001 0.604348 0.589485 0.608696 0.600975 0.613043 0.6051529999999999 0.613043 0.608886334375 0.55282444375 0.6051529999999999 0.5108699999999999 0.603064 0.5108699999999999 0.601323 0.520652 0.600627 0.5478259999999999 0.596797 0.5913039999999999 0.5961000000000001 0.593478 0.592967 0.594565
3 0.712744 0.525 0.712396 0.530435 0.7148329999999999 0.53587 0.728412 0.53587 0.729109 0.5336960000000001 0.729109 0.5293479999999999 0.727368 0.526087 0.726671 0.521739 0.726323 0.508696 0.723189 0.467391 0.7224929999999999 0.465217 0.720404 0.465217 0.7169220000000001 0.492391 0.715529 0.520652 0.7148329999999999 0.5239130000000001 0.712744 0.525
3 0.787256 0.502174 0.796309 0.502174 0.797006 0.497826 0.795613 0.49565200000000004 0.793872 0.484783 0.792131 0.448913 0.789694 0.44782599999999995 0.785864 0.492391 0.783426 0.49565200000000004 0.783426 0.49891300000000005 0.787256 0.502174
3 0.835655 0.46087 0.834958 0.467391 0.8335649999999999 0.46956499999999995 0.833217 0.47282599999999997 0.8342620000000001 0.475 0.836699 0.476087 0.842967 0.476087 0.8436629999999999 0.475 0.8436629999999999 0.47282599999999997 0.841922 0.468478 0.8405290000000001 0.43804299999999996 0.839485 0.43260899999999997 0.83844 0.43260899999999997 0.836699 0.448913 0.834958 0.45 0.833914 0.453261 0.835655 0.46087
3 0.870474 0.45543500000000003 0.870125 0.45869600000000005 0.871518 0.46087 0.879875 0.46087 0.880223 0.45869600000000005 0.878482 0.454348 0.877089 0.42717400000000005 0.876393 0.425 0.874652 0.425 0.873607 0.42934799999999995 0.8722139999999999 0.452174 0.87117 0.45543500000000003 0.870474 0.45543500000000003
3 0.913997 0.453261 0.922006 0.454348 0.9227019999999999 0.452174 0.9209609999999999 0.446739 0.919916 0.428261 0.9192199999999999 0.425 0.917827 0.425 0.9164350000000001 0.433696 0.9157379999999999 0.446739 0.914345 0.45 0.913997 0.453261
1 0.947772 0.44239100000000003 0.946031 0.43587 0.9453340000000001 0.418478 0.942897 0.417391 0.941156 0.428261 0.9415039999999999 0.43478300000000003 0.9397629999999999 0.441304 0.947772 0.44239100000000003
3 0.202298 0.409783 0.202298 0.41413 0.214833 0.415217 0.21622599999999997 0.41304299999999994 0.21622599999999997 0.40869600000000006 0.21413600000000002 0.407609 0.21344 0.40543500000000005 0.211351 0.366304 0.21065499999999998 0.36413 0.208217 0.36413 0.20578 0.38043499999999997 0.204387 0.40217400000000003 0.203691 0.406522 0.202298 0.409783
3 0.393106 0.41413 0.393802 0.41630399999999995 0.402855 0.41630399999999995 0.4039 0.41413 0.402159 0.40869600000000006 0.401462 0.40108699999999997 0.403552 0.39891299999999996 0.403203 0.392391 0.401114 0.38913000000000003 0.40076599999999996 0.376087 0.39798100000000003 0.375 0.395543 0.40543500000000005 0.39449900000000004 0.409783 0.393454 0.41086999999999996 0.393106 0.41413
3 0.53273 0.40108699999999997 0.54039 0.40108699999999997 0.539345 0.395652 0.538997 0.38043499999999997 0.537953 0.373913 0.5365599999999999 0.373913 0.535864 0.376087 0.534471 0.393478 0.53273 0.40108699999999997
3 0.532033 0.370652 0.530989 0.36956500000000003 0.5288999999999999 0.38913000000000003 0.533774 0.38913000000000003 0.53273 0.384783 0.532033 0.370652
3 0.776811 0.418478 0.7754179999999999 0.41086999999999996 0.774373 0.394565 0.772284 0.393478 0.770891 0.40217400000000003 0.770543 0.411957 0.7694989999999999 0.418478 0.776811 0.418478
3 0.844708 0.43260899999999997 0.852368 0.43260899999999997 0.851323 0.42391300000000004 0.850627 0.409783 0.84993 0.406522 0.848189 0.406522 0.847145 0.411957 0.846448 0.425 0.844708 0.430435 0.844708 0.43260899999999997
1 0.298747 0.384783 0.299095 0.388043 0.307103 0.386957 0.305362 0.379348 0.305014 0.359783 0.304318 0.356522 0.302925 0.356522 0.302228 0.359783 0.300487 0.38043499999999997 0.298747 0.384783
3 0.710306 0.403261 0.708217 0.38043499999999997 0.706128 0.38043499999999997 0.704735 0.396739 0.703343 0.40108699999999997 0.703343 0.403261 0.710306 0.403261