3 0.232242 0.846739 0.23085 0.825 0.22945700000000002 0.8141299999999999 0.229109 0.8043480000000001 0.22562700000000002 0.7695649999999999 0.221448 0.766304 0.216922 0.767391 0.21413600000000002 0.7739130000000001 0.211351 0.803261 0.20856499999999997 0.846739 0.232242 0.846739
3 0.289345 0.5586960000000001 0.289345 0.56413 0.29039000000000004 0.568478 0.30954000000000004 0.568478 0.31337000000000004 0.565217 0.31371899999999997 0.563043 0.311978 0.559783 0.311978 0.554348 0.31128100000000003 0.552174 0.308148 0.55 0.306755 0.534783 0.306058 0.51413 0.304318 0.494565 0.303273 0.47282599999999997 0.302228 0.46956499999999995 0.298747 0.46956499999999995 0.29422000000000004 0.548913 0.293524 0.552174 0.290042 0.555435 0.289345 0.5586960000000001
3 0.314763 0.454348 0.314763 0.45869600000000005 0.328343 0.45869600000000005 0.328343 0.454348 0.32694999999999996 0.453261 0.325905 0.45 0.322772 0.404348 0.321031 0.403261 0.319986 0.40869600000000006 0.31754899999999997 0.43913 0.317201 0.45 0.314763 0.454348
3 0.4039 0.42391300000000004 0.402855 0.42391300000000004 0.402855 0.42717400000000005 0.412953 0.42717400000000005 0.412953 0.42391300000000004 0.41190800000000005 0.42391300000000004 0.411212 0.421739 0.41016700000000006 0.4 0.40842599999999996 0.384783 0.407382 0.386957 0.405641 0.40108699999999997 0.404596 0.421739 0.4039 0.42391300000000004
3 0.5104460000000001 0.397826 0.5104460000000001 0.4 0.518802 0.40108699999999997 0.518802 0.397826 0.5177579999999999 0.397826 0.517061 0.395652 0.515669 0.36739099999999997 0.514276 0.365217 0.512535 0.383696 0.5121870000000001 0.394565 0.511142 0.397826 0.5104460000000001 0.397826
3 0.5842620000000001 0.384783 0.5842620000000001 0.386957 0.591226 0.386957 0.591226 0.384783 0.5901810000000001 0.38260900000000003 0.589485 0.363043 0.5884400000000001 0.356522 0.587396 0.357609 0.586003 0.36956500000000003 0.585306 0.38260900000000003 0.5842620000000001 0.384783
3 0.684192 0.383696 0.690808 0.383696 0.690808 0.38152200000000003 0.689763 0.38043499999999997 0.6880219999999999 0.357609 0.687326 0.357609 0.685585 0.370652 0.685237 0.379348 0.684192 0.38043499999999997 0.684192 0.383696
3 0.773329 0.38260900000000003 0.779944 0.38260900000000003 0.779944 0.38043499999999997 0.779248 0.38043499999999997 0.778552 0.377174 0.7771589999999999 0.357609 0.776114 0.357609 0.774721 0.36847799999999997 0.774373 0.378261 0.773329 0.38043499999999997 0.773329 0.38260900000000003
1 0.881616 0.40217400000000003 0.89032 0.40217400000000003 0.888579 0.396739 0.887187 0.372826 0.885794 0.371739 0.883357 0.395652 0.8826599999999999 0.39891299999999996 0.881616 0.4 0.881616 0.40217400000000003
1 0.8502789999999999 0.430435 0.8610720000000001 0.430435 0.8610720000000001 0.428261 0.8589829999999999 0.425 0.856198 0.391304 0.854805 0.391304 0.852368 0.415217 0.852019 0.425 0.8502789999999999 0.42717400000000005 0.8502789999999999 0.430435
1 0.5706819999999999 0.49565200000000004 0.5696380000000001 0.501087 0.568245 0.502174 0.574164 0.506522 0.581476 0.506522 0.5884400000000001 0.504348 0.588092 0.502174 0.5866990000000001 0.501087 0.586351 0.496739 0.5842620000000001 0.49565200000000004 0.583565 0.49347799999999997 0.582869 0.48804299999999995 0.582869 0.481522 0.5821729999999999 0.478261 0.5821729999999999 0.46956499999999995 0.581476 0.46413000000000004 0.580432 0.44021699999999997 0.579735 0.43695700000000004 0.577298 0.43695700000000004 0.5766020000000001 0.44021699999999997 0.573816 0.48804299999999995 0.572423 0.49565200000000004 0.5706819999999999 0.49565200000000004
1 0.595056 0.45108699999999996 0.5943590000000001 0.454348 0.592967 0.45543500000000003 0.5961000000000001 0.45869600000000005 0.6072420000000001 0.45869600000000005 0.606546 0.456522 0.606546 0.453261 0.604457 0.45 0.601323 0.40543500000000005 0.59993 0.40543500000000005 0.599234 0.407609 0.5978410000000001 0.425 0.596797 0.448913 0.595056 0.45108699999999996
1 0.636838 0.426087 0.636838 0.42934799999999995 0.6462399999999999 0.42934799999999995 0.6462399999999999 0.426087 0.6448470000000001 0.42391300000000004 0.6431060000000001 0.38913000000000003 0.641017 0.38913000000000003 0.639624 0.404348 0.638928 0.421739 0.637883 0.426087 0.636838 0.426087
1 0.71727 0.407609 0.7169220000000001 0.41086999999999996 0.725279 0.41086999999999996 0.723886 0.406522 0.723538 0.391304 0.7224929999999999 0.378261 0.7211000000000001 0.378261 0.720404 0.38043499999999997 0.718315 0.406522 0.71727 0.407609
1 0.774373 0.441304 0.774373 0.443478 0.785864 0.444565 0.785864 0.441304 0.7851670000000001 0.441304 0.784123 0.43587 0.782033 0.404348 0.781337 0.4 0.779596 0.4 0.777855 0.41304299999999994 0.776462 0.43587 0.7754179999999999 0.44021699999999997 0.774373 0.441304
1 0.8203340000000001 0.478261 0.8185930000000001 0.483696 0.822772 0.48586999999999997 0.836699 0.48586999999999997 0.835655 0.484783 0.8342620000000001 0.478261 0.831825 0.47717400000000004 0.8307800000000001 0.46087 0.8307800000000001 0.45108699999999996 0.8286910000000001 0.42717400000000005 0.826253 0.42717400000000005 0.824164 0.444565 0.8220750000000001 0.476087 0.821379 0.478261 0.8203340000000001 0.478261
1 0.933844 0.42717400000000005 0.944638 0.42717400000000005 0.944638 0.425 0.942897 0.422826 0.940808 0.394565 0.9401109999999999 0.391304 0.939067 0.391304 0.9369780000000001 0.406522 0.935933 0.421739 0.933844 0.425 0.933844 0.42717400000000005
1 0.805362 0.40543500000000005 0.8147629999999999 0.40543500000000005 0.8147629999999999 0.403261 0.8133699999999999 0.39891299999999996 0.810933 0.375 0.8098890000000001 0.375 0.8077989999999999 0.396739 0.8067550000000001 0.40217400000000003 0.805362 0.403261 0.805362 0.40543500000000005
1 0.7071729999999999 0.590217 0.706476 0.593478 0.7057800000000001 0.604348 0.704387 0.607609 0.701253 0.608696 0.700209 0.618478 0.6963790000000001 0.618478 0.705084 0.627174 0.714485 0.631522 0.719708 0.631522 0.731546 0.625 0.731198 0.622826 0.728412 0.621739 0.727368 0.613043 0.723189 0.609783 0.7224929999999999 0.604348 0.722145 0.588043 0.720752 0.570652 0.720404 0.555435 0.719708 0.553261 0.718663 0.517391 0.7169220000000001 0.515217 0.712744 0.515217 0.711003 0.527174 0.710306 0.543478 0.707869 0.571739 0.7071729999999999 0.590217