1 0.713788 0.48804299999999995 0.7134400000000001 0.490217 0.735028 0.49130399999999996 0.734331 0.48913 0.733287 0.48913 0.732591 0.48695700000000003 0.732591 0.483696 0.729805 0.481522 0.726323 0.42391300000000004 0.725627 0.420652 0.7228410000000001 0.420652 0.718663 0.481522 0.716226 0.48260899999999995 0.7151810000000001 0.48804299999999995 0.713788 0.48804299999999995
1 0.377089 0.431522 0.377089 0.433696 0.376045 0.43478300000000003 0.376045 0.43695700000000004 0.391017 0.43695700000000004 0.391017 0.43478300000000003 0.389972 0.43478300000000003 0.386838 0.426087 0.386838 0.415217 0.384749 0.386957 0.38405300000000003 0.384783 0.381964 0.384783 0.38126699999999997 0.38913000000000003 0.379526 0.42934799999999995 0.37883 0.431522 0.377089 0.431522
1 0.23119800000000001 0.459783 0.23050099999999998 0.46195700000000006 0.23050099999999998 0.47717400000000004 0.22945700000000002 0.492391 0.22667099999999998 0.49347799999999997 0.22597499999999998 0.49565200000000004 0.22597499999999998 0.5 0.224234 0.501087 0.224234 0.503261 0.23851 0.504348 0.24686599999999997 0.501087 0.24651800000000001 0.49891300000000005 0.24512499999999998 0.497826 0.24477699999999997 0.49347799999999997 0.24199199999999998 0.492391 0.24129499999999998 0.490217 0.23920599999999997 0.453261 0.23851 0.448913 0.237813 0.426087 0.23363499999999998 0.425 0.232242 0.44239100000000003 0.232242 0.448913 0.23119800000000001 0.45108699999999996 0.23119800000000001 0.459783
1 0.294568 0.406522 0.294568 0.40869600000000006 0.295265 0.41086999999999996 0.304318 0.41086999999999996 0.304666 0.407609 0.30362100000000003 0.406522 0.302577 0.40108699999999997 0.302228 0.386957 0.301184 0.38152200000000003 0.301184 0.371739 0.300487 0.36739099999999997 0.298398 0.36739099999999997 0.29805000000000004 0.376087 0.296657 0.38587 0.296309 0.404348 0.294568 0.406522
1 0.29596100000000003 0.378261 0.294916 0.38260900000000003 0.29422000000000004 0.38260900000000003 0.293872 0.386957 0.296309 0.386957 0.297702 0.376087 0.297702 0.36847799999999997 0.298398 0.366304 0.300139 0.366304 0.299443 0.35108700000000004 0.297354 0.352174 0.296657 0.36413 0.29596100000000003 0.366304 0.29596100000000003 0.378261
1 0.332521 0.370652 0.332521 0.36847799999999997 0.33077999999999996 0.363043 0.330432 0.344565 0.330084 0.342391 0.327994 0.342391 0.32694999999999996 0.366304 0.325905 0.36739099999999997 0.325557 0.370652 0.332521 0.370652
1 0.31928999999999996 0.346739 0.323816 0.346739 0.323468 0.33587 0.322772 0.334783 0.322423 0.32717399999999996 0.32137899999999997 0.32717399999999996 0.321031 0.334783 0.320334 0.336957 0.320334 0.343478 0.31928999999999996 0.346739
1 0.353412 0.357609 0.353412 0.355435 0.352368 0.354348 0.350975 0.333696 0.350279 0.333696 0.349234 0.343478 0.349234 0.348913 0.34784099999999996 0.357609 0.353412 0.357609
1 0.287953 0.323913 0.286908 0.322826 0.286212 0.328261 0.285864 0.340217 0.288997 0.340217 0.287953 0.323913
1 0.063719 0.463043 0.062326000000000006 0.465217 0.060585 0.465217 0.060237 0.471739 0.06928999999999999 0.47282599999999997 0.079387 0.470652 0.078691 0.463043 0.075557 0.46195700000000006 0.074861 0.459783 0.074164 0.45 0.074513 0.441304 0.073816 0.43913 0.073468 0.42934799999999995 0.072423 0.426087 0.072075 0.411957 0.071379 0.406522 0.067549 0.406522 0.066156 0.428261 0.064763 0.43587 0.064763 0.44782599999999995 0.063719 0.463043
1 0.05118399999999999 0.395652 0.050487000000000004 0.4 0.060933 0.4 0.061280999999999995 0.396739 0.05954 0.390217 0.05954 0.38152200000000003 0.058148 0.372826 0.057799 0.363043 0.057103 0.36086999999999997 0.055362 0.36086999999999997 0.054666000000000006 0.36413 0.053273 0.38913000000000003 0.052577 0.394565 0.05118399999999999 0.395652
1 0.144499 0.373913 0.144499 0.376087 0.152159 0.377174 0.152159 0.373913 0.150766 0.36956500000000003 0.15006999999999998 0.346739 0.147632 0.34565199999999996 0.146936 0.346739 0.14623999999999998 0.370652 0.14519500000000002 0.373913 0.144499 0.373913
1 0.205084 0.36086999999999997 0.211351 0.36086999999999997 0.211351 0.358696 0.21065499999999998 0.357609 0.21065499999999998 0.353261 0.209958 0.35108700000000004 0.209958 0.340217 0.209262 0.33587 0.207521 0.33587 0.206128 0.347826 0.206128 0.356522 0.205084 0.358696 0.205084 0.36086999999999997
1 0.22284099999999998 0.330435 0.221448 0.330435 0.21970800000000001 0.35108700000000004 0.224582 0.35108700000000004 0.22388599999999997 0.347826 0.22284099999999998 0.330435
1 0.2211 0.330435 0.22005599999999997 0.318478 0.218663 0.320652 0.217618 0.33260900000000004 0.220752 0.33260900000000004 0.2211 0.330435
1 0.200209 0.32717399999999996 0.198468 0.326087 0.197772 0.33913000000000004 0.196727 0.344565 0.201602 0.344565 0.200209 0.32717399999999996
1 0.16155999999999998 0.322826 0.159819 0.340217 0.163649 0.340217 0.162953 0.325 0.16155999999999998 0.322826
1 0.139972 0.325 0.138579 0.322826 0.13753500000000002 0.32934800000000003 0.137187 0.336957 0.140669 0.336957 0.139972 0.325
1 0.128482 0.318478 0.127089 0.333696 0.130571 0.333696 0.12987500000000002 0.318478 0.128482 0.318478
1 0.135794 0.319565 0.135097 0.31630400000000003 0.134401 0.31630400000000003 0.133357 0.319565 0.133357 0.32934800000000003 0.13649 0.32934800000000003 0.135794 0.319565
1 0.23537599999999997 0.322826 0.23537599999999997 0.31630400000000003 0.23433099999999998 0.31521699999999997 0.23328700000000002 0.319565 0.232939 0.32934800000000003 0.236421 0.32934800000000003 0.23537599999999997 0.322826
1 0.244429 0.33587 0.248259 0.33587 0.24756300000000003 0.320652 0.24617 0.319565 0.24582199999999998 0.325 0.24512499999999998 0.32717399999999996 0.24512499999999998 0.333696 0.244429 0.33587
3 0.883008 0.44565200000000005 0.8826599999999999 0.45108699999999996 0.887535 0.453261 0.897284 0.453261 0.897632 0.45 0.895543 0.44565200000000005 0.8948470000000001 0.431522 0.893802 0.42934799999999995 0.892409 0.397826 0.888579 0.396739 0.887535 0.41304299999999994 0.88649 0.41956499999999997 0.885446 0.444565 0.883008 0.44565200000000005
3 0.6956819999999999 0.41413 0.694986 0.41956499999999997 0.69429 0.421739 0.693245 0.421739 0.693245 0.425 0.7040390000000001 0.426087 0.704387 0.421739 0.702994 0.41956499999999997 0.70195 0.41086999999999996 0.70195 0.403261 0.700557 0.388043 0.700557 0.379348 0.6981200000000001 0.378261 0.697423 0.38152200000000003 0.697075 0.391304 0.6963790000000001 0.392391 0.6956819999999999 0.41413
3 0.560585 0.40543500000000005 0.559192 0.406522 0.558496 0.411957 0.5689420000000001 0.411957 0.568593 0.407609 0.566852 0.406522 0.566852 0.39891299999999996 0.566156 0.396739 0.566156 0.388043 0.5654600000000001 0.38587 0.564763 0.36956500000000003 0.5630219999999999 0.36847799999999997 0.5612809999999999 0.386957 0.5612809999999999 0.397826 0.560585 0.40108699999999997 0.560585 0.40543500000000005
3 0.458217 0.392391 0.45717299999999994 0.395652 0.456128 0.395652 0.456128 0.39891299999999996 0.465181 0.39891299999999996 0.465181 0.395652 0.463788 0.394565 0.46309199999999995 0.379348 0.462047 0.36956500000000003 0.462047 0.361957 0.460306 0.361957 0.45960999999999996 0.365217 0.45960999999999996 0.370652 0.45786899999999997 0.38043499999999997 0.458217 0.392391
3 0.457521 0.365217 0.459262 0.365217 0.460306 0.36086999999999997 0.462047 0.36086999999999997 0.46239600000000003 0.365217 0.463788 0.365217 0.463788 0.363043 0.46309199999999995 0.363043 0.46239600000000003 0.358696 0.46135099999999996 0.340217 0.460306 0.33913000000000004 0.45960999999999996 0.343478 0.45891400000000004 0.361957 0.457521 0.363043 0.457521 0.365217
3 0.442897 0.378261 0.442897 0.38043499999999997 0.450557 0.38043499999999997 0.450557 0.378261 0.449164 0.375 0.448816 0.371739 0.448816 0.361957 0.44777199999999995 0.356522 0.44777199999999995 0.35 0.447075 0.347826 0.44603099999999996 0.347826 0.444986 0.366304 0.44428999999999996 0.36847799999999997 0.44428999999999996 0.376087 0.442897 0.378261
3 0.439415 0.354348 0.44463800000000003 0.353261 0.443593 0.35 0.44254899999999997 0.331522 0.441504 0.33260900000000004 0.44011100000000003 0.341304 0.44046 0.34565199999999996 0.439415 0.354348
3 0.40668499999999996 0.340217 0.40598900000000004 0.343478 0.409819 0.343478 0.40842599999999996 0.326087 0.407382 0.326087 0.407382 0.331522 0.40598900000000004 0.336957 0.40598900000000004 0.33913000000000004 0.40668499999999996 0.340217
3 0.357242 0.321739 0.35585 0.320652 0.35585 0.32934800000000003 0.355153 0.336957 0.358287 0.336957 0.357242 0.321739
3 0.318942 0.319565 0.31754899999999997 0.319565 0.31754899999999997 0.32717399999999996 0.316156 0.334783 0.319986 0.334783 0.318942 0.319565
3 0.28273000000000004 0.33260900000000004 0.282033 0.328261 0.282033 0.322826 0.281337 0.321739 0.281337 0.317391 0.28064100000000003 0.317391 0.279944 0.320652 0.279944 0.32717399999999996 0.279248 0.33260900000000004 0.28273000000000004 0.33260900000000004
3 0.120474 0.348913 0.11942900000000001 0.352174 0.11942900000000001 0.354348 0.125 0.354348 0.12325900000000001 0.33260900000000004 0.121866 0.331522 0.12117 0.33260900000000004 0.12117 0.340217 0.120474 0.342391 0.120474 0.348913
3 0.09331500000000001 0.36086999999999997 0.09331500000000001 0.363043 0.09992999999999999 0.363043 0.10027900000000001 0.36086999999999997 0.099234 0.357609 0.098886 0.34565199999999996 0.097493 0.338043 0.096448 0.338043 0.095056 0.348913 0.094708 0.357609 0.094011 0.36086999999999997 0.09331500000000001 0.36086999999999997
3 0.095056 0.347826 0.096448 0.336957 0.097493 0.336957 0.098886 0.344565 0.098538 0.334783 0.097493 0.328261 0.09609999999999999 0.328261 0.095752 0.338043 0.094011 0.348913 0.095056 0.347826
3 0.071727 0.33260900000000004 0.071727 0.326087 0.069986 0.325 0.069638 0.334783 0.068245 0.343478 0.072772 0.343478 0.071727 0.33260900000000004
3 0.051532 0.318478 0.050487000000000004 0.318478 0.048747 0.334783 0.052577 0.334783 0.052228 0.323913 0.051532 0.318478
1 0.520891 0.43260899999999997 0.5212399999999999 0.444565 0.520195 0.454348 0.5177579999999999 0.456522 0.517061 0.46195700000000006 0.533426 0.463043 0.533426 0.46087 0.532033 0.459783 0.532033 0.45543500000000003 0.529248 0.453261 0.526462 0.40217400000000003 0.523677 0.40217400000000003 0.522632 0.420652 0.520543 0.426087 0.521588 0.430435 0.520891 0.43260899999999997
1 0.503134 0.568478 0.502437 0.570652 0.517061 0.576087 0.523677 0.576087 0.529596 0.569565 0.532382 0.568478 0.529596 0.567391 0.528203 0.5586960000000001 0.525766 0.557609 0.52507 0.555435 0.524373 0.540217 0.522284 0.518478 0.521936 0.504348 0.5194989999999999 0.471739 0.51532 0.471739 0.510097 0.555435 0.506267 0.559783 0.505571 0.567391 0.503134 0.568478