1 0.086003 0.443478 0.084958 0.47717400000000004 0.084262 0.48043500000000006 0.083914 0.5054350000000001 0.082869 0.511957 0.079735 0.51413 0.078343 0.517391 0.078691 0.527174 0.080432 0.531522 0.083217 0.534783 0.086699 0.5336960000000001 0.089136 0.530435 0.09609999999999999 0.528261 0.096448 0.526087 0.10027900000000001 0.526087 0.10793900000000001 0.521739 0.10793900000000001 0.518478 0.10585 0.51413 0.10585 0.5108699999999999 0.10515300000000001 0.508696 0.102019 0.508696 0.100975 0.506522 0.099582 0.48695700000000003 0.094359 0.44782599999999995 0.094359 0.44021699999999997 0.093663 0.43695700000000004 0.092967 0.422826 0.09226999999999999 0.420652 0.087744 0.421739 0.087047 0.42391300000000004 0.087047 0.433696 0.086003 0.443478
2 0.24094699999999997 0.670652 0.23990300000000003 0.68587 0.23990300000000003 0.7021740000000001 0.23920599999999997 0.7119570000000001 0.239554 0.732609 0.23920599999999997 0.748913 0.23851 0.756522 0.23816199999999998 0.795652 0.23746499999999998 0.8010870000000001 0.236769 0.8380430000000001 0.236072 0.846739 0.27507000000000004 0.846739 0.274721 0.8380430000000001 0.27332900000000004 0.826087 0.27332900000000004 0.817391 0.271936 0.809783 0.27124000000000004 0.794565 0.268454 0.766304 0.266017 0.723913 0.264276 0.715217 0.263579 0.701087 0.261142 0.679348 0.26009699999999997 0.656522 0.258705 0.65 0.258357 0.633696 0.257312 0.629348 0.257312 0.623913 0.25626699999999997 0.620652 0.247214 0.621739 0.24617 0.623913 0.24268800000000001 0.626087 0.241643 0.629348 0.241643 0.640217 0.24094699999999997 0.643478 0.24094699999999997 0.670652
0 0.719011 0.386957 0.718315 0.390217 0.717967 0.40869600000000006 0.7148329999999999 0.411957 0.714136 0.420652 0.712047 0.422826 0.712047 0.425 0.7228410000000001 0.42717400000000005 0.731546 0.42717400000000005 0.73468 0.425 0.736769 0.41956499999999997 0.735376 0.41630399999999995 0.735376 0.41413 0.732591 0.41304299999999994 0.731198 0.407609 0.73085 0.39891299999999996 0.729805 0.393478 0.729805 0.386957 0.729109 0.38152200000000003 0.729109 0.36847799999999997 0.728412 0.365217 0.728412 0.358696 0.727716 0.356522 0.726671 0.33260900000000004 0.722145 0.331522 0.7211000000000001 0.343478 0.720752 0.358696 0.7193590000000001 0.375 0.719011 0.386957
0 0.786908 0.303261 0.787256 0.30869599999999997 0.799443 0.30869599999999997 0.800139 0.306522 0.800139 0.302174 0.797354 0.29782600000000004 0.797354 0.291304 0.795265 0.267391 0.794916 0.254348 0.791783 0.253261 0.791086 0.25760900000000003 0.789345 0.296739 0.7883009999999999 0.302174 0.786908 0.303261
0 0.8182449999999999 0.258696 0.827994 0.259783 0.8283429999999999 0.25543499999999997 0.8269500000000001 0.25543499999999997 0.825905 0.248913 0.8245129999999999 0.22282600000000002 0.8220750000000001 0.221739 0.821379 0.226087 0.8199859999999999 0.254348 0.8182449999999999 0.25652200000000003 0.8182449999999999 0.258696
0 0.8433149999999999 0.233696 0.8433149999999999 0.230435 0.8422700000000001 0.22934800000000002 0.8405290000000001 0.216304 0.8405290000000001 0.20543499999999998 0.8387879999999999 0.20434800000000003 0.837744 0.21086999999999997 0.8370469999999999 0.228261 0.835655 0.232609 0.8433149999999999 0.233696
0 0.8342620000000001 0.221739 0.8342620000000001 0.225 0.836699 0.225 0.837744 0.206522 0.8387879999999999 0.202174 0.83844 0.196739 0.837396 0.196739 0.836351 0.20108700000000002 0.8353059999999999 0.219565 0.8342620000000001 0.221739
0 0.950905 0.218478 0.950905 0.2 0.9502090000000001 0.20108700000000002 0.949861 0.213043 0.9484680000000001 0.218478 0.950905 0.218478
0 0.9495129999999999 0.213043 0.9484680000000001 0.18804300000000002 0.947772 0.18587 0.9467269999999999 0.18587 0.946031 0.18804300000000002 0.9453340000000001 0.20543499999999998 0.94429 0.213043 0.9495129999999999 0.213043
0 0.940808 0.197826 0.9401109999999999 0.179348 0.9380219999999999 0.18043499999999998 0.9366300000000001 0.202174 0.9418519999999999 0.20108700000000002 0.940808 0.197826
0 0.92688 0.170652 0.925139 0.18804300000000002 0.928969 0.18804300000000002 0.9279249999999999 0.171739 0.92688 0.170652
0 0.851323 0.211957 0.8502789999999999 0.19456500000000002 0.848886 0.19347799999999998 0.847493 0.203261 0.847145 0.216304 0.852716 0.216304 0.851323 0.211957
0 0.8586349999999999 0.20543499999999998 0.857242 0.197826 0.8568939999999999 0.184783 0.8551529999999999 0.18587 0.854805 0.202174 0.854109 0.203261 0.854109 0.20543499999999998 0.8586349999999999 0.20543499999999998
0 0.864206 0.196739 0.86351 0.19347799999999998 0.862813 0.18043499999999998 0.861769 0.18043499999999998 0.861769 0.182609 0.8607239999999999 0.184783 0.8603759999999999 0.196739 0.864206 0.196739
0 0.9348890000000001 0.18913 0.934192 0.175 0.9331480000000001 0.175 0.9317550000000001 0.182609 0.9310579999999999 0.19347799999999998 0.935585 0.19347799999999998 0.9348890000000001 0.18913
0 0.842967 0.219565 0.841922 0.221739 0.841922 0.22391299999999997 0.847493 0.22391299999999997 0.848189 0.221739 0.847493 0.221739 0.846448 0.216304 0.8457520000000001 0.196739 0.8443590000000001 0.196739 0.8436629999999999 0.198913 0.8436629999999999 0.20434800000000003 0.842967 0.20760900000000002 0.842967 0.219565
2 0.42688 0.536957 0.42722800000000005 0.545652 0.426184 0.555435 0.42479100000000003 0.608696 0.424095 0.61087 0.424095 0.6195649999999999 0.423398 0.626087 0.423398 0.6445649999999999 0.421657 0.66413 0.420961 0.701087 0.41956800000000005 0.7119570000000001 0.41956800000000005 0.715217 0.420613 0.717391 0.41956800000000005 0.729348 0.41782700000000006 0.7978259999999999 0.416783 0.806522 0.416783 0.816304 0.41608599999999996 0.818478 0.413301 0.8206519999999999 0.412953 0.8228260000000001 0.410864 0.826087 0.40668499999999996 0.840217 0.40668499999999996 0.846739 0.48433099999999996 0.846739 0.48328699999999997 0.843478 0.479457 0.841304 0.47597500000000004 0.836957 0.472145 0.836957 0.4711 0.832609 0.471448 0.827174 0.467618 0.815217 0.46552899999999997 0.8141299999999999 0.462047 0.808696 0.460306 0.808696 0.459262 0.803261 0.459262 0.794565 0.458565 0.791304 0.458565 0.78587 0.45786899999999997 0.784783 0.45786899999999997 0.7739130000000001 0.456825 0.76413 0.45578 0.740217 0.455084 0.7369570000000001 0.454735 0.725 0.452994 0.71087 0.452646 0.694565 0.451253 0.68587 0.451602 0.681522 0.450905 0.678261 0.450905 0.6673910000000001 0.45020899999999997 0.6630429999999999 0.44951299999999994 0.646739 0.448816 0.643478 0.448816 0.6358699999999999 0.44812 0.633696 0.446379 0.596739 0.445334 0.5913039999999999 0.443593 0.569565 0.443593 0.559783 0.44254899999999997 0.55 0.44254899999999997 0.543478 0.440808 0.5293479999999999 0.44046 0.511957 0.439415 0.5054350000000001 0.439415 0.5 0.437326 0.49565200000000004 0.430014 0.496739 0.427925 0.502174 0.42722800000000005 0.5239130000000001 0.427577 0.531522 0.42688 0.536957
0 0.866643 0.176087 0.864903 0.177174 0.864206 0.190217 0.867688 0.190217 0.866643 0.183696 0.866643 0.176087
0 0.8708220000000001 0.18587 0.870125 0.182609 0.869429 0.170652 0.868384 0.170652 0.8673400000000001 0.176087 0.866992 0.183696 0.8673400000000001 0.18587 0.8708220000000001 0.18587
0 0.923398 0.168478 0.9227019999999999 0.182609 0.9254870000000001 0.182609 0.925139 0.168478 0.923398 0.168478