1 0.313022 0.528261 0.313022 0.532609 0.312326 0.534783 0.30988899999999997 0.5336960000000001 0.30988899999999997 0.53587 0.316156 0.540217 0.318245 0.543478 0.323816 0.544565 0.34226999999999996 0.540217 0.339136 0.536957 0.338092 0.5336960000000001 0.337744 0.527174 0.333217 0.5239130000000001 0.332173 0.506522 0.331825 0.47717400000000004 0.330084 0.463043 0.328691 0.430435 0.323816 0.430435 0.317897 0.520652 0.317201 0.5239130000000001 0.31371899999999997 0.525 0.313022 0.528261
2 0.258705 0.44565200000000005 0.258357 0.45 0.255571 0.45543500000000003 0.259749 0.463043 0.283426 0.46087 0.285515 0.45869600000000005 0.284123 0.452174 0.28273000000000004 0.452174 0.281685 0.446739 0.279248 0.44565200000000005 0.278552 0.443478 0.27298100000000003 0.32717399999999996 0.272284 0.322826 0.268802 0.322826 0.268106 0.32717399999999996 0.262187 0.441304 0.26149 0.44565200000000005 0.258705 0.44565200000000005
2 0.231894 0.415217 0.23154599999999997 0.420652 0.230153 0.421739 0.232242 0.42717400000000005 0.243384 0.42717400000000005 0.247214 0.370652 0.24477699999999997 0.30869599999999997 0.240599 0.30869599999999997 0.23502800000000001 0.41086999999999996 0.23363499999999998 0.415217 0.231894 0.415217
1 0.17687999999999998 0.326087 0.185237 0.326087 0.185237 0.322826 0.183496 0.319565 0.1821624921875 0.2862684765625 0.180014 0.283696 0.179318 0.286957 0.177228 0.318478 0.176532 0.320652 0.175139 0.320652 0.175139 0.323913 0.17687999999999998 0.326087
1 0.20961 0.361957 0.207869 0.361957 0.207173 0.356522 0.205432 0.31413 0.187630825 0.2928159328125 0.202298 0.31413 0.199513 0.36086999999999997 0.197423 0.363043 0.197423 0.36847799999999997 0.20961 0.36847799999999997 0.21030600000000002 0.36739099999999997 0.21030600000000002 0.36413 0.20961 0.361957
1 0.163301 0.29239099999999996 0.162256 0.29239099999999996 0.162256 0.29565199999999997 0.170265 0.29565199999999997 0.170265 0.293478 0.168872 0.291304 0.16817500000000002 0.267391 0.167131 0.26087 0.166435 0.26087 0.16538999999999998 0.265217 0.163997 0.288043 0.163301 0.29239099999999996
1 0.162256 0.268478 0.16155999999999998 0.259783 0.16155999999999998 0.24673899999999999 0.160167 0.244565 0.158078 0.268478 0.15668500000000002 0.272826 0.163301 0.27391299999999996 0.162256 0.268478
1 0.15772999999999998 0.252174 0.15772999999999998 0.23586999999999997 0.157033 0.233696 0.155641 0.233696 0.154944 0.24782600000000002 0.153552 0.25760900000000003 0.158426 0.258696 0.15772999999999998 0.252174
1 0.151811 0.248913 0.154596 0.24782600000000002 0.154596 0.230435 0.15389999999999998 0.228261 0.15285500000000002 0.231522 0.152507 0.244565 0.151462 0.24673899999999999 0.151811 0.248913
1 0.170265 0.21739099999999997 0.16921999999999998 0.21739099999999997 0.167827 0.232609 0.170613 0.233696 0.170613 0.220652 0.170265 0.21739099999999997
1 0.5807800000000001 0.313043 0.580084 0.305435 0.580084 0.296739 0.578691 0.29782600000000004 0.578343 0.306522 0.577298 0.313043 0.5807800000000001 0.313043
1 0.638579 0.32934800000000003 0.637535 0.31087 0.636142 0.31521699999999997 0.636142 0.321739 0.634749 0.32934800000000003 0.638579 0.32934800000000003
1 0.674791 0.326087 0.674443 0.323913 0.673747 0.323913 0.671309 0.343478 0.676184 0.344565 0.674791 0.33587 0.674791 0.326087
1 0.6827989999999999 0.352174 0.682103 0.353261 0.682103 0.356522 0.6869780000000001 0.356522 0.685933 0.347826 0.685585 0.33260900000000004 0.6845399999999999 0.33260900000000004 0.684192 0.340217 0.683148 0.34565199999999996 0.6827989999999999 0.352174
1 0.711003 0.378261 0.71727 0.378261 0.715877 0.370652 0.715529 0.35 0.713788 0.35 0.7116990000000001 0.370652 0.7116990000000001 0.375 0.711003 0.376087 0.711003 0.378261
1 0.794916 0.406522 0.7942199999999999 0.409783 0.793175 0.41086999999999996 0.793175 0.41304299999999994 0.795613 0.415217 0.80188 0.415217 0.80188 0.41304299999999994 0.8004870000000001 0.409783 0.8004870000000001 0.403261 0.799791 0.40108699999999997 0.799443 0.38043499999999997 0.79805 0.378261 0.797354 0.379348 0.796657 0.388043 0.7959609999999999 0.390217 0.794916 0.406522
3 0.841922 0.40543500000000005 0.8478410000000001 0.40543500000000005 0.848189 0.403261 0.847145 0.40108699999999997 0.8461000000000001 0.392391 0.8457520000000001 0.376087 0.8440110000000001 0.375 0.8422700000000001 0.391304 0.8422700000000001 0.39891299999999996 0.8405290000000001 0.403261 0.841922 0.40543500000000005
3 0.789345 0.379348 0.7883009999999999 0.38043499999999997 0.7883009999999999 0.38260900000000003 0.794568 0.383696 0.793524 0.379348 0.7928270000000001 0.370652 0.7928270000000001 0.358696 0.791783 0.357609 0.791086 0.358696 0.791086 0.361957 0.790042 0.366304 0.789345 0.379348
3 0.7788999999999999 0.372826 0.7788999999999999 0.375 0.783774 0.375 0.782382 0.353261 0.781685 0.353261 0.779944 0.36086999999999997 0.779944 0.36956500000000003 0.7788999999999999 0.372826
3 0.74617 0.356522 0.745125 0.348913 0.745125 0.340217 0.744777 0.338043 0.743733 0.338043 0.742688 0.347826 0.742688 0.354348 0.741992 0.356522 0.74617 0.356522
3 0.6956819999999999 0.33913000000000004 0.6946380000000001 0.33260900000000004 0.6946380000000001 0.322826 0.693593 0.321739 0.692549 0.32717399999999996 0.692549 0.333696 0.691504 0.338043 0.6956819999999999 0.33913000000000004
3 0.122214 0.20108700000000002 0.12082200000000001 0.20108700000000002 0.120474 0.209783 0.11942900000000001 0.216304 0.12325900000000001 0.21739099999999997 0.122214 0.20108700000000002
3 0.10619799999999999 0.216304 0.10585 0.206522 0.104805 0.20108700000000002 0.10376 0.20108700000000002 0.10341199999999999 0.208696 0.102716 0.209783 0.102019 0.216304 0.10619799999999999 0.216304
3 0.084262 0.218478 0.088092 0.218478 0.087744 0.206522 0.087047 0.20108700000000002 0.08565500000000001 0.203261 0.08460999999999999 0.215217 0.083914 0.216304 0.084262 0.218478
3 0.082173 0.227174 0.081128 0.20760900000000002 0.079387 0.20760900000000002 0.078343 0.22282600000000002 0.077298 0.225 0.077298 0.227174 0.082173 0.227174
3 0.050487000000000004 0.23478300000000002 0.049791 0.21739099999999997 0.048747 0.216304 0.048747 0.244565 0.051532 0.244565 0.05188 0.24021699999999999 0.050487000000000004 0.23478300000000002
3 0.071031 0.23586999999999997 0.069638 0.215217 0.068593 0.211957 0.067897 0.211957 0.067201 0.216304 0.066852 0.227174 0.06545999999999999 0.23478300000000002 0.071031 0.23586999999999997
1 0.531685 0.772826 0.5288999999999999 0.772826 0.527855 0.776087 0.5275070000000001 0.781522 0.525766 0.78587 0.525766 0.7880429999999999 0.523329 0.796739 0.529248 0.8043480000000001 0.532033 0.809783 0.545265 0.8239129999999999 0.545613 0.826087 0.547702 0.828261 0.5543180000000001 0.826087 0.557451 0.821739 0.5612809999999999 0.8206519999999999 0.56337 0.817391 0.5654600000000001 0.817391 0.569986 0.8130430000000001 0.572423 0.8130430000000001 0.575209 0.809783 0.579387 0.807609 0.579387 0.8054349999999999 0.577298 0.8010870000000001 0.575209 0.8010870000000001 0.571727 0.796739 0.5713790000000001 0.784783 0.569986 0.7793479999999999 0.565808 0.7739130000000001 0.56337 0.772826 0.556755 0.615217 0.557103 0.6119570000000001 0.549095 0.61087 0.54805 0.6141300000000001 0.535864 0.7630429999999999 0.5348189999999999 0.767391 0.531685 0.772826
1 0.23816199999999998 0.43804299999999996 0.24129499999999998 0.443478 0.259749 0.44239100000000003 0.259749 0.44021699999999997 0.258357 0.43804299999999996 0.257312 0.431522 0.255571 0.431522 0.254875 0.428261 0.251741 0.366304 0.251045 0.363043 0.24860699999999997 0.361957 0.24756300000000003 0.366304 0.243384 0.431522 0.240599 0.43260899999999997 0.23816199999999998 0.43804299999999996