1 0.697772 0.554348 0.6956819999999999 0.590217 0.694986 0.5956520000000001 0.693593 0.6 0.691504 0.6010869999999999 0.689415 0.607609 0.689763 0.616304 0.690808 0.618478 0.691504 0.622826 0.715877 0.623913 0.716574 0.622826 0.715877 0.608696 0.714485 0.6054350000000001 0.712396 0.604348 0.711003 0.6 0.70961 0.579348 0.708217 0.573913 0.707869 0.552174 0.7071729999999999 0.55 0.7071729999999999 0.5380429999999999 0.706128 0.516304 0.705084 0.5130429999999999 0.7016020000000001 0.511957 0.700557 0.51413 0.6995129999999999 0.526087 0.699164 0.544565 0.697772 0.554348
1 0.865947 0.48913 0.864554 0.494565 0.862813 0.49565200000000004 0.862813 0.49891300000000005 0.861769 0.501087 0.8673400000000001 0.504348 0.868384 0.506522 0.871866 0.504348 0.880223 0.504348 0.880223 0.502174 0.8791779999999999 0.501087 0.8777860000000001 0.49565200000000004 0.876741 0.49565200000000004 0.8756959999999999 0.49130399999999996 0.8743040000000001 0.47717400000000004 0.8725630000000001 0.444565 0.870125 0.441304 0.8690810000000001 0.44239100000000003 0.868036 0.44782599999999995 0.867688 0.46087 0.866295 0.47391300000000003 0.865947 0.48913
1 0.755223 0.454348 0.763231 0.454348 0.76532 0.452174 0.764972 0.44782599999999995 0.764276 0.44782599999999995 0.763231 0.444565 0.762535 0.43913 0.7621870000000001 0.422826 0.760794 0.40869600000000006 0.758705 0.40869600000000006 0.758008 0.41304299999999994 0.756616 0.443478 0.754178 0.45108699999999996 0.755223 0.454348
1 0.64415 0.5054350000000001 0.6427579999999999 0.5108699999999999 0.6444989999999999 0.516304 0.657382 0.517391 0.658774 0.515217 0.660515 0.515217 0.6598189999999999 0.508696 0.65773 0.5054350000000001 0.656337 0.497826 0.654248 0.467391 0.6538999999999999 0.45 0.6525070000000001 0.446739 0.6504179999999999 0.446739 0.649721 0.44782599999999995 0.646936 0.5 0.645543 0.504348 0.64415 0.5054350000000001
1 0.6277860000000001 0.459783 0.627437 0.465217 0.628134 0.465217 0.628482 0.467391 0.639972 0.467391 0.639624 0.46087 0.638579 0.46087 0.6371870000000001 0.454348 0.635794 0.426087 0.635794 0.41630399999999995 0.633357 0.415217 0.631267 0.433696 0.630223 0.45543500000000003 0.629178 0.459783 0.6277860000000001 0.459783
1 0.638231 0.417391 0.638231 0.420652 0.6462399999999999 0.420652 0.6444989999999999 0.41304299999999994 0.643454 0.386957 0.641365 0.38587 0.64032 0.404348 0.640669 0.407609 0.639972 0.41304299999999994 0.638231 0.417391
1 0.5654600000000001 0.422826 0.564763 0.425 0.5637190000000001 0.425 0.5637190000000001 0.42717400000000005 0.562674 0.42934799999999995 0.564067 0.42934799999999995 0.565111 0.431522 0.572772 0.430435 0.5731200000000001 0.428261 0.571031 0.422826 0.56929 0.391304 0.567549 0.391304 0.566852 0.394565 0.566852 0.403261 0.565808 0.41086999999999996 0.5654600000000001 0.422826
1 0.547006 0.39891299999999996 0.544916 0.404348 0.544916 0.406522 0.552925 0.406522 0.5504870000000001 0.391304 0.5504870000000001 0.38152200000000003 0.549791 0.375 0.549095 0.375 0.54805 0.38043499999999997 0.54805 0.38913000000000003 0.547006 0.39891299999999996
1 0.481198 0.41630399999999995 0.48851000000000006 0.415217 0.486421 0.406522 0.48537600000000003 0.38043499999999997 0.48328699999999997 0.379348 0.48189399999999993 0.396739 0.481546 0.40869600000000006 0.479805 0.41413 0.481198 0.41630399999999995
1 0.36490300000000003 0.4 0.373259 0.40108699999999997 0.37117 0.391304 0.370125 0.36739099999999997 0.368384 0.36739099999999997 0.36734 0.38913000000000003 0.366643 0.393478 0.36490300000000003 0.397826 0.36490300000000003 0.4
1 0.372214 0.388043 0.378482 0.386957 0.378482 0.383696 0.37743699999999997 0.38152200000000003 0.376741 0.365217 0.376045 0.359783 0.375 0.359783 0.37360699999999997 0.38043499999999997 0.371866 0.38587 0.372214 0.388043
1 0.303969 0.379348 0.302228 0.372826 0.301532 0.352174 0.29979100000000003 0.35108700000000004 0.299095 0.353261 0.298747 0.36739099999999997 0.297006 0.378261 0.303969 0.379348
1 0.270543 0.393478 0.277507 0.392391 0.27681100000000003 0.390217 0.275766 0.377174 0.275418 0.365217 0.274373 0.359783 0.27332900000000004 0.359783 0.271588 0.371739 0.270891 0.386957 0.26949900000000004 0.390217 0.270543 0.393478
1 0.229109 0.36956500000000003 0.23537599999999997 0.36956500000000003 0.233983 0.36413 0.23363499999999998 0.34565199999999996 0.23154599999999997 0.344565 0.23050099999999998 0.354348 0.23050099999999998 0.363043 0.229109 0.36739099999999997 0.229109 0.36956500000000003
1 0.17687999999999998 0.377174 0.184192 0.377174 0.182451 0.366304 0.182103 0.35108700000000004 0.180014 0.35 0.178621 0.36086999999999997 0.178273 0.371739 0.17687999999999998 0.375 0.17687999999999998 0.377174
1 0.171309 0.361957 0.171657 0.359783 0.170613 0.357609 0.169916 0.348913 0.169916 0.341304 0.16921999999999998 0.338043 0.168524 0.338043 0.167131 0.346739 0.167131 0.354348 0.16538999999999998 0.36086999999999997 0.171309 0.361957
1 0.129178 0.355435 0.127786 0.348913 0.127437 0.336957 0.12604500000000002 0.33587 0.125348 0.343478 0.125348 0.352174 0.124304 0.355435 0.129178 0.355435
1 0.11385799999999999 0.36086999999999997 0.11281300000000001 0.341304 0.11107199999999999 0.341304 0.10968 0.36086999999999997 0.10793900000000001 0.366304 0.114903 0.366304 0.11385799999999999 0.36086999999999997
1 0.10027900000000001 0.353261 0.104805 0.353261 0.10341199999999999 0.333696 0.102019 0.33260900000000004 0.10132300000000001 0.338043 0.100975 0.35 0.10027900000000001 0.35108700000000004 0.10027900000000001 0.353261
3 0.826253 0.415217 0.8252090000000001 0.421739 0.83461 0.422826 0.8325210000000001 0.41630399999999995 0.8307800000000001 0.38913000000000003 0.830084 0.386957 0.8286910000000001 0.386957 0.8283429999999999 0.394565 0.8269500000000001 0.40217400000000003 0.8272980000000001 0.41304299999999994 0.826253 0.415217
3 0.7270190000000001 0.406522 0.727368 0.403261 0.725975 0.39891299999999996 0.726323 0.393478 0.725975 0.38913000000000003 0.725279 0.388043 0.7245820000000001 0.377174 0.723189 0.376087 0.721797 0.386957 0.721797 0.39891299999999996 0.720404 0.40543500000000005 0.7270190000000001 0.406522
3 0.632312 0.392391 0.630919 0.395652 0.63649 0.396739 0.6354460000000001 0.390217 0.635097 0.372826 0.633705 0.371739 0.633008 0.373913 0.633008 0.378261 0.631964 0.38152200000000003 0.632312 0.392391
3 0.5619780000000001 0.386957 0.5619780000000001 0.384783 0.560933 0.383696 0.560933 0.370652 0.5595399999999999 0.363043 0.558148 0.370652 0.558148 0.38043499999999997 0.556755 0.38587 0.5619780000000001 0.386957
3 0.40773000000000004 0.44565200000000005 0.40703300000000003 0.45108699999999996 0.40494399999999997 0.45543500000000003 0.406337 0.459783 0.408078 0.46087 0.41539000000000004 0.46087 0.416435 0.45543500000000003 0.41539000000000004 0.454348 0.414694 0.45 0.41260399999999997 0.41630399999999995 0.41260399999999997 0.40869600000000006 0.412256 0.406522 0.41016700000000006 0.406522 0.40947100000000003 0.40869600000000006 0.40947100000000003 0.418478 0.408078 0.433696 0.40773000000000004 0.44565200000000005
3 0.44812 0.379348 0.452994 0.378261 0.45194999999999996 0.373913 0.451602 0.356522 0.450905 0.355435 0.449164 0.36413 0.448816 0.375 0.44777199999999995 0.378261 0.44812 0.379348
3 0.358983 0.490217 0.357591 0.490217 0.356546 0.49347799999999997 0.356546 0.496739 0.354805 0.497826 0.354805 0.5 0.37117 0.5 0.372214 0.497826 0.375348 0.496739 0.373955 0.49565200000000004 0.373259 0.49130399999999996 0.370822 0.490217 0.366992 0.430435 0.36351 0.430435 0.36351 0.43804299999999996 0.362813 0.44239100000000003 0.360028 0.48695700000000003 0.358983 0.490217
3 0.297702 0.503261 0.29805000000000004 0.515217 0.296657 0.531522 0.29596100000000003 0.534783 0.293175 0.5380429999999999 0.292827 0.540217 0.290042 0.544565 0.293872 0.546739 0.30745100000000003 0.5478259999999999 0.31162999999999996 0.55 0.314415 0.544565 0.316504 0.543478 0.316504 0.541304 0.314067 0.540217 0.31337000000000004 0.534783 0.310585 0.5336960000000001 0.309192 0.516304 0.308148 0.509783 0.308496 0.507609 0.30745100000000003 0.501087 0.30745100000000003 0.49347799999999997 0.308148 0.492391 0.308148 0.490217 0.307103 0.48804299999999995 0.30571000000000004 0.46087 0.30188000000000004 0.46087 0.300139 0.484783 0.298747 0.49130399999999996 0.298398 0.5 0.297702 0.503261
3 0.343315 0.425 0.34226999999999996 0.428261 0.341574 0.428261 0.340877 0.43260899999999997 0.35201899999999997 0.433696 0.35201899999999997 0.431522 0.350279 0.428261 0.348538 0.392391 0.34784099999999996 0.38913000000000003 0.345752 0.38913000000000003 0.344708 0.397826 0.34435899999999997 0.40869600000000006 0.343315 0.415217 0.343315 0.425
3 0.349582 0.371739 0.355153 0.372826 0.355153 0.36956500000000003 0.354109 0.365217 0.354109 0.356522 0.353064 0.35 0.35167099999999996 0.35 0.351323 0.363043 0.350627 0.36847799999999997 0.349582 0.36956500000000003 0.349582 0.371739
3 0.09714500000000001 0.6304350000000001 0.094359 0.6673910000000001 0.091226 0.681522 0.091226 0.7076089999999999 0.08843999999999999 0.738043 0.087744 0.740217 0.083565 0.742391 0.081476 0.745652 0.079735 0.753261 0.079735 0.756522 0.078691 0.759783 0.072772 0.767391 0.07311999999999999 0.771739 0.078691 0.7739130000000001 0.096797 0.7739130000000001 0.100627 0.776087 0.10793900000000001 0.776087 0.115947 0.766304 0.12465200000000001 0.7608699999999999 0.130571 0.752174 0.130919 0.747826 0.130223 0.745652 0.127089 0.743478 0.125 0.73587 0.123607 0.733696 0.11942900000000001 0.732609 0.11734 0.728261 0.116295 0.717391 0.11525099999999999 0.713043 0.11351 0.6913039999999999 0.11351 0.68587 0.112465 0.677174 0.11002799999999999 0.640217 0.10898300000000001 0.609783 0.10724199999999999 0.5956520000000001 0.100627 0.594565 0.098886 0.596739 0.09714500000000001 0.621739 0.09714500000000001 0.6304350000000001
3 0.204039 0.418478 0.209262 0.420652 0.21622599999999997 0.418478 0.215529 0.41413 0.213788 0.41304299999999994 0.21344 0.395652 0.211699 0.376087 0.21065499999999998 0.375 0.209262 0.378261 0.20682499999999998 0.41304299999999994 0.204039 0.418478
3 0.28481900000000004 0.353261 0.28481900000000004 0.343478 0.283426 0.341304 0.282033 0.359783 0.281337 0.363043 0.28656000000000004 0.363043 0.28481900000000004 0.353261
3 0.100627 0.393478 0.100627 0.396739 0.099234 0.397826 0.10027900000000001 0.40217400000000003 0.10793900000000001 0.40217400000000003 0.109331 0.4 0.109331 0.397826 0.108635 0.397826 0.10759099999999999 0.392391 0.10759099999999999 0.386957 0.106546 0.378261 0.106546 0.36739099999999997 0.105501 0.361957 0.103064 0.363043 0.10236799999999999 0.371739 0.10236799999999999 0.38260900000000003 0.100627 0.393478
3 0.221448 0.354348 0.22667099999999998 0.354348 0.22562700000000002 0.348913 0.22562700000000002 0.33587 0.22388599999999997 0.334783 0.22388599999999997 0.338043 0.22284099999999998 0.342391 0.22284099999999998 0.348913 0.221448 0.354348
3 0.190808 0.348913 0.189763 0.343478 0.189415 0.333696 0.188022 0.33260900000000004 0.187326 0.338043 0.187674 0.343478 0.186281 0.348913 0.190808 0.348913
3 0.138579 0.347826 0.142061 0.347826 0.14136500000000002 0.331522 0.140669 0.331522 0.139276 0.338043 0.139624 0.341304 0.138579 0.347826
3 0.065111 0.347826 0.06545999999999999 0.35 0.06928999999999999 0.348913 0.068942 0.336957 0.067549 0.331522 0.066852 0.33260900000000004 0.065808 0.340217 0.066156 0.34565199999999996 0.065111 0.347826
3 0.053273 0.38152200000000003 0.052228 0.376087 0.052577 0.366304 0.05188 0.363043 0.05118399999999999 0.352174 0.048747 0.352174 0.048747 0.386957 0.054666000000000006 0.38587 0.054666000000000006 0.38260900000000003 0.053273 0.38152200000000003
1 0.462744 0.391304 0.46239600000000003 0.394565 0.469359 0.394565 0.469359 0.392391 0.46796699999999997 0.388043 0.46796699999999997 0.379348 0.46726999999999996 0.36847799999999997 0.46657400000000004 0.365217 0.465877 0.365217 0.465181 0.36847799999999997 0.463788 0.390217 0.462744 0.391304