0 0.43837000000000004 0.468478 0.43837000000000004 0.47717400000000004 0.437326 0.483696 0.436281 0.501087 0.435585 0.504348 0.432799 0.503261 0.43071000000000004 0.507609 0.431058 0.5195649999999999 0.43036199999999997 0.5239130000000001 0.431058 0.527174 0.449164 0.526087 0.450905 0.528261 0.456476 0.528261 0.458217 0.521739 0.458217 0.515217 0.457521 0.5108699999999999 0.452298 0.5054350000000001 0.452298 0.496739 0.449164 0.44782599999999995 0.449164 0.43260899999999997 0.448468 0.42934799999999995 0.44777199999999995 0.41086999999999996 0.446727 0.40869600000000006 0.443245 0.407609 0.442201 0.41086999999999996 0.441504 0.430435 0.439415 0.463043 0.43837000000000004 0.468478
0 0.7865599999999999 0.48260899999999995 0.785864 0.48586999999999997 0.786212 0.49347799999999997 0.784471 0.515217 0.780292 0.516304 0.779596 0.518478 0.779248 0.5239130000000001 0.776114 0.5239130000000001 0.775766 0.526087 0.7806409999999999 0.532609 0.787953 0.5380429999999999 0.8084960000000001 0.5380429999999999 0.8084960000000001 0.53587 0.80571 0.5336960000000001 0.803621 0.5239130000000001 0.800139 0.521739 0.799443 0.5195649999999999 0.798747 0.496739 0.797702 0.49130399999999996 0.797006 0.476087 0.797006 0.43260899999999997 0.791783 0.431522 0.790042 0.448913 0.789694 0.45869600000000005 0.787604 0.465217 0.7865599999999999 0.48260899999999995
0 0.623607 0.359783 0.622563 0.365217 0.620822 0.365217 0.619777 0.370652 0.624304 0.375 0.634401 0.375 0.634401 0.372826 0.633357 0.371739 0.633357 0.36847799999999997 0.630919 0.365217 0.629526 0.346739 0.629178 0.319565 0.626741 0.318478 0.626045 0.322826 0.625696 0.333696 0.624652 0.336957 0.623607 0.359783
0 0.433844 0.353261 0.433844 0.357609 0.43697800000000003 0.359783 0.447075 0.359783 0.447423 0.353261 0.44463800000000003 0.35 0.44463800000000003 0.338043 0.443942 0.334783 0.44254899999999997 0.298913 0.44011100000000003 0.29782600000000004 0.437326 0.343478 0.436281 0.35 0.435237 0.35 0.433844 0.353261
0 0.5630219999999999 0.30869599999999997 0.5612809999999999 0.31087 0.5612809999999999 0.31413 0.5696380000000001 0.31521699999999997 0.569986 0.313043 0.568245 0.30869599999999997 0.567897 0.296739 0.5672010000000001 0.29239099999999996 0.5672010000000001 0.278261 0.565808 0.277174 0.564763 0.282609 0.564763 0.28913 0.564067 0.291304 0.5630219999999999 0.30869599999999997
0 0.433496 0.29782600000000004 0.433496 0.302174 0.439415 0.302174 0.439415 0.298913 0.440808 0.296739 0.440808 0.286957 0.44011100000000003 0.283696 0.44011100000000003 0.277174 0.439415 0.276087 0.439415 0.265217 0.43837000000000004 0.263043 0.437326 0.265217 0.435585 0.293478 0.43488899999999997 0.296739 0.433496 0.29782600000000004
0 0.433844 0.272826 0.435585 0.275 0.43662999999999996 0.275 0.43697800000000003 0.265217 0.43802199999999997 0.261957 0.437674 0.24565199999999998 0.436281 0.24565199999999998 0.43488899999999997 0.267391 0.433844 0.270652 0.433844 0.272826
0 0.473538 0.277174 0.471797 0.270652 0.471448 0.251087 0.4711 0.248913 0.47005600000000003 0.248913 0.469359 0.253261 0.46831500000000004 0.271739 0.466922 0.277174 0.473538 0.277174
0 0.502089 0.281522 0.506616 0.281522 0.505223 0.268478 0.505223 0.253261 0.503482 0.252174 0.5027860000000001 0.267391 0.501741 0.277174 0.500696 0.27934800000000004 0.502089 0.281522
0 0.534471 0.275 0.533774 0.25652200000000003 0.53273 0.25652200000000003 0.531685 0.276087 0.530292 0.283696 0.535864 0.284783 0.534471 0.275
4 0.456128 0.26087 0.455084 0.24021699999999999 0.454039 0.244565 0.454039 0.251087 0.452994 0.26087 0.456128 0.26087
4 0.572772 0.25 0.571727 0.267391 0.574164 0.268478 0.573468 0.25 0.572772 0.25
4 0.8238160000000001 0.29782600000000004 0.82312 0.294565 0.8234680000000001 0.281522 0.8217269999999999 0.28586999999999996 0.821031 0.294565 0.821379 0.298913 0.8238160000000001 0.29782600000000004
4 0.9331480000000001 0.321739 0.9327989999999999 0.311957 0.9334960000000001 0.307609 0.9334960000000001 0.302174 0.932103 0.304348 0.930362 0.318478 0.93071 0.321739 0.9331480000000001 0.321739
1 0.44951299999999994 0.606522 0.448816 0.607609 0.448468 0.625 0.44777199999999995 0.628261 0.446379 0.651087 0.445334 0.657609 0.44463800000000003 0.680435 0.442897 0.694565 0.44046 0.733696 0.439763 0.73587 0.43488899999999997 0.738043 0.431058 0.746739 0.43071000000000004 0.757609 0.429666 0.7608699999999999 0.42305000000000004 0.759783 0.420613 0.761957 0.420265 0.765217 0.420961 0.768478 0.42305000000000004 0.7695649999999999 0.425139 0.7739130000000001 0.432103 0.778261 0.435237 0.784783 0.443942 0.791304 0.44812 0.796739 0.452994 0.798913 0.458565 0.798913 0.46344 0.793478 0.466922 0.7923910000000001 0.472841 0.786957 0.475279 0.781522 0.47667099999999996 0.781522 0.47876 0.777174 0.482939 0.7739130000000001 0.48468 0.768478 0.48468 0.765217 0.482939 0.759783 0.47736799999999996 0.7608699999999999 0.47667099999999996 0.75 0.475279 0.745652 0.46901099999999996 0.738043 0.467618 0.723913 0.467618 0.713043 0.466226 0.701087 0.46552899999999997 0.678261 0.46483299999999994 0.671739 0.46483299999999994 0.659783 0.462047 0.627174 0.461003 0.593478 0.460306 0.5913039999999999 0.46065500000000004 0.579348 0.45891400000000004 0.575 0.451602 0.573913 0.450557 0.5771740000000001 0.450905 0.581522 0.44951299999999994 0.6 0.44951299999999994 0.606522
1 0.064415 0.41413 0.063719 0.415217 0.059889000000000005 0.475 0.057103 0.478261 0.055362 0.478261 0.054318 0.481522 0.053969 0.492391 0.05501399999999999 0.49565200000000004 0.057450999999999995 0.49565200000000004 0.060237 0.49891300000000005 0.066156 0.49891300000000005 0.072772 0.496739 0.07311999999999999 0.494565 0.077298 0.492391 0.081476 0.492391 0.086351 0.48804299999999995 0.086351 0.484783 0.085306 0.48260899999999995 0.08565500000000001 0.47717400000000004 0.08460999999999999 0.47391300000000003 0.081476 0.47391300000000003 0.079735 0.46956499999999995 0.078691 0.45 0.077994 0.44782599999999995 0.077646 0.43587 0.074513 0.40108699999999997 0.074513 0.392391 0.07311999999999999 0.38260900000000003 0.07311999999999999 0.377174 0.072075 0.373913 0.068593 0.373913 0.067201 0.375 0.066156 0.378261 0.064415 0.41413