1 0.7193590000000001 0.5913039999999999 0.718315 0.596739 0.717967 0.6054350000000001 0.716574 0.616304 0.716574 0.6195649999999999 0.717967 0.621739 0.715877 0.653261 0.7151810000000001 0.656522 0.713092 0.657609 0.709958 0.6630429999999999 0.7092620000000001 0.6673910000000001 0.7092620000000001 0.679348 0.711003 0.684783 0.712396 0.68587 0.7211000000000001 0.68587 0.739903 0.690217 0.743384 0.688043 0.743384 0.682609 0.74234 0.679348 0.741992 0.665217 0.7395539999999999 0.66087 0.736421 0.659783 0.7322420000000001 0.588043 0.7305010000000001 0.5663039999999999 0.7301529999999999 0.5478259999999999 0.728412 0.545652 0.723886 0.545652 0.7228410000000001 0.554348 0.7211000000000001 0.581522 0.7193590000000001 0.5869570000000001 0.7193590000000001 0.5913039999999999
1 0.628134 0.517391 0.625 0.520652 0.624304 0.526087 0.621866 0.527174 0.623259 0.5293479999999999 0.625348 0.5293479999999999 0.625696 0.531522 0.62883 0.531522 0.630571 0.5336960000000001 0.646936 0.531522 0.646936 0.5293479999999999 0.6444989999999999 0.5293479999999999 0.64415 0.5239130000000001 0.643454 0.521739 0.641713 0.522826 0.64032 0.5195649999999999 0.638928 0.5 0.638579 0.484783 0.6371870000000001 0.47282599999999997 0.636142 0.452174 0.6354460000000001 0.44782599999999995 0.633705 0.44782599999999995 0.632312 0.45 0.630223 0.483696 0.629178 0.48804299999999995 0.629526 0.496739 0.628134 0.517391
1 0.715877 0.375 0.715529 0.388043 0.7134400000000001 0.394565 0.721448 0.394565 0.720056 0.38587 0.720056 0.375 0.7193590000000001 0.371739 0.7193590000000001 0.363043 0.718663 0.36086999999999997 0.717618 0.36086999999999997 0.7169220000000001 0.36413 0.7169220000000001 0.36847799999999997 0.715877 0.375
1 0.700557 0.38152200000000003 0.7071729999999999 0.38152200000000003 0.7057800000000001 0.373913 0.7057800000000001 0.366304 0.704735 0.352174 0.703343 0.352174 0.70195 0.36739099999999997 0.70195 0.375 0.700557 0.378261 0.700557 0.38152200000000003
1 0.6939420000000001 0.365217 0.692897 0.36086999999999997 0.6922010000000001 0.344565 0.690808 0.343478 0.689763 0.359783 0.68837 0.36739099999999997 0.693593 0.36739099999999997 0.6939420000000001 0.365217
1 0.679666 0.356522 0.684192 0.356522 0.683496 0.35108700000000004 0.683148 0.338043 0.681755 0.33587 0.68071 0.343478 0.68071 0.35108700000000004 0.679666 0.354348 0.679666 0.356522
1 0.674791 0.347826 0.673747 0.330435 0.672702 0.330435 0.672006 0.333696 0.671657 0.34565199999999996 0.6709609999999999 0.347826 0.674791 0.347826
1 0.6692199999999999 0.326087 0.6678270000000001 0.326087 0.666783 0.341304 0.670265 0.341304 0.6692199999999999 0.334783 0.6692199999999999 0.326087
1 0.120125 0.388043 0.120125 0.393478 0.118036 0.396739 0.11734 0.40108699999999997 0.128482 0.403261 0.129178 0.40217400000000003 0.129178 0.39891299999999996 0.127786 0.395652 0.127089 0.391304 0.125696 0.363043 0.125 0.359783 0.12291099999999999 0.359783 0.122214 0.370652 0.12117 0.377174 0.12117 0.38260900000000003 0.120125 0.388043
1 0.283426 0.38043499999999997 0.284123 0.390217 0.288997 0.390217 0.289345 0.386957 0.287604 0.38152200000000003 0.286212 0.355435 0.284123 0.354348 0.283078 0.370652 0.282382 0.372826 0.282382 0.379348 0.283426 0.38043499999999997
1 0.370822 0.376087 0.378134 0.376087 0.378134 0.373913 0.377089 0.370652 0.375696 0.346739 0.374304 0.34565199999999996 0.37256300000000003 0.36413 0.37256300000000003 0.36956500000000003 0.37117 0.372826 0.370822 0.376087
1 0.388231 0.35108700000000004 0.388231 0.344565 0.387535 0.341304 0.387535 0.331522 0.385794 0.330435 0.383357 0.356522 0.389276 0.356522 0.389624 0.354348 0.388231 0.35108700000000004
1 0.379875 0.343478 0.37883 0.338043 0.378482 0.323913 0.377089 0.321739 0.376045 0.32717399999999996 0.375696 0.338043 0.374652 0.342391 0.379875 0.343478
1 0.37117 0.334783 0.371866 0.336957 0.375348 0.336957 0.374304 0.323913 0.374304 0.31630400000000003 0.37256300000000003 0.317391 0.37256300000000003 0.32717399999999996 0.371866 0.333696 0.37117 0.334783
1 0.43245100000000003 0.33587 0.431407 0.328261 0.431407 0.318478 0.429666 0.318478 0.42931800000000003 0.330435 0.428273 0.333696 0.428273 0.33587 0.43245100000000003 0.33587
1 0.47736799999999996 0.331522 0.477019 0.320652 0.47597500000000004 0.318478 0.47562699999999997 0.326087 0.47423400000000004 0.334783 0.478064 0.334783 0.47736799999999996 0.331522
3 0.101671 0.454348 0.09992999999999999 0.46087 0.112117 0.46195700000000006 0.118384 0.459783 0.118733 0.457609 0.11734 0.457609 0.11664300000000001 0.453261 0.11525099999999999 0.452174 0.11385799999999999 0.44782599999999995 0.11107199999999999 0.4 0.10759099999999999 0.4 0.10515300000000001 0.428261 0.10376 0.452174 0.103064 0.454348 0.101671 0.454348
3 0.285515 0.541304 0.279596 0.626087 0.27507000000000004 0.631522 0.274025 0.641304 0.270195 0.6445649999999999 0.269847 0.647826 0.272284 0.647826 0.27332900000000004 0.65 0.289345 0.651087 0.293175 0.653261 0.295265 0.652174 0.296657 0.6489130000000001 0.298747 0.6489130000000001 0.304318 0.6445649999999999 0.309192 0.6380429999999999 0.309192 0.6358699999999999 0.305014 0.6358699999999999 0.304318 0.633696 0.303969 0.628261 0.302925 0.626087 0.29979100000000003 0.625 0.299095 0.621739 0.295265 0.567391 0.29422000000000004 0.5586960000000001 0.29213100000000003 0.5239130000000001 0.287604 0.522826 0.28656000000000004 0.5239130000000001 0.285864 0.527174 0.285515 0.541304
3 0.38509699999999997 0.479348 0.38405300000000003 0.492391 0.383008 0.496739 0.381964 0.496739 0.380571 0.503261 0.378482 0.5054350000000001 0.387535 0.508696 0.395543 0.508696 0.401462 0.503261 0.399373 0.502174 0.39798100000000003 0.497826 0.395891 0.497826 0.395195 0.49565200000000004 0.391713 0.433696 0.391017 0.430435 0.388579 0.430435 0.387535 0.43695700000000004 0.387535 0.444565 0.38509699999999997 0.467391 0.38509699999999997 0.479348
3 0.440808 0.40108699999999997 0.44011100000000003 0.404348 0.439067 0.404348 0.438719 0.407609 0.448468 0.40869600000000006 0.448468 0.404348 0.447075 0.404348 0.446379 0.40108699999999997 0.446379 0.384783 0.44463800000000003 0.36847799999999997 0.443245 0.36847799999999997 0.442201 0.371739 0.442201 0.38043499999999997 0.441504 0.38260900000000003 0.440808 0.40108699999999997
3 0.594011 0.407609 0.593315 0.411957 0.5919220000000001 0.411957 0.591574 0.417391 0.602368 0.417391 0.603064 0.415217 0.600279 0.41086999999999996 0.598189 0.373913 0.5961000000000001 0.373913 0.595404 0.379348 0.595404 0.38587 0.5943590000000001 0.392391 0.594011 0.407609
3 0.610724 0.391304 0.618384 0.391304 0.618384 0.38913000000000003 0.616992 0.386957 0.615599 0.36086999999999997 0.614903 0.357609 0.61351 0.357609 0.612465 0.36847799999999997 0.612117 0.38587 0.610724 0.388043 0.610724 0.391304
3 0.619777 0.376087 0.619777 0.373913 0.618733 0.372826 0.618036 0.366304 0.617688 0.352174 0.616643 0.347826 0.615947 0.347826 0.615251 0.357609 0.615947 0.36086999999999997 0.616643 0.376087 0.619777 0.376087
3 0.618384 0.36413 0.62117 0.36413 0.619429 0.355435 0.619081 0.341304 0.618036 0.341304 0.616992 0.344565 0.616992 0.347826 0.618036 0.352174 0.618384 0.36413
3 0.472145 0.354348 0.4711 0.346739 0.47075199999999995 0.33260900000000004 0.469359 0.33260900000000004 0.46796699999999997 0.35108700000000004 0.46726999999999996 0.352174 0.46726999999999996 0.354348 0.472145 0.354348
3 0.5 0.375 0.49930399999999997 0.377174 0.49930399999999997 0.38152200000000003 0.49791100000000005 0.38260900000000003 0.49791100000000005 0.38587 0.505571 0.38587 0.505571 0.383696 0.504178 0.38043499999999997 0.5027860000000001 0.354348 0.501393 0.354348 0.500696 0.356522 0.500696 0.36413 0.5 0.36739099999999997 0.5 0.375
3 0.5104460000000001 0.36739099999999997 0.516017 0.366304 0.514624 0.356522 0.513928 0.341304 0.512535 0.343478 0.511838 0.36086999999999997 0.5104460000000001 0.365217 0.5104460000000001 0.36739099999999997
3 0.503482 0.343478 0.5027860000000001 0.33913000000000004 0.502089 0.325 0.501393 0.325 0.500348 0.331522 0.500348 0.338043 0.49930399999999997 0.342391 0.503482 0.343478
3 0.552228 0.325 0.551184 0.341304 0.553969 0.341304 0.553273 0.325 0.552228 0.325
1 0.73468 0.415217 0.732939 0.41956499999999997 0.733983 0.422826 0.743733 0.422826 0.743384 0.41956499999999997 0.741992 0.417391 0.740947 0.411957 0.740947 0.397826 0.739903 0.392391 0.7395539999999999 0.38043499999999997 0.7378129999999999 0.379348 0.736769 0.391304 0.735724 0.393478 0.735724 0.40108699999999997 0.73468 0.415217
3 0.47771600000000003 0.43695700000000004 0.477019 0.44565200000000005 0.47562699999999997 0.44782599999999995 0.47423400000000004 0.453261 0.48851000000000006 0.453261 0.48851000000000006 0.45 0.487465 0.45 0.48502799999999996 0.44565200000000005 0.48502799999999996 0.43804299999999996 0.483983 0.430435 0.48259100000000005 0.4 0.48015299999999994 0.39891299999999996 0.47910899999999995 0.406522 0.47910899999999995 0.41413 0.47771600000000003 0.42717400000000005 0.47771600000000003 0.43695700000000004
3 0.623607 0.353261 0.622563 0.347826 0.621866 0.33587 0.620474 0.33587 0.620474 0.33913000000000004 0.619777 0.341304 0.619777 0.353261 0.623607 0.353261
3 0.465181 0.33587 0.465181 0.32717399999999996 0.464136 0.326087 0.462047 0.34565199999999996 0.46657400000000004 0.34565199999999996 0.465877 0.343478 0.465181 0.33587
3 0.27890000000000004 0.417391 0.277855 0.421739 0.27681100000000003 0.421739 0.27681100000000003 0.42391300000000004 0.275766 0.425 0.275766 0.42717400000000005 0.287953 0.426087 0.287604 0.421739 0.286212 0.421739 0.285515 0.418478 0.285515 0.411957 0.284123 0.40108699999999997 0.284123 0.391304 0.283426 0.388043 0.283078 0.38043499999999997 0.28064100000000003 0.38043499999999997 0.279944 0.384783 0.279944 0.393478 0.278552 0.411957 0.27890000000000004 0.417391
1 0.6827989999999999 0.46087 0.6963790000000001 0.46195700000000006 0.696031 0.456522 0.6946380000000001 0.45543500000000003 0.693245 0.448913 0.692897 0.426087 0.691504 0.41413 0.691504 0.40543500000000005 0.689415 0.404348 0.6880219999999999 0.40869600000000006 0.685585 0.453261 0.6827989999999999 0.45543500000000003 0.6827989999999999 0.46087