3 0.068942 0.403261 0.075209 0.403261 0.075209 0.4 0.074164 0.39891299999999996 0.073816 0.378261 0.073468 0.376087 0.071727 0.376087 0.071031 0.391304 0.070334 0.396739 0.068942 0.39891299999999996 0.068942 0.403261
3 0.170613 0.47717400000000004 0.170613 0.481522 0.185237 0.481522 0.185237 0.47717400000000004 0.183148 0.47391300000000003 0.182103 0.468478 0.180014 0.422826 0.175836 0.421739 0.175836 0.42934799999999995 0.17304999999999998 0.470652 0.172006 0.475 0.170613 0.47717400000000004
3 0.267758 0.415217 0.267758 0.411957 0.266365 0.41086999999999996 0.266017 0.394565 0.26532 0.388043 0.263928 0.388043 0.263231 0.396739 0.263579 0.41304299999999994 0.264624 0.415217 0.267758 0.415217
3 0.341922 0.615217 0.340877 0.621739 0.337396 0.625 0.337047 0.627174 0.354457 0.634783 0.360724 0.634783 0.36490300000000003 0.6304350000000001 0.372214 0.626087 0.372214 0.622826 0.36977699999999997 0.621739 0.368384 0.616304 0.364206 0.609783 0.357939 0.517391 0.353064 0.517391 0.353064 0.5239130000000001 0.34784099999999996 0.6054350000000001 0.346797 0.609783 0.341922 0.615217
3 0.369429 0.481522 0.381964 0.481522 0.381964 0.47717400000000004 0.380919 0.476087 0.38022300000000003 0.47282599999999997 0.377786 0.42934799999999995 0.375 0.42717400000000005 0.371866 0.47282599999999997 0.370822 0.47717400000000004 0.369429 0.478261 0.369429 0.481522
3 0.381964 0.418478 0.381964 0.415217 0.380919 0.411957 0.38022300000000003 0.395652 0.378482 0.395652 0.378134 0.40543500000000005 0.37639300000000003 0.41413 0.37639300000000003 0.418478 0.381964 0.418478
3 0.461003 0.527174 0.461003 0.5293479999999999 0.459958 0.532609 0.458565 0.5336960000000001 0.458565 0.53587 0.479805 0.53587 0.480501 0.5336960000000001 0.479457 0.532609 0.47876 0.528261 0.47667099999999996 0.526087 0.47562699999999997 0.521739 0.471797 0.46195700000000006 0.468663 0.46087 0.468663 0.46630399999999994 0.464485 0.520652 0.46344 0.525 0.461003 0.527174
3 0.598886 0.428261 0.604805 0.428261 0.604805 0.425 0.6037600000000001 0.42391300000000004 0.602716 0.404348 0.601323 0.404348 0.600627 0.418478 0.59993 0.422826 0.598886 0.425 0.598886 0.428261
3 0.723886 0.43804299999999996 0.723886 0.43478300000000003 0.7228410000000001 0.433696 0.721797 0.411957 0.720056 0.411957 0.7193590000000001 0.431522 0.717618 0.43478300000000003 0.717618 0.43804299999999996 0.723886 0.43804299999999996
3 0.834958 0.448913 0.842967 0.448913 0.842967 0.44565200000000005 0.8415739999999999 0.444565 0.8415739999999999 0.43804299999999996 0.8405290000000001 0.431522 0.8398329999999999 0.41956499999999997 0.838092 0.41956499999999997 0.8370469999999999 0.43804299999999996 0.836351 0.44239100000000003 0.834958 0.44565200000000005 0.834958 0.448913
1 0.857939 0.470652 0.866992 0.470652 0.866992 0.467391 0.865947 0.46630399999999994 0.865947 0.456522 0.865251 0.44782599999999995 0.864206 0.44239100000000003 0.8638579999999999 0.433696 0.8621169999999999 0.43260899999999997 0.860028 0.463043 0.8589829999999999 0.467391 0.857939 0.467391 0.857939 0.470652
1 0.8342620000000001 0.741304 0.827994 0.746739 0.827646 0.752174 0.8269500000000001 0.754348 0.822423 0.757609 0.8220750000000001 0.759783 0.846448 0.786957 0.854109 0.786957 0.8760450000000001 0.780435 0.874652 0.776087 0.8690810000000001 0.767391 0.867688 0.7608699999999999 0.8610720000000001 0.751087 0.860028 0.747826 0.852716 0.620652 0.8443590000000001 0.618478 0.8443590000000001 0.623913 0.840181 0.671739 0.8353059999999999 0.738043 0.8342620000000001 0.741304
1 0.73468 0.557609 0.733287 0.561957 0.733287 0.56413 0.738162 0.570652 0.757312 0.570652 0.754526 0.565217 0.754526 0.56087 0.751393 0.555435 0.7472139999999999 0.48804299999999995 0.743384 0.48695700000000003 0.743384 0.49347799999999997 0.738858 0.552174 0.737465 0.556522 0.73468 0.557609
1 0.761142 0.454348 0.761142 0.459783 0.76915 0.459783 0.76915 0.456522 0.7677579999999999 0.452174 0.7677579999999999 0.444565 0.766713 0.43478300000000003 0.766365 0.42391300000000004 0.764624 0.42391300000000004 0.763579 0.43478300000000003 0.763231 0.446739 0.762535 0.45108699999999996 0.761142 0.454348
1 0.673747 0.44782599999999995 0.681407 0.44782599999999995 0.681407 0.444565 0.6803619999999999 0.443478 0.6803619999999999 0.44021699999999997 0.679666 0.43804299999999996 0.6786209999999999 0.41630399999999995 0.6768799999999999 0.41630399999999995 0.676184 0.42934799999999995 0.6751389999999999 0.43913 0.673747 0.44239100000000003 0.673747 0.44782599999999995
1 0.6556409999999999 0.494565 0.6556409999999999 0.49130399999999996 0.654248 0.48695700000000003 0.653552 0.481522 0.652855 0.465217 0.650766 0.446739 0.650766 0.44021699999999997 0.648677 0.44021699999999997 0.645543 0.483696 0.6427579999999999 0.48913 0.642409 0.494565 0.6556409999999999 0.494565
1 0.577994 0.43913 0.5842620000000001 0.43913 0.5842620000000001 0.43587 0.583217 0.43260899999999997 0.582869 0.41304299999999994 0.5821729999999999 0.409783 0.5807800000000001 0.409783 0.580432 0.420652 0.579387 0.430435 0.577994 0.43478300000000003 0.577994 0.43913
1 0.530989 0.467391 0.541435 0.467391 0.541435 0.46413000000000004 0.540042 0.45869600000000005 0.539694 0.45 0.5383009999999999 0.43913 0.537604 0.42391300000000004 0.535864 0.42391300000000004 0.533774 0.453261 0.5330779999999999 0.45869600000000005 0.530989 0.46413000000000004 0.530989 0.467391
1 0.416435 0.452174 0.426184 0.453261 0.426184 0.45 0.425139 0.45 0.424095 0.443478 0.423398 0.426087 0.422354 0.420652 0.422354 0.415217 0.420265 0.415217 0.41922 0.43695700000000004 0.418175 0.44565200000000005 0.416435 0.448913 0.416435 0.452174
1 0.369081 0.426087 0.369081 0.42934799999999995 0.374652 0.42934799999999995 0.37360699999999997 0.40108699999999997 0.372214 0.40108699999999997 0.37117 0.40869600000000006 0.370474 0.425 0.369081 0.426087
1 0.28481900000000004 0.44782599999999995 0.294568 0.44782599999999995 0.294568 0.444565 0.293175 0.441304 0.292479 0.43260899999999997 0.291435 0.406522 0.289694 0.406522 0.287256 0.43587 0.28481900000000004 0.443478 0.28481900000000004 0.44782599999999995
1 0.259749 0.415217 0.257312 0.422826 0.257312 0.426087 0.26532 0.426087 0.26532 0.422826 0.263928 0.420652 0.263928 0.417391 0.263231 0.415217 0.262535 0.393478 0.26149 0.393478 0.260794 0.403261 0.26009699999999997 0.40543500000000005 0.259749 0.415217
1 0.48015299999999994 0.433696 0.48015299999999994 0.430435 0.47910899999999995 0.430435 0.47771600000000003 0.422826 0.477019 0.40543500000000005 0.47562699999999997 0.40543500000000005 0.474582 0.42934799999999995 0.47318899999999997 0.430435 0.47318899999999997 0.433696 0.48015299999999994 0.433696
1 0.8774369999999999 0.48043500000000006 0.8774369999999999 0.48586999999999997 0.876741 0.48913 0.874652 0.49130399999999996 0.8743040000000001 0.49565200000000004 0.888231 0.49565200000000004 0.888231 0.492391 0.887535 0.492391 0.8861420000000001 0.48586999999999997 0.885097 0.470652 0.8844010000000001 0.467391 0.884053 0.45543500000000003 0.883357 0.452174 0.883357 0.444565 0.8809189999999999 0.444565 0.8791779999999999 0.459783 0.8791779999999999 0.46630399999999994 0.878482 0.475 0.8774369999999999 0.48043500000000006
1 0.148677 0.43804299999999996 0.148677 0.44239100000000003 0.158774 0.44239100000000003 0.158774 0.43913 0.157033 0.43695700000000004 0.157033 0.42934799999999995 0.156337 0.426087 0.154944 0.40108699999999997 0.15285500000000002 0.40108699999999997 0.15285500000000002 0.40869600000000006 0.151462 0.428261 0.150418 0.43478300000000003 0.148677 0.43804299999999996
1 0.138928 0.41956499999999997 0.138928 0.422826 0.148329 0.422826 0.148329 0.41956499999999997 0.146588 0.41413 0.145891 0.393478 0.14519500000000002 0.38913000000000003 0.143454 0.38913000000000003 0.143106 0.39891299999999996 0.14136500000000002 0.41630399999999995 0.140669 0.418478 0.138928 0.41956499999999997