3 0.11385799999999999 0.6010869999999999 0.112465 0.6358699999999999 0.11176900000000001 0.640217 0.11142099999999999 0.652174 0.10968 0.671739 0.10759099999999999 0.7076089999999999 0.10619799999999999 0.7119570000000001 0.10585 0.71087 0.10132300000000001 0.71413 0.09992999999999999 0.719565 0.09992999999999999 0.723913 0.098189 0.729348 0.095752 0.732609 0.095752 0.7369570000000001 0.104457 0.738043 0.127786 0.73587 0.134749 0.729348 0.136142 0.7260869999999999 0.14032 0.723913 0.141017 0.721739 0.143454 0.719565 0.145543 0.71413 0.144847 0.7119570000000001 0.14136500000000002 0.709783 0.138928 0.703261 0.134053 0.7021740000000001 0.132312 0.696739 0.130223 0.670652 0.129178 0.665217 0.12883 0.653261 0.127437 0.642391 0.127437 0.634783 0.125696 0.622826 0.125348 0.609783 0.124304 0.602174 0.123607 0.58913 0.121866 0.580435 0.118733 0.579348 0.115947 0.581522 0.11525099999999999 0.583696 0.11385799999999999 0.6010869999999999
3 0.172702 0.515217 0.172702 0.520652 0.170961 0.53587 0.170961 0.53913 0.172006 0.5423910000000001 0.171657 0.552174 0.170613 0.559783 0.169568 0.563043 0.167827 0.56413 0.166086 0.568478 0.166086 0.575 0.167827 0.578261 0.176532 0.5771740000000001 0.178621 0.575 0.188022 0.575 0.190808 0.572826 0.191156 0.570652 0.189415 0.561957 0.18836999999999998 0.559783 0.18663000000000002 0.559783 0.185237 0.553261 0.183844 0.540217 0.180362 0.484783 0.179318 0.48260899999999995 0.175836 0.483696 0.174791 0.48804299999999995 0.174443 0.511957 0.173747 0.515217 0.172702 0.515217
3 0.200209 0.470652 0.200209 0.478261 0.199164 0.483696 0.197075 0.48586999999999997 0.197075 0.490217 0.21030600000000002 0.490217 0.212744 0.48695700000000003 0.212047 0.48260899999999995 0.209262 0.478261 0.208217 0.45869600000000005 0.20682499999999998 0.44565200000000005 0.20647600000000002 0.43260899999999997 0.205432 0.42934799999999995 0.20299399999999998 0.430435 0.202298 0.433696 0.20090499999999997 0.465217 0.200209 0.470652
3 0.255571 0.45108699999999996 0.255571 0.454348 0.26532 0.45543500000000003 0.266365 0.452174 0.264624 0.446739 0.263579 0.42391300000000004 0.262883 0.420652 0.262883 0.411957 0.262187 0.409783 0.259749 0.409783 0.25905300000000003 0.41413 0.25766 0.446739 0.256616 0.45108699999999996 0.255571 0.45108699999999996
3 0.35933099999999996 0.418478 0.357939 0.422826 0.357939 0.425 0.366643 0.425 0.366643 0.421739 0.365251 0.418478 0.364554 0.41413 0.364554 0.406522 0.363162 0.390217 0.360724 0.38913000000000003 0.360724 0.397826 0.360028 0.40543500000000005 0.35933099999999996 0.407609 0.35933099999999996 0.418478
3 0.913649 0.390217 0.920265 0.391304 0.918524 0.38043499999999997 0.917827 0.36847799999999997 0.916783 0.36739099999999997 0.915042 0.378261 0.91539 0.38587 0.914345 0.386957 0.913649 0.390217
3 0.832173 0.386957 0.8304320000000001 0.370652 0.8304320000000001 0.36413 0.8290390000000001 0.36413 0.827994 0.372826 0.827994 0.38043499999999997 0.826602 0.38587 0.832173 0.386957
3 0.76149 0.386957 0.76149 0.384783 0.7604460000000001 0.383696 0.758705 0.36413 0.758008 0.36413 0.756616 0.373913 0.756616 0.38152200000000003 0.755571 0.386957 0.76149 0.386957
3 0.672354 0.388043 0.6709609999999999 0.384783 0.669916 0.366304 0.668524 0.365217 0.6674789999999999 0.377174 0.6674789999999999 0.384783 0.666435 0.38913000000000003 0.672354 0.388043
3 0.588788 0.390217 0.587744 0.383696 0.588092 0.378261 0.587047 0.372826 0.587047 0.366304 0.585655 0.365217 0.58461 0.373913 0.5842620000000001 0.388043 0.583217 0.390217 0.588788 0.390217
3 0.526114 0.395652 0.530989 0.395652 0.529596 0.386957 0.5288999999999999 0.372826 0.528203 0.36956500000000003 0.5275070000000001 0.36956500000000003 0.526462 0.383696 0.526462 0.391304 0.525766 0.393478 0.526114 0.395652
3 0.44777199999999995 0.403261 0.44777199999999995 0.40543500000000005 0.453343 0.40543500000000005 0.45369099999999996 0.403261 0.454387 0.403261 0.453343 0.40108699999999997 0.452994 0.391304 0.451602 0.376087 0.450557 0.376087 0.449861 0.379348 0.449164 0.39891299999999996 0.44777199999999995 0.403261
3 0.301532 0.383696 0.301532 0.375 0.300487 0.36956500000000003 0.299443 0.36956500000000003 0.298398 0.384783 0.297702 0.388043 0.302577 0.388043 0.301532 0.383696
3 0.255919 0.40217400000000003 0.256616 0.4 0.255571 0.39891299999999996 0.255571 0.390217 0.254526 0.38043499999999997 0.253134 0.379348 0.25243699999999997 0.384783 0.252089 0.396739 0.251045 0.40217400000000003 0.255919 0.40217400000000003
3 0.19812000000000002 0.411957 0.197423 0.411957 0.196379 0.407609 0.196031 0.394565 0.194638 0.388043 0.192897 0.388043 0.192201 0.404348 0.190808 0.41413 0.197772 0.41413 0.19812000000000002 0.411957
3 0.229109 0.36847799999999997 0.228064 0.365217 0.226323 0.38260900000000003 0.23050099999999998 0.38260900000000003 0.22945700000000002 0.378261 0.229109 0.36847799999999997
3 0.104805 0.42934799999999995 0.11281300000000001 0.42934799999999995 0.11281300000000001 0.42717400000000005 0.11176900000000001 0.425 0.110724 0.418478 0.112465 0.417391 0.112117 0.411957 0.11142099999999999 0.411957 0.110376 0.40869600000000006 0.10968 0.4 0.108635 0.397826 0.10793900000000001 0.4 0.106894 0.418478 0.104805 0.42717400000000005 0.104805 0.42934799999999995
3 0.137883 0.36739099999999997 0.136838 0.36739099999999997 0.135097 0.383696 0.139276 0.384783 0.138579 0.371739 0.137883 0.36739099999999997
3 0.187326 0.38152200000000003 0.186281 0.376087 0.186281 0.36956500000000003 0.184889 0.366304 0.184192 0.370652 0.184192 0.376087 0.185933 0.38152200000000003 0.187326 0.38152200000000003
3 0.278203 0.395652 0.278203 0.393478 0.277507 0.392391 0.277507 0.38587 0.275418 0.375 0.273677 0.388043 0.273677 0.392391 0.272632 0.394565 0.278203 0.395652
3 0.274373 0.378261 0.275766 0.373913 0.27507000000000004 0.365217 0.274025 0.366304 0.27298100000000003 0.38260900000000003 0.274025 0.38260900000000003 0.274373 0.378261
1 0.902855 0.40217400000000003 0.9014620000000001 0.394565 0.9004179999999999 0.377174 0.8997210000000001 0.373913 0.899025 0.373913 0.897632 0.38152200000000003 0.897284 0.39891299999999996 0.895543 0.40108699999999997 0.902855 0.40217400000000003
1 0.840181 0.4 0.8387879999999999 0.391304 0.837744 0.372826 0.836351 0.372826 0.835655 0.375 0.835655 0.379348 0.8335649999999999 0.39891299999999996 0.840181 0.4
1 0.622911 0.40869600000000006 0.622911 0.406522 0.621518 0.404348 0.620125 0.378261 0.618733 0.377174 0.616643 0.40543500000000005 0.615599 0.406522 0.615599 0.40869600000000006 0.622911 0.40869600000000006
1 0.6869780000000001 0.634783 0.684889 0.642391 0.6862809999999999 0.651087 0.684192 0.6673910000000001 0.682103 0.698913 0.6803619999999999 0.706522 0.675836 0.709783 0.674443 0.71413 0.674443 0.7206520000000001 0.672006 0.721739 0.672006 0.723913 0.674443 0.729348 0.681407 0.733696 0.687326 0.741304 0.692549 0.745652 0.6963790000000001 0.745652 0.713788 0.734783 0.715529 0.731522 0.7151810000000001 0.729348 0.7134400000000001 0.728261 0.712744 0.7260869999999999 0.711351 0.7260869999999999 0.710655 0.723913 0.710655 0.718478 0.70961 0.715217 0.705084 0.7119570000000001 0.7040390000000001 0.708696 0.7040390000000001 0.705435 0.702994 0.7 0.70195 0.680435 0.700905 0.675 0.700905 0.661957 0.699164 0.640217 0.6995129999999999 0.632609 0.698468 0.623913 0.697423 0.58587 0.696031 0.5826089999999999 0.6904600000000001 0.5826089999999999 0.689415 0.588043 0.689415 0.596739 0.687326 0.622826 0.6869780000000001 0.634783
1 0.480501 0.496739 0.479457 0.501087 0.47771600000000003 0.502174 0.475279 0.508696 0.479457 0.5130429999999999 0.495822 0.511957 0.494081 0.508696 0.493384 0.503261 0.49199200000000004 0.502174 0.49094699999999997 0.49891300000000005 0.49025100000000005 0.49347799999999997 0.490599 0.48695700000000003 0.493384 0.48695700000000003 0.494081 0.483696 0.49303600000000003 0.470652 0.488858 0.470652 0.488858 0.46195700000000006 0.487465 0.45108699999999996 0.487465 0.443478 0.486421 0.441304 0.48433099999999996 0.441304 0.482939 0.454348 0.482939 0.46195700000000006 0.481546 0.475 0.480501 0.496739
1 0.448816 0.452174 0.458565 0.454348 0.46065500000000004 0.45 0.46065500000000004 0.446739 0.459262 0.446739 0.458217 0.443478 0.456128 0.404348 0.454387 0.404348 0.453343 0.40869600000000006 0.451602 0.443478 0.449861 0.446739 0.448816 0.452174
1 0.520891 0.426087 0.528552 0.426087 0.5288999999999999 0.422826 0.5271589999999999 0.418478 0.52507 0.38913000000000003 0.5229809999999999 0.388043 0.522284 0.394565 0.5212399999999999 0.420652 0.520195 0.422826 0.520891 0.426087
1 0.947423 0.42717400000000005 0.94812 0.428261 0.9467269999999999 0.44021699999999997 0.9453340000000001 0.441304 0.9449859999999999 0.444565 0.950905 0.444565 0.950905 0.407609 0.949861 0.409783 0.949164 0.41630399999999995 0.947772 0.420652 0.947423 0.42717400000000005
1 0.947772 0.41304299999999994 0.946031 0.418478 0.9453340000000001 0.418478 0.9453340000000001 0.421739 0.947423 0.421739 0.9488160000000001 0.41630399999999995 0.9495129999999999 0.409783 0.950905 0.406522 0.950905 0.388043 0.9488160000000001 0.390217 0.9484680000000001 0.407609 0.947772 0.409783 0.947772 0.41304299999999994
1 0.191156 0.391304 0.192549 0.391304 0.192549 0.388043 0.193593 0.384783 0.195334 0.390217 0.196379 0.390217 0.195334 0.38587 0.194638 0.372826 0.192897 0.372826 0.192897 0.377174 0.192201 0.379348 0.192549 0.384783 0.191156 0.391304
1 0.081476 0.392391 0.081476 0.390217 0.08077999999999999 0.388043 0.080432 0.38043499999999997 0.079387 0.375 0.078343 0.390217 0.077646 0.392391 0.080432 0.393478 0.081476 0.392391
0 0.207521 0.355435 0.20647600000000002 0.354348 0.205432 0.371739 0.208914 0.371739 0.208217 0.359783 0.207521 0.355435
1 0.743384 0.404348 0.743384 0.40217400000000003 0.741992 0.40108699999999997 0.740599 0.375 0.7395539999999999 0.373913 0.73851 0.377174 0.737465 0.397826 0.736072 0.404348 0.743384 0.404348
1 0.214833 0.391304 0.21344 0.375 0.212047 0.375 0.211351 0.391304 0.21065499999999998 0.393478 0.21448499999999998 0.394565 0.214833 0.391304
1 0.181407 0.39891299999999996 0.18663000000000002 0.39891299999999996 0.185585 0.393478 0.185237 0.38043499999999997 0.18453999999999998 0.377174 0.183496 0.377174 0.183148 0.383696 0.182451 0.38587 0.182103 0.396739 0.181407 0.39891299999999996
1 0.143802 0.386957 0.143106 0.384783 0.142758 0.372826 0.141017 0.371739 0.140669 0.38152200000000003 0.139624 0.390217 0.143454 0.390217 0.143802 0.386957
1 0.110724 0.40869600000000006 0.11142099999999999 0.41086999999999996 0.11385799999999999 0.411957 0.11281300000000001 0.409783 0.11142099999999999 0.396739 0.11142099999999999 0.390217 0.11002799999999999 0.388043 0.109331 0.390217 0.109331 0.397826 0.11002799999999999 0.4 0.110724 0.40869600000000006