3 0.216922 0.8206519999999999 0.213092 0.8304349999999999 0.21239599999999997 0.834783 0.21239599999999997 0.846739 0.261142 0.846739 0.264624 0.8293480000000001 0.264624 0.825 0.259401 0.817391 0.258705 0.8141299999999999 0.25766 0.8141299999999999 0.256964 0.8119569999999999 0.253134 0.8130430000000001 0.251741 0.809783 0.251741 0.8021739999999999 0.24860699999999997 0.768478 0.247911 0.75 0.247214 0.743478 0.24651800000000001 0.742391 0.24651800000000001 0.728261 0.24547400000000003 0.718478 0.24373300000000003 0.709783 0.239554 0.6543479999999999 0.23154599999999997 0.6543479999999999 0.230153 0.657609 0.221448 0.815217 0.220752 0.818478 0.216922 0.8206519999999999
3 0.322772 0.48695700000000003 0.322772 0.49347799999999997 0.320334 0.525 0.31928999999999996 0.5293479999999999 0.31754899999999997 0.532609 0.316852 0.541304 0.31511100000000003 0.546739 0.335306 0.546739 0.33843999999999996 0.541304 0.33843999999999996 0.53913 0.337047 0.536957 0.337047 0.531522 0.333914 0.530435 0.333217 0.527174 0.332173 0.5054350000000001 0.331476 0.49891300000000005 0.33286899999999997 0.49565200000000004 0.33286899999999997 0.492391 0.331128 0.48695700000000003 0.32903899999999997 0.46087 0.324513 0.46087 0.324164 0.46413000000000004 0.324861 0.46630399999999994 0.324164 0.46956499999999995 0.322772 0.48695700000000003
3 0.341226 0.42717400000000005 0.35167099999999996 0.428261 0.35167099999999996 0.42391300000000004 0.349582 0.421739 0.348886 0.41413 0.348886 0.40108699999999997 0.34784099999999996 0.396739 0.34784099999999996 0.386957 0.345752 0.386957 0.34435899999999997 0.4 0.343315 0.420652 0.341922 0.422826 0.341226 0.42717400000000005
3 0.41713100000000003 0.404348 0.415042 0.40869600000000006 0.423747 0.40869600000000006 0.423747 0.406522 0.422006 0.403261 0.421657 0.386957 0.420613 0.38152200000000003 0.420613 0.375 0.418872 0.375 0.41782700000000006 0.386957 0.41782700000000006 0.393478 0.41713100000000003 0.396739 0.41713100000000003 0.404348
3 0.491643 0.390217 0.490599 0.4 0.497563 0.4 0.497563 0.396739 0.49617000000000006 0.393478 0.494777 0.36956500000000003 0.493384 0.378261 0.49234 0.379348 0.491643 0.38260900000000003 0.491643 0.390217
1 0.5229809999999999 0.42391300000000004 0.522632 0.428261 0.53273 0.42934799999999995 0.5330779999999999 0.422826 0.531685 0.422826 0.530989 0.417391 0.53273 0.41304299999999994 0.53273 0.41086999999999996 0.529944 0.403261 0.529248 0.388043 0.5271589999999999 0.388043 0.526462 0.391304 0.52507 0.40869600000000006 0.524721 0.420652 0.5229809999999999 0.42391300000000004
3 0.559889 0.394565 0.566852 0.394565 0.566852 0.391304 0.565808 0.390217 0.565808 0.376087 0.564763 0.371739 0.564763 0.36739099999999997 0.5630219999999999 0.366304 0.5619780000000001 0.376087 0.562326 0.384783 0.560237 0.391304 0.559889 0.394565
3 0.633357 0.394565 0.639276 0.394565 0.639624 0.390217 0.637883 0.383696 0.637535 0.36847799999999997 0.636142 0.366304 0.6354460000000001 0.36847799999999997 0.634749 0.383696 0.633705 0.388043 0.633357 0.394565
3 0.720752 0.392391 0.720752 0.395652 0.727716 0.395652 0.727716 0.393478 0.726671 0.390217 0.726323 0.38152200000000003 0.7245820000000001 0.36739099999999997 0.723189 0.36847799999999997 0.7224929999999999 0.388043 0.721448 0.392391 0.720752 0.392391
1 0.7865599999999999 0.421739 0.794568 0.422826 0.794916 0.417391 0.793524 0.41413 0.793524 0.404348 0.7928270000000001 0.40217400000000003 0.791783 0.388043 0.789694 0.386957 0.788997 0.388043 0.7883009999999999 0.41630399999999995 0.786908 0.417391 0.7865599999999999 0.421739
3 0.862465 0.404348 0.8708220000000001 0.404348 0.8708220000000001 0.40217400000000003 0.8690810000000001 0.396739 0.868733 0.38587 0.867688 0.38260900000000003 0.867688 0.378261 0.866992 0.377174 0.866992 0.373913 0.866295 0.373913 0.864903 0.38260900000000003 0.864206 0.397826 0.862465 0.40108699999999997 0.862465 0.404348
1 0.88649 0.430435 0.8844010000000001 0.43478300000000003 0.884053 0.43913 0.896588 0.43913 0.895891 0.43478300000000003 0.893802 0.431522 0.891713 0.39891299999999996 0.8910170000000001 0.396739 0.888579 0.396739 0.888231 0.406522 0.886838 0.417391 0.886838 0.42717400000000005 0.88649 0.430435
0 0.6981200000000001 0.34565199999999996 0.697075 0.34565199999999996 0.6956819999999999 0.358696 0.6995129999999999 0.358696 0.698468 0.355435 0.6981200000000001 0.34565199999999996
0 0.723886 0.34565199999999996 0.723189 0.34565199999999996 0.721797 0.358696 0.725279 0.358696 0.724234 0.352174 0.723886 0.34565199999999996
1 0.5483979999999999 0.457609 0.547702 0.459783 0.546309 0.459783 0.546309 0.463043 0.544916 0.46413000000000004 0.544916 0.467391 0.559889 0.46630399999999994 0.559192 0.459783 0.5577989999999999 0.459783 0.556407 0.45543500000000003 0.5543180000000001 0.415217 0.551532 0.415217 0.551532 0.420652 0.549095 0.443478 0.5483979999999999 0.457609
1 0.600279 0.41086999999999996 0.5995820000000001 0.41413 0.608983 0.415217 0.608983 0.411957 0.608287 0.411957 0.6072420000000001 0.40869600000000006 0.60585 0.38152200000000003 0.6037600000000001 0.38043499999999997 0.603412 0.393478 0.602716 0.394565 0.6020190000000001 0.409783 0.600279 0.41086999999999996
1 0.642061 0.49565200000000004 0.640669 0.5130429999999999 0.640669 0.521739 0.639624 0.525 0.636142 0.527174 0.636142 0.531522 0.633357 0.5336960000000001 0.633357 0.53587 0.645195 0.541304 0.651462 0.541304 0.655989 0.5380429999999999 0.658426 0.5380429999999999 0.658426 0.53587 0.655989 0.534783 0.655292 0.5293479999999999 0.6521589999999999 0.525 0.6521589999999999 0.517391 0.651114 0.511957 0.651114 0.501087 0.6504179999999999 0.497826 0.6504179999999999 0.48804299999999995 0.648329 0.465217 0.648677 0.45869600000000005 0.647284 0.456522 0.645543 0.456522 0.6444989999999999 0.463043 0.6444989999999999 0.46956499999999995 0.642409 0.48260899999999995 0.642061 0.49565200000000004
1 0.805362 0.5869570000000001 0.803621 0.584783 0.803621 0.588043 0.802577 0.58913 0.802577 0.594565 0.803621 0.597826 0.803621 0.6 0.8029249999999999 0.6010869999999999 0.803621 0.6054350000000001 0.802228 0.606522 0.8029249999999999 0.6119570000000001 0.80188 0.616304 0.80188 0.623913 0.802577 0.625 0.80188 0.631522 0.80188 0.641304 0.800836 0.6543479999999999 0.797006 0.657609 0.794916 0.657609 0.793872 0.659783 0.794916 0.661957 0.7942199999999999 0.66413 0.794568 0.6673910000000001 0.793872 0.669565 0.792131 0.669565 0.789345 0.6728259999999999 0.7907379999999999 0.675 0.7928270000000001 0.675 0.793872 0.678261 0.79805 0.678261 0.8064069999999999 0.6836960000000001 0.8116300000000001 0.684783 0.8189420000000001 0.690217 0.822772 0.68587 0.8255570000000001 0.68587 0.8290390000000001 0.680435 0.832173 0.679348 0.832173 0.676087 0.829735 0.675 0.827994 0.670652 0.827994 0.6673910000000001 0.8269500000000001 0.665217 0.824164 0.6630429999999999 0.822423 0.6586960000000001 0.821031 0.657609 0.821031 0.631522 0.8189420000000001 0.6054350000000001 0.8189420000000001 0.598913 0.819638 0.596739 0.8199859999999999 0.5869570000000001 0.817897 0.584783 0.8172010000000001 0.573913 0.8165039999999999 0.571739 0.8165039999999999 0.561957 0.815808 0.56087 0.815808 0.553261 0.8133699999999999 0.55 0.8081480000000001 0.55 0.807103 0.569565 0.8060579999999999 0.5771740000000001 0.8060579999999999 0.583696 0.805362 0.5869570000000001
1 0.693245 0.41086999999999996 0.6922010000000001 0.411957 0.6922010000000001 0.415217 0.700209 0.415217 0.700209 0.411957 0.699164 0.41086999999999996 0.699164 0.39891299999999996 0.698468 0.391304 0.697772 0.390217 0.697772 0.38587 0.697075 0.38152200000000003 0.6956819999999999 0.38152200000000003 0.6956819999999999 0.38587 0.6939420000000001 0.396739 0.6939420000000001 0.407609 0.693245 0.41086999999999996
0 0.672354 0.344565 0.671309 0.343478 0.670265 0.348913 0.669916 0.358696 0.6733979999999999 0.358696 0.672354 0.344565
3 0.331128 0.48260899999999995 0.33669899999999997 0.48260899999999995 0.33843999999999996 0.478261 0.33843999999999996 0.47391300000000003 0.337396 0.471739 0.336003 0.471739 0.334262 0.46195700000000006 0.333217 0.448913 0.333217 0.43913 0.332173 0.420652 0.329387 0.420652 0.327298 0.444565 0.326602 0.459783 0.329387 0.46087 0.331128 0.48260899999999995