3 0.30745100000000003 0.825 0.349582 0.825 0.354457 0.816304 0.354457 0.806522 0.353412 0.796739 0.35201899999999997 0.7923910000000001 0.349234 0.776087 0.34784099999999996 0.772826 0.34435899999999997 0.7695649999999999 0.343663 0.766304 0.333217 0.622826 0.33077999999999996 0.620652 0.323468 0.621739 0.314067 0.772826 0.305362 0.791304 0.30571000000000004 0.818478 0.30745100000000003 0.825
3 0.424443 0.383696 0.43071000000000004 0.383696 0.43071000000000004 0.38043499999999997 0.42931800000000003 0.377174 0.428621 0.36086999999999997 0.427925 0.357609 0.42688 0.357609 0.426532 0.370652 0.42548700000000006 0.377174 0.424443 0.379348 0.424443 0.383696
3 0.49094699999999997 0.376087 0.48955399999999993 0.370652 0.489206 0.358696 0.48851000000000006 0.357609 0.48851000000000006 0.354348 0.487465 0.354348 0.48676899999999995 0.372826 0.485724 0.379348 0.49094699999999997 0.379348 0.49094699999999997 0.376087
3 0.546309 0.355435 0.545265 0.355435 0.544916 0.365217 0.543524 0.378261 0.54805 0.378261 0.546309 0.355435
3 0.608287 0.373913 0.607591 0.357609 0.606546 0.357609 0.604805 0.38043499999999997 0.609331 0.38043499999999997 0.609331 0.377174 0.608287 0.373913
3 0.683844 0.384783 0.683844 0.38152200000000003 0.6827989999999999 0.377174 0.682451 0.366304 0.681755 0.361957 0.68071 0.361957 0.6803619999999999 0.376087 0.6786209999999999 0.38152200000000003 0.6786209999999999 0.384783 0.683844 0.384783
1 0.8245129999999999 0.6728259999999999 0.822423 0.6728259999999999 0.820682 0.675 0.833914 0.695652 0.86351 0.697826 0.8586349999999999 0.690217 0.857939 0.688043 0.857939 0.680435 0.851671 0.668478 0.847493 0.565217 0.8408770000000001 0.563043 0.831476 0.66087 0.830084 0.66413 0.825905 0.666304 0.8245129999999999 0.6728259999999999
1 0.940808 0.48043500000000006 0.9404600000000001 0.484783 0.950905 0.48586999999999997 0.950905 0.43260899999999997 0.9484680000000001 0.43260899999999997 0.9453340000000001 0.471739 0.9439420000000001 0.47717400000000004 0.940808 0.48043500000000006
1 0.7287600000000001 0.404348 0.7287600000000001 0.40108699999999997 0.727368 0.394565 0.726671 0.377174 0.72493 0.376087 0.724234 0.395652 0.7228410000000001 0.40108699999999997 0.7228410000000001 0.404348 0.7287600000000001 0.404348
1 0.655292 0.502174 0.654248 0.506522 0.653203 0.506522 0.652855 0.508696 0.660515 0.511957 0.6733979999999999 0.5108699999999999 0.672006 0.507609 0.671657 0.504348 0.668872 0.5 0.6657379999999999 0.443478 0.661908 0.44239100000000003 0.661908 0.448913 0.6580779999999999 0.496739 0.657033 0.501087 0.655292 0.502174
1 0.649025 0.396739 0.654944 0.396739 0.654944 0.393478 0.653552 0.390217 0.653203 0.371739 0.651462 0.370652 0.651114 0.379348 0.65007 0.390217 0.649025 0.392391 0.649025 0.396739
1 0.583217 0.456522 0.5866990000000001 0.456522 0.589136 0.45869600000000005 0.596448 0.45869600000000005 0.596448 0.45543500000000003 0.594011 0.448913 0.593315 0.443478 0.59227 0.422826 0.591574 0.418478 0.591574 0.407609 0.591226 0.40543500000000005 0.589136 0.40543500000000005 0.586351 0.43913 0.586351 0.446739 0.583565 0.452174 0.583217 0.456522
1 0.573816 0.393478 0.579387 0.393478 0.577646 0.365217 0.5766020000000001 0.365217 0.575557 0.38152200000000003 0.573816 0.38913000000000003 0.573816 0.393478
1 0.527855 0.418478 0.527855 0.421739 0.536908 0.421739 0.536908 0.418478 0.535515 0.417391 0.535515 0.40869600000000006 0.534123 0.395652 0.533774 0.383696 0.532033 0.383696 0.531685 0.396739 0.5306409999999999 0.403261 0.530292 0.411957 0.527855 0.418478
1 0.51149 0.39891299999999996 0.518802 0.39891299999999996 0.518802 0.395652 0.517409 0.391304 0.516017 0.36739099999999997 0.514624 0.36739099999999997 0.513231 0.391304 0.512535 0.394565 0.51149 0.395652 0.51149 0.39891299999999996
3 0.373955 0.527174 0.37360699999999997 0.536957 0.39415 0.536957 0.393106 0.526087 0.39066900000000004 0.521739 0.389972 0.517391 0.386142 0.457609 0.38509699999999997 0.453261 0.382312 0.453261 0.38126699999999997 0.46195700000000006 0.377786 0.518478 0.376741 0.522826 0.373955 0.527174
3 0.378134 0.452174 0.39032 0.452174 0.39032 0.44565200000000005 0.388579 0.444565 0.387883 0.441304 0.384749 0.4 0.383008 0.4 0.382312 0.40217400000000003 0.38022300000000003 0.441304 0.378134 0.44782599999999995 0.378134 0.452174
3 0.36873300000000003 0.421739 0.378134 0.420652 0.378134 0.417391 0.377089 0.417391 0.37639300000000003 0.41413 0.37639300000000003 0.406522 0.375696 0.40217400000000003 0.374652 0.38152200000000003 0.37256300000000003 0.38152200000000003 0.37117 0.40869600000000006 0.370474 0.41304299999999994 0.36873300000000003 0.417391 0.36873300000000003 0.421739
3 0.36977699999999997 0.393478 0.371866 0.392391 0.371866 0.38587 0.37256300000000003 0.38043499999999997 0.375348 0.379348 0.375348 0.376087 0.374304 0.370652 0.373955 0.36086999999999997 0.372911 0.36086999999999997 0.372214 0.36413 0.371866 0.379348 0.36977699999999997 0.393478
3 0.793524 0.392391 0.793872 0.383696 0.794568 0.38260900000000003 0.795265 0.377174 0.794568 0.36956500000000003 0.793524 0.36956500000000003 0.791086 0.394565 0.7924789999999999 0.394565 0.793524 0.392391
3 0.870474 0.406522 0.87117 0.41086999999999996 0.874652 0.41086999999999996 0.874652 0.407609 0.873259 0.406522 0.871866 0.38152200000000003 0.8708220000000001 0.38152200000000003 0.870474 0.386957 0.868733 0.396739 0.868733 0.40543500000000005 0.870474 0.406522
1 0.8638579999999999 0.448913 0.875 0.448913 0.875 0.444565 0.8743040000000001 0.44239100000000003 0.873259 0.44239100000000003 0.8725630000000001 0.43804299999999996 0.8708220000000001 0.40869600000000006 0.867688 0.406522 0.866643 0.433696 0.865947 0.43913 0.864206 0.44239100000000003 0.8638579999999999 0.448913
1 0.791086 0.41630399999999995 0.799095 0.417391 0.799095 0.41413 0.797354 0.406522 0.796309 0.383696 0.7942199999999999 0.383696 0.793175 0.407609 0.792131 0.411957 0.791086 0.41304299999999994 0.791086 0.41630399999999995