2 0.893802 0.76413 0.8931060000000001 0.768478 0.8906689999999999 0.7739130000000001 0.8906689999999999 0.778261 0.8889279999999999 0.791304 0.8889279999999999 0.795652 0.888231 0.796739 0.888231 0.8021739999999999 0.887535 0.8043480000000001 0.884749 0.836957 0.883705 0.8423909999999999 0.883705 0.846739 0.918175 0.846739 0.917827 0.8130430000000001 0.917131 0.806522 0.917131 0.796739 0.914345 0.778261 0.914345 0.7695649999999999 0.91539 0.766304 0.91539 0.747826 0.913649 0.742391 0.912604 0.742391 0.911908 0.740217 0.905292 0.738043 0.9049440000000001 0.73587 0.896936 0.733696 0.895543 0.73587 0.893802 0.741304 0.893802 0.745652 0.8931060000000001 0.746739 0.893802 0.76413
2 0.585306 0.556522 0.583217 0.56413 0.5825210000000001 0.576087 0.581128 0.5869570000000001 0.580084 0.606522 0.577298 0.629348 0.576253 0.646739 0.5731200000000001 0.675 0.5731200000000001 0.681522 0.572423 0.6836960000000001 0.572423 0.692391 0.571031 0.705435 0.5706819999999999 0.7163039999999999 0.5696380000000001 0.722826 0.56929 0.733696 0.567897 0.742391 0.567549 0.751087 0.5654600000000001 0.768478 0.564415 0.7880429999999999 0.562326 0.8054349999999999 0.5619780000000001 0.8206519999999999 0.559889 0.840217 0.559889 0.846739 0.6072420000000001 0.846739 0.6072420000000001 0.825 0.606546 0.8206519999999999 0.60585 0.798913 0.6051529999999999 0.793478 0.6037600000000001 0.713043 0.602716 0.7076089999999999 0.602368 0.684783 0.601671 0.679348 0.601323 0.655435 0.600279 0.6380429999999999 0.600627 0.631522 0.5995820000000001 0.581522 0.598886 0.5771740000000001 0.598886 0.571739 0.5974929999999999 0.563043 0.598189 0.555435 0.598189 0.543478 0.596448 0.53913 0.594011 0.536957 0.586351 0.53587 0.585306 0.53913 0.585306 0.556522
0 0.172702 0.328261 0.172702 0.331522 0.173398 0.334783 0.187326 0.334783 0.18663000000000002 0.328261 0.184192 0.326087 0.181755 0.278261 0.178969 0.277174 0.178273 0.281522 0.177577 0.302174 0.175487 0.32717399999999996 0.172702 0.328261
0 0.140669 0.282609 0.149721 0.282609 0.149373 0.278261 0.147632 0.275 0.14623999999999998 0.24239099999999997 0.143802 0.243478 0.141713 0.276087 0.139276 0.277174 0.139276 0.27934800000000004 0.140669 0.282609
0 0.129178 0.254348 0.129178 0.252174 0.127786 0.25 0.126393 0.22282600000000002 0.12465200000000001 0.22282600000000002 0.12291099999999999 0.25 0.121866 0.251087 0.121866 0.253261 0.129178 0.254348
0 0.11351 0.228261 0.11281300000000001 0.21086999999999997 0.11142099999999999 0.21086999999999997 0.11002799999999999 0.232609 0.109331 0.23478300000000002 0.114554 0.23586999999999997 0.11351 0.228261
0 0.084958 0.232609 0.083914 0.228261 0.083217 0.20760900000000002 0.081476 0.20760900000000002 0.08077999999999999 0.21413000000000001 0.08077999999999999 0.22282600000000002 0.078691 0.231522 0.084958 0.232609
4 0.119777 0.209783 0.118733 0.228261 0.121866 0.22934800000000002 0.12117 0.209783 0.119777 0.209783
1 0.691852 0.8293480000000001 0.690111 0.841304 0.690111 0.845652 0.709958 0.846739 0.70961 0.818478 0.708914 0.815217 0.708565 0.796739 0.706825 0.7923910000000001 0.703691 0.790217 0.696031 0.78913 0.694986 0.7923910000000001 0.694986 0.7978259999999999 0.691852 0.825 0.691852 0.8293480000000001
1 0.412256 0.470652 0.410515 0.48804299999999995 0.409819 0.504348 0.408774 0.5108699999999999 0.406337 0.55 0.402159 0.552174 0.399721 0.5586960000000001 0.39832900000000004 0.559783 0.39798100000000003 0.565217 0.399025 0.570652 0.40181100000000003 0.578261 0.431407 0.578261 0.431407 0.573913 0.43036199999999997 0.571739 0.429666 0.557609 0.428621 0.554348 0.42548700000000006 0.552174 0.424095 0.545652 0.42305000000000004 0.51413 0.422354 0.509783 0.422354 0.496739 0.420613 0.478261 0.419916 0.446739 0.418872 0.443478 0.41434499999999996 0.443478 0.413301 0.446739 0.413301 0.457609 0.412256 0.463043 0.412256 0.470652
1 0.419916 0.417391 0.41922 0.420652 0.41713100000000003 0.420652 0.416435 0.422826 0.416435 0.430435 0.416783 0.43260899999999997 0.433844 0.433696 0.43454 0.430435 0.43454 0.42391300000000004 0.433496 0.421739 0.432103 0.421739 0.43071000000000004 0.418478 0.429666 0.379348 0.428621 0.366304 0.428621 0.354348 0.42479100000000003 0.353261 0.424095 0.357609 0.422354 0.38587 0.419916 0.40869600000000006 0.419916 0.417391
1 0.5807800000000001 0.356522 0.5790390000000001 0.357609 0.577646 0.361957 0.577646 0.36413 0.5884400000000001 0.366304 0.589136 0.36413 0.589136 0.359783 0.588092 0.359783 0.587396 0.354348 0.587047 0.33587 0.586351 0.33260900000000004 0.586351 0.319565 0.583914 0.318478 0.583217 0.320652 0.5825210000000001 0.33913000000000004 0.581128 0.347826 0.5807800000000001 0.356522
1 0.685585 0.355435 0.685585 0.36086999999999997 0.684192 0.361957 0.683496 0.366304 0.6862809999999999 0.36847799999999997 0.692897 0.36847799999999997 0.692897 0.36413 0.691504 0.361957 0.691156 0.328261 0.690111 0.326087 0.6887190000000001 0.326087 0.687674 0.331522 0.687674 0.336957 0.68663 0.35 0.685585 0.355435
3 0.912604 0.38043499999999997 0.912256 0.384783 0.922006 0.38587 0.922006 0.383696 0.9209609999999999 0.38260900000000003 0.9195679999999999 0.36956500000000003 0.9192199999999999 0.352174 0.917131 0.35108700000000004 0.915042 0.366304 0.914345 0.378261 0.913649 0.38043499999999997 0.912604 0.38043499999999997
3 0.761142 0.348913 0.759749 0.35 0.759053 0.353261 0.760794 0.355435 0.7677579999999999 0.355435 0.7677579999999999 0.352174 0.766365 0.346739 0.765669 0.338043 0.765669 0.323913 0.763579 0.322826 0.762535 0.32934800000000003 0.762535 0.333696 0.761838 0.33587 0.761142 0.348913
3 0.620125 0.331522 0.619081 0.331522 0.619081 0.334783 0.619777 0.33587 0.627089 0.33587 0.627089 0.333696 0.625696 0.330435 0.624652 0.301087 0.623607 0.301087 0.622563 0.304348 0.620822 0.32934800000000003 0.620125 0.331522
3 0.48328699999999997 0.322826 0.48189399999999993 0.322826 0.481546 0.32717399999999996 0.491643 0.328261 0.489206 0.321739 0.489206 0.31413 0.48851000000000006 0.311957 0.488162 0.290217 0.48676899999999995 0.288043 0.485724 0.291304 0.48433099999999996 0.306522 0.483983 0.319565 0.48328699999999997 0.322826
3 0.345752 0.336957 0.355153 0.338043 0.357939 0.334783 0.357591 0.331522 0.356546 0.331522 0.35550099999999996 0.328261 0.35375999999999996 0.28913 0.353064 0.288043 0.350975 0.28913 0.348538 0.32934800000000003 0.345404 0.334783 0.345752 0.336957
3 0.20195 0.366304 0.200209 0.366304 0.199513 0.370652 0.19812000000000002 0.373913 0.202298 0.376087 0.21239599999999997 0.376087 0.21448499999999998 0.373913 0.218663 0.373913 0.21901099999999998 0.371739 0.21727 0.370652 0.216574 0.36739099999999997 0.213092 0.36413 0.212744 0.348913 0.212047 0.343478 0.211699 0.328261 0.21065499999999998 0.318478 0.21030600000000002 0.307609 0.209262 0.305435 0.207173 0.305435 0.20578 0.311957 0.205432 0.33260900000000004 0.20264600000000002 0.363043 0.20195 0.366304
4 0.592967 0.272826 0.59227 0.272826 0.590877 0.28913 0.591574 0.291304 0.593663 0.291304 0.592967 0.272826
1 0.489903 0.373913 0.48851000000000006 0.372826 0.488162 0.377174 0.48676899999999995 0.379348 0.48676899999999995 0.38152200000000003 0.500348 0.38260900000000003 0.501393 0.379348 0.501393 0.375 0.49895500000000004 0.372826 0.49721399999999993 0.325 0.494777 0.323913 0.494081 0.326087 0.49094699999999997 0.36956500000000003 0.489903 0.373913
1 0.8004870000000001 0.378261 0.8004870000000001 0.38152200000000003 0.802228 0.383696 0.8098890000000001 0.383696 0.8098890000000001 0.379348 0.8084960000000001 0.377174 0.8081480000000001 0.34565199999999996 0.80571 0.343478 0.804318 0.352174 0.8029249999999999 0.372826 0.80188 0.377174 0.8004870000000001 0.378261
1 0.9334960000000001 0.40108699999999997 0.9327989999999999 0.404348 0.9317550000000001 0.404348 0.9310579999999999 0.40869600000000006 0.9331480000000001 0.41086999999999996 0.9422010000000001 0.41086999999999996 0.9422010000000001 0.407609 0.940808 0.404348 0.9404600000000001 0.373913 0.939067 0.36956500000000003 0.9369780000000001 0.36956500000000003 0.935585 0.377174 0.9348890000000001 0.390217 0.933844 0.394565 0.9334960000000001 0.40108699999999997