3 0.099582 0.721739 0.099582 0.7304350000000001 0.097841 0.741304 0.127089 0.740217 0.143106 0.715217 0.143106 0.7119570000000001 0.141017 0.708696 0.139624 0.703261 0.134749 0.697826 0.133008 0.693478 0.122214 0.581522 0.114554 0.581522 0.10724199999999999 0.7076089999999999 0.10619799999999999 0.7119570000000001 0.099582 0.721739
3 0.100627 0.5826089999999999 0.09992999999999999 0.5869570000000001 0.11351 0.5869570000000001 0.114554 0.580435 0.121866 0.578261 0.12291099999999999 0.5826089999999999 0.127089 0.581522 0.127437 0.5771740000000001 0.12604500000000002 0.570652 0.12465200000000001 0.568478 0.12291099999999999 0.568478 0.12151799999999999 0.56413 0.115947 0.492391 0.11142099999999999 0.492391 0.104805 0.570652 0.10376 0.575 0.100627 0.5771740000000001 0.100627 0.5826089999999999
3 0.10236799999999999 0.40869600000000006 0.10236799999999999 0.411957 0.10898300000000001 0.41086999999999996 0.10898300000000001 0.406522 0.10793900000000001 0.40543500000000005 0.10724199999999999 0.396739 0.106894 0.383696 0.105501 0.383696 0.104805 0.38587 0.10341199999999999 0.407609 0.10236799999999999 0.40869600000000006
3 0.090181 0.386957 0.090181 0.38260900000000003 0.089136 0.377174 0.089136 0.36956500000000003 0.087744 0.36847799999999997 0.087396 0.378261 0.086351 0.38260900000000003 0.086351 0.386957 0.090181 0.386957
3 0.145891 0.386957 0.14415 0.36847799999999997 0.143106 0.36847799999999997 0.143106 0.377174 0.141713 0.383696 0.141713 0.386957 0.145891 0.386957
3 0.153552 0.40108699999999997 0.153552 0.397826 0.152159 0.391304 0.151811 0.38043499999999997 0.150766 0.376087 0.149721 0.376087 0.14902500000000002 0.390217 0.147632 0.397826 0.147632 0.40108699999999997 0.153552 0.40108699999999997
3 0.156337 0.457609 0.155989 0.46087 0.16817500000000002 0.459783 0.16817500000000002 0.456522 0.166783 0.45543500000000003 0.165738 0.45108699999999996 0.163649 0.41413 0.160864 0.41304299999999994 0.160864 0.420652 0.158774 0.452174 0.15772999999999998 0.456522 0.156337 0.457609
3 0.34226999999999996 0.406522 0.348886 0.40543500000000005 0.348886 0.40217400000000003 0.34784099999999996 0.40108699999999997 0.346797 0.391304 0.346448 0.38043499999999997 0.345752 0.376087 0.34435899999999997 0.376087 0.34401099999999996 0.392391 0.342967 0.40108699999999997 0.34226999999999996 0.40217400000000003 0.34226999999999996 0.406522
3 0.416435 0.395652 0.42130900000000004 0.394565 0.42130900000000004 0.391304 0.420265 0.386957 0.41956800000000005 0.36847799999999997 0.418524 0.36847799999999997 0.417479 0.384783 0.41608599999999996 0.391304 0.416435 0.395652
3 0.477019 0.390217 0.47492999999999996 0.36739099999999997 0.473886 0.36739099999999997 0.472841 0.383696 0.471797 0.386957 0.471797 0.390217 0.477019 0.390217
3 0.693245 0.384783 0.697772 0.384783 0.697772 0.38152200000000003 0.696727 0.377174 0.6963790000000001 0.36413 0.694986 0.363043 0.694986 0.370652 0.6939420000000001 0.379348 0.693245 0.38043499999999997 0.693245 0.384783
3 0.770195 0.371739 0.770195 0.36413 0.7681060000000001 0.36413 0.766365 0.38587 0.771588 0.38587 0.771588 0.38152200000000003 0.770195 0.371739
3 0.565808 0.38260900000000003 0.566156 0.378261 0.564763 0.375 0.564415 0.36086999999999997 0.56337 0.36086999999999997 0.562674 0.373913 0.5612809999999999 0.378261 0.5612809999999999 0.38260900000000003 0.565808 0.38260900000000003
3 0.6354460000000001 0.384783 0.634401 0.36847799999999997 0.633705 0.36413 0.63266 0.36413 0.631616 0.379348 0.630919 0.38043499999999997 0.630919 0.384783 0.6354460000000001 0.384783
3 0.836699 0.391304 0.836699 0.384783 0.8353059999999999 0.379348 0.834958 0.36847799999999997 0.833914 0.36847799999999997 0.8335649999999999 0.379348 0.831825 0.388043 0.831825 0.391304 0.836699 0.391304
3 0.903552 0.403261 0.9091229999999999 0.40217400000000003 0.9091229999999999 0.397826 0.9077299999999999 0.392391 0.9073819999999999 0.38043499999999997 0.9066850000000001 0.379348 0.9066850000000001 0.376087 0.9056409999999999 0.376087 0.9056409999999999 0.38260900000000003 0.9042479999999999 0.396739 0.903552 0.39891299999999996 0.903552 0.403261
3 0.9467269999999999 0.417391 0.950905 0.417391 0.950905 0.38587 0.949861 0.38587 0.94812 0.40869600000000006 0.9467269999999999 0.41413 0.9467269999999999 0.417391
1 0.875348 0.459783 0.8791779999999999 0.46195700000000006 0.887187 0.46195700000000006 0.887187 0.456522 0.885446 0.45543500000000003 0.884749 0.452174 0.882312 0.415217 0.880223 0.415217 0.8777860000000001 0.45 0.876741 0.454348 0.875348 0.45543500000000003 0.875348 0.459783
1 0.797006 0.430435 0.8050140000000001 0.431522 0.8050140000000001 0.428261 0.8032730000000001 0.417391 0.802228 0.395652 0.800836 0.394565 0.8004870000000001 0.403261 0.798747 0.41956499999999997 0.797006 0.426087 0.797006 0.430435
1 0.793524 0.407609 0.793524 0.411957 0.799095 0.411957 0.797354 0.395652 0.796657 0.38152200000000003 0.795613 0.38152200000000003 0.794916 0.391304 0.794916 0.40217400000000003 0.794568 0.40543500000000005 0.793524 0.407609
1 0.776114 0.7304350000000001 0.776114 0.732609 0.783426 0.756522 0.821379 0.758696 0.8172010000000001 0.746739 0.817549 0.73587 0.8116300000000001 0.7260869999999999 0.8102370000000001 0.7206520000000001 0.802577 0.5956520000000001 0.794916 0.5956520000000001 0.7865599999999999 0.715217 0.785515 0.719565 0.779248 0.728261 0.776114 0.7304350000000001
1 0.717967 0.397826 0.724234 0.39891299999999996 0.724234 0.395652 0.723189 0.393478 0.722145 0.38587 0.721448 0.372826 0.720404 0.372826 0.720056 0.38587 0.719011 0.392391 0.717967 0.394565 0.717967 0.397826
1 0.618036 0.394565 0.616643 0.397826 0.616643 0.40217400000000003 0.622911 0.40217400000000003 0.620822 0.373913 0.619777 0.373913 0.618733 0.390217 0.618036 0.391304 0.618036 0.394565
1 0.52507 0.573913 0.522632 0.575 0.522284 0.5771740000000001 0.532382 0.584783 0.539694 0.584783 0.550836 0.580435 0.5504870000000001 0.578261 0.548747 0.576087 0.547354 0.569565 0.544568 0.567391 0.543524 0.563043 0.539345 0.48913 0.5348189999999999 0.48913 0.530292 0.56087 0.529248 0.565217 0.525766 0.569565 0.52507 0.573913
1 0.507312 0.404348 0.507312 0.407609 0.513579 0.407609 0.513579 0.404348 0.5121870000000001 0.4 0.511142 0.378261 0.509749 0.378261 0.509401 0.388043 0.508357 0.394565 0.508357 0.40108699999999997 0.507312 0.404348
1 0.428621 0.426087 0.42931800000000003 0.425 0.42931800000000003 0.421739 0.427577 0.418478 0.42722800000000005 0.41304299999999994 0.426532 0.41086999999999996 0.425836 0.38913000000000003 0.42548700000000006 0.386957 0.423747 0.386957 0.422702 0.41630399999999995 0.420613 0.41956499999999997 0.420613 0.425 0.428621 0.426087
1 0.392409 0.492391 0.392061 0.49565200000000004 0.389972 0.501087 0.39624000000000004 0.503261 0.40494399999999997 0.503261 0.409123 0.5 0.407382 0.49565200000000004 0.40703300000000003 0.492391 0.40529200000000004 0.49130399999999996 0.40424800000000005 0.48695700000000003 0.401114 0.43695700000000004 0.39798100000000003 0.43587 0.39798100000000003 0.44239100000000003 0.394847 0.48695700000000003 0.393802 0.49130399999999996 0.392409 0.492391
1 0.35933099999999996 0.44565200000000005 0.35933099999999996 0.45108699999999996 0.37117 0.452174 0.37117 0.44782599999999995 0.370474 0.44565200000000005 0.369429 0.44565200000000005 0.368036 0.43804299999999996 0.366295 0.40869600000000006 0.365599 0.404348 0.364206 0.404348 0.362813 0.41956499999999997 0.361769 0.441304 0.360724 0.444565 0.35933099999999996 0.44565200000000005
1 0.077298 0.4 0.077298 0.396739 0.076253 0.393478 0.075557 0.38043499999999997 0.074164 0.379348 0.073816 0.392391 0.072423 0.395652 0.072423 0.4 0.077298 0.4
3 0.178273 0.390217 0.178273 0.386957 0.177228 0.38587 0.176184 0.370652 0.174791 0.370652 0.174095 0.38260900000000003 0.17304999999999998 0.386957 0.17304999999999998 0.390217 0.178273 0.390217
3 0.254875 0.42717400000000005 0.263928 0.42717400000000005 0.263928 0.42391300000000004 0.262883 0.422826 0.261838 0.418478 0.260446 0.394565 0.259401 0.390217 0.258357 0.390217 0.258357 0.397826 0.256964 0.417391 0.254875 0.42391300000000004 0.254875 0.42717400000000005
3 0.105501 0.49130399999999996 0.10341199999999999 0.492391 0.102716 0.5 0.11002799999999999 0.5 0.11142099999999999 0.49130399999999996 0.115947 0.49130399999999996 0.11699200000000001 0.497826 0.11942900000000001 0.497826 0.11942900000000001 0.49130399999999996 0.11768799999999999 0.490217 0.11699200000000001 0.48695700000000003 0.11316200000000001 0.43695700000000004 0.110376 0.43587 0.110376 0.44239100000000003 0.106894 0.48804299999999995 0.105501 0.49130399999999996