3 0.25 0.627174 0.24686599999999997 0.629348 0.24547400000000003 0.636957 0.24303599999999997 0.6380429999999999 0.24303599999999997 0.640217 0.24512499999999998 0.645652 0.24582199999999998 0.6445649999999999 0.250348 0.653261 0.257312 0.653261 0.279596 0.646739 0.279248 0.642391 0.27681100000000003 0.640217 0.276114 0.6380429999999999 0.276114 0.629348 0.274373 0.626087 0.270891 0.623913 0.264624 0.521739 0.258357 0.521739 0.255919 0.556522 0.25383 0.5771740000000001 0.251045 0.623913 0.25 0.627174
3 0.5027860000000001 0.443478 0.501393 0.465217 0.49965200000000004 0.467391 0.49895500000000004 0.471739 0.497563 0.475 0.513231 0.475 0.512883 0.470652 0.511142 0.468478 0.5104460000000001 0.46413000000000004 0.509053 0.43260899999999997 0.508357 0.42934799999999995 0.508008 0.420652 0.507312 0.418478 0.505919 0.418478 0.504875 0.422826 0.504875 0.42717400000000005 0.5027860000000001 0.443478
3 0.412953 0.409783 0.420961 0.409783 0.42130900000000004 0.407609 0.419916 0.404348 0.419916 0.393478 0.418524 0.38152200000000003 0.418524 0.376087 0.416783 0.375 0.41539000000000004 0.386957 0.415042 0.40217400000000003 0.413301 0.40543500000000005 0.412953 0.409783
3 0.439067 0.391304 0.437674 0.38587 0.43662999999999996 0.366304 0.435585 0.36413 0.433844 0.38152200000000003 0.433844 0.386957 0.43245100000000003 0.391304 0.439067 0.391304
3 0.486421 0.38152200000000003 0.48468 0.375 0.48468 0.366304 0.483983 0.358696 0.48328699999999997 0.358696 0.48259100000000005 0.36086999999999997 0.48189399999999993 0.376087 0.480501 0.38152200000000003 0.486421 0.38152200000000003
3 0.543872 0.372826 0.543175 0.358696 0.5424789999999999 0.356522 0.541086 0.373913 0.54039 0.377174 0.544916 0.377174 0.543872 0.372826
3 0.6055010000000001 0.375 0.604457 0.371739 0.6037600000000001 0.359783 0.602716 0.358696 0.602368 0.366304 0.600627 0.375 0.6051529999999999 0.376087 0.6055010000000001 0.375
3 0.65773 0.36739099999999997 0.65773 0.363043 0.656685 0.359783 0.656337 0.365217 0.657382 0.377174 0.659471 0.377174 0.65773 0.36739099999999997
1 0.65773 0.386957 0.658426 0.38587 0.657382 0.38260900000000003 0.656337 0.366304 0.6556409999999999 0.365217 0.654596 0.373913 0.654248 0.383696 0.653552 0.38587 0.65773 0.386957
3 0.7287600000000001 0.38260900000000003 0.729109 0.38152200000000003 0.728064 0.378261 0.725975 0.365217 0.725279 0.36956500000000003 0.72493 0.379348 0.724234 0.38152200000000003 0.7287600000000001 0.38260900000000003
3 0.8060579999999999 0.390217 0.80571 0.392391 0.8102370000000001 0.392391 0.8095399999999999 0.38913000000000003 0.808844 0.378261 0.807451 0.372826 0.807103 0.377174 0.805362 0.384783 0.805362 0.38913000000000003 0.8060579999999999 0.390217
3 0.851323 0.425 0.851671 0.42717400000000005 0.855501 0.42717400000000005 0.8568939999999999 0.407609 0.857939 0.4 0.856546 0.392391 0.8551529999999999 0.393478 0.85376 0.41413 0.852716 0.422826 0.851323 0.425
1 0.549791 0.418478 0.558496 0.41956499999999997 0.558496 0.417391 0.556755 0.41086999999999996 0.5553619999999999 0.384783 0.5536209999999999 0.383696 0.552577 0.392391 0.551532 0.41086999999999996 0.549791 0.41630399999999995 0.549791 0.418478
1 0.5577989999999999 0.403261 0.564067 0.404348 0.564763 0.40217400000000003 0.56337 0.39891299999999996 0.562674 0.379348 0.5619780000000001 0.375 0.560933 0.375 0.560237 0.377174 0.558844 0.39891299999999996 0.5577989999999999 0.40108699999999997 0.5577989999999999 0.403261
1 0.571727 0.388043 0.571031 0.370652 0.570334 0.36739099999999997 0.56929 0.36739099999999997 0.568245 0.383696 0.566504 0.392391 0.5731200000000001 0.392391 0.571727 0.388043
1 0.612117 0.388043 0.611072 0.38260900000000003 0.610376 0.366304 0.609331 0.36413 0.608635 0.36739099999999997 0.608287 0.38043499999999997 0.6068939999999999 0.386957 0.612117 0.388043
1 0.622563 0.444565 0.623607 0.446739 0.635097 0.446739 0.6354460000000001 0.44565200000000005 0.634053 0.441304 0.632312 0.43913 0.629875 0.40217400000000003 0.628134 0.40217400000000003 0.627437 0.40543500000000005 0.626741 0.42391300000000004 0.625348 0.43804299999999996 0.622563 0.444565
1 0.696031 0.38152200000000003 0.694986 0.384783 0.6998610000000001 0.38587 0.698816 0.377174 0.698468 0.366304 0.697423 0.365217 0.6956819999999999 0.373913 0.6963790000000001 0.376087 0.6956819999999999 0.378261 0.696031 0.38152200000000003
1 0.703343 0.41956499999999997 0.7016020000000001 0.41304299999999994 0.700209 0.38913000000000003 0.698468 0.388043 0.697075 0.40869600000000006 0.694986 0.421739 0.702646 0.422826 0.703343 0.41956499999999997
1 0.706825 0.41304299999999994 0.714136 0.41304299999999994 0.714485 0.41086999999999996 0.7134400000000001 0.40869600000000006 0.712744 0.40217400000000003 0.7116990000000001 0.38260900000000003 0.710306 0.38260900000000003 0.70961 0.38587 0.708565 0.404348 0.706825 0.41086999999999996 0.706825 0.41304299999999994
1 0.710655 0.45869600000000005 0.70961 0.471739 0.705432 0.478261 0.705432 0.48260899999999995 0.7224929999999999 0.483696 0.7224929999999999 0.481522 0.720752 0.475 0.719708 0.475 0.718315 0.471739 0.715877 0.426087 0.713092 0.425 0.712396 0.428261 0.711351 0.446739 0.710655 0.45108699999999996 0.710655 0.45869600000000005
1 0.7301529999999999 0.42391300000000004 0.7287600000000001 0.433696 0.726671 0.43587 0.726671 0.43913 0.736769 0.44021699999999997 0.737117 0.43478300000000003 0.735376 0.43260899999999997 0.733287 0.4 0.731198 0.4 0.7305010000000001 0.411957 0.729457 0.418478 0.729457 0.421739 0.7301529999999999 0.42391300000000004
1 0.7228410000000001 0.515217 0.724234 0.517391 0.722145 0.548913 0.721448 0.551087 0.718663 0.552174 0.717618 0.556522 0.717618 0.56087 0.719011 0.5663039999999999 0.739903 0.5663039999999999 0.7395539999999999 0.556522 0.736769 0.552174 0.736072 0.548913 0.7322420000000001 0.483696 0.73085 0.479348 0.728064 0.479348 0.7270190000000001 0.48260899999999995 0.725279 0.5054350000000001 0.722145 0.511957 0.7228410000000001 0.515217
1 0.800139 0.636957 0.798747 0.641304 0.799095 0.651087 0.796657 0.680435 0.7959609999999999 0.682609 0.791435 0.684783 0.790042 0.68913 0.789694 0.693478 0.785515 0.694565 0.785515 0.698913 0.798747 0.7163039999999999 0.8307800000000001 0.715217 0.8307800000000001 0.7119570000000001 0.830084 0.709783 0.8272980000000001 0.7076089999999999 0.8255570000000001 0.704348 0.8255570000000001 0.698913 0.824861 0.695652 0.81929 0.68913 0.8185930000000001 0.686957 0.817549 0.6673910000000001 0.8203340000000001 0.666304 0.8203340000000001 0.66087 0.817549 0.6543479999999999 0.816156 0.647826 0.8147629999999999 0.622826 0.814415 0.6054350000000001 0.812674 0.5869570000000001 0.812326 0.576087 0.8112809999999999 0.572826 0.805362 0.573913 0.8015319999999999 0.621739 0.799443 0.627174 0.800139 0.631522 0.800139 0.636957
1 0.8077989999999999 0.45 0.807451 0.45543500000000003 0.8050140000000001 0.46195700000000006 0.8060579999999999 0.465217 0.8165039999999999 0.465217 0.8168519999999999 0.46195700000000006 0.8151109999999999 0.457609 0.8130219999999999 0.41956499999999997 0.8119780000000001 0.41630399999999995 0.810933 0.41630399999999995 0.8095399999999999 0.422826 0.8084960000000001 0.44021699999999997 0.807103 0.444565 0.8077989999999999 0.45
1 0.754875 0.404348 0.75383 0.4 0.753134 0.384783 0.752437 0.38043499999999997 0.751393 0.379348 0.75 0.4 0.748607 0.40543500000000005 0.754526 0.406522 0.754875 0.404348
1 0.768802 0.393478 0.7677579999999999 0.384783 0.7677579999999999 0.373913 0.767061 0.370652 0.766017 0.373913 0.765669 0.38260900000000003 0.763928 0.393478 0.768802 0.393478
1 0.798747 0.40543500000000005 0.8046659999999999 0.404348 0.8032730000000001 0.395652 0.8032730000000001 0.386957 0.802228 0.379348 0.800836 0.38152200000000003 0.799791 0.4 0.7983979999999999 0.403261 0.798747 0.40543500000000005
1 0.848886 0.403261 0.854109 0.40217400000000003 0.853064 0.38587 0.852019 0.38043499999999997 0.851323 0.38043499999999997 0.850627 0.383696 0.84993 0.397826 0.848886 0.403261
1 0.869429 0.411957 0.8743040000000001 0.411957 0.875348 0.409783 0.873607 0.403261 0.872911 0.386957 0.8722139999999999 0.384783 0.8708220000000001 0.38913000000000003 0.870125 0.403261 0.868733 0.40869600000000006 0.869429 0.411957
1 0.9467269999999999 0.41630399999999995 0.9470750000000001 0.417391 0.950905 0.417391 0.950905 0.392391 0.949861 0.393478 0.949164 0.396739 0.94812 0.411957 0.9467269999999999 0.41630399999999995
3 0.435585 0.43804299999999996 0.435585 0.44021699999999997 0.44812 0.44021699999999997 0.445334 0.430435 0.444986 0.418478 0.442897 0.394565 0.441504 0.394565 0.44046 0.40217400000000003 0.438719 0.431522 0.43662999999999996 0.43478300000000003 0.435585 0.43804299999999996
3 0.86351 0.43587 0.861769 0.42934799999999995 0.8610720000000001 0.422826 0.8607239999999999 0.407609 0.85968 0.4 0.857939 0.40108699999999997 0.85585 0.42934799999999995 0.853412 0.43695700000000004 0.86351 0.43587
3 0.364206 0.509783 0.362465 0.509783 0.361421 0.515217 0.35968 0.518478 0.35968 0.520652 0.367688 0.522826 0.37883 0.522826 0.381964 0.5195649999999999 0.381616 0.516304 0.380571 0.515217 0.379178 0.509783 0.37743699999999997 0.508696 0.376741 0.5054350000000001 0.373259 0.444565 0.36873300000000003 0.44565200000000005 0.36734 0.46413000000000004 0.366643 0.484783 0.36490300000000003 0.506522 0.364206 0.509783
3 0.9038999999999999 0.406522 0.9091229999999999 0.40543500000000005 0.907033 0.38587 0.903552 0.39891299999999996 0.903552 0.40108699999999997 0.904596 0.403261 0.9038999999999999 0.406522
3 0.893802 0.421739 0.892758 0.422826 0.893802 0.426087 0.901811 0.426087 0.9021589999999999 0.42391300000000004 0.9004179999999999 0.417391 0.900766 0.41086999999999996 0.8997210000000001 0.406522 0.899025 0.395652 0.897632 0.393478 0.896588 0.396739 0.895195 0.406522 0.895543 0.41304299999999994 0.893802 0.421739