1 0.785515 0.7119570000000001 0.783426 0.732609 0.780292 0.781522 0.775766 0.781522 0.774373 0.784783 0.771936 0.786957 0.771588 0.8 0.7694989999999999 0.803261 0.767409 0.8119569999999999 0.768802 0.817391 0.773677 0.8228260000000001 0.7865599999999999 0.8293480000000001 0.7907379999999999 0.8293480000000001 0.792131 0.831522 0.794568 0.831522 0.8015319999999999 0.836957 0.807103 0.8380430000000001 0.810933 0.841304 0.817549 0.8423909999999999 0.822423 0.818478 0.824164 0.816304 0.8245129999999999 0.8141299999999999 0.8234680000000001 0.809783 0.8203340000000001 0.806522 0.8185930000000001 0.8 0.817549 0.8 0.8151109999999999 0.794565 0.8130219999999999 0.793478 0.8119780000000001 0.790217 0.8116300000000001 0.7739130000000001 0.810933 0.7695649999999999 0.810933 0.758696 0.808844 0.727174 0.808844 0.717391 0.8067550000000001 0.695652 0.80571 0.676087 0.805362 0.643478 0.8046659999999999 0.63913 0.8029249999999999 0.6358699999999999 0.797702 0.632609 0.792131 0.633696 0.79039 0.642391 0.789694 0.668478 0.786212 0.695652 0.785515 0.7119570000000001
1 0.834958 0.49891300000000005 0.8325210000000001 0.525 0.8304320000000001 0.526087 0.830084 0.530435 0.8286910000000001 0.5336960000000001 0.8307800000000001 0.534783 0.8335649999999999 0.53913 0.841226 0.541304 0.852716 0.541304 0.852716 0.53587 0.851323 0.531522 0.8495820000000001 0.530435 0.8485379999999999 0.525 0.8485379999999999 0.520652 0.847493 0.5130429999999999 0.8457520000000001 0.47391300000000003 0.8443590000000001 0.467391 0.8443590000000001 0.46087 0.8433149999999999 0.457609 0.83844 0.45869600000000005 0.838092 0.465217 0.8370469999999999 0.468478 0.836003 0.478261 0.834958 0.49891300000000005
1 0.422354 0.572826 0.420961 0.5826089999999999 0.420961 0.5869570000000001 0.41956800000000005 0.593478 0.415738 0.594565 0.413997 0.6054350000000001 0.410864 0.608696 0.42130900000000004 0.613043 0.425139 0.617391 0.430014 0.6195649999999999 0.436281 0.613043 0.437674 0.613043 0.439415 0.609783 0.445334 0.606522 0.444986 0.604348 0.44254899999999997 0.604348 0.441852 0.597826 0.44046 0.594565 0.43802199999999997 0.594565 0.43697800000000003 0.592391 0.434192 0.554348 0.433844 0.5380429999999999 0.432103 0.5195649999999999 0.431407 0.503261 0.43036199999999997 0.5 0.42688 0.5 0.42548700000000006 0.506522 0.423398 0.557609 0.422702 0.561957 0.422354 0.572826
1 0.580084 0.468478 0.5790390000000001 0.47717400000000004 0.5766020000000001 0.479348 0.575557 0.484783 0.573816 0.48804299999999995 0.579387 0.490217 0.592967 0.490217 0.593663 0.48586999999999997 0.591574 0.481522 0.5898329999999999 0.481522 0.588788 0.476087 0.587396 0.44239100000000003 0.585655 0.42391300000000004 0.582869 0.42391300000000004 0.581825 0.44021699999999997 0.581128 0.443478 0.581128 0.452174 0.580084 0.468478
1 0.441852 0.44239100000000003 0.438719 0.453261 0.454039 0.454348 0.452994 0.44782599999999995 0.451602 0.44782599999999995 0.450905 0.44565200000000005 0.450905 0.43478300000000003 0.45020899999999997 0.42934799999999995 0.449861 0.41630399999999995 0.44812 0.397826 0.44568199999999997 0.396739 0.44463800000000003 0.39891299999999996 0.443245 0.41086999999999996 0.441852 0.43260899999999997 0.441852 0.44239100000000003
1 0.237813 0.490217 0.236072 0.5054350000000001 0.236072 0.511957 0.23328700000000002 0.5130429999999999 0.232242 0.516304 0.232242 0.521739 0.23085 0.5239130000000001 0.252089 0.5239130000000001 0.253134 0.520652 0.253134 0.5130429999999999 0.24965199999999999 0.509783 0.24930400000000003 0.501087 0.248259 0.49347799999999997 0.24686599999999997 0.463043 0.24547400000000003 0.452174 0.24512499999999998 0.441304 0.241643 0.441304 0.240251 0.46195700000000006 0.23816199999999998 0.478261 0.237813 0.490217
1 0.329387 0.420652 0.341574 0.421739 0.339833 0.417391 0.33843999999999996 0.41086999999999996 0.336351 0.38043499999999997 0.333217 0.38043499999999997 0.33286899999999997 0.38587 0.332173 0.388043 0.331128 0.411957 0.329387 0.420652
1 0.27298100000000003 0.396739 0.283774 0.396739 0.281337 0.392391 0.279596 0.366304 0.278552 0.361957 0.277507 0.361957 0.27681100000000003 0.36413 0.275418 0.378261 0.275418 0.390217 0.27298100000000003 0.396739
1 0.196031 0.375 0.195682 0.36413 0.194638 0.355435 0.193245 0.352174 0.191504 0.352174 0.189763 0.373913 0.189067 0.377174 0.196727 0.378261 0.196031 0.375
3 0.5560579999999999 0.422826 0.5543180000000001 0.42391300000000004 0.5536209999999999 0.42717400000000005 0.566156 0.42717400000000005 0.565111 0.426087 0.564067 0.421739 0.5630219999999999 0.38913000000000003 0.5619780000000001 0.383696 0.559889 0.383696 0.559192 0.38587 0.556755 0.41956499999999997 0.5560579999999999 0.422826
3 0.395891 0.373913 0.39449900000000004 0.352174 0.392409 0.352174 0.389972 0.38043499999999997 0.39066900000000004 0.38260900000000003 0.397632 0.38152200000000003 0.395891 0.373913
3 0.252089 0.346739 0.251045 0.346739 0.24930400000000003 0.36739099999999997 0.254875 0.36739099999999997 0.25383 0.35 0.252089 0.346739
1 0.174443 0.45 0.191156 0.45 0.189763 0.443478 0.188022 0.443478 0.187326 0.44021699999999997 0.184192 0.394565 0.18070999999999998 0.394565 0.177577 0.43913 0.17687999999999998 0.44239100000000003 0.174791 0.443478 0.174443 0.45
1 0.151462 0.415217 0.162953 0.41630399999999995 0.162953 0.41086999999999996 0.16155999999999998 0.40869600000000006 0.159123 0.376087 0.155641 0.375 0.153203 0.407609 0.152507 0.41086999999999996 0.151462 0.41086999999999996 0.151462 0.415217
1 0.102019 0.393478 0.099582 0.363043 0.09609999999999999 0.363043 0.094011 0.392391 0.091922 0.39891299999999996 0.10341199999999999 0.39891299999999996 0.102019 0.393478
1 0.12465200000000001 0.356522 0.12117 0.356522 0.11942900000000001 0.379348 0.126393 0.379348 0.125348 0.372826 0.12465200000000001 0.356522
3 0.746866 0.454348 0.763231 0.454348 0.763231 0.452174 0.760794 0.446739 0.756616 0.404348 0.751741 0.403261 0.749304 0.444565 0.748259 0.448913 0.746866 0.45108699999999996 0.746866 0.454348
3 0.45891400000000004 0.4 0.457521 0.396739 0.45543199999999995 0.372826 0.452298 0.371739 0.45020899999999997 0.395652 0.45020899999999997 0.40217400000000003 0.45891400000000004 0.40217400000000003 0.45891400000000004 0.4
3 0.372911 0.363043 0.371866 0.34565199999999996 0.36873300000000003 0.34565199999999996 0.366992 0.36413 0.366992 0.36956500000000003 0.375 0.36956500000000003 0.372911 0.363043
3 0.16538999999999998 0.36413 0.162953 0.35108700000000004 0.16051500000000002 0.35108700000000004 0.159819 0.36413 0.158426 0.370652 0.165738 0.370652 0.16538999999999998 0.36413
1 0.261142 0.379348 0.25905300000000003 0.354348 0.257312 0.354348 0.255919 0.379348 0.254178 0.383696 0.262535 0.383696 0.261142 0.379348
3 0.33077999999999996 0.357609 0.329387 0.34565199999999996 0.32694999999999996 0.34565199999999996 0.324861 0.361957 0.324861 0.366304 0.331128 0.366304 0.33077999999999996 0.357609