3 0.142409 0.6119570000000001 0.141713 0.615217 0.14136500000000002 0.628261 0.13753500000000002 0.678261 0.13649 0.7021740000000001 0.135446 0.709783 0.134401 0.728261 0.13370500000000002 0.731522 0.130571 0.733696 0.127089 0.740217 0.126393 0.7445649999999999 0.126393 0.753261 0.121866 0.765217 0.121866 0.768478 0.137187 0.768478 0.16434500000000002 0.76413 0.167131 0.758696 0.173398 0.738043 0.17304999999999998 0.733696 0.170613 0.733696 0.16921999999999998 0.727174 0.166435 0.723913 0.162256 0.722826 0.158426 0.680435 0.155989 0.636957 0.155292 0.634783 0.15389999999999998 0.608696 0.153203 0.6054350000000001 0.152507 0.594565 0.152507 0.588043 0.151811 0.583696 0.146588 0.5826089999999999 0.143802 0.58587 0.142409 0.604348 0.142409 0.6119570000000001
3 0.334262 0.497826 0.333565 0.511957 0.330432 0.515217 0.330084 0.520652 0.327646 0.522826 0.327298 0.525 0.334958 0.527174 0.34401099999999996 0.527174 0.352716 0.522826 0.350279 0.520652 0.349582 0.5130429999999999 0.346797 0.511957 0.346797 0.506522 0.345404 0.494565 0.345404 0.48804299999999995 0.34401099999999996 0.475 0.341922 0.44021699999999997 0.338092 0.44021699999999997 0.337396 0.456522 0.33669899999999997 0.459783 0.335655 0.48804299999999995 0.334262 0.497826
3 0.471797 0.44021699999999997 0.48607199999999995 0.44021699999999997 0.486421 0.43804299999999996 0.485724 0.43478300000000003 0.483983 0.43478300000000003 0.48328699999999997 0.43260899999999997 0.482939 0.425 0.482242 0.421739 0.482242 0.41304299999999994 0.481198 0.403261 0.480501 0.388043 0.478064 0.386957 0.475279 0.43260899999999997 0.47318899999999997 0.43478300000000003 0.472841 0.43804299999999996 0.471797 0.44021699999999997
3 0.549443 0.397826 0.558496 0.397826 0.558496 0.395652 0.5577989999999999 0.395652 0.557103 0.391304 0.5553619999999999 0.361957 0.5536209999999999 0.361957 0.552228 0.376087 0.551532 0.392391 0.5501389999999999 0.394565 0.549443 0.397826
3 0.620822 0.370652 0.619081 0.378261 0.626045 0.378261 0.625 0.373913 0.624304 0.357609 0.623259 0.348913 0.622563 0.348913 0.621866 0.352174 0.620822 0.363043 0.620822 0.370652
3 0.6709609999999999 0.36413 0.669916 0.359783 0.668524 0.340217 0.6678270000000001 0.340217 0.666783 0.347826 0.666086 0.361957 0.665042 0.36413 0.6709609999999999 0.36413
3 0.737117 0.357609 0.735724 0.338043 0.735028 0.338043 0.733287 0.358696 0.732591 0.36086999999999997 0.7378129999999999 0.36086999999999997 0.737117 0.357609
3 0.838092 0.33913000000000004 0.8370469999999999 0.33913000000000004 0.834958 0.36086999999999997 0.840181 0.36086999999999997 0.8391360000000001 0.355435 0.838092 0.33913000000000004
1 0.723538 0.459783 0.7224929999999999 0.46630399999999994 0.7378129999999999 0.467391 0.73851 0.46630399999999994 0.738162 0.46087 0.736072 0.459783 0.735028 0.454348 0.732591 0.40869600000000006 0.7318939999999999 0.406522 0.7301529999999999 0.406522 0.729457 0.40869600000000006 0.725975 0.456522 0.725279 0.45869600000000005 0.723538 0.459783
1 0.865251 0.373913 0.864206 0.370652 0.862813 0.348913 0.8621169999999999 0.346739 0.8610720000000001 0.348913 0.85968 0.36847799999999997 0.858287 0.373913 0.865251 0.373913
1 0.155989 0.366304 0.155641 0.372826 0.154944 0.375 0.148329 0.384783 0.145891 0.391304 0.152507 0.392391 0.158078 0.390217 0.159123 0.392391 0.161908 0.392391 0.161908 0.38913000000000003 0.16051500000000002 0.38260900000000003 0.159471 0.370652 0.158426 0.36739099999999997 0.155989 0.366304
1 0.70961 0.570652 0.708565 0.5771740000000001 0.7075210000000001 0.594565 0.702646 0.6 0.70195 0.615217 0.703691 0.617391 0.71727 0.6195649999999999 0.7301529999999999 0.6195649999999999 0.731198 0.616304 0.7305010000000001 0.602174 0.727716 0.597826 0.725627 0.597826 0.72493 0.594565 0.724234 0.578261 0.723538 0.573913 0.723189 0.559783 0.721448 0.53913 0.7211000000000001 0.525 0.720404 0.521739 0.719708 0.501087 0.7148329999999999 0.5 0.713788 0.5054350000000001 0.712744 0.530435 0.70961 0.565217 0.70961 0.570652
1 0.755571 0.388043 0.755571 0.38587 0.754875 0.38587 0.75383 0.38043499999999997 0.7527860000000001 0.356522 0.751045 0.355435 0.749652 0.365217 0.748955 0.38260900000000003 0.7472139999999999 0.388043 0.755571 0.388043
1 0.723189 0.407609 0.722145 0.40869600000000006 0.721797 0.411957 0.7287600000000001 0.411957 0.7301529999999999 0.40543500000000005 0.7301529999999999 0.397826 0.728064 0.371739 0.726323 0.371739 0.724234 0.391304 0.723886 0.404348 0.723189 0.407609
3 0.153552 0.361957 0.152507 0.36086999999999997 0.151114 0.36413 0.149721 0.38043499999999997 0.155292 0.372826 0.155292 0.36956500000000003 0.16051500000000002 0.377174 0.161212 0.383696 0.163997 0.383696 0.161908 0.377174 0.153552 0.361957
1 0.785515 0.36739099999999997 0.783774 0.375 0.791086 0.375 0.791086 0.372826 0.79039 0.372826 0.789694 0.36956500000000003 0.788649 0.348913 0.787256 0.347826 0.786212 0.353261 0.786212 0.356522 0.783774 0.36086999999999997 0.785515 0.36739099999999997