1 0.482242 0.642391 0.47667099999999996 0.646739 0.47562699999999997 0.653261 0.47318899999999997 0.653261 0.471797 0.655435 0.474582 0.6630429999999999 0.47771600000000003 0.666304 0.48085000000000006 0.676087 0.482242 0.678261 0.490599 0.678261 0.501045 0.675 0.508357 0.676087 0.514276 0.673913 0.513928 0.669565 0.512535 0.668478 0.509749 0.661957 0.509749 0.653261 0.508705 0.65 0.505919 0.645652 0.504178 0.645652 0.503482 0.642391 0.49860699999999997 0.520652 0.496866 0.518478 0.49268799999999996 0.518478 0.49199200000000004 0.520652 0.49199200000000004 0.526087 0.482939 0.63913 0.482242 0.642391
1 0.451253 0.417391 0.44951299999999994 0.43587 0.448468 0.43913 0.447075 0.43913 0.445334 0.448913 0.46239600000000003 0.453261 0.463788 0.448913 0.464485 0.448913 0.464485 0.446739 0.463788 0.446739 0.462744 0.441304 0.461003 0.441304 0.460306 0.43913 0.45960999999999996 0.406522 0.458217 0.375 0.454735 0.375 0.452994 0.395652 0.452298 0.397826 0.451253 0.40869600000000006 0.451253 0.417391
1 0.452298 0.36847799999999997 0.451253 0.371739 0.449861 0.371739 0.44951299999999994 0.377174 0.45369099999999996 0.38043499999999997 0.454735 0.373913 0.458217 0.373913 0.458565 0.379348 0.459262 0.38043499999999997 0.463788 0.38043499999999997 0.462047 0.373913 0.46065500000000004 0.372826 0.459262 0.366304 0.458217 0.326087 0.456128 0.323913 0.45543199999999995 0.325 0.454387 0.341304 0.45369099999999996 0.342391 0.452298 0.36847799999999997
1 0.41260399999999997 0.32934800000000003 0.411212 0.32934800000000003 0.410864 0.333696 0.420265 0.333696 0.418872 0.32934800000000003 0.41713100000000003 0.290217 0.41539000000000004 0.290217 0.414694 0.304348 0.413997 0.305435 0.413301 0.325 0.41260399999999997 0.32934800000000003
1 0.41539000000000004 0.28913 0.41713100000000003 0.28913 0.417479 0.291304 0.418175 0.291304 0.418175 0.28913 0.416783 0.284783 0.416783 0.280435 0.41608599999999996 0.277174 0.415738 0.26413000000000003 0.41434499999999996 0.26413000000000003 0.413997 0.277174 0.412256 0.291304 0.415042 0.291304 0.41539000000000004 0.28913
1 0.391365 0.29782600000000004 0.391365 0.301087 0.398677 0.301087 0.396936 0.291304 0.395891 0.269565 0.394847 0.269565 0.39415 0.27391299999999996 0.393106 0.293478 0.392061 0.29782600000000004 0.391365 0.29782600000000004
1 0.452994 0.280435 0.452298 0.271739 0.452298 0.259783 0.450905 0.259783 0.45020899999999997 0.270652 0.448816 0.280435 0.452994 0.280435
1 0.45891400000000004 0.265217 0.45891400000000004 0.254348 0.457521 0.253261 0.456825 0.265217 0.45578 0.272826 0.459958 0.272826 0.45891400000000004 0.265217
1 0.46344 0.261957 0.46309199999999995 0.25 0.462047 0.248913 0.461003 0.26413000000000003 0.460306 0.266304 0.464136 0.266304 0.46344 0.261957
1 0.48189399999999993 0.24782600000000002 0.48085000000000006 0.24673899999999999 0.479457 0.261957 0.48259100000000005 0.263043 0.48189399999999993 0.25652200000000003 0.48189399999999993 0.24782600000000002
1 0.6479809999999999 0.29782600000000004 0.6479809999999999 0.283696 0.6462399999999999 0.283696 0.645195 0.301087 0.64415 0.304348 0.649025 0.305435 0.6479809999999999 0.29782600000000004
1 0.653552 0.28913 0.653552 0.27934800000000004 0.6521589999999999 0.278261 0.651462 0.291304 0.6504179999999999 0.296739 0.654248 0.296739 0.653552 0.28913
1 0.68071 0.322826 0.6862809999999999 0.322826 0.685237 0.313043 0.685237 0.298913 0.6845399999999999 0.296739 0.683844 0.296739 0.683148 0.3 0.682103 0.31521699999999997 0.68071 0.322826
1 0.696031 0.294565 0.695334 0.29239099999999996 0.695334 0.283696 0.69429 0.282609 0.693245 0.296739 0.692549 0.3 0.6963790000000001 0.3 0.696031 0.294565
1 0.723886 0.293478 0.723886 0.28586999999999996 0.7224929999999999 0.28586999999999996 0.721797 0.29782600000000004 0.7211000000000001 0.3 0.7245820000000001 0.3 0.723886 0.293478
1 0.781337 0.353261 0.788997 0.354348 0.788997 0.35108700000000004 0.787604 0.348913 0.787604 0.342391 0.786908 0.340217 0.786908 0.322826 0.7848189999999999 0.321739 0.783426 0.344565 0.782382 0.35 0.781337 0.35 0.781337 0.353261
3 0.066156 0.44239100000000003 0.06545999999999999 0.44021699999999997 0.062326000000000006 0.44021699999999997 0.06163 0.43260899999999997 0.057450999999999995 0.430435 0.056755 0.428261 0.055362 0.407609 0.055362 0.396739 0.054318 0.390217 0.054318 0.38043499999999997 0.053273 0.377174 0.051532 0.348913 0.048747 0.348913 0.048747 0.448913 0.05188 0.448913 0.061280999999999995 0.443478 0.066156 0.44239100000000003
3 0.187674 0.353261 0.200557 0.354348 0.20264600000000002 0.352174 0.202298 0.346739 0.200557 0.34565199999999996 0.199861 0.342391 0.199513 0.318478 0.19812000000000002 0.30978300000000003 0.197423 0.29565199999999997 0.193942 0.294565 0.19046000000000002 0.344565 0.189067 0.34565199999999996 0.188022 0.348913 0.187674 0.353261
3 0.229109 0.302174 0.228064 0.303261 0.228064 0.306522 0.23816199999999998 0.306522 0.237813 0.303261 0.236072 0.301087 0.235724 0.27934800000000004 0.23502800000000001 0.277174 0.23433099999999998 0.265217 0.232591 0.265217 0.23154599999999997 0.270652 0.23119800000000001 0.283696 0.22980499999999998 0.298913 0.229109 0.302174
3 0.267758 0.288043 0.27507000000000004 0.288043 0.273677 0.283696 0.273677 0.269565 0.272632 0.265217 0.272632 0.26087 0.271936 0.25760900000000003 0.270891 0.25760900000000003 0.26915 0.277174 0.26915 0.283696 0.267758 0.28586999999999996 0.267758 0.288043
3 0.31371899999999997 0.272826 0.31371899999999997 0.275 0.319986 0.276087 0.319986 0.27391299999999996 0.318942 0.270652 0.318942 0.259783 0.317897 0.25543499999999997 0.317897 0.251087 0.316504 0.248913 0.315808 0.252174 0.31545999999999996 0.266304 0.314763 0.271739 0.31371899999999997 0.272826
3 0.368036 0.263043 0.368036 0.252174 0.36734 0.248913 0.36734 0.244565 0.36594699999999997 0.244565 0.36490300000000003 0.261957 0.364206 0.265217 0.36873300000000003 0.265217 0.368036 0.263043
3 0.38266 0.25652200000000003 0.381616 0.238043 0.380571 0.238043 0.38022300000000003 0.248913 0.379526 0.251087 0.379178 0.25652200000000003 0.38266 0.25652200000000003
3 0.403203 0.236957 0.402159 0.238043 0.401114 0.253261 0.4039 0.253261 0.403203 0.236957
3 0.426532 0.25 0.42548700000000006 0.23478300000000002 0.424443 0.23586999999999997 0.424095 0.244565 0.42305000000000004 0.25 0.426532 0.25
3 0.7301529999999999 0.307609 0.729805 0.29565199999999997 0.728412 0.294565 0.727368 0.30978300000000003 0.726671 0.313043 0.731198 0.313043 0.7301529999999999 0.307609
3 0.736769 0.31521699999999997 0.735724 0.322826 0.740599 0.322826 0.739903 0.318478 0.739206 0.301087 0.738162 0.301087 0.7378129999999999 0.305435 0.736769 0.30869599999999997 0.736769 0.31521699999999997
3 0.854805 0.356522 0.854805 0.354348 0.853412 0.352174 0.852716 0.32717399999999996 0.851323 0.32717399999999996 0.8502789999999999 0.33260900000000004 0.849234 0.35 0.8478410000000001 0.354348 0.854805 0.356522
3 0.9467269999999999 0.375 0.9470750000000001 0.377174 0.950905 0.377174 0.950905 0.348913 0.9488160000000001 0.36413 0.9488160000000001 0.370652 0.94812 0.373913 0.9467269999999999 0.375
3 0.787256 0.33913000000000004 0.789345 0.33913000000000004 0.787953 0.333696 0.787256 0.31413 0.785864 0.31413 0.7851670000000001 0.320652 0.7865599999999999 0.320652 0.787256 0.322826 0.787256 0.33913000000000004
3 0.781685 0.31087 0.781337 0.298913 0.780292 0.3 0.778203 0.317391 0.78273 0.317391 0.781685 0.31087
3 0.7928270000000001 0.31630400000000003 0.796657 0.31630400000000003 0.795613 0.3 0.794916 0.3 0.794916 0.303261 0.793872 0.306522 0.7928270000000001 0.31630400000000003
2 0.878134 0.301087 0.8774369999999999 0.28586999999999996 0.876741 0.28586999999999996 0.8760450000000001 0.28913 0.875 0.301087 0.878134 0.301087
2 0.886838 0.303261 0.886838 0.288043 0.8861420000000001 0.288043 0.885097 0.291304 0.8844010000000001 0.303261 0.886838 0.303261