3 0.341226 0.344565 0.339136 0.347826 0.339136 0.352174 0.348538 0.354348 0.349582 0.352174 0.34992999999999996 0.347826 0.34818899999999997 0.34565199999999996 0.346797 0.307609 0.34609999999999996 0.305435 0.34401099999999996 0.305435 0.342618 0.31521699999999997 0.342618 0.320652 0.341226 0.33260900000000004 0.341226 0.344565
3 0.189763 0.383696 0.187674 0.384783 0.185933 0.391304 0.184889 0.391304 0.184889 0.393478 0.20264600000000002 0.395652 0.205084 0.390217 0.204039 0.38587 0.20195 0.384783 0.20090499999999997 0.38152200000000003 0.20090499999999997 0.372826 0.199513 0.354348 0.199164 0.333696 0.19812000000000002 0.322826 0.194986 0.322826 0.193942 0.330435 0.191156 0.38043499999999997 0.189763 0.383696
3 0.465181 0.33587 0.46344 0.341304 0.46344 0.344565 0.471797 0.343478 0.471797 0.340217 0.4711 0.340217 0.470404 0.33587 0.46901099999999996 0.306522 0.46796699999999997 0.306522 0.46657400000000004 0.313043 0.46552899999999997 0.321739 0.465181 0.33587
3 0.579387 0.34565199999999996 0.579387 0.347826 0.580084 0.348913 0.586351 0.348913 0.586351 0.346739 0.584958 0.343478 0.584958 0.321739 0.58461 0.317391 0.583217 0.31630400000000003 0.5825210000000001 0.319565 0.581128 0.333696 0.581128 0.341304 0.579387 0.34565199999999996
3 0.702298 0.365217 0.7092620000000001 0.366304 0.7092620000000001 0.36413 0.708217 0.36086999999999997 0.7075210000000001 0.352174 0.7075210000000001 0.33587 0.705432 0.33587 0.704387 0.34565199999999996 0.703691 0.359783 0.702298 0.361957 0.702298 0.365217
3 0.776114 0.379348 0.783426 0.379348 0.782033 0.370652 0.781337 0.348913 0.779596 0.348913 0.778552 0.354348 0.7775070000000001 0.372826 0.776114 0.375 0.776114 0.379348
1 0.764624 0.78913 0.763231 0.8119569999999999 0.758705 0.846739 0.786212 0.846739 0.786212 0.8293480000000001 0.7848189999999999 0.8141299999999999 0.7848189999999999 0.790217 0.784123 0.78913 0.784123 0.7695649999999999 0.7830779999999999 0.746739 0.78273 0.719565 0.781337 0.7163039999999999 0.7771589999999999 0.713043 0.771936 0.713043 0.7698470000000001 0.7391300000000001 0.766017 0.772826 0.766017 0.778261 0.764624 0.78913
1 0.5459609999999999 0.41086999999999996 0.547702 0.415217 0.547702 0.417391 0.558844 0.417391 0.559192 0.41413 0.557451 0.409783 0.556755 0.40108699999999997 0.55571 0.359783 0.554666 0.357609 0.552228 0.358696 0.551532 0.36413 0.549443 0.4 0.548747 0.404348 0.5459609999999999 0.41086999999999996
1 0.606546 0.393478 0.607591 0.396739 0.616643 0.396739 0.615251 0.388043 0.6145539999999999 0.353261 0.614206 0.35 0.611769 0.348913 0.608983 0.383696 0.607591 0.390217 0.606546 0.390217 0.606546 0.393478
1 0.687674 0.384783 0.685237 0.392391 0.6869780000000001 0.395652 0.694986 0.395652 0.693245 0.38913000000000003 0.692549 0.354348 0.691852 0.352174 0.690111 0.352174 0.689415 0.354348 0.689067 0.36739099999999997 0.687674 0.379348 0.687674 0.384783
1 0.758705 0.39891299999999996 0.758705 0.40217400000000003 0.761838 0.404348 0.766713 0.404348 0.7677579999999999 0.4 0.766713 0.396739 0.766713 0.391304 0.766017 0.386957 0.766017 0.36739099999999997 0.76532 0.363043 0.763579 0.363043 0.762883 0.366304 0.760794 0.394565 0.760097 0.397826 0.758705 0.39891299999999996
1 0.8910170000000001 0.422826 0.8913650000000001 0.425 0.9014620000000001 0.426087 0.9014620000000001 0.42391300000000004 0.9004179999999999 0.421739 0.8997210000000001 0.41304299999999994 0.899373 0.388043 0.89624 0.388043 0.895195 0.40543500000000005 0.893454 0.417391 0.8910170000000001 0.422826
3 0.812674 0.373913 0.8098890000000001 0.38260900000000003 0.819638 0.383696 0.8182449999999999 0.38152200000000003 0.8172010000000001 0.376087 0.8168519999999999 0.355435 0.8165039999999999 0.353261 0.8147629999999999 0.353261 0.814067 0.355435 0.814067 0.359783 0.812674 0.36847799999999997 0.812674 0.373913
3 0.847493 0.38260900000000003 0.8461000000000001 0.376087 0.8457520000000001 0.358696 0.8450559999999999 0.355435 0.8436629999999999 0.356522 0.8415739999999999 0.377174 0.839485 0.38152200000000003 0.847493 0.38260900000000003
3 0.850975 0.377174 0.850975 0.379348 0.857591 0.379348 0.856546 0.376087 0.85585 0.36847799999999997 0.85585 0.353261 0.854109 0.354348 0.852716 0.372826 0.852019 0.376087 0.850975 0.377174
3 0.8603759999999999 0.36956500000000003 0.860028 0.352174 0.858287 0.35108700000000004 0.856546 0.361957 0.8568939999999999 0.375 0.861421 0.375 0.8603759999999999 0.36956500000000003
3 0.848886 0.365217 0.848886 0.36739099999999997 0.852716 0.36739099999999997 0.853412 0.359783 0.853412 0.346739 0.851671 0.346739 0.8502789999999999 0.356522 0.8502789999999999 0.36086999999999997 0.848886 0.365217
3 0.788649 0.341304 0.793524 0.341304 0.7924789999999999 0.334783 0.7924789999999999 0.325 0.791435 0.325 0.7907379999999999 0.32717399999999996 0.790042 0.33587 0.788649 0.341304
3 0.764972 0.323913 0.764972 0.31630400000000003 0.763928 0.31630400000000003 0.7621870000000001 0.330435 0.765669 0.330435 0.764972 0.323913
3 0.8077989999999999 0.34565199999999996 0.8081480000000001 0.347826 0.812326 0.347826 0.8112809999999999 0.341304 0.8112809999999999 0.331522 0.8102370000000001 0.331522 0.8095399999999999 0.333696 0.809192 0.33913000000000004 0.8077989999999999 0.34565199999999996
1 0.9101670000000001 0.352174 0.908078 0.370652 0.912604 0.371739 0.911908 0.353261 0.9101670000000001 0.352174
1 0.887187 0.36413 0.891713 0.36413 0.8910170000000001 0.359783 0.8906689999999999 0.34565199999999996 0.8889279999999999 0.34565199999999996 0.8878830000000001 0.358696 0.886838 0.361957 0.887187 0.36413
1 0.831825 0.32717399999999996 0.8307800000000001 0.328261 0.829387 0.343478 0.8335649999999999 0.343478 0.831825 0.32717399999999996
1 0.862465 0.352174 0.862465 0.355435 0.866295 0.355435 0.865251 0.33913000000000004 0.864554 0.33913000000000004 0.86351 0.343478 0.86351 0.347826 0.862465 0.352174
1 0.9059889999999999 0.33913000000000004 0.904596 0.352174 0.908078 0.352174 0.9073819999999999 0.33913000000000004 0.9059889999999999 0.33913000000000004
3 0.822772 0.354348 0.827646 0.354348 0.826602 0.35 0.826253 0.338043 0.8255570000000001 0.33587 0.824861 0.336957 0.8238160000000001 0.343478 0.8238160000000001 0.347826 0.822772 0.354348
1 0.506267 0.507609 0.501045 0.563043 0.49965200000000004 0.5663039999999999 0.494081 0.569565 0.493384 0.5771740000000001 0.495125 0.583696 0.5 0.5913039999999999 0.525766 0.58913 0.5229809999999999 0.573913 0.520891 0.569565 0.51915 0.568478 0.5181060000000001 0.56413 0.517409 0.548913 0.516365 0.53913 0.516365 0.522826 0.51532 0.504348 0.51532 0.483696 0.514624 0.46956499999999995 0.513928 0.467391 0.509401 0.465217 0.508357 0.470652 0.508357 0.476087 0.506267 0.497826 0.506267 0.507609
1 0.501393 0.448913 0.49791100000000005 0.454348 0.497563 0.459783 0.49860699999999997 0.465217 0.509749 0.46413000000000004 0.514972 0.46630399999999994 0.51532 0.456522 0.512535 0.452174 0.511838 0.444565 0.510097 0.38913000000000003 0.509401 0.386957 0.506267 0.386957 0.505223 0.391304 0.504526 0.39891299999999996 0.503134 0.428261 0.501393 0.448913
1 0.9432449999999999 0.34565199999999996 0.9418519999999999 0.359783 0.944638 0.36086999999999997 0.94429 0.34565199999999996 0.9432449999999999 0.34565199999999996
3 0.8387879999999999 0.359783 0.8387879999999999 0.361957 0.8426180000000001 0.361957 0.8433149999999999 0.358696 0.8433149999999999 0.341304 0.841226 0.342391 0.8405290000000001 0.353261 0.8398329999999999 0.357609 0.8387879999999999 0.359783
1 0.939067 0.38260900000000003 0.9435930000000001 0.38152200000000003 0.942897 0.376087 0.942549 0.363043 0.9418519999999999 0.36086999999999997 0.9404600000000001 0.366304 0.939415 0.378261 0.9383699999999999 0.38043499999999997 0.939067 0.38260900000000003