3 0.26009699999999997 0.7445649999999999 0.25626699999999997 0.7554350000000001 0.25383 0.757609 0.25383 0.7608699999999999 0.262187 0.784783 0.270195 0.784783 0.274721 0.781522 0.291086 0.777174 0.291435 0.775 0.304666 0.770652 0.304666 0.768478 0.301184 0.758696 0.29979100000000003 0.746739 0.297702 0.740217 0.293524 0.734783 0.29213100000000003 0.729348 0.282382 0.5956520000000001 0.274025 0.596739 0.268802 0.686957 0.26532 0.734783 0.264276 0.7391300000000001 0.26009699999999997 0.7445649999999999
3 0.475279 0.540217 0.495822 0.541304 0.49617000000000006 0.530435 0.494777 0.527174 0.49303600000000003 0.526087 0.49234 0.522826 0.488162 0.45108699999999996 0.483983 0.45108699999999996 0.479457 0.522826 0.478064 0.527174 0.47562699999999997 0.528261 0.475279 0.540217
3 0.297354 0.463043 0.29805000000000004 0.465217 0.313022 0.465217 0.31337000000000004 0.457609 0.31128100000000003 0.457609 0.30954000000000004 0.448913 0.306755 0.4 0.30362100000000003 0.4 0.300487 0.45108699999999996 0.299443 0.456522 0.297702 0.456522 0.297354 0.463043
3 0.159123 0.425 0.159123 0.42934799999999995 0.172354 0.42934799999999995 0.172354 0.425 0.170961 0.42391300000000004 0.170265 0.420652 0.167479 0.376087 0.16434500000000002 0.376087 0.161908 0.40543500000000005 0.16155999999999998 0.41956499999999997 0.160864 0.42391300000000004 0.159123 0.425
3 0.048747 0.40108699999999997 0.061280999999999995 0.40108699999999997 0.061280999999999995 0.397826 0.059889000000000005 0.396739 0.058843999999999994 0.391304 0.057103 0.357609 0.053969 0.357609 0.051532 0.392391 0.050836000000000006 0.395652 0.049095 0.396739 0.048747 0.40108699999999997
3 0.070334 0.357609 0.078691 0.357609 0.078691 0.354348 0.077298 0.353261 0.076253 0.32934800000000003 0.073468 0.328261 0.072075 0.35108700000000004 0.071031 0.354348 0.070334 0.354348 0.070334 0.357609
3 0.7983979999999999 0.39891299999999996 0.807451 0.39891299999999996 0.807451 0.395652 0.80571 0.391304 0.80571 0.38152200000000003 0.804318 0.363043 0.80188 0.363043 0.799791 0.38260900000000003 0.799791 0.392391 0.7983979999999999 0.394565 0.7983979999999999 0.39891299999999996
3 0.579387 0.372826 0.586003 0.372826 0.586003 0.370652 0.584958 0.36847799999999997 0.5842620000000001 0.34565199999999996 0.583914 0.343478 0.5821729999999999 0.343478 0.581128 0.355435 0.5807800000000001 0.36847799999999997 0.579387 0.36956500000000003 0.579387 0.372826
3 0.6751389999999999 0.378261 0.674095 0.378261 0.674095 0.38260900000000003 0.6786209999999999 0.38260900000000003 0.6786209999999999 0.378261 0.680014 0.36739099999999997 0.680014 0.355435 0.678969 0.35 0.677228 0.35108700000000004 0.676184 0.36086999999999997 0.675836 0.373913 0.6751389999999999 0.378261
1 0.6768799999999999 0.40543500000000005 0.6751389999999999 0.406522 0.674443 0.409783 0.673747 0.409783 0.673747 0.411957 0.6880219999999999 0.411957 0.684192 0.404348 0.682451 0.36956500000000003 0.680014 0.36956500000000003 0.678969 0.38260900000000003 0.678273 0.384783 0.677577 0.40217400000000003 0.6768799999999999 0.40543500000000005
1 0.722145 0.48695700000000003 0.720056 0.48695700000000003 0.720056 0.492391 0.742688 0.492391 0.742688 0.48913 0.740947 0.48804299999999995 0.740599 0.483696 0.737465 0.481522 0.736769 0.479348 0.733635 0.41956499999999997 0.729805 0.41956499999999997 0.725627 0.478261 0.72493 0.48043500000000006 0.7224929999999999 0.481522 0.722145 0.48695700000000003
1 0.8756959999999999 0.46195700000000006 0.8743040000000001 0.46195700000000006 0.8743040000000001 0.465217 0.881267 0.467391 0.894499 0.46630399999999994 0.893454 0.465217 0.892409 0.459783 0.8906689999999999 0.45869600000000005 0.8896240000000001 0.45543500000000003 0.885446 0.406522 0.881964 0.406522 0.87883 0.454348 0.878134 0.457609 0.876393 0.457609 0.8756959999999999 0.46195700000000006
1 0.46552899999999997 0.383696 0.46552899999999997 0.38152200000000003 0.462744 0.377174 0.46135099999999996 0.35108700000000004 0.46065500000000004 0.347826 0.45891400000000004 0.348913 0.457521 0.373913 0.45543199999999995 0.38043499999999997 0.45543199999999995 0.383696 0.46552899999999997 0.383696
1 0.9056409999999999 0.668478 0.9049440000000001 0.675 0.8997210000000001 0.677174 0.898677 0.679348 0.927577 0.698913 0.9345399999999999 0.698913 0.950905 0.692391 0.9505570000000001 0.690217 0.9453340000000001 0.68587 0.94429 0.682609 0.9439420000000001 0.677174 0.9432449999999999 0.675 0.937674 0.6673910000000001 0.935585 0.6445649999999999 0.935585 0.640217 0.9366300000000001 0.6380429999999999 0.9366300000000001 0.628261 0.9348890000000001 0.620652 0.933844 0.620652 0.93071 0.580435 0.929318 0.55 0.9213089999999999 0.55 0.912256 0.6586960000000001 0.91156 0.66087 0.9073819999999999 0.661957 0.9056409999999999 0.668478
1 0.38126699999999997 0.403261 0.38126699999999997 0.40543500000000005 0.38022300000000003 0.406522 0.38022300000000003 0.40869600000000006 0.39449900000000004 0.40869600000000006 0.39449900000000004 0.406522 0.393454 0.406522 0.393106 0.403261 0.391017 0.40217400000000003 0.388579 0.36413 0.38649 0.363043 0.385794 0.366304 0.38405300000000003 0.39891299999999996 0.383357 0.40217400000000003 0.38126699999999997 0.403261
1 0.389276 0.36847799999999997 0.39624000000000004 0.36847799999999997 0.39624000000000004 0.366304 0.394847 0.365217 0.393454 0.338043 0.391713 0.338043 0.39032 0.356522 0.39032 0.363043 0.388928 0.366304 0.389276 0.36847799999999997
1 0.38405300000000003 0.355435 0.38405300000000003 0.353261 0.38266 0.35 0.381964 0.330435 0.38126699999999997 0.32717399999999996 0.38022300000000003 0.32717399999999996 0.37883 0.35 0.37743699999999997 0.352174 0.37743699999999997 0.355435 0.38405300000000003 0.355435
1 0.380919 0.326087 0.38022300000000003 0.321739 0.38022300000000003 0.31413 0.379526 0.313043 0.37743699999999997 0.330435 0.379875 0.330435 0.379875 0.32717399999999996 0.380919 0.326087
1 0.399721 0.342391 0.399025 0.341304 0.398677 0.336957 0.398677 0.323913 0.396588 0.322826 0.395891 0.33913000000000004 0.394847 0.34565199999999996 0.399721 0.34565199999999996 0.399721 0.342391
1 0.409819 0.33260900000000004 0.40947100000000003 0.319565 0.408078 0.318478 0.40773000000000004 0.32934800000000003 0.406337 0.336957 0.411212 0.336957 0.409819 0.33260900000000004
1 0.26566900000000004 0.394565 0.277507 0.394565 0.27681100000000003 0.38913000000000003 0.275766 0.388043 0.274721 0.383696 0.274373 0.36847799999999997 0.273677 0.36413 0.27332900000000004 0.354348 0.270543 0.353261 0.26915 0.36956500000000003 0.268802 0.38587 0.26566900000000004 0.391304 0.26566900000000004 0.394565
1 0.20856499999999997 0.370652 0.208217 0.373913 0.217618 0.375 0.217618 0.371739 0.215529 0.36739099999999997 0.21413600000000002 0.342391 0.21344 0.33913000000000004 0.21239599999999997 0.33913000000000004 0.211003 0.352174 0.21065499999999998 0.366304 0.20961 0.370652 0.20856499999999997 0.370652
1 0.207869 0.357609 0.208217 0.359783 0.21065499999999998 0.359783 0.211351 0.343478 0.212744 0.338043 0.21239599999999997 0.330435 0.21065499999999998 0.330435 0.20961 0.354348 0.20856499999999997 0.357609 0.207869 0.357609
1 0.258008 0.347826 0.263928 0.346739 0.262535 0.340217 0.262187 0.325 0.26149 0.322826 0.260446 0.322826 0.259401 0.333696 0.259401 0.342391 0.258008 0.34565199999999996 0.258008 0.347826
1 0.292827 0.336957 0.297702 0.336957 0.296657 0.33260900000000004 0.296657 0.323913 0.295613 0.31630400000000003 0.29422000000000004 0.320652 0.293872 0.33260900000000004 0.292827 0.334783 0.292827 0.336957
1 0.34818899999999997 0.323913 0.346797 0.30978300000000003 0.34609999999999996 0.30978300000000003 0.345404 0.31413 0.345404 0.321739 0.344708 0.323913 0.34818899999999997 0.323913
1 0.29805000000000004 0.33260900000000004 0.301532 0.33260900000000004 0.30188000000000004 0.32934800000000003 0.300836 0.328261 0.300487 0.317391 0.299095 0.313043 0.298398 0.31521699999999997 0.298398 0.320652 0.297354 0.330435 0.29805000000000004 0.33260900000000004
1 0.308148 0.305435 0.306755 0.319565 0.30988899999999997 0.319565 0.309192 0.306522 0.308148 0.305435
1 0.283774 0.31630400000000003 0.283078 0.31087 0.283078 0.304348 0.282033 0.304348 0.281337 0.306522 0.281337 0.311957 0.28064100000000003 0.31630400000000003 0.283774 0.31630400000000003
1 0.276114 0.320652 0.276114 0.311957 0.275766 0.30978300000000003 0.274373 0.30978300000000003 0.273677 0.320652 0.272632 0.326087 0.27681100000000003 0.326087 0.276114 0.320652
1 0.23920599999999997 0.306522 0.23816199999999998 0.320652 0.24129499999999998 0.321739 0.240599 0.30869599999999997 0.23920599999999997 0.306522
3 0.504875 0.354348 0.504875 0.361957 0.503482 0.363043 0.503482 0.365217 0.510097 0.365217 0.508705 0.357609 0.50766 0.336957 0.505919 0.336957 0.505223 0.346739 0.504178 0.35108700000000004 0.504178 0.353261 0.504875 0.354348
3 0.495474 0.352174 0.49442899999999995 0.35 0.493384 0.32934800000000003 0.491643 0.32934800000000003 0.49094699999999997 0.348913 0.48955399999999993 0.354348 0.495125 0.354348 0.495474 0.352174
3 0.49860699999999997 0.343478 0.5027860000000001 0.343478 0.502089 0.340217 0.501045 0.323913 0.5 0.323913 0.5 0.32934800000000003 0.49930399999999997 0.331522 0.49930399999999997 0.33913000000000004 0.49860699999999997 0.343478
3 0.480501 0.33587 0.48502799999999996 0.33587 0.483983 0.331522 0.48328699999999997 0.317391 0.482242 0.317391 0.48189399999999993 0.325 0.48085000000000006 0.326087 0.481546 0.32934800000000003 0.480501 0.33587
3 0.40424800000000005 0.30869599999999997 0.403203 0.321739 0.40598900000000004 0.321739 0.40494399999999997 0.30978300000000003 0.40424800000000005 0.30869599999999997
3 0.370125 0.31521699999999997 0.36977699999999997 0.305435 0.36873300000000003 0.30869599999999997 0.367688 0.319565 0.370822 0.319565 0.370125 0.31521699999999997
3 0.15668500000000002 0.34565199999999996 0.15668500000000002 0.343478 0.155641 0.342391 0.154944 0.336957 0.155292 0.330435 0.154596 0.328261 0.154248 0.321739 0.15285500000000002 0.321739 0.151462 0.33260900000000004 0.151114 0.342391 0.150418 0.344565 0.15668500000000002 0.34565199999999996
3 0.22179700000000002 0.32717399999999996 0.22179700000000002 0.318478 0.2211 0.313043 0.21970800000000001 0.313043 0.218663 0.32934800000000003 0.21796700000000002 0.331522 0.22284099999999998 0.331522 0.22179700000000002 0.32717399999999996
3 0.196379 0.32717399999999996 0.195334 0.323913 0.195334 0.31521699999999997 0.19429000000000002 0.30869599999999997 0.193245 0.30869599999999997 0.192897 0.319565 0.192201 0.321739 0.191852 0.32717399999999996 0.196379 0.32717399999999996
3 0.20647600000000002 0.336957 0.209958 0.336957 0.21030600000000002 0.334783 0.21030600000000002 0.323913 0.208914 0.31521699999999997 0.207869 0.319565 0.207173 0.330435 0.20578 0.334783 0.20647600000000002 0.336957
3 0.141713 0.319565 0.14519500000000002 0.318478 0.143802 0.304348 0.143106 0.304348 0.142409 0.30869599999999997 0.142758 0.31413 0.141713 0.319565
3 0.449861 0.325 0.44951299999999994 0.328261 0.452994 0.328261 0.452298 0.325 0.45194999999999996 0.31630400000000003 0.451253 0.313043 0.450557 0.313043 0.450557 0.318478 0.449164 0.321739 0.449164 0.323913 0.449861 0.325
3 0.16817500000000002 0.306522 0.167131 0.305435 0.166783 0.31413 0.16538999999999998 0.322826 0.169568 0.322826 0.16817500000000002 0.306522
1 0.5501389999999999 0.431522 0.549095 0.431522 0.549095 0.43478300000000003 0.564763 0.43478300000000003 0.564763 0.431522 0.5637190000000001 0.431522 0.56337 0.428261 0.56163 0.42717400000000005 0.560933 0.425 0.560237 0.415217 0.560933 0.40869600000000006 0.560237 0.404348 0.559192 0.40217400000000003 0.558148 0.393478 0.558148 0.388043 0.557451 0.384783 0.55571 0.384783 0.555014 0.38913000000000003 0.552925 0.426087 0.550836 0.42717400000000005 0.5501389999999999 0.431522
1 0.552228 0.396739 0.5543180000000001 0.396739 0.554666 0.38913000000000003 0.55571 0.383696 0.5577989999999999 0.384783 0.558496 0.388043 0.558844 0.396739 0.562674 0.396739 0.562674 0.394565 0.5612809999999999 0.392391 0.559889 0.38587 0.558496 0.357609 0.556407 0.357609 0.554666 0.377174 0.5543180000000001 0.390217 0.552228 0.392391 0.552228 0.396739