3 0.263579 0.634783 0.263579 0.63913 0.262535 0.642391 0.262535 0.6543479999999999 0.261838 0.656522 0.262535 0.669565 0.260446 0.701087 0.254875 0.708696 0.254178 0.71413 0.254178 0.733696 0.274373 0.733696 0.27507000000000004 0.731522 0.289694 0.729348 0.291086 0.7260869999999999 0.291435 0.7163039999999999 0.29039000000000004 0.71413 0.290042 0.703261 0.28481900000000004 0.698913 0.283774 0.696739 0.275418 0.584783 0.275418 0.575 0.268454 0.573913 0.267409 0.5771740000000001 0.267409 0.588043 0.264972 0.628261 0.263579 0.634783
3 0.302577 0.530435 0.301532 0.532609 0.300139 0.532609 0.29979100000000003 0.53587 0.297702 0.53913 0.297006 0.5423910000000001 0.298398 0.544565 0.303273 0.546739 0.310933 0.546739 0.316156 0.543478 0.322075 0.5423910000000001 0.322075 0.540217 0.320334 0.53913 0.319638 0.536957 0.319638 0.532609 0.31545999999999996 0.530435 0.310933 0.456522 0.307103 0.456522 0.30571000000000004 0.481522 0.30362100000000003 0.504348 0.30362100000000003 0.515217 0.302577 0.530435
3 0.27298100000000003 0.44239100000000003 0.27298100000000003 0.45108699999999996 0.271936 0.45869600000000005 0.271936 0.46413000000000004 0.270891 0.467391 0.26949900000000004 0.467391 0.26915 0.470652 0.267758 0.47282599999999997 0.285167 0.47282599999999997 0.283774 0.46956499999999995 0.283078 0.465217 0.28098900000000004 0.46195700000000006 0.278203 0.41304299999999994 0.275418 0.41304299999999994 0.274373 0.421739 0.274373 0.428261 0.273677 0.43913 0.27298100000000003 0.44239100000000003
3 0.18453999999999998 0.43478300000000003 0.182451 0.43695700000000004 0.182451 0.44021699999999997 0.193593 0.441304 0.194638 0.43913 0.194638 0.43695700000000004 0.192549 0.433696 0.191852 0.430435 0.189763 0.394565 0.186978 0.393478 0.185237 0.415217 0.185237 0.421739 0.18453999999999998 0.426087 0.18453999999999998 0.43478300000000003
3 0.075905 0.420652 0.074164 0.421739 0.073816 0.425 0.084958 0.426087 0.084958 0.422826 0.083565 0.41956499999999997 0.083217 0.41086999999999996 0.08182500000000001 0.406522 0.081128 0.388043 0.080432 0.384783 0.078691 0.384783 0.077994 0.388043 0.077646 0.396739 0.076602 0.40217400000000003 0.075905 0.420652
3 0.059192 0.340217 0.057799 0.355435 0.061280999999999995 0.355435 0.060585 0.342391 0.059192 0.340217
3 0.071379 0.336957 0.069986 0.336957 0.068942 0.35108700000000004 0.072075 0.35108700000000004 0.071379 0.344565 0.071379 0.336957
3 0.8029249999999999 0.40869600000000006 0.8137190000000001 0.40869600000000006 0.8137190000000001 0.40543500000000005 0.8119780000000001 0.403261 0.8112809999999999 0.390217 0.810585 0.38913000000000003 0.8098890000000001 0.36847799999999997 0.807451 0.36739099999999997 0.8064069999999999 0.372826 0.8050140000000001 0.403261 0.8032730000000001 0.404348 0.8029249999999999 0.40869600000000006
3 0.690111 0.392391 0.690111 0.38913000000000003 0.689415 0.38913000000000003 0.6887190000000001 0.38587 0.68837 0.376087 0.687326 0.36739099999999997 0.687326 0.359783 0.685237 0.358696 0.683844 0.371739 0.683844 0.38043499999999997 0.682103 0.391304 0.690111 0.392391
3 0.595404 0.378261 0.6020190000000001 0.379348 0.602368 0.376087 0.600975 0.373913 0.59993 0.35108700000000004 0.598538 0.35 0.597145 0.36413 0.596797 0.375 0.595404 0.376087 0.595404 0.378261
3 0.528552 0.36847799999999997 0.534123 0.36847799999999997 0.5330779999999999 0.361957 0.532033 0.34565199999999996 0.530989 0.343478 0.5306409999999999 0.35 0.529944 0.352174 0.529596 0.363043 0.528552 0.36847799999999997
3 0.48328699999999997 0.356522 0.48259100000000005 0.341304 0.481546 0.340217 0.480501 0.354348 0.479457 0.36086999999999997 0.48433099999999996 0.36086999999999997 0.48328699999999997 0.356522
3 0.436281 0.34565199999999996 0.435237 0.338043 0.434192 0.338043 0.432799 0.355435 0.43697800000000003 0.355435 0.436281 0.352174 0.436281 0.34565199999999996
3 0.39066900000000004 0.35 0.39066900000000004 0.342391 0.389972 0.340217 0.389972 0.336957 0.388928 0.33587 0.387883 0.35108700000000004 0.387187 0.353261 0.391365 0.353261 0.39066900000000004 0.35
3 0.334262 0.354348 0.336003 0.354348 0.33669899999999997 0.347826 0.336351 0.33587 0.334958 0.338043 0.334958 0.348913 0.333565 0.352174 0.334262 0.354348
3 0.252089 0.33587 0.250696 0.35108700000000004 0.254178 0.35108700000000004 0.253134 0.33587 0.252089 0.33587
3 0.247214 0.333696 0.24617 0.33260900000000004 0.24582199999999998 0.341304 0.24477699999999997 0.346739 0.24860699999999997 0.346739 0.247214 0.333696
1 0.595752 0.483696 0.595404 0.49130399999999996 0.611769 0.492391 0.611769 0.483696 0.611072 0.481522 0.609331 0.481522 0.608287 0.478261 0.6055010000000001 0.425 0.604805 0.421739 0.602368 0.421739 0.601671 0.425 0.598886 0.478261 0.5978410000000001 0.48260899999999995 0.595752 0.483696
1 0.553969 0.404348 0.5630219999999999 0.404348 0.5630219999999999 0.4 0.562326 0.4 0.5612809999999999 0.395652 0.5612809999999999 0.38587 0.560585 0.383696 0.5595399999999999 0.366304 0.558148 0.366304 0.557451 0.36956500000000003 0.5560579999999999 0.39891299999999996 0.554666 0.4 0.553969 0.404348
1 0.505223 0.44565200000000005 0.503134 0.44782599999999995 0.5027860000000001 0.45108699999999996 0.501393 0.453261 0.515669 0.453261 0.515669 0.44782599999999995 0.513579 0.44565200000000005 0.512883 0.441304 0.510794 0.4 0.508357 0.39891299999999996 0.50766 0.40217400000000003 0.507312 0.41304299999999994 0.506267 0.41956499999999997 0.505223 0.44565200000000005
1 0.47075199999999995 0.38260900000000003 0.47075199999999995 0.38587 0.47771600000000003 0.38587 0.47771600000000003 0.383696 0.47597500000000004 0.378261 0.475279 0.357609 0.473886 0.355435 0.47318899999999997 0.359783 0.47249299999999994 0.378261 0.471797 0.38260900000000003 0.47075199999999995 0.38260900000000003
1 0.43036199999999997 0.373913 0.43036199999999997 0.371739 0.42931800000000003 0.370652 0.42931800000000003 0.366304 0.428273 0.358696 0.428273 0.35108700000000004 0.427925 0.348913 0.426532 0.348913 0.42548700000000006 0.36956500000000003 0.424443 0.371739 0.424443 0.373913 0.43036199999999997 0.373913
1 0.383357 0.352174 0.383357 0.342391 0.381964 0.342391 0.380919 0.358696 0.379875 0.365217 0.384749 0.365217 0.383357 0.352174
1 0.335306 0.36086999999999997 0.339833 0.36086999999999997 0.338788 0.353261 0.338788 0.34565199999999996 0.338092 0.342391 0.337396 0.342391 0.337396 0.347826 0.33669899999999997 0.348913 0.336351 0.356522 0.335306 0.36086999999999997
1 0.306755 0.411957 0.306755 0.415217 0.316156 0.415217 0.316156 0.411957 0.31511100000000003 0.40869600000000006 0.314067 0.4 0.313022 0.384783 0.313022 0.376087 0.310933 0.375 0.309192 0.393478 0.308844 0.407609 0.307799 0.411957 0.306755 0.411957
1 0.279248 0.359783 0.278203 0.342391 0.27715900000000004 0.342391 0.27681100000000003 0.35108700000000004 0.27507000000000004 0.359783 0.279248 0.359783
1 0.21065499999999998 0.397826 0.208914 0.4 0.20856499999999997 0.403261 0.21727 0.403261 0.21727 0.4 0.21622599999999997 0.396739 0.21518099999999998 0.38913000000000003 0.21448499999999998 0.371739 0.213788 0.36847799999999997 0.212744 0.36847799999999997 0.212047 0.370652 0.211699 0.379348 0.211003 0.38152200000000003 0.21065499999999998 0.397826
1 0.229109 0.348913 0.229109 0.342391 0.22771599999999997 0.342391 0.22667099999999998 0.357609 0.22597499999999998 0.359783 0.230153 0.359783 0.229109 0.348913
1 0.138231 0.396739 0.145543 0.396739 0.145891 0.394565 0.144499 0.388043 0.143106 0.36739099999999997 0.14136500000000002 0.366304 0.139276 0.38587 0.139276 0.391304 0.138231 0.394565 0.138231 0.396739
1 0.099582 0.38587 0.097841 0.36086999999999997 0.096448 0.359783 0.095056 0.372826 0.095056 0.38260900000000003 0.094011 0.38587 0.099582 0.38587
1 0.093663 0.377174 0.092967 0.357609 0.09226999999999999 0.355435 0.091574 0.355435 0.090877 0.358696 0.089136 0.377174 0.093663 0.377174
1 0.103064 0.36847799999999997 0.102019 0.35 0.10132300000000001 0.35 0.10027900000000001 0.354348 0.099582 0.36847799999999997 0.103064 0.36847799999999997
1 0.11002799999999999 0.346739 0.108635 0.34565199999999996 0.10793900000000001 0.359783 0.10724199999999999 0.361957 0.110724 0.361957 0.11002799999999999 0.346739
1 0.11734 0.343478 0.11664300000000001 0.341304 0.11525099999999999 0.343478 0.114554 0.356522 0.11768799999999999 0.355435 0.11734 0.343478
1 0.122214 0.338043 0.12082200000000001 0.336957 0.119777 0.343478 0.11942900000000001 0.35108700000000004 0.122563 0.35108700000000004 0.122214 0.338043
1 0.193593 0.340217 0.191852 0.356522 0.195682 0.356522 0.194638 0.340217 0.193593 0.340217
1 0.9042479999999999 0.478261 0.9021589999999999 0.478261 0.9021589999999999 0.48043500000000006 0.9094709999999999 0.481522 0.912604 0.483696 0.925139 0.48260899999999995 0.9254870000000001 0.48043500000000006 0.923747 0.479348 0.9227019999999999 0.47391300000000003 0.920265 0.47282599999999997 0.9195679999999999 0.46956499999999995 0.918872 0.457609 0.917827 0.452174 0.917827 0.44239100000000003 0.9157379999999999 0.418478 0.9157379999999999 0.41304299999999994 0.912256 0.411957 0.91156 0.41630399999999995 0.9084260000000001 0.470652 0.905292 0.471739 0.9042479999999999 0.478261
1 0.721797 0.604348 0.721797 0.609783 0.719708 0.616304 0.73851 0.6195649999999999 0.74234 0.621739 0.74617 0.621739 0.748259 0.618478 0.748607 0.6195649999999999 0.75 0.615217 0.751393 0.6141300000000001 0.752089 0.609783 0.750348 0.609783 0.749304 0.602174 0.745474 0.6 0.744777 0.596739 0.73851 0.5 0.733635 0.5 0.732939 0.503261 0.7270190000000001 0.596739 0.7228410000000001 0.6 0.721797 0.604348
1 0.6887190000000001 0.428261 0.687674 0.428261 0.687674 0.430435 0.6862809999999999 0.43260899999999997 0.6862809999999999 0.43478300000000003 0.6995129999999999 0.433696 0.698468 0.428261 0.696727 0.42717400000000005 0.6963790000000001 0.417391 0.6956819999999999 0.415217 0.6946380000000001 0.386957 0.69429 0.384783 0.691852 0.384783 0.690808 0.404348 0.689763 0.41086999999999996 0.689415 0.426087 0.6887190000000001 0.428261
1 0.429666 0.431522 0.43036199999999997 0.430435 0.43036199999999997 0.42717400000000005 0.427577 0.421739 0.425836 0.38587 0.423398 0.38587 0.42130900000000004 0.425 0.41956800000000005 0.426087 0.418524 0.431522 0.429666 0.431522