1 0.177228 0.346739 0.175836 0.346739 0.174443 0.35108700000000004 0.174443 0.354348 0.19046000000000002 0.355435 0.19046000000000002 0.352174 0.187674 0.34565199999999996 0.186281 0.330435 0.186281 0.319565 0.185237 0.31413 0.184192 0.294565 0.181755 0.294565 0.181407 0.306522 0.179666 0.318478 0.178273 0.342391 0.177228 0.346739
0 0.11734 0.24673899999999999 0.115947 0.244565 0.11559900000000001 0.231522 0.114554 0.22391299999999997 0.11281300000000001 0.22282600000000002 0.11142099999999999 0.24239099999999997 0.10968 0.248913 0.11734 0.25 0.11734 0.24673899999999999
0 0.108287 0.21739099999999997 0.10759099999999999 0.21413000000000001 0.10619799999999999 0.21413000000000001 0.10376 0.236957 0.10968 0.236957 0.108287 0.22282600000000002 0.108287 0.21739099999999997
0 0.089136 0.20543499999999998 0.088788 0.196739 0.087396 0.196739 0.086003 0.21086999999999997 0.08843999999999999 0.21086999999999997 0.089136 0.20543499999999998
2 0.151114 0.277174 0.150766 0.290217 0.15006999999999998 0.294565 0.148329 0.294565 0.147284 0.29782600000000004 0.147284 0.301087 0.161908 0.301087 0.161908 0.29782600000000004 0.160864 0.29782600000000004 0.16051500000000002 0.294565 0.159471 0.293478 0.158774 0.290217 0.158774 0.278261 0.156337 0.23478300000000002 0.15389999999999998 0.233696 0.15285500000000002 0.243478 0.15285500000000002 0.254348 0.151811 0.27391299999999996 0.151114 0.277174
0 0.123955 0.268478 0.131616 0.268478 0.131964 0.265217 0.130571 0.261957 0.130223 0.244565 0.12883 0.23586999999999997 0.127437 0.23586999999999997 0.125696 0.251087 0.125 0.263043 0.123955 0.26413000000000003 0.123955 0.268478
1 0.27681100000000003 0.448913 0.27681100000000003 0.457609 0.27507000000000004 0.47717400000000004 0.271588 0.48043500000000006 0.26915 0.48695700000000003 0.267061 0.48695700000000003 0.267061 0.490217 0.274373 0.497826 0.299095 0.496739 0.299095 0.492391 0.29596100000000003 0.48913 0.295265 0.48695700000000003 0.295265 0.483696 0.293872 0.479348 0.291086 0.478261 0.29039000000000004 0.476087 0.290738 0.46630399999999994 0.289694 0.457609 0.289345 0.44239100000000003 0.28830100000000003 0.43478300000000003 0.287604 0.411957 0.286908 0.407609 0.286212 0.390217 0.281337 0.38913000000000003 0.280292 0.4 0.280292 0.409783 0.278203 0.42717400000000005 0.27681100000000003 0.448913
2 0.145543 0.27391299999999996 0.145543 0.283696 0.144847 0.288043 0.143106 0.288043 0.143106 0.293478 0.15006999999999998 0.293478 0.152507 0.254348 0.152507 0.24782600000000002 0.151811 0.24565199999999998 0.151114 0.231522 0.150418 0.22934800000000002 0.14902500000000002 0.22934800000000002 0.147981 0.233696 0.147981 0.24021699999999999 0.145543 0.27391299999999996
0 0.102019 0.206522 0.100627 0.206522 0.101671 0.225 0.10410900000000001 0.22391299999999997 0.103064 0.218478 0.102019 0.206522
0 0.08948500000000001 0.216304 0.091922 0.215217 0.09226999999999999 0.20434800000000003 0.091574 0.198913 0.090529 0.198913 0.089136 0.206522 0.088788 0.215217 0.08948500000000001 0.216304
0 0.098886 0.20760900000000002 0.096797 0.227174 0.10132300000000001 0.227174 0.10027900000000001 0.20760900000000002 0.098886 0.20760900000000002
0 0.094359 0.21739099999999997 0.095404 0.208696 0.094708 0.203261 0.092967 0.20543499999999998 0.091922 0.220652 0.09331500000000001 0.220652 0.094359 0.21739099999999997
0 0.096797 0.22282600000000002 0.097841 0.215217 0.097841 0.21086999999999997 0.09714500000000001 0.209783 0.096797 0.20543499999999998 0.095752 0.20543499999999998 0.095056 0.215217 0.093663 0.22282600000000002 0.096797 0.22282600000000002