1 0.690111 0.559783 0.690111 0.567391 0.6869780000000001 0.593478 0.6862809999999999 0.596739 0.682103 0.6 0.6793180000000001 0.6054350000000001 0.6793180000000001 0.609783 0.6827989999999999 0.623913 0.684889 0.626087 0.696727 0.625 0.6981200000000001 0.627174 0.702646 0.628261 0.7092620000000001 0.627174 0.710655 0.621739 0.710306 0.6119570000000001 0.7092620000000001 0.608696 0.706128 0.6054350000000001 0.705084 0.597826 0.7040390000000001 0.5663039999999999 0.703343 0.56087 0.702646 0.525 0.702994 0.51413 0.702298 0.497826 0.700905 0.494565 0.696727 0.49347799999999997 0.6956819999999999 0.49565200000000004 0.6922010000000001 0.534783 0.691156 0.553261 0.690111 0.559783
1 0.908774 0.396739 0.9073819999999999 0.40217400000000003 0.9108639999999999 0.40543500000000005 0.916783 0.40543500000000005 0.916783 0.4 0.916086 0.397826 0.916086 0.392391 0.91539 0.388043 0.915042 0.365217 0.912256 0.36413 0.9108639999999999 0.373913 0.910515 0.383696 0.9094709999999999 0.388043 0.908774 0.396739
1 0.8077989999999999 0.356522 0.807451 0.361957 0.80571 0.366304 0.80571 0.36847799999999997 0.8137190000000001 0.36956500000000003 0.812674 0.358696 0.8119780000000001 0.334783 0.8098890000000001 0.334783 0.808844 0.346739 0.808844 0.353261 0.8077989999999999 0.356522
1 0.713788 0.33913000000000004 0.713092 0.340217 0.713092 0.343478 0.719708 0.342391 0.718663 0.340217 0.718315 0.33587 0.718315 0.31521699999999997 0.717618 0.313043 0.716226 0.313043 0.7148329999999999 0.331522 0.714136 0.333696 0.713788 0.33913000000000004
1 0.620822 0.318478 0.619429 0.322826 0.625 0.325 0.626045 0.322826 0.625 0.320652 0.624652 0.29565199999999997 0.622563 0.29565199999999997 0.621866 0.302174 0.621866 0.31087 0.62117 0.313043 0.620822 0.318478
1 0.532033 0.31087 0.530989 0.303261 0.5306409999999999 0.281522 0.528552 0.280435 0.5271589999999999 0.3 0.52507 0.307609 0.525766 0.31087 0.532033 0.31087
1 0.362117 0.44565200000000005 0.361421 0.448913 0.361072 0.459783 0.358983 0.48260899999999995 0.357591 0.48586999999999997 0.354457 0.48804299999999995 0.353412 0.494565 0.351323 0.49565200000000004 0.350627 0.497826 0.35167099999999996 0.501087 0.354805 0.504348 0.383008 0.504348 0.383705 0.501087 0.383008 0.49891300000000005 0.380919 0.496739 0.377089 0.48695700000000003 0.375 0.48695700000000003 0.374304 0.484783 0.37256300000000003 0.46195700000000006 0.371518 0.42391300000000004 0.370125 0.39891299999999996 0.365599 0.397826 0.36490300000000003 0.4 0.363162 0.428261 0.362465 0.43260899999999997 0.362117 0.44565200000000005
1 0.284123 0.304348 0.282382 0.30978300000000003 0.283426 0.313043 0.292827 0.313043 0.292479 0.31087 0.29039000000000004 0.307609 0.288997 0.269565 0.286908 0.268478 0.285864 0.271739 0.285864 0.281522 0.28447100000000003 0.290217 0.284123 0.304348
1 0.35375999999999996 0.298913 0.353412 0.302174 0.362465 0.303261 0.363162 0.302174 0.360724 0.294565 0.360028 0.267391 0.35933099999999996 0.265217 0.357939 0.265217 0.356198 0.280435 0.35585 0.293478 0.355153 0.296739 0.35375999999999996 0.298913
1 0.43662999999999996 0.303261 0.443245 0.303261 0.443245 0.301087 0.441504 0.29782600000000004 0.440808 0.270652 0.439067 0.269565 0.43837000000000004 0.272826 0.437326 0.29239099999999996 0.435585 0.3 0.43662999999999996 0.303261
3 0.861769 0.366304 0.8603759999999999 0.357609 0.85968 0.33913000000000004 0.8586349999999999 0.33587 0.857591 0.33587 0.855501 0.358696 0.85376 0.36413 0.854805 0.366304 0.861769 0.366304
3 0.732939 0.334783 0.73851 0.334783 0.737465 0.331522 0.736421 0.321739 0.736421 0.31087 0.735724 0.307609 0.735028 0.307609 0.733287 0.322826 0.733287 0.32717399999999996 0.731546 0.33260900000000004 0.732939 0.334783
3 0.615947 0.31087 0.621518 0.31087 0.620474 0.28913 0.619777 0.28586999999999996 0.619081 0.28586999999999996 0.618384 0.290217 0.617688 0.304348 0.615947 0.31087
3 0.5 0.29239099999999996 0.506616 0.293478 0.505571 0.28913 0.504875 0.280435 0.504875 0.268478 0.503134 0.268478 0.502089 0.278261 0.502089 0.286957 0.501393 0.290217 0.5 0.29239099999999996
3 0.391713 0.282609 0.392061 0.280435 0.391017 0.278261 0.39032 0.25652200000000003 0.389972 0.254348 0.388928 0.254348 0.388231 0.25652200000000003 0.387187 0.276087 0.385446 0.281522 0.391713 0.282609
3 0.27681100000000003 0.272826 0.275418 0.27934800000000004 0.281685 0.280435 0.283078 0.277174 0.282033 0.27391299999999996 0.281337 0.267391 0.28064100000000003 0.24782600000000002 0.27890000000000004 0.24673899999999999 0.278203 0.24782600000000002 0.278203 0.25652200000000003 0.27681100000000003 0.267391 0.27681100000000003 0.272826
3 0.168524 0.28586999999999996 0.178273 0.28586999999999996 0.175836 0.275 0.174791 0.24782600000000002 0.171657 0.24782600000000002 0.171657 0.259783 0.170265 0.278261 0.168524 0.282609 0.168524 0.28586999999999996
0 0.159819 0.271739 0.167131 0.271739 0.167479 0.269565 0.166435 0.267391 0.165738 0.259783 0.165042 0.25760900000000003 0.164694 0.238043 0.163997 0.23586999999999997 0.162256 0.23586999999999997 0.16155999999999998 0.254348 0.160167 0.26413000000000003 0.158426 0.268478 0.159819 0.271739
0 0.144847 0.24673899999999999 0.151462 0.24782600000000002 0.151462 0.24565199999999998 0.150418 0.244565 0.15006999999999998 0.236957 0.149373 0.233696 0.149373 0.22282600000000002 0.148329 0.219565 0.147632 0.219565 0.146936 0.226087 0.146936 0.23478300000000002 0.145891 0.243478 0.144847 0.24673899999999999
0 0.10968 0.219565 0.108635 0.209783 0.108635 0.202174 0.108287 0.2 0.10759099999999999 0.2 0.106546 0.203261 0.106546 0.211957 0.105501 0.218478 0.10968 0.219565
0 0.083217 0.21739099999999997 0.082173 0.21413000000000001 0.081128 0.206522 0.081128 0.198913 0.080432 0.19456500000000002 0.079735 0.19456500000000002 0.078691 0.20108700000000002 0.078691 0.209783 0.077298 0.216304 0.083217 0.21739099999999997
0 0.054666000000000006 0.211957 0.053620999999999995 0.209783 0.052925 0.197826 0.052228 0.19347799999999998 0.050836000000000006 0.192391 0.050836000000000006 0.20108700000000002 0.049095 0.21413000000000001 0.054318 0.21413000000000001 0.054666000000000006 0.211957
0 0.13753500000000002 0.233696 0.141017 0.233696 0.139972 0.22934800000000002 0.138928 0.209783 0.13753500000000002 0.209783 0.136838 0.21413000000000001 0.13649 0.228261 0.135446 0.231522 0.13753500000000002 0.233696
0 0.129178 0.221739 0.13266 0.220652 0.131267 0.211957 0.130919 0.20108700000000002 0.129526 0.206522 0.129526 0.211957 0.128482 0.219565 0.129178 0.221739
1 0.236421 0.38152200000000003 0.23502800000000001 0.388043 0.232939 0.38913000000000003 0.232242 0.391304 0.232242 0.395652 0.23363499999999998 0.4 0.23816199999999998 0.39891299999999996 0.244081 0.40217400000000003 0.24965199999999999 0.40108699999999997 0.25 0.392391 0.24860699999999997 0.391304 0.24756300000000003 0.388043 0.24617 0.378261 0.244429 0.32934800000000003 0.24303599999999997 0.322826 0.24094699999999997 0.322826 0.23990300000000003 0.32717399999999996 0.23746499999999998 0.36847799999999997 0.236769 0.36956500000000003 0.236421 0.38152200000000003
2 0.25243699999999997 0.36413 0.251045 0.378261 0.25 0.40108699999999997 0.248259 0.403261 0.24686599999999997 0.409783 0.244081 0.411957 0.24895499999999998 0.418478 0.274025 0.418478 0.274025 0.41630399999999995 0.270891 0.41086999999999996 0.270195 0.404348 0.268454 0.40217400000000003 0.267409 0.397826 0.266017 0.379348 0.26532 0.35 0.263928 0.333696 0.263579 0.321739 0.262883 0.318478 0.261838 0.290217 0.260794 0.286957 0.257312 0.286957 0.254875 0.31630400000000003 0.254526 0.330435 0.253134 0.343478 0.25243699999999997 0.36413
2 0.229109 0.342391 0.228412 0.346739 0.228412 0.355435 0.227019 0.370652 0.224234 0.371739 0.22388599999999997 0.373913 0.224234 0.377174 0.225279 0.378261 0.225279 0.38152200000000003 0.226323 0.386957 0.23502800000000001 0.386957 0.236072 0.38152200000000003 0.236421 0.36956500000000003 0.23711700000000002 0.36847799999999997 0.23990300000000003 0.326087 0.23990300000000003 0.31521699999999997 0.23851 0.29239099999999996 0.23816199999999998 0.27391299999999996 0.236769 0.270652 0.233983 0.271739 0.23363499999999998 0.281522 0.22945700000000002 0.330435 0.229109 0.342391
1 0.240251 0.293478 0.240251 0.284783 0.23885800000000001 0.284783 0.240599 0.322826 0.241643 0.321739 0.24094699999999997 0.298913 0.240251 0.293478