3 0.412953 0.530435 0.409819 0.540217 0.409819 0.543478 0.43036199999999997 0.544565 0.43488899999999997 0.53913 0.435237 0.536957 0.433496 0.534783 0.433148 0.5293479999999999 0.43036199999999997 0.528261 0.429666 0.526087 0.428273 0.49565200000000004 0.426532 0.47717400000000004 0.426184 0.46630399999999994 0.425139 0.459783 0.425139 0.454348 0.420613 0.453261 0.416783 0.506522 0.416435 0.525 0.41539000000000004 0.5293479999999999 0.412953 0.530435
3 0.43488899999999997 0.418478 0.43488899999999997 0.421739 0.44428999999999996 0.421739 0.445334 0.417391 0.443245 0.41630399999999995 0.442897 0.403261 0.441156 0.378261 0.439067 0.377174 0.437674 0.390217 0.43662999999999996 0.41413 0.435585 0.418478 0.43488899999999997 0.418478
3 0.49442899999999995 0.454348 0.494081 0.46087 0.506964 0.46195700000000006 0.508357 0.459783 0.508357 0.45543500000000003 0.50766 0.453261 0.505571 0.452174 0.502437 0.40217400000000003 0.5 0.40217400000000003 0.49895500000000004 0.409783 0.497563 0.431522 0.496866 0.452174 0.49442899999999995 0.454348
3 0.38126699999999997 0.394565 0.381616 0.391304 0.379875 0.390217 0.379526 0.373913 0.378482 0.361957 0.376741 0.36086999999999997 0.375348 0.373913 0.375 0.390217 0.373259 0.394565 0.38126699999999997 0.394565
3 0.370474 0.376087 0.375 0.376087 0.375 0.357609 0.373955 0.348913 0.37256300000000003 0.35 0.371518 0.358696 0.37117 0.373913 0.370474 0.376087
3 0.396936 0.361957 0.395891 0.343478 0.39449900000000004 0.342391 0.393106 0.36086999999999997 0.391713 0.365217 0.39798100000000003 0.365217 0.396936 0.361957
3 0.40703300000000003 0.32717399999999996 0.40598900000000004 0.326087 0.404596 0.342391 0.408078 0.342391 0.407382 0.33913000000000004 0.40703300000000003 0.32717399999999996
3 0.420613 0.326087 0.41956800000000005 0.322826 0.418872 0.326087 0.418175 0.33913000000000004 0.421657 0.33913000000000004 0.420613 0.326087
3 0.43036199999999997 0.355435 0.42931800000000003 0.35108700000000004 0.42931800000000003 0.342391 0.428621 0.33587 0.427577 0.33587 0.42688 0.342391 0.42688 0.35108700000000004 0.42548700000000006 0.355435 0.43036199999999997 0.355435
3 0.426532 0.34565199999999996 0.42722800000000005 0.33587 0.428621 0.334783 0.427925 0.328261 0.42688 0.328261 0.426184 0.343478 0.42548700000000006 0.34565199999999996 0.426532 0.34565199999999996
3 0.45578 0.346739 0.455084 0.331522 0.454039 0.331522 0.45369099999999996 0.343478 0.452646 0.35 0.456825 0.35 0.45578 0.346739
3 0.72493 0.340217 0.724234 0.336957 0.723538 0.323913 0.7224929999999999 0.322826 0.721797 0.328261 0.721797 0.336957 0.7211000000000001 0.340217 0.72493 0.340217
3 0.754178 0.344565 0.753134 0.341304 0.752437 0.328261 0.751741 0.325 0.751045 0.325 0.750348 0.331522 0.750348 0.341304 0.749652 0.343478 0.754178 0.344565
3 0.782033 0.328261 0.7806409999999999 0.328261 0.779596 0.34565199999999996 0.778552 0.35 0.784123 0.35 0.782033 0.328261
3 0.8461000000000001 0.357609 0.846448 0.355435 0.845404 0.353261 0.8440110000000001 0.334783 0.8433149999999999 0.331522 0.8422700000000001 0.331522 0.8408770000000001 0.344565 0.8405290000000001 0.354348 0.839485 0.357609 0.8461000000000001 0.357609
3 0.9227019999999999 0.36847799999999997 0.922354 0.370652 0.9230499999999999 0.372826 0.930362 0.372826 0.9310579999999999 0.36956500000000003 0.9300140000000001 0.36739099999999997 0.929318 0.361957 0.9279249999999999 0.341304 0.925836 0.341304 0.9244429999999999 0.356522 0.9244429999999999 0.365217 0.923747 0.36847799999999997 0.9227019999999999 0.36847799999999997
1 0.778203 0.508696 0.775766 0.509783 0.7754179999999999 0.515217 0.773677 0.517391 0.773677 0.5195649999999999 0.782382 0.520652 0.7865599999999999 0.522826 0.794916 0.521739 0.797006 0.517391 0.795613 0.51413 0.795265 0.5108699999999999 0.793175 0.5108699999999999 0.792131 0.508696 0.787604 0.43695700000000004 0.783426 0.43695700000000004 0.7830779999999999 0.448913 0.782033 0.457609 0.7788999999999999 0.506522 0.778203 0.508696
1 0.71727 0.446739 0.729109 0.44565200000000005 0.728064 0.444565 0.727368 0.44021699999999997 0.726323 0.44021699999999997 0.725279 0.43695700000000004 0.723886 0.422826 0.723886 0.41413 0.7224929999999999 0.392391 0.719708 0.391304 0.717967 0.411957 0.7169220000000001 0.43587 0.713092 0.444565 0.71727 0.446739
1 0.912256 0.395652 0.911908 0.397826 0.9146940000000001 0.4 0.9216570000000001 0.4 0.9227019999999999 0.396739 0.9209609999999999 0.394565 0.918872 0.36086999999999997 0.9164350000000001 0.359783 0.914345 0.379348 0.914345 0.391304 0.913301 0.395652 0.912256 0.395652
1 0.8269500000000001 0.378261 0.827646 0.376087 0.826253 0.373913 0.824861 0.346739 0.82312 0.34565199999999996 0.8217269999999999 0.357609 0.821031 0.373913 0.819638 0.377174 0.8269500000000001 0.378261
1 0.759053 0.36413 0.759401 0.361957 0.758705 0.36086999999999997 0.75766 0.353261 0.757312 0.33913000000000004 0.755919 0.338043 0.754875 0.34565199999999996 0.754526 0.359783 0.753482 0.363043 0.759053 0.36413
1 0.709958 0.353261 0.7092620000000001 0.35108700000000004 0.708565 0.343478 0.708217 0.33260900000000004 0.706825 0.331522 0.7057800000000001 0.340217 0.7057800000000001 0.35 0.705084 0.353261 0.709958 0.353261
1 0.679666 0.346739 0.6786209999999999 0.341304 0.677925 0.328261 0.677228 0.328261 0.676184 0.336957 0.676184 0.343478 0.6754870000000001 0.346739 0.679666 0.346739
1 0.657033 0.342391 0.655989 0.336957 0.655292 0.323913 0.654596 0.323913 0.653552 0.331522 0.653552 0.338043 0.6525070000000001 0.342391 0.657033 0.342391
1 0.6055010000000001 0.409783 0.606198 0.411957 0.615599 0.411957 0.615599 0.40869600000000006 0.61351 0.40543500000000005 0.611421 0.370652 0.609331 0.36956500000000003 0.6072420000000001 0.396739 0.6072420000000001 0.40543500000000005 0.6055010000000001 0.406522 0.6055010000000001 0.409783
1 0.5407379999999999 0.388043 0.5407379999999999 0.38587 0.538997 0.38260900000000003 0.537256 0.354348 0.535515 0.354348 0.533774 0.383696 0.532382 0.38587 0.532382 0.388043 0.5407379999999999 0.388043
1 0.5407379999999999 0.346739 0.540042 0.344565 0.539345 0.330435 0.5383009999999999 0.32934800000000003 0.537256 0.338043 0.537256 0.344565 0.5365599999999999 0.346739 0.5407379999999999 0.346739
1 0.5306409999999999 0.354348 0.529944 0.352174 0.529248 0.334783 0.527855 0.333696 0.526811 0.344565 0.526811 0.35108700000000004 0.525766 0.354348 0.5306409999999999 0.354348
1 0.515669 0.365217 0.514276 0.358696 0.513579 0.343478 0.512883 0.340217 0.5121870000000001 0.340217 0.510794 0.353261 0.510794 0.359783 0.509749 0.365217 0.515669 0.365217
1 0.509401 0.328261 0.508357 0.32717399999999996 0.506964 0.342391 0.5104460000000001 0.342391 0.509401 0.334783 0.509401 0.328261
1 0.49234 0.376087 0.49895500000000004 0.376087 0.49895500000000004 0.373913 0.497563 0.370652 0.496518 0.347826 0.495125 0.346739 0.49442899999999995 0.348913 0.49373300000000003 0.370652 0.49234 0.373913 0.49234 0.376087
3 0.700557 0.33260900000000004 0.6998610000000001 0.321739 0.698816 0.321739 0.6981200000000001 0.323913 0.697423 0.334783 0.7016020000000001 0.334783 0.700557 0.33260900000000004
1 0.635794 0.321739 0.634749 0.321739 0.634053 0.334783 0.633357 0.336957 0.636838 0.336957 0.635794 0.321739