3 0.180362 0.628261 0.172354 0.772826 0.167827 0.777174 0.165738 0.781522 0.163649 0.794565 0.162256 0.798913 0.156337 0.807609 0.156337 0.809783 0.175836 0.818478 0.189763 0.8206519999999999 0.199861 0.8108700000000001 0.21448499999999998 0.790217 0.21622599999999997 0.78913 0.21622599999999997 0.7836960000000001 0.21030600000000002 0.782609 0.209262 0.780435 0.207521 0.771739 0.203343 0.767391 0.199861 0.766304 0.199164 0.7630429999999999 0.190111 0.623913 0.187674 0.621739 0.184889 0.621739 0.181755 0.623913 0.180362 0.628261
3 0.375348 0.534783 0.375 0.53913 0.37256300000000003 0.540217 0.37256300000000003 0.5423910000000001 0.380919 0.546739 0.388579 0.546739 0.39798100000000003 0.5423910000000001 0.39798100000000003 0.53913 0.395195 0.536957 0.395195 0.532609 0.392409 0.531522 0.391713 0.528261 0.387187 0.45869600000000005 0.383357 0.459783 0.379526 0.527174 0.37883 0.530435 0.376741 0.530435 0.375348 0.534783
3 0.43697800000000003 0.44782599999999995 0.449164 0.44782599999999995 0.449164 0.441304 0.447075 0.44021699999999997 0.446379 0.43587 0.44463800000000003 0.397826 0.442201 0.397826 0.439763 0.43695700000000004 0.438719 0.441304 0.437326 0.44239100000000003 0.43697800000000003 0.44782599999999995
3 0.466922 0.417391 0.466922 0.420652 0.47736799999999996 0.420652 0.47736799999999996 0.418478 0.47492999999999996 0.411957 0.473538 0.38587 0.47249299999999994 0.379348 0.4711 0.38043499999999997 0.470404 0.388043 0.469359 0.411957 0.468663 0.415217 0.466922 0.417391
3 0.535864 0.397826 0.535864 0.40108699999999997 0.5428270000000001 0.4 0.541086 0.391304 0.540042 0.36847799999999997 0.538997 0.36847799999999997 0.5383009999999999 0.370652 0.537256 0.394565 0.535864 0.397826
3 0.598538 0.38913000000000003 0.604457 0.38913000000000003 0.604457 0.38587 0.603064 0.383696 0.6020190000000001 0.36086999999999997 0.600975 0.36086999999999997 0.59993 0.371739 0.5995820000000001 0.383696 0.598538 0.38587 0.598538 0.38913000000000003
3 0.672702 0.379348 0.671309 0.375 0.669916 0.355435 0.668524 0.355435 0.667131 0.377174 0.666086 0.38152200000000003 0.672702 0.38152200000000003 0.672702 0.379348
3 0.7712399999999999 0.378261 0.771588 0.376087 0.770891 0.376087 0.770195 0.372826 0.76915 0.354348 0.7681060000000001 0.352174 0.767061 0.357609 0.766713 0.372826 0.765669 0.377174 0.7712399999999999 0.378261
3 0.8743040000000001 0.38043499999999997 0.873259 0.371739 0.872911 0.359783 0.8722139999999999 0.355435 0.871518 0.355435 0.870474 0.361957 0.870125 0.372826 0.8690810000000001 0.38043499999999997 0.8743040000000001 0.38043499999999997
1 0.913301 0.765217 0.909819 0.768478 0.9084260000000001 0.772826 0.908774 0.776087 0.908078 0.778261 0.9021589999999999 0.7793479999999999 0.901811 0.781522 0.918175 0.8054349999999999 0.927577 0.815217 0.950905 0.815217 0.950905 0.775 0.9488160000000001 0.765217 0.9383699999999999 0.623913 0.9369780000000001 0.622826 0.928621 0.622826 0.9279249999999999 0.623913 0.917827 0.761957 0.916086 0.765217 0.913301 0.765217
1 0.719708 0.532609 0.718663 0.5380429999999999 0.71727 0.53913 0.7228410000000001 0.545652 0.74234 0.545652 0.740251 0.53913 0.739903 0.534783 0.735724 0.530435 0.7318939999999999 0.459783 0.727716 0.459783 0.726323 0.48913 0.723189 0.527174 0.722145 0.530435 0.719708 0.532609
1 0.658774 0.453261 0.659123 0.45543500000000003 0.671657 0.45543500000000003 0.672006 0.45108699999999996 0.669568 0.444565 0.666783 0.404348 0.664345 0.404348 0.6615599999999999 0.44782599999999995 0.660515 0.45 0.659123 0.45 0.658774 0.453261
1 0.638579 0.41956499999999997 0.638928 0.421739 0.648677 0.421739 0.648677 0.417391 0.647632 0.417391 0.646936 0.415217 0.646936 0.40869600000000006 0.6448470000000001 0.383696 0.64415 0.38043499999999997 0.643454 0.38043499999999997 0.6427579999999999 0.38260900000000003 0.640669 0.41630399999999995 0.638928 0.417391 0.638579 0.41956499999999997
1 0.698816 0.40217400000000003 0.697075 0.396739 0.6956819999999999 0.38152200000000003 0.695334 0.370652 0.6939420000000001 0.36956500000000003 0.693245 0.373913 0.6922010000000001 0.394565 0.690111 0.40217400000000003 0.698816 0.40217400000000003
1 0.779248 0.38587 0.777855 0.365217 0.7771589999999999 0.363043 0.776114 0.363043 0.774373 0.38587 0.7729809999999999 0.393478 0.7806409999999999 0.393478 0.779248 0.38587
1 0.893802 0.393478 0.892758 0.38913000000000003 0.891713 0.370652 0.8906689999999999 0.363043 0.8892760000000001 0.363043 0.888231 0.366304 0.885794 0.395652 0.893454 0.395652 0.893802 0.393478