3 0.118384 0.38260900000000003 0.11559900000000001 0.384783 0.114903 0.390217 0.11316200000000001 0.392391 0.134401 0.393478 0.135794 0.391304 0.135446 0.38913000000000003 0.134401 0.38913000000000003 0.13370500000000002 0.384783 0.130223 0.38260900000000003 0.12883 0.35108700000000004 0.127786 0.343478 0.127089 0.321739 0.12291099999999999 0.320652 0.122214 0.338043 0.120125 0.357609 0.119777 0.36847799999999997 0.118384 0.38260900000000003
3 0.260794 0.356522 0.27507000000000004 0.357609 0.274025 0.35108700000000004 0.271936 0.35 0.269847 0.303261 0.267061 0.303261 0.263928 0.348913 0.262535 0.352174 0.26149 0.352174 0.260794 0.356522
3 0.378482 0.338043 0.378482 0.341304 0.388231 0.342391 0.388928 0.341304 0.388231 0.336957 0.387187 0.336957 0.38649 0.334783 0.386142 0.31521699999999997 0.38509699999999997 0.298913 0.383357 0.298913 0.381616 0.320652 0.380571 0.32717399999999996 0.38022300000000003 0.33587 0.378482 0.338043
3 0.46970799999999996 0.330435 0.47005600000000003 0.333696 0.47771600000000003 0.333696 0.47771600000000003 0.331522 0.476323 0.32934800000000003 0.475279 0.301087 0.474582 0.29782600000000004 0.47318899999999997 0.3 0.471448 0.326087 0.47075199999999995 0.330435 0.46970799999999996 0.330435
3 0.571727 0.325 0.5713790000000001 0.333696 0.570334 0.334783 0.569986 0.338043 0.5766020000000001 0.338043 0.575557 0.326087 0.575209 0.307609 0.5745129999999999 0.305435 0.573468 0.306522 0.572423 0.31521699999999997 0.572423 0.321739 0.571727 0.325
3 0.661212 0.341304 0.666783 0.342391 0.667131 0.340217 0.666086 0.336957 0.665042 0.31413 0.663997 0.31413 0.662953 0.322826 0.662256 0.336957 0.661212 0.33913000000000004 0.661212 0.341304
3 0.745125 0.34565199999999996 0.744429 0.32717399999999996 0.743733 0.322826 0.742688 0.322826 0.740947 0.344565 0.739903 0.346739 0.745822 0.347826 0.745125 0.34565199999999996
3 0.8147629999999999 0.353261 0.8151109999999999 0.35108700000000004 0.814415 0.35 0.8133699999999999 0.330435 0.8119780000000001 0.32934800000000003 0.810933 0.340217 0.810933 0.347826 0.8098890000000001 0.352174 0.8147629999999999 0.353261
3 0.8777860000000001 0.357609 0.8791779999999999 0.357609 0.879526 0.353261 0.880223 0.35108700000000004 0.881267 0.35108700000000004 0.881964 0.353261 0.881964 0.358696 0.883357 0.358696 0.882312 0.352174 0.881964 0.338043 0.881616 0.33587 0.880223 0.336957 0.879526 0.342391 0.87883 0.354348 0.8777860000000001 0.355435 0.8777860000000001 0.357609
1 0.878134 0.375 0.8760450000000001 0.38152200000000003 0.883705 0.38043499999999997 0.882312 0.378261 0.881267 0.352174 0.879875 0.353261 0.879875 0.356522 0.878482 0.365217 0.878134 0.375
1 0.94429 0.38043499999999997 0.944638 0.38260900000000003 0.950905 0.38260900000000003 0.949861 0.377174 0.9495129999999999 0.36086999999999997 0.9488160000000001 0.356522 0.947772 0.356522 0.9470750000000001 0.358696 0.9453340000000001 0.379348 0.94429 0.38043499999999997
1 0.785864 0.378261 0.784123 0.38043499999999997 0.784471 0.38260900000000003 0.792131 0.38260900000000003 0.791086 0.377174 0.790042 0.348913 0.788649 0.348913 0.787953 0.357609 0.786908 0.363043 0.785864 0.378261
1 0.68071 0.378261 0.680014 0.38152200000000003 0.6786209999999999 0.38152200000000003 0.6786209999999999 0.384783 0.687674 0.386957 0.687326 0.383696 0.6862809999999999 0.38260900000000003 0.685933 0.356522 0.685237 0.34565199999999996 0.683844 0.344565 0.6827989999999999 0.348913 0.6827989999999999 0.353261 0.681755 0.358696 0.68071 0.378261
1 0.539694 0.406522 0.547354 0.40543500000000005 0.54805 0.403261 0.547354 0.403261 0.5459609999999999 0.39891299999999996 0.5442199999999999 0.397826 0.543175 0.383696 0.5428270000000001 0.356522 0.541435 0.347826 0.539694 0.347826 0.535864 0.395652 0.534123 0.396739 0.532382 0.403261 0.539694 0.406522
1 0.43245100000000003 0.5 0.43245100000000003 0.48804299999999995 0.43071000000000004 0.484783 0.42896900000000004 0.484783 0.428273 0.479348 0.428273 0.471739 0.42688 0.454348 0.425139 0.415217 0.425139 0.404348 0.423398 0.40108699999999997 0.420961 0.40108699999999997 0.414694 0.48043500000000006 0.410864 0.483696 0.409819 0.496739 0.43245100000000003 0.5