3 0.674791 0.406522 0.674095 0.415217 0.672354 0.41630399999999995 0.672006 0.420652 0.683148 0.421739 0.683148 0.41956499999999997 0.681407 0.41630399999999995 0.6803619999999999 0.41086999999999996 0.678969 0.377174 0.6768799999999999 0.376087 0.676184 0.377174 0.6754870000000001 0.391304 0.674443 0.394565 0.674791 0.406522
3 0.670265 0.391304 0.668872 0.394565 0.6692199999999999 0.397826 0.674095 0.397826 0.674095 0.394565 0.6751389999999999 0.391304 0.6751389999999999 0.38260900000000003 0.674443 0.38043499999999997 0.674443 0.36847799999999997 0.673747 0.36086999999999997 0.672006 0.36086999999999997 0.670265 0.377174 0.670613 0.388043 0.670265 0.391304
3 0.642061 0.378261 0.642061 0.38152200000000003 0.649025 0.38152200000000003 0.649025 0.378261 0.647632 0.376087 0.647632 0.370652 0.646936 0.36847799999999997 0.646936 0.354348 0.6462399999999999 0.35108700000000004 0.645195 0.35108700000000004 0.643454 0.36413 0.643454 0.375 0.6427579999999999 0.378261 0.642061 0.378261
3 0.585655 0.365217 0.5842620000000001 0.36847799999999997 0.58461 0.370652 0.5901810000000001 0.370652 0.5901810000000001 0.36847799999999997 0.589136 0.366304 0.589136 0.36086999999999997 0.5884400000000001 0.358696 0.5884400000000001 0.346739 0.587047 0.344565 0.586351 0.34565199999999996 0.586351 0.35108700000000004 0.585655 0.355435 0.585655 0.365217
1 0.5825210000000001 0.357609 0.585306 0.357609 0.586003 0.35108700000000004 0.585306 0.334783 0.5842620000000001 0.334783 0.583565 0.352174 0.5825210000000001 0.355435 0.5825210000000001 0.357609
3 0.515669 0.36086999999999997 0.51532 0.36413 0.520891 0.36413 0.520891 0.36086999999999997 0.5194989999999999 0.355435 0.518454 0.340217 0.517409 0.341304 0.516713 0.35 0.516713 0.359783 0.515669 0.36086999999999997
3 0.46239600000000003 0.33913000000000004 0.462047 0.336957 0.461003 0.336957 0.459262 0.357609 0.463788 0.357609 0.46239600000000003 0.34565199999999996 0.46239600000000003 0.33913000000000004
3 0.43488899999999997 0.342391 0.43488899999999997 0.336957 0.433844 0.333696 0.433148 0.34565199999999996 0.432103 0.35108700000000004 0.436281 0.35108700000000004 0.43488899999999997 0.342391
3 0.925139 0.36086999999999997 0.9227019999999999 0.344565 0.9227019999999999 0.33587 0.920613 0.334783 0.9192199999999999 0.344565 0.9195679999999999 0.35108700000000004 0.918175 0.359783 0.925139 0.36086999999999997
3 0.8607239999999999 0.35108700000000004 0.8593310000000001 0.341304 0.8586349999999999 0.32934800000000003 0.857591 0.32934800000000003 0.856198 0.336957 0.856546 0.34565199999999996 0.8551529999999999 0.35108700000000004 0.8607239999999999 0.35108700000000004
3 0.8098890000000001 0.344565 0.8084960000000001 0.33587 0.8084960000000001 0.32717399999999996 0.807103 0.326087 0.8060579999999999 0.331522 0.8060579999999999 0.340217 0.8050140000000001 0.344565 0.8098890000000001 0.344565
3 0.767061 0.338043 0.7712399999999999 0.33913000000000004 0.770891 0.333696 0.770195 0.331522 0.770195 0.322826 0.768454 0.322826 0.768454 0.326087 0.7677579999999999 0.32717399999999996 0.7681060000000001 0.33587 0.767061 0.338043
3 0.732939 0.334783 0.7318939999999999 0.328261 0.7318939999999999 0.321739 0.731546 0.319565 0.73085 0.319565 0.7301529999999999 0.325 0.7301529999999999 0.331522 0.729457 0.334783 0.732939 0.334783
1 0.876393 0.526087 0.8756959999999999 0.55 0.8743040000000001 0.568478 0.8725630000000001 0.573913 0.8690810000000001 0.575 0.868384 0.590217 0.871518 0.592391 0.883008 0.592391 0.891713 0.5956520000000001 0.896936 0.594565 0.896936 0.580435 0.895891 0.578261 0.892409 0.5771740000000001 0.891713 0.573913 0.889972 0.552174 0.889972 0.53913 0.888579 0.521739 0.887187 0.515217 0.884749 0.481522 0.8809189999999999 0.481522 0.879875 0.484783 0.878134 0.51413 0.877089 0.517391 0.876393 0.526087
1 0.892758 0.377174 0.8997210000000001 0.378261 0.90007 0.373913 0.899025 0.36956500000000003 0.897981 0.348913 0.897284 0.346739 0.895543 0.347826 0.894499 0.359783 0.894499 0.36956500000000003 0.892758 0.375 0.892758 0.377174
1 0.8137190000000001 0.388043 0.8137190000000001 0.392391 0.8220750000000001 0.392391 0.822423 0.38913000000000003 0.821031 0.38587 0.8199859999999999 0.379348 0.81929 0.357609 0.817549 0.356522 0.815808 0.377174 0.815808 0.38260900000000003 0.814415 0.388043 0.8137190000000001 0.388043
1 0.768802 0.376087 0.768802 0.379348 0.776114 0.378261 0.774721 0.370652 0.774721 0.361957 0.773677 0.355435 0.773329 0.347826 0.771588 0.35 0.770543 0.359783 0.770195 0.373913 0.768802 0.376087
1 0.689763 0.323913 0.6880219999999999 0.340217 0.691852 0.340217 0.690808 0.323913 0.689763 0.323913
1 0.648677 0.363043 0.6538999999999999 0.363043 0.652855 0.354348 0.6525070000000001 0.340217 0.650766 0.33913000000000004 0.649721 0.35 0.649721 0.358696 0.648677 0.36086999999999997 0.648677 0.363043
1 0.536212 0.334783 0.5351670000000001 0.333696 0.534123 0.35 0.533426 0.353261 0.537256 0.353261 0.536212 0.334783
1 0.502089 0.348913 0.501045 0.331522 0.5 0.330435 0.49930399999999997 0.33260900000000004 0.49930399999999997 0.343478 0.498259 0.348913 0.502089 0.348913
1 0.8422700000000001 0.41413 0.841922 0.417391 0.852368 0.418478 0.853412 0.41630399999999995 0.853412 0.41304299999999994 0.852368 0.41304299999999994 0.850975 0.407609 0.8495820000000001 0.376087 0.848886 0.372826 0.847145 0.372826 0.846448 0.376087 0.844708 0.407609 0.8436629999999999 0.411957 0.8422700000000001 0.41413
1 0.814067 0.34565199999999996 0.814067 0.356522 0.8130219999999999 0.36086999999999997 0.8133699999999999 0.363043 0.8165039999999999 0.363043 0.8168519999999999 0.357609 0.817897 0.355435 0.8165039999999999 0.336957 0.8154600000000001 0.336957 0.8147629999999999 0.33913000000000004 0.8147629999999999 0.343478 0.814067 0.34565199999999996
1 0.760794 0.352174 0.761142 0.348913 0.760097 0.344565 0.760097 0.33260900000000004 0.758705 0.331522 0.758008 0.336957 0.758008 0.344565 0.756964 0.352174 0.760794 0.352174
1 0.720056 0.370652 0.726671 0.370652 0.726671 0.36739099999999997 0.725627 0.365217 0.72493 0.358696 0.724234 0.343478 0.7228410000000001 0.343478 0.721797 0.352174 0.721448 0.365217 0.720404 0.36739099999999997 0.720056 0.370652
1 0.724234 0.342391 0.72493 0.34565199999999996 0.727368 0.34565199999999996 0.726323 0.341304 0.725627 0.326087 0.72493 0.326087 0.724234 0.330435 0.724234 0.336957 0.723189 0.342391 0.724234 0.342391
1 0.49129500000000004 0.344565 0.489903 0.334783 0.489903 0.32934800000000003 0.488858 0.328261 0.488162 0.333696 0.488162 0.341304 0.487465 0.344565 0.49129500000000004 0.344565
1 0.871866 0.454348 0.870125 0.46195700000000006 0.8690810000000001 0.46195700000000006 0.868733 0.465217 0.8673400000000001 0.468478 0.870474 0.471739 0.8844010000000001 0.470652 0.885097 0.468478 0.885097 0.46413000000000004 0.8844010000000001 0.46195700000000006 0.8826599999999999 0.46195700000000006 0.880571 0.453261 0.879875 0.428261 0.878134 0.407609 0.875348 0.406522 0.874652 0.409783 0.873607 0.428261 0.8722139999999999 0.43587 0.871866 0.454348
3 0.048747 0.8043480000000001 0.048747 0.832609 0.077646 0.832609 0.10376 0.796739 0.097493 0.794565 0.095752 0.7836960000000001 0.089136 0.782609 0.08843999999999999 0.780435 0.076253 0.6358699999999999 0.066504 0.636957 0.055362 0.790217 0.054318 0.794565 0.048747 0.8043480000000001
3 0.607939 0.475 0.60585 0.47717400000000004 0.6051529999999999 0.483696 0.619777 0.484783 0.621866 0.48260899999999995 0.620822 0.47717400000000004 0.618384 0.475 0.615599 0.43587 0.614903 0.418478 0.611769 0.417391 0.610724 0.43587 0.609331 0.446739 0.608635 0.468478 0.607939 0.475
3 0.44777199999999995 0.545652 0.447423 0.56413 0.446727 0.567391 0.443942 0.567391 0.44254899999999997 0.569565 0.44254899999999997 0.572826 0.440808 0.5771740000000001 0.445334 0.583696 0.46657400000000004 0.5826089999999999 0.46796699999999997 0.579348 0.46796699999999997 0.5771740000000001 0.466226 0.576087 0.465877 0.569565 0.46309199999999995 0.569565 0.462047 0.567391 0.460306 0.543478 0.460306 0.53587 0.45960999999999996 0.532609 0.45960999999999996 0.525 0.458217 0.511957 0.458217 0.5054350000000001 0.45717299999999994 0.497826 0.456128 0.481522 0.452298 0.481522 0.450905 0.506522 0.449164 0.5239130000000001 0.448468 0.5423910000000001 0.44777199999999995 0.545652