2 0.62883 0.78913 0.626045 0.790217 0.622911 0.8 0.621518 0.806522 0.62117 0.8119569999999999 0.620125 0.815217 0.607591 0.8293480000000001 0.6068939999999999 0.834783 0.6072420000000001 0.8380430000000001 0.61734 0.846739 0.6922010000000001 0.846739 0.69429 0.841304 0.6939420000000001 0.8380430000000001 0.682103 0.826087 0.6793180000000001 0.8141299999999999 0.673747 0.803261 0.664345 0.5054350000000001 0.6615599999999999 0.503261 0.653203 0.504348 0.629526 0.786957 0.62883 0.78913
1 0.788649 0.831522 0.7848189999999999 0.7206520000000001 0.779944 0.715217 0.772632 0.715217 0.759749 0.841304 0.759749 0.846739 0.788649 0.846739 0.788649 0.831522
1 0.41156 0.541304 0.411212 0.551087 0.412953 0.557609 0.419916 0.56413 0.446379 0.56413 0.446379 0.56087 0.44428999999999996 0.56087 0.443245 0.555435 0.441156 0.554348 0.440808 0.541304 0.43802199999999997 0.536957 0.436281 0.536957 0.435585 0.534783 0.43071000000000004 0.431522 0.42479100000000003 0.431522 0.418175 0.531522 0.417479 0.534783 0.41364900000000004 0.536957 0.41156 0.541304
1 0.393802 0.40543500000000005 0.393802 0.417391 0.41190800000000005 0.417391 0.41190800000000005 0.406522 0.410864 0.404348 0.40947100000000003 0.40543500000000005 0.40842599999999996 0.4 0.405641 0.338043 0.40181100000000003 0.338043 0.39798100000000003 0.397826 0.396936 0.403261 0.395195 0.403261 0.393802 0.40543500000000005
1 0.451253 0.36086999999999997 0.466226 0.36086999999999997 0.466226 0.357609 0.465181 0.357609 0.464485 0.352174 0.46239600000000003 0.35 0.459958 0.304348 0.45717299999999994 0.304348 0.454387 0.346739 0.453343 0.352174 0.451253 0.353261 0.451253 0.36086999999999997
1 0.53273 0.338043 0.545613 0.338043 0.544568 0.33587 0.5442199999999999 0.33260900000000004 0.5428270000000001 0.33260900000000004 0.541783 0.328261 0.54039 0.293478 0.537953 0.293478 0.535515 0.330435 0.533774 0.331522 0.53273 0.334783 0.53273 0.338043
1 0.629526 0.331522 0.629526 0.334783 0.642409 0.33587 0.642061 0.333696 0.641017 0.333696 0.638231 0.32717399999999996 0.6371870000000001 0.29565199999999997 0.635097 0.29565199999999997 0.63266 0.328261 0.631267 0.32934800000000003 0.630919 0.331522 0.629526 0.331522
1 0.73851 0.338043 0.7378129999999999 0.340217 0.7378129999999999 0.343478 0.747563 0.343478 0.747563 0.33913000000000004 0.746518 0.338043 0.745822 0.333696 0.745125 0.306522 0.742688 0.306522 0.740947 0.334783 0.740251 0.338043 0.73851 0.338043
1 0.85376 0.356522 0.854109 0.361957 0.86351 0.361957 0.86351 0.357609 0.862465 0.355435 0.8610720000000001 0.323913 0.8589829999999999 0.323913 0.8568939999999999 0.35108700000000004 0.85585 0.355435 0.85376 0.356522
3 0.8342620000000001 0.33913000000000004 0.842967 0.340217 0.842967 0.336957 0.8415739999999999 0.334783 0.8408770000000001 0.326087 0.8408770000000001 0.31413 0.840181 0.30869599999999997 0.83844 0.30869599999999997 0.836351 0.331522 0.835655 0.334783 0.8342620000000001 0.33587 0.8342620000000001 0.33913000000000004
3 0.704735 0.318478 0.704735 0.31630400000000003 0.703691 0.31413 0.702298 0.288043 0.700557 0.288043 0.698468 0.313043 0.697423 0.31413 0.697423 0.318478 0.704735 0.318478
3 0.572423 0.307609 0.571031 0.3 0.569986 0.27391299999999996 0.568245 0.27391299999999996 0.566156 0.301087 0.564763 0.303261 0.564415 0.306522 0.572423 0.307609
3 0.432103 0.306522 0.441852 0.306522 0.441504 0.303261 0.44011100000000003 0.301087 0.438719 0.268478 0.43662999999999996 0.269565 0.43454 0.301087 0.433148 0.302174 0.432103 0.306522
3 0.301532 0.321739 0.300836 0.323913 0.31371899999999997 0.325 0.31371899999999997 0.319565 0.31162999999999996 0.318478 0.30954000000000004 0.276087 0.307103 0.275 0.306058 0.284783 0.304666 0.31630400000000003 0.30362100000000003 0.320652 0.301532 0.321739
3 0.164694 0.363043 0.163301 0.36847799999999997 0.161212 0.36847799999999997 0.160864 0.372826 0.16155999999999998 0.375 0.167827 0.375 0.171309 0.378261 0.174443 0.378261 0.175836 0.375 0.178273 0.375 0.178273 0.36956500000000003 0.178969 0.365217 0.175836 0.36413 0.171657 0.302174 0.168524 0.302174 0.167479 0.30978300000000003 0.166783 0.33260900000000004 0.16538999999999998 0.34565199999999996 0.164694 0.363043
0 0.12465200000000001 0.323913 0.121866 0.32717399999999996 0.121866 0.333696 0.137187 0.333696 0.136838 0.326087 0.13370500000000002 0.323913 0.13370500000000002 0.317391 0.130919 0.277174 0.12987500000000002 0.27391299999999996 0.128134 0.27391299999999996 0.127437 0.277174 0.126393 0.296739 0.125696 0.301087 0.12465200000000001 0.323913
0 0.071379 0.280435 0.082173 0.280435 0.082173 0.275 0.08077999999999999 0.275 0.080084 0.270652 0.077994 0.238043 0.075209 0.236957 0.074513 0.243478 0.073468 0.27391299999999996 0.071727 0.275 0.071379 0.280435