1 0.25522300000000003 0.267391 0.262535 0.267391 0.262535 0.265217 0.261142 0.26087 0.261142 0.25 0.26009699999999997 0.236957 0.258705 0.238043 0.256616 0.261957 0.25522300000000003 0.265217 0.25522300000000003 0.267391
1 0.358287 0.268478 0.364206 0.269565 0.362813 0.261957 0.362117 0.244565 0.361072 0.243478 0.35968 0.254348 0.35933099999999996 0.263043 0.358287 0.266304 0.358287 0.268478
1 0.47597500000000004 0.282609 0.474582 0.275 0.474582 0.266304 0.473886 0.258696 0.472841 0.258696 0.471797 0.265217 0.471448 0.275 0.47005600000000003 0.281522 0.47597500000000004 0.282609
1 0.59227 0.304348 0.5978410000000001 0.305435 0.596448 0.294565 0.596448 0.283696 0.595056 0.27934800000000004 0.593315 0.293478 0.593315 0.298913 0.59227 0.302174 0.59227 0.304348
1 0.71727 0.305435 0.715877 0.304348 0.712744 0.32934800000000003 0.719011 0.330435 0.71727 0.319565 0.71727 0.305435
1 0.851671 0.356522 0.8586349999999999 0.356522 0.857591 0.352174 0.856546 0.32934800000000003 0.855501 0.32934800000000003 0.85376 0.338043 0.853064 0.35108700000000004 0.851671 0.356522
3 0.91539 0.358696 0.9216570000000001 0.358696 0.920265 0.35108700000000004 0.9195679999999999 0.33587 0.918175 0.33587 0.916783 0.346739 0.9164350000000001 0.354348 0.91539 0.356522 0.91539 0.358696
3 0.81929 0.338043 0.8182449999999999 0.331522 0.8182449999999999 0.321739 0.817549 0.31630400000000003 0.8168519999999999 0.31630400000000003 0.815808 0.321739 0.814415 0.338043 0.81929 0.338043
3 0.727716 0.317391 0.7270190000000001 0.31521699999999997 0.725975 0.29782600000000004 0.72493 0.298913 0.723538 0.31521699999999997 0.7228410000000001 0.317391 0.727716 0.317391
3 0.63649 0.298913 0.635794 0.283696 0.635097 0.27934800000000004 0.634053 0.281522 0.633008 0.29565199999999997 0.632312 0.298913 0.63649 0.298913
3 0.5595399999999999 0.283696 0.558496 0.276087 0.558148 0.265217 0.557451 0.265217 0.556407 0.271739 0.5553619999999999 0.283696 0.5595399999999999 0.283696
3 0.487465 0.272826 0.48676899999999995 0.269565 0.48607199999999995 0.25543499999999997 0.48502799999999996 0.253261 0.48433099999999996 0.25760900000000003 0.483983 0.268478 0.482939 0.272826 0.487465 0.272826
3 0.416783 0.243478 0.41608599999999996 0.243478 0.41364900000000004 0.263043 0.41782700000000006 0.263043 0.416783 0.243478
3 0.256616 0.24782600000000002 0.255571 0.24239099999999997 0.254178 0.22282600000000002 0.253482 0.22282600000000002 0.252089 0.232609 0.25139300000000003 0.24565199999999998 0.250696 0.24782600000000002 0.256616 0.24782600000000002
3 0.136838 0.24021699999999999 0.136838 0.24239099999999997 0.143802 0.24239099999999997 0.142758 0.23586999999999997 0.141713 0.216304 0.14032 0.215217 0.138579 0.228261 0.137883 0.23913 0.136838 0.24021699999999999
3 0.056407 0.24565199999999998 0.064763 0.24565199999999998 0.064415 0.24239099999999997 0.063022 0.24130400000000002 0.06163 0.213043 0.059889000000000005 0.211957 0.058496000000000006 0.220652 0.057103 0.24021699999999999 0.05571 0.243478 0.056407 0.24565199999999998
1 0.415042 0.603261 0.413997 0.61087 0.413997 0.617391 0.413301 0.621739 0.412953 0.631522 0.412256 0.634783 0.41016700000000006 0.668478 0.409123 0.670652 0.40424800000000005 0.673913 0.402855 0.678261 0.402159 0.6836960000000001 0.396936 0.68587 0.396936 0.68913 0.405641 0.703261 0.40598900000000004 0.705435 0.413997 0.717391 0.42479100000000003 0.71413 0.430014 0.71087 0.439763 0.708696 0.441852 0.706522 0.446379 0.706522 0.447423 0.704348 0.447423 0.701087 0.44254899999999997 0.694565 0.441504 0.6913039999999999 0.441504 0.684783 0.44011100000000003 0.677174 0.434192 0.671739 0.434192 0.66413 0.430014 0.603261 0.429666 0.5771740000000001 0.427577 0.541304 0.427577 0.5336960000000001 0.426532 0.531522 0.41956800000000005 0.532609 0.417479 0.561957 0.417479 0.568478 0.416435 0.575 0.415042 0.603261
1 0.230153 0.42391300000000004 0.22945700000000002 0.426087 0.22667099999999998 0.42717400000000005 0.226323 0.43260899999999997 0.225279 0.433696 0.228412 0.44021699999999997 0.24860699999999997 0.43913 0.24860699999999997 0.43695700000000004 0.247214 0.433696 0.24686599999999997 0.428261 0.243384 0.426087 0.24268800000000001 0.411957 0.240599 0.38913000000000003 0.239554 0.354348 0.23920599999999997 0.352174 0.23502800000000001 0.352174 0.23363499999999998 0.366304 0.232242 0.40108699999999997 0.23085 0.41086999999999996 0.230153 0.42391300000000004
3 0.350975 0.243478 0.350975 0.23478300000000002 0.349582 0.23586999999999997 0.347493 0.25543499999999997 0.35201899999999997 0.25543499999999997 0.350975 0.243478
1 0.183844 0.288043 0.192897 0.28913 0.192897 0.28586999999999996 0.190808 0.281522 0.189067 0.248913 0.186978 0.248913 0.185585 0.263043 0.185237 0.275 0.183844 0.282609 0.183844 0.288043
1 0.174443 0.331522 0.174095 0.334783 0.175139 0.33913000000000004 0.177228 0.340217 0.189067 0.340217 0.188719 0.33587 0.187674 0.33260900000000004 0.186281 0.331522 0.18453999999999998 0.305435 0.18453999999999998 0.294565 0.183496 0.28586999999999996 0.182799 0.283696 0.181058 0.283696 0.179318 0.298913 0.177577 0.328261 0.17687999999999998 0.331522 0.174443 0.331522