1 0.452646 0.394565 0.452298 0.397826 0.459262 0.397826 0.459262 0.395652 0.45786899999999997 0.391304 0.45786899999999997 0.38260900000000003 0.45717299999999994 0.371739 0.456476 0.36847799999999997 0.45578 0.36847799999999997 0.455084 0.371739 0.45369099999999996 0.393478 0.452646 0.394565
3 0.110376 0.348913 0.11385799999999999 0.348913 0.11316200000000001 0.33260900000000004 0.112465 0.33260900000000004 0.11107199999999999 0.33913000000000004 0.11142099999999999 0.342391 0.110376 0.348913
3 0.16538999999999998 0.35 0.16434500000000002 0.344565 0.163997 0.334783 0.162604 0.333696 0.161908 0.33913000000000004 0.162256 0.344565 0.160864 0.35 0.16538999999999998 0.35
3 0.196379 0.356522 0.201602 0.356522 0.200557 0.35108700000000004 0.200557 0.338043 0.198816 0.336957 0.198816 0.340217 0.197772 0.344565 0.197772 0.35108700000000004 0.196379 0.356522
3 0.262535 0.354348 0.262535 0.344565 0.261142 0.342391 0.259749 0.36086999999999997 0.25905300000000003 0.36413 0.264276 0.36413 0.262535 0.354348
3 0.331476 0.373913 0.337047 0.375 0.337047 0.371739 0.336003 0.36739099999999997 0.336003 0.358696 0.334958 0.352174 0.333565 0.352174 0.333217 0.365217 0.332521 0.370652 0.331476 0.371739 0.331476 0.373913
3 0.318942 0.501087 0.31928999999999996 0.5130429999999999 0.317897 0.5293479999999999 0.317201 0.532609 0.314415 0.53587 0.314067 0.5380429999999999 0.31128100000000003 0.5423910000000001 0.31511100000000003 0.544565 0.328691 0.545652 0.33286899999999997 0.5478259999999999 0.335655 0.5423910000000001 0.337744 0.541304 0.337744 0.53913 0.335306 0.5380429999999999 0.33460999999999996 0.532609 0.331825 0.531522 0.330432 0.51413 0.329387 0.507609 0.329735 0.5054350000000001 0.328691 0.49891300000000005 0.328691 0.49130399999999996 0.329387 0.490217 0.329387 0.48804299999999995 0.328343 0.48586999999999997 0.32694999999999996 0.45869600000000005 0.32311999999999996 0.45869600000000005 0.32137899999999997 0.48260899999999995 0.319986 0.48913 0.319638 0.497826 0.318942 0.501087
3 0.437326 0.38152200000000003 0.442201 0.38043499999999997 0.441156 0.376087 0.440808 0.358696 0.44011100000000003 0.357609 0.43837000000000004 0.366304 0.43802199999999997 0.377174 0.43697800000000003 0.38043499999999997 0.437326 0.38152200000000003
3 0.5595399999999999 0.386957 0.5595399999999999 0.384783 0.558496 0.383696 0.558496 0.370652 0.557103 0.363043 0.55571 0.370652 0.55571 0.38043499999999997 0.5543180000000001 0.38587 0.5595399999999999 0.386957
3 0.63649 0.392391 0.635097 0.395652 0.640669 0.396739 0.639624 0.390217 0.639276 0.372826 0.637883 0.371739 0.6371870000000001 0.373913 0.6371870000000001 0.378261 0.636142 0.38152200000000003 0.63649 0.392391
3 0.740947 0.407609 0.741295 0.404348 0.739903 0.4 0.740251 0.394565 0.739903 0.390217 0.739206 0.38913000000000003 0.73851 0.378261 0.737117 0.377174 0.735724 0.388043 0.735724 0.4 0.734331 0.406522 0.740947 0.407609
3 0.855501 0.418478 0.854457 0.425 0.8638579999999999 0.426087 0.861769 0.41956499999999997 0.860028 0.392391 0.8593310000000001 0.390217 0.857939 0.390217 0.857591 0.397826 0.856198 0.40543500000000005 0.856546 0.41630399999999995 0.855501 0.418478
1 0.071379 0.365217 0.070334 0.34565199999999996 0.068593 0.34565199999999996 0.067201 0.365217 0.06545999999999999 0.370652 0.072423 0.370652 0.071379 0.365217
1 0.095056 0.357609 0.093663 0.35108700000000004 0.09331500000000001 0.33913000000000004 0.091922 0.338043 0.091226 0.34565199999999996 0.091226 0.354348 0.090181 0.357609 0.095056 0.357609
1 0.137883 0.36413 0.138231 0.361957 0.137187 0.359783 0.13649 0.35108700000000004 0.13649 0.343478 0.135794 0.340217 0.135097 0.340217 0.13370500000000002 0.348913 0.13370500000000002 0.356522 0.131964 0.363043 0.137883 0.36413
1 0.138579 0.38152200000000003 0.145891 0.38152200000000003 0.14415 0.370652 0.143802 0.355435 0.141713 0.354348 0.14032 0.365217 0.139972 0.376087 0.138579 0.379348 0.138579 0.38152200000000003
1 0.23885800000000001 0.39891299999999996 0.24582199999999998 0.397826 0.24512499999999998 0.395652 0.244081 0.38260900000000003 0.24373300000000003 0.370652 0.24268800000000001 0.365217 0.241643 0.365217 0.23990300000000003 0.377174 0.23920599999999997 0.392391 0.237813 0.395652 0.23885800000000001 0.39891299999999996
1 0.279248 0.38043499999999997 0.277507 0.373913 0.27681100000000003 0.353261 0.27507000000000004 0.352174 0.274373 0.354348 0.274025 0.36847799999999997 0.272284 0.379348 0.279248 0.38043499999999997
1 0.35375999999999996 0.391304 0.360028 0.390217 0.360028 0.386957 0.358983 0.384783 0.358287 0.36847799999999997 0.357591 0.363043 0.356546 0.363043 0.355153 0.383696 0.353412 0.38913000000000003 0.35375999999999996 0.391304
1 0.342967 0.404348 0.351323 0.40543500000000005 0.349234 0.395652 0.34818899999999997 0.371739 0.346448 0.371739 0.345404 0.393478 0.344708 0.397826 0.342967 0.40217400000000003 0.342967 0.404348
1 0.472145 0.422826 0.479457 0.421739 0.47736799999999996 0.41304299999999994 0.476323 0.386957 0.47423400000000004 0.38587 0.472841 0.403261 0.47249299999999994 0.415217 0.47075199999999995 0.420652 0.472145 0.422826
1 0.545265 0.40217400000000003 0.543175 0.407609 0.543175 0.409783 0.551184 0.409783 0.548747 0.394565 0.548747 0.384783 0.54805 0.378261 0.547354 0.378261 0.546309 0.383696 0.546309 0.392391 0.545265 0.40217400000000003
1 0.5672010000000001 0.430435 0.566504 0.43260899999999997 0.5654600000000001 0.43260899999999997 0.5654600000000001 0.43478300000000003 0.564415 0.43695700000000004 0.565808 0.43695700000000004 0.566852 0.43913 0.5745129999999999 0.43804299999999996 0.5748610000000001 0.43587 0.572772 0.430435 0.571031 0.39891299999999996 0.56929 0.39891299999999996 0.568593 0.40217400000000003 0.568593 0.41086999999999996 0.567549 0.418478 0.5672010000000001 0.430435
1 0.647284 0.422826 0.647284 0.426087 0.655292 0.426087 0.653552 0.418478 0.6525070000000001 0.392391 0.6504179999999999 0.391304 0.649373 0.409783 0.649721 0.41304299999999994 0.649025 0.418478 0.647284 0.422826
3 0.155292 0.42717400000000005 0.153552 0.43260899999999997 0.153552 0.43478300000000003 0.167827 0.433696 0.167479 0.428261 0.16538999999999998 0.42717400000000005 0.164694 0.42391300000000004 0.162604 0.384783 0.160167 0.38587 0.157033 0.42391300000000004 0.155989 0.42717400000000005 0.155292 0.42717400000000005
3 0.215877 0.6141300000000001 0.21239599999999997 0.6195649999999999 0.21239599999999997 0.621739 0.22667099999999998 0.627174 0.23363499999999998 0.627174 0.24860699999999997 0.616304 0.247911 0.6141300000000001 0.24547400000000003 0.613043 0.244081 0.606522 0.23990300000000003 0.6 0.23328700000000002 0.509783 0.22945700000000002 0.509783 0.229109 0.507609 0.228064 0.507609 0.22179700000000002 0.597826 0.220752 0.602174 0.216922 0.608696 0.215877 0.6141300000000001
3 0.30988899999999997 0.444565 0.30988899999999997 0.448913 0.322075 0.448913 0.322075 0.444565 0.321031 0.443478 0.319986 0.43913 0.31754899999999997 0.39891299999999996 0.314763 0.396739 0.314763 0.404348 0.312326 0.43913 0.31128100000000003 0.443478 0.30988899999999997 0.444565
3 0.38022300000000003 0.475 0.37883 0.48260899999999995 0.384401 0.484783 0.39449900000000004 0.483696 0.39449900000000004 0.475 0.392758 0.47282599999999997 0.391713 0.468478 0.388579 0.42391300000000004 0.385794 0.421739 0.385794 0.42934799999999995 0.38266 0.470652 0.381616 0.47391300000000003 0.38022300000000003 0.475
1 0.6427579999999999 0.48804299999999995 0.646936 0.490217 0.65773 0.490217 0.65773 0.483696 0.6556409999999999 0.48260899999999995 0.654596 0.478261 0.651811 0.430435 0.649373 0.42934799999999995 0.6462399999999999 0.475 0.645543 0.478261 0.6431060000000001 0.48043500000000006 0.6427579999999999 0.48804299999999995
1 0.670265 0.554348 0.67305 0.559783 0.6939420000000001 0.559783 0.6922010000000001 0.555435 0.691852 0.551087 0.6880219999999999 0.544565 0.683844 0.475 0.680014 0.47391300000000003 0.6754870000000001 0.543478 0.674791 0.545652 0.671657 0.546739 0.670265 0.554348
1 0.783426 0.465217 0.7851670000000001 0.467391 0.796657 0.467391 0.7959609999999999 0.46087 0.793872 0.457609 0.7928270000000001 0.453261 0.7907379999999999 0.417391 0.787953 0.41630399999999995 0.786212 0.45543500000000003 0.7851670000000001 0.459783 0.783426 0.46195700000000006 0.783426 0.465217
1 0.763928 0.722826 0.762535 0.7260869999999999 0.76149 0.7260869999999999 0.761142 0.729348 0.768802 0.751087 0.8050140000000001 0.753261 0.804318 0.748913 0.8015319999999999 0.740217 0.8015319999999999 0.729348 0.795613 0.7206520000000001 0.794568 0.7163039999999999 0.786908 0.592391 0.779596 0.592391 0.7712399999999999 0.71087 0.770195 0.715217 0.763928 0.7206520000000001 0.763928 0.722826
1 0.928621 0.5336960000000001 0.9366300000000001 0.53913 0.9505570000000001 0.5380429999999999 0.9502090000000001 0.527174 0.9470750000000001 0.525 0.946031 0.520652 0.9422010000000001 0.46413000000000004 0.9380219999999999 0.46087 0.934192 0.520652 0.9331480000000001 0.525 0.930362 0.527174 0.928621 0.5336960000000001
1 0.199861 0.370652 0.199861 0.372826 0.206128 0.372826 0.20473499999999997 0.36739099999999997 0.204387 0.348913 0.202298 0.347826 0.20195 0.356522 0.201253 0.357609 0.201253 0.366304 0.199861 0.370652