1 0.733983 0.371739 0.7395539999999999 0.371739 0.7395539999999999 0.36956500000000003 0.73851 0.36847799999999997 0.737465 0.358696 0.737117 0.336957 0.735376 0.336957 0.733983 0.346739 0.732591 0.365217 0.73085 0.36956500000000003 0.733983 0.371739
3 0.8892760000000001 0.375 0.888231 0.35108700000000004 0.886838 0.35 0.884749 0.372826 0.883357 0.376087 0.889972 0.378261 0.8892760000000001 0.375
3 0.759053 0.353261 0.758008 0.346739 0.756964 0.325 0.755919 0.325 0.754526 0.33587 0.75383 0.347826 0.752437 0.35108700000000004 0.759053 0.353261
3 0.639972 0.318478 0.639276 0.301087 0.638231 0.301087 0.636142 0.325 0.635097 0.328261 0.641017 0.32934800000000003 0.639972 0.318478
3 0.16155999999999998 0.338043 0.16155999999999998 0.340217 0.162256 0.342391 0.175836 0.342391 0.175836 0.338043 0.174095 0.336957 0.173398 0.334783 0.171657 0.313043 0.171657 0.305435 0.170265 0.293478 0.170265 0.286957 0.167131 0.286957 0.165738 0.313043 0.163997 0.333696 0.163301 0.338043 0.16155999999999998 0.338043
1 0.384749 0.555435 0.38405300000000003 0.559783 0.38266 0.58587 0.381964 0.588043 0.377786 0.590217 0.37639300000000003 0.594565 0.376045 0.598913 0.372214 0.6 0.371866 0.603261 0.372911 0.603261 0.375348 0.608696 0.383705 0.621739 0.388231 0.621739 0.389972 0.6195649999999999 0.396588 0.6195649999999999 0.399373 0.617391 0.40424800000000005 0.617391 0.415042 0.613043 0.415042 0.609783 0.413997 0.607609 0.409819 0.603261 0.40947100000000003 0.593478 0.406337 0.588043 0.403552 0.5869570000000001 0.401462 0.563043 0.401462 0.553261 0.400418 0.541304 0.400418 0.5336960000000001 0.399373 0.521739 0.399025 0.5054350000000001 0.39832900000000004 0.501087 0.39832900000000004 0.492391 0.396936 0.46956499999999995 0.39624000000000004 0.467391 0.39066900000000004 0.467391 0.386838 0.515217 0.386838 0.522826 0.385446 0.536957 0.384749 0.555435
1 0.413301 0.415217 0.410864 0.415217 0.410864 0.420652 0.41016700000000006 0.422826 0.408078 0.42391300000000004 0.423747 0.426087 0.42722800000000005 0.425 0.428273 0.422826 0.43071000000000004 0.422826 0.42896900000000004 0.421739 0.428621 0.41630399999999995 0.42548700000000006 0.41413 0.422006 0.357609 0.422006 0.348913 0.421657 0.346739 0.418175 0.346739 0.416783 0.370652 0.41539000000000004 0.383696 0.41434499999999996 0.41086999999999996 0.413301 0.415217
1 0.51149 0.363043 0.510097 0.365217 0.524025 0.365217 0.523677 0.361957 0.522284 0.36086999999999997 0.5212399999999999 0.355435 0.5198470000000001 0.317391 0.518802 0.311957 0.516713 0.313043 0.513579 0.357609 0.51149 0.359783 0.51149 0.363043
1 0.608983 0.355435 0.607939 0.355435 0.607939 0.357609 0.613858 0.36086999999999997 0.617688 0.36086999999999997 0.617688 0.358696 0.616643 0.357609 0.615947 0.354348 0.614903 0.318478 0.6128129999999999 0.317391 0.612465 0.325 0.610376 0.342391 0.610028 0.352174 0.608983 0.355435
1 0.862465 0.396739 0.862813 0.394565 0.861421 0.392391 0.8607239999999999 0.384783 0.8603759999999999 0.363043 0.858287 0.361957 0.8568939999999999 0.373913 0.856198 0.388043 0.854109 0.394565 0.862465 0.396739
3 0.526114 0.30978300000000003 0.52507 0.306522 0.524025 0.27934800000000004 0.522632 0.27934800000000004 0.5212399999999999 0.29239099999999996 0.520891 0.303261 0.51915 0.30869599999999997 0.526114 0.30978300000000003
3 0.283774 0.31521699999999997 0.294568 0.31521699999999997 0.294916 0.311957 0.292827 0.30978300000000003 0.292827 0.303261 0.290738 0.272826 0.288997 0.272826 0.286908 0.294565 0.286212 0.30978300000000003 0.284123 0.313043 0.283774 0.31521699999999997
3 0.397632 0.303261 0.40703300000000003 0.304348 0.40598900000000004 0.301087 0.40494399999999997 0.301087 0.40424800000000005 0.29782600000000004 0.402855 0.268478 0.401462 0.267391 0.400418 0.272826 0.398677 0.3 0.397632 0.301087 0.397632 0.303261