3 0.381964 0.47391300000000003 0.380919 0.48260899999999995 0.380919 0.48913 0.38022300000000003 0.492391 0.37883 0.49347799999999997 0.376741 0.502174 0.375348 0.503261 0.39066900000000004 0.504348 0.393106 0.501087 0.396936 0.5 0.397284 0.497826 0.395543 0.496739 0.394847 0.494565 0.392409 0.494565 0.391713 0.492391 0.39032 0.47717400000000004 0.39032 0.46956499999999995 0.389624 0.465217 0.388579 0.45 0.388579 0.441304 0.387535 0.430435 0.384749 0.430435 0.38405300000000003 0.433696 0.383705 0.44782599999999995 0.383008 0.45108699999999996 0.381964 0.47391300000000003
3 0.485724 0.43260899999999997 0.48537600000000003 0.444565 0.48328699999999997 0.44565200000000005 0.48328699999999997 0.448913 0.48607199999999995 0.45108699999999996 0.495125 0.45 0.495474 0.444565 0.49373300000000003 0.443478 0.49303600000000003 0.44021699999999997 0.49303600000000003 0.433696 0.49199200000000004 0.425 0.490599 0.396739 0.489206 0.395652 0.48781299999999994 0.39891299999999996 0.48676899999999995 0.41086999999999996 0.48676899999999995 0.42391300000000004 0.485724 0.43260899999999997
3 0.581476 0.41086999999999996 0.580084 0.41086999999999996 0.580084 0.41413 0.582869 0.41630399999999995 0.590529 0.415217 0.589485 0.41304299999999994 0.589485 0.41086999999999996 0.5884400000000001 0.409783 0.5866990000000001 0.388043 0.5866990000000001 0.378261 0.585655 0.373913 0.5842620000000001 0.373913 0.583217 0.38043499999999997 0.582869 0.4 0.5821729999999999 0.40869600000000006 0.581476 0.41086999999999996
3 0.5821729999999999 0.36956500000000003 0.580432 0.36086999999999997 0.579735 0.346739 0.578691 0.346739 0.577994 0.353261 0.577994 0.36413 0.57695 0.370652 0.5821729999999999 0.36956500000000003
3 0.608287 0.38152200000000003 0.608983 0.379348 0.607939 0.378261 0.6072420000000001 0.371739 0.606546 0.354348 0.6051529999999999 0.352174 0.6037600000000001 0.361957 0.603412 0.375 0.6020190000000001 0.38043499999999997 0.608287 0.38152200000000003
3 0.6072420000000001 0.361957 0.608983 0.361957 0.607939 0.359783 0.6068939999999999 0.344565 0.60585 0.341304 0.6051529999999999 0.35108700000000004 0.60585 0.35108700000000004 0.6068939999999999 0.354348 0.6072420000000001 0.361957
3 0.642409 0.394565 0.6444989999999999 0.396739 0.650766 0.395652 0.649721 0.393478 0.649025 0.388043 0.647632 0.363043 0.646936 0.36086999999999997 0.645543 0.36086999999999997 0.6444989999999999 0.371739 0.6444989999999999 0.38260900000000003 0.643454 0.392391 0.642409 0.394565
3 0.657033 0.355435 0.6556409999999999 0.33587 0.654248 0.338043 0.653552 0.35108700000000004 0.6525070000000001 0.355435 0.657033 0.355435
3 0.719708 0.35108700000000004 0.719708 0.348913 0.718663 0.346739 0.718315 0.336957 0.71727 0.33260900000000004 0.716226 0.336957 0.7151810000000001 0.35108700000000004 0.718663 0.352174 0.719708 0.35108700000000004
3 0.796309 0.347826 0.795265 0.331522 0.794568 0.331522 0.793524 0.346739 0.7924789999999999 0.35 0.797006 0.35 0.796309 0.347826
3 0.8673400000000001 0.34565199999999996 0.866992 0.336957 0.865947 0.33260900000000004 0.8638579999999999 0.35108700000000004 0.868384 0.35108700000000004 0.868384 0.348913 0.8673400000000001 0.34565199999999996
3 0.932103 0.353261 0.9314069999999999 0.353261 0.930362 0.348913 0.930362 0.338043 0.928969 0.33587 0.9279249999999999 0.342391 0.928969 0.354348 0.932103 0.355435 0.932103 0.353261
1 0.930362 0.365217 0.929318 0.36413 0.9279249999999999 0.344565 0.9265319999999999 0.341304 0.9254870000000001 0.342391 0.924095 0.361957 0.9230499999999999 0.36739099999999997 0.930362 0.36739099999999997 0.930362 0.365217
1 0.8603759999999999 0.361957 0.8593310000000001 0.356522 0.858287 0.33913000000000004 0.8568939999999999 0.338043 0.85585 0.344565 0.855501 0.357609 0.854457 0.361957 0.8603759999999999 0.361957
1 0.8050140000000001 0.396739 0.8137190000000001 0.396739 0.812326 0.394565 0.8102370000000001 0.363043 0.809192 0.361957 0.8081480000000001 0.36413 0.807103 0.384783 0.8060579999999999 0.393478 0.8050140000000001 0.396739
1 0.774025 0.359783 0.7729809999999999 0.353261 0.772284 0.33913000000000004 0.7712399999999999 0.338043 0.7698470000000001 0.35 0.7698470000000001 0.355435 0.768802 0.359783 0.774025 0.359783
1 0.751741 0.379348 0.750696 0.377174 0.749304 0.352174 0.748259 0.352174 0.747563 0.355435 0.746518 0.377174 0.745474 0.379348 0.751741 0.379348
1 0.729457 0.366304 0.728412 0.361957 0.727716 0.344565 0.726671 0.343478 0.725279 0.354348 0.725279 0.36086999999999997 0.724234 0.366304 0.729457 0.366304
1 0.791086 0.41956499999999997 0.789345 0.425 0.789345 0.42717400000000005 0.800836 0.42717400000000005 0.8011839999999999 0.425 0.798747 0.421739 0.797006 0.383696 0.796309 0.38043499999999997 0.794568 0.379348 0.793524 0.38260900000000003 0.793175 0.391304 0.791783 0.403261 0.791086 0.41956499999999997
1 0.758705 0.446739 0.758008 0.465217 0.757312 0.468478 0.755919 0.468478 0.755919 0.47282599999999997 0.754875 0.475 0.770891 0.475 0.770891 0.471739 0.770195 0.46956499999999995 0.768454 0.468478 0.7677579999999999 0.46413000000000004 0.767409 0.44565200000000005 0.766713 0.44239100000000003 0.766713 0.433696 0.764972 0.41304299999999994 0.7621870000000001 0.411957 0.76149 0.41304299999999994 0.7604460000000001 0.42391300000000004 0.7604460000000001 0.42934799999999995 0.758705 0.446739
1 0.708565 0.49130399999999996 0.707869 0.494565 0.7075210000000001 0.506522 0.706476 0.516304 0.7057800000000001 0.540217 0.70195 0.5423910000000001 0.7016020000000001 0.548913 0.699164 0.551087 0.702646 0.554348 0.706825 0.555435 0.707869 0.557609 0.727368 0.555435 0.726671 0.553261 0.7245820000000001 0.553261 0.723538 0.55 0.723538 0.543478 0.720752 0.5423910000000001 0.719708 0.53913 0.719011 0.5130429999999999 0.717967 0.5054350000000001 0.717618 0.49347799999999997 0.7169220000000001 0.490217 0.7151810000000001 0.463043 0.714485 0.46087 0.711003 0.46087 0.710306 0.46413000000000004 0.709958 0.47391300000000003 0.708565 0.484783 0.708565 0.49130399999999996
1 0.902507 0.679348 0.9014620000000001 0.68587 0.9014620000000001 0.692391 0.9004179999999999 0.7021740000000001 0.9004179999999999 0.7119570000000001 0.899025 0.7260869999999999 0.898677 0.738043 0.897284 0.7391300000000001 0.896936 0.741304 0.892409 0.741304 0.8896240000000001 0.747826 0.8896240000000001 0.752174 0.8889279999999999 0.7554350000000001 0.882312 0.754348 0.882312 0.758696 0.884749 0.761957 0.891713 0.766304 0.89415 0.770652 0.901811 0.776087 0.9146940000000001 0.78913 0.920265 0.78913 0.9216570000000001 0.786957 0.924095 0.786957 0.9247909999999999 0.784783 0.9327989999999999 0.784783 0.9366300000000001 0.782609 0.9467269999999999 0.781522 0.9467269999999999 0.777174 0.9449859999999999 0.7739130000000001 0.939415 0.772826 0.939067 0.7630429999999999 0.937326 0.757609 0.9352370000000001 0.754348 0.9282730000000001 0.748913 0.9265319999999999 0.7119570000000001 0.9254870000000001 0.703261 0.9254870000000001 0.695652 0.924095 0.68587 0.923747 0.6728259999999999 0.9227019999999999 0.661957 0.9227019999999999 0.653261 0.922006 0.651087 0.922006 0.6380429999999999 0.9209609999999999 0.627174 0.9209609999999999 0.617391 0.9195679999999999 0.609783 0.9192199999999999 0.6 0.918524 0.6 0.918175 0.597826 0.9094709999999999 0.5956520000000001 0.9077299999999999 0.604348 0.9063370000000001 0.6304350000000001 0.9042479999999999 0.646739 0.902507 0.679348
3 0.207521 0.5869570000000001 0.20473499999999997 0.626087 0.204039 0.629348 0.202298 0.656522 0.197423 0.661957 0.196727 0.665217 0.196379 0.680435 0.195682 0.681522 0.196379 0.6836960000000001 0.212047 0.6836960000000001 0.2211 0.681522 0.222493 0.679348 0.228412 0.679348 0.23085 0.669565 0.23119800000000001 0.659783 0.22980499999999998 0.6543479999999999 0.22388599999999997 0.652174 0.22284099999999998 0.6489130000000001 0.22284099999999998 0.643478 0.22214499999999998 0.63913 0.22214499999999998 0.625 0.221448 0.615217 0.21970800000000001 0.604348 0.21901099999999998 0.583696 0.217618 0.567391 0.217618 0.556522 0.21622599999999997 0.5478259999999999 0.21622599999999997 0.5423910000000001 0.215529 0.541304 0.21065499999999998 0.541304 0.20961 0.546739 0.207521 0.5771740000000001 0.207521 0.5869570000000001