0 0.667131 0.45 0.6615599999999999 0.53587 0.660864 0.53913 0.659123 0.53913 0.6556409999999999 0.544565 0.6556409999999999 0.551087 0.656337 0.554348 0.651462 0.56087 0.651462 0.565217 0.654596 0.567391 0.664345 0.569565 0.6733979999999999 0.569565 0.674095 0.571739 0.677577 0.572826 0.683148 0.571739 0.6869780000000001 0.56413 0.689415 0.563043 0.689763 0.559783 0.691852 0.5586960000000001 0.6922010000000001 0.554348 0.689415 0.553261 0.689067 0.55 0.68837 0.55 0.68837 0.5478259999999999 0.6862809999999999 0.541304 0.6845399999999999 0.541304 0.6827989999999999 0.53587 0.6803619999999999 0.5130429999999999 0.678969 0.48913 0.677228 0.47282599999999997 0.676184 0.443478 0.674443 0.428261 0.674443 0.42391300000000004 0.673747 0.421739 0.669916 0.421739 0.6678270000000001 0.42391300000000004 0.668175 0.42934799999999995 0.6674789999999999 0.43478300000000003 0.667131 0.45
3 0.49930399999999997 0.342391 0.5104460000000001 0.33913000000000004 0.508357 0.338043 0.506964 0.333696 0.505223 0.331522 0.504875 0.323913 0.50383 0.317391 0.50383 0.31087 0.503134 0.30869599999999997 0.503134 0.303261 0.502089 0.298913 0.501045 0.284783 0.49930399999999997 0.284783 0.496866 0.33260900000000004 0.494777 0.334783 0.49303600000000003 0.341304 0.49930399999999997 0.342391
1 0.209262 0.38260900000000003 0.204387 0.390217 0.204039 0.393478 0.213092 0.394565 0.21413600000000002 0.392391 0.21831499999999998 0.392391 0.221448 0.388043 0.221448 0.383696 0.219359 0.38152200000000003 0.215529 0.347826 0.21448499999999998 0.331522 0.21065499999999998 0.33260900000000004 0.209958 0.372826 0.209262 0.375 0.209262 0.38260900000000003
3 0.402159 0.267391 0.400418 0.258696 0.399373 0.243478 0.398677 0.24130400000000002 0.397632 0.243478 0.396588 0.263043 0.395195 0.268478 0.402159 0.267391
1 0.41713100000000003 0.24239099999999997 0.416435 0.231522 0.415738 0.231522 0.413997 0.253261 0.41922 0.252174 0.418524 0.24673899999999999 0.41713100000000003 0.24239099999999997
3 0.453343 0.25 0.451602 0.232609 0.450557 0.232609 0.44951299999999994 0.253261 0.448468 0.25652200000000003 0.454735 0.25652200000000003 0.453343 0.25
1 0.514276 0.23586999999999997 0.512883 0.231522 0.5121870000000001 0.21739099999999997 0.511142 0.21739099999999997 0.510097 0.23478300000000002 0.509053 0.238043 0.514276 0.23913 0.514276 0.23586999999999997
3 0.522284 0.244565 0.527855 0.244565 0.526462 0.23913 0.52507 0.220652 0.524373 0.220652 0.523677 0.22391299999999997 0.523329 0.24130400000000002 0.522284 0.24239099999999997 0.522284 0.244565
1 0.6128129999999999 0.226087 0.610724 0.219565 0.610028 0.20760900000000002 0.608983 0.20760900000000002 0.608635 0.220652 0.6072420000000001 0.228261 0.6128129999999999 0.228261 0.6128129999999999 0.226087
3 0.668872 0.233696 0.674443 0.233696 0.672702 0.22282600000000002 0.672354 0.21086999999999997 0.671309 0.209783 0.670265 0.21739099999999997 0.669916 0.228261 0.668872 0.231522 0.668872 0.233696
1 0.7040390000000001 0.22391299999999997 0.7040390000000001 0.221739 0.702298 0.215217 0.701253 0.20108700000000002 0.700209 0.20108700000000002 0.6995129999999999 0.203261 0.699164 0.218478 0.697772 0.22391299999999997 0.7040390000000001 0.22391299999999997
3 0.736421 0.233696 0.743384 0.233696 0.741992 0.226087 0.741295 0.21086999999999997 0.740599 0.20760900000000002 0.7395539999999999 0.206522 0.738858 0.208696 0.738162 0.228261 0.736421 0.231522 0.736421 0.233696
3 0.807103 0.290217 0.8077989999999999 0.29239099999999996 0.8095399999999999 0.293478 0.8154600000000001 0.293478 0.817549 0.291304 0.8199859999999999 0.291304 0.8203340000000001 0.286957 0.819638 0.284783 0.8185930000000001 0.284783 0.817897 0.281522 0.815808 0.25760900000000003 0.8154600000000001 0.244565 0.814067 0.24130400000000002 0.812326 0.24130400000000002 0.810585 0.265217 0.8102370000000001 0.283696 0.807451 0.284783 0.807103 0.290217
3 0.794568 0.23913 0.802577 0.236957 0.802577 0.23478300000000002 0.8011839999999999 0.232609 0.799095 0.20760900000000002 0.797702 0.208696 0.796309 0.231522 0.794568 0.236957 0.794568 0.23913
3 0.836699 0.24673899999999999 0.8370469999999999 0.248913 0.8426180000000001 0.25 0.8433149999999999 0.24782600000000002 0.8433149999999999 0.226087 0.8422700000000001 0.21413000000000001 0.8408770000000001 0.21413000000000001 0.840181 0.21739099999999997 0.8391360000000001 0.24130400000000002 0.836699 0.24673899999999999
1 0.873607 0.227174 0.881616 0.226087 0.881267 0.221739 0.880223 0.220652 0.879526 0.20434800000000003 0.878482 0.196739 0.877089 0.197826 0.875348 0.219565 0.8739549999999999 0.22282600000000002 0.873607 0.227174
0 0.880571 0.219565 0.885446 0.219565 0.885794 0.216304 0.8844010000000001 0.211957 0.883008 0.192391 0.881616 0.190217 0.8809189999999999 0.19347799999999998 0.8809189999999999 0.203261 0.880223 0.20760900000000002 0.880571 0.219565
0 0.898677 0.19456500000000002 0.897284 0.18804300000000002 0.897284 0.18043499999999998 0.896936 0.178261 0.895891 0.178261 0.895195 0.192391 0.893802 0.196739 0.898329 0.197826 0.898677 0.19456500000000002
0 0.901114 0.17282599999999998 0.898677 0.18913 0.902855 0.18804300000000002 0.9021589999999999 0.18587 0.901114 0.17282599999999998
1 0.198816 0.31413 0.198816 0.317391 0.20473499999999997 0.318478 0.207521 0.31630400000000003 0.207521 0.311957 0.20682499999999998 0.311957 0.20578 0.30869599999999997 0.203343 0.28586999999999996 0.201602 0.283696 0.20090499999999997 0.288043 0.20090499999999997 0.296739 0.199861 0.313043 0.198816 0.31413
1 0.163997 0.343478 0.163301 0.346739 0.162256 0.346739 0.160864 0.353261 0.173747 0.352174 0.174095 0.346739 0.172702 0.346739 0.170613 0.336957 0.16921999999999998 0.323913 0.168872 0.313043 0.167479 0.307609 0.16538999999999998 0.30869599999999997 0.164694 0.313043 0.164694 0.334783 0.163997 0.336957 0.163997 0.343478
1 0.264624 0.291304 0.271936 0.290217 0.268802 0.277174 0.268106 0.263043 0.266713 0.261957 0.266017 0.26413000000000003 0.26566900000000004 0.280435 0.264624 0.286957 0.264624 0.291304
1 0.79039 0.220652 0.79039 0.22282600000000002 0.7959609999999999 0.22282600000000002 0.796309 0.21739099999999997 0.795265 0.21413000000000001 0.794568 0.196739 0.793175 0.196739 0.791783 0.21086999999999997 0.791783 0.21739099999999997 0.79039 0.220652
1 0.766017 0.376087 0.764624 0.376087 0.763579 0.378261 0.763231 0.386957 0.767409 0.390217 0.7775070000000001 0.390217 0.777855 0.388043 0.782382 0.388043 0.783426 0.383696 0.783426 0.38043499999999997 0.780989 0.378261 0.779944 0.373913 0.7788999999999999 0.354348 0.778203 0.353261 0.778203 0.34565199999999996 0.776811 0.331522 0.776114 0.313043 0.77507 0.306522 0.772632 0.305435 0.771588 0.307609 0.770543 0.318478 0.767409 0.372826 0.766017 0.376087
1 0.424095 0.347826 0.423398 0.352174 0.422354 0.36847799999999997 0.422354 0.38260900000000003 0.420961 0.397826 0.420961 0.406522 0.418524 0.407609 0.416783 0.41956499999999997 0.434192 0.420652 0.43454 0.418478 0.436281 0.418478 0.43697800000000003 0.41630399999999995 0.44046 0.41413 0.440808 0.411957 0.43662999999999996 0.411957 0.436281 0.407609 0.433496 0.40543500000000005 0.432799 0.403261 0.43071000000000004 0.378261 0.429666 0.372826 0.429666 0.366304 0.427577 0.346739 0.427577 0.341304 0.424095 0.340217 0.424095 0.343478 0.42548700000000006 0.343478 0.426532 0.34565199999999996 0.424095 0.347826
3 0.663997 0.31630400000000003 0.662953 0.31630400000000003 0.6615599999999999 0.323913 0.671657 0.325 0.676184 0.322826 0.676532 0.320652 0.67305 0.313043 0.670265 0.269565 0.6692199999999999 0.266304 0.667131 0.266304 0.666783 0.280435 0.664694 0.307609 0.664694 0.31413 0.663997 0.31630400000000003
3 0.372214 0.338043 0.373955 0.33587 0.376741 0.33587 0.376741 0.330435 0.375348 0.330435 0.37360699999999997 0.320652 0.372911 0.307609 0.370822 0.288043 0.368384 0.288043 0.366643 0.330435 0.364206 0.334783 0.364554 0.338043 0.372214 0.338043
3 0.598886 0.236957 0.604457 0.236957 0.603412 0.233696 0.602368 0.226087 0.6020190000000001 0.215217 0.600975 0.213043 0.600279 0.218478 0.59993 0.232609 0.598886 0.23478300000000002 0.598886 0.236957
0 0.893454 0.20434800000000003 0.892061 0.196739 0.892061 0.18695699999999998 0.891713 0.184783 0.889972 0.183696 0.889972 0.192391 0.888231 0.206522 0.892758 0.206522 0.893454 0.20434800000000003
0 0.925139 0.18804300000000002 0.925139 0.183696 0.924095 0.178261 0.924095 0.170652 0.9230499999999999 0.170652 0.9227019999999999 0.177174 0.9209609999999999 0.18804300000000002 0.925139 0.18804300000000002
0 0.9495129999999999 0.18587 0.9488160000000001 0.182609 0.9484680000000001 0.168478 0.947423 0.168478 0.946379 0.18043499999999998 0.9449859999999999 0.18587 0.9495129999999999 0.18587
3 0.316504 0.294565 0.316852 0.302174 0.319638 0.302174 0.319986 0.298913 0.318245 0.294565 0.317201 0.286957 0.316156 0.270652 0.31511100000000003 0.267391 0.31371899999999997 0.267391 0.313022 0.27934800000000004 0.314763 0.280435 0.314763 0.283696 0.316504 0.294565
3 0.34401099999999996 0.283696 0.350627 0.283696 0.348538 0.25652200000000003 0.346448 0.25543499999999997 0.345056 0.27391299999999996 0.345056 0.280435 0.34401099999999996 0.281522 0.34401099999999996 0.283696
1 0.34609999999999996 0.25543499999999997 0.345056 0.244565 0.343663 0.24565199999999998 0.342967 0.268478 0.345404 0.267391 0.34609999999999996 0.25543499999999997
2 0.842967 0.25 0.8422700000000001 0.263043 0.839485 0.270652 0.839485 0.275 0.84993 0.275 0.851671 0.272826 0.854457 0.272826 0.854805 0.268478 0.852716 0.265217 0.850975 0.24239099999999997 0.8502789999999999 0.24130400000000002 0.8502789999999999 0.23478300000000002 0.848886 0.220652 0.8485379999999999 0.202174 0.8457520000000001 0.203261 0.8436629999999999 0.23586999999999997 0.8436629999999999 0.24782600000000002 0.842967 0.25
2 0.854457 0.253261 0.855501 0.261957 0.858287 0.263043 0.858287 0.258696 0.8568939999999999 0.25543499999999997 0.8568939999999999 0.248913 0.85376 0.206522 0.85376 0.197826 0.851323 0.197826 0.84993 0.20760900000000002 0.84993 0.221739 0.852716 0.22391299999999997 0.854457 0.253261
3 0.8551529999999999 0.268478 0.857242 0.268478 0.857591 0.26413000000000003 0.855501 0.263043 0.854457 0.25652200000000003 0.852368 0.22391299999999997 0.850627 0.22391299999999997 0.850627 0.24130400000000002 0.851323 0.24239099999999997 0.853064 0.265217 0.8551529999999999 0.268478
3 0.310585 0.317391 0.309192 0.317391 0.309192 0.322826 0.31928999999999996 0.319565 0.317201 0.30869599999999997 0.314415 0.280435 0.313022 0.280435 0.312326 0.283696 0.31128100000000003 0.313043 0.310585 0.317391