1 0.9247909999999999 0.484783 0.940808 0.484783 0.937326 0.475 0.9348890000000001 0.43695700000000004 0.9314069999999999 0.43587 0.9296659999999999 0.47391300000000003 0.928969 0.47717400000000004 0.92688 0.478261 0.9247909999999999 0.484783
1 0.7928270000000001 0.422826 0.799791 0.422826 0.799791 0.41956499999999997 0.7983979999999999 0.415217 0.797354 0.392391 0.795265 0.392391 0.794916 0.40869600000000006 0.793872 0.41630399999999995 0.7928270000000001 0.418478 0.7928270000000001 0.422826
1 0.7378129999999999 0.502174 0.736421 0.506522 0.7395539999999999 0.509783 0.754875 0.509783 0.7527860000000001 0.502174 0.750696 0.501087 0.75 0.49891300000000005 0.747563 0.44565200000000005 0.744777 0.44565200000000005 0.740947 0.49565200000000004 0.740251 0.49891300000000005 0.7378129999999999 0.5 0.7378129999999999 0.502174
1 0.720404 0.456522 0.720404 0.46195700000000006 0.7322420000000001 0.463043 0.7322420000000001 0.45869600000000005 0.7305010000000001 0.456522 0.729457 0.452174 0.727368 0.41630399999999995 0.725627 0.415217 0.72493 0.418478 0.7228410000000001 0.452174 0.722145 0.45543500000000003 0.720404 0.456522
1 0.713788 0.40108699999999997 0.719708 0.40108699999999997 0.719708 0.397826 0.718315 0.393478 0.717618 0.376087 0.716226 0.376087 0.715529 0.391304 0.7148329999999999 0.395652 0.713788 0.397826 0.713788 0.40108699999999997
1 0.7057800000000001 0.43587 0.714485 0.43587 0.714485 0.431522 0.7134400000000001 0.431522 0.712744 0.42717400000000005 0.711351 0.4 0.70961 0.39891299999999996 0.707869 0.42717400000000005 0.706825 0.431522 0.7057800000000001 0.43260899999999997 0.7057800000000001 0.43587
1 0.7016020000000001 0.415217 0.700557 0.415217 0.700557 0.420652 0.707869 0.420652 0.7057800000000001 0.388043 0.7040390000000001 0.386957 0.7040390000000001 0.393478 0.703343 0.397826 0.702646 0.411957 0.7016020000000001 0.415217
1 0.6657379999999999 0.40108699999999997 0.6657379999999999 0.397826 0.665042 0.395652 0.664345 0.375 0.662604 0.375 0.661908 0.393478 0.660515 0.397826 0.660515 0.40108699999999997 0.6657379999999999 0.40108699999999997
1 0.651114 0.386957 0.655989 0.386957 0.655989 0.383696 0.655292 0.38260900000000003 0.654596 0.36847799999999997 0.654248 0.366304 0.653203 0.366304 0.652855 0.377174 0.6521589999999999 0.38260900000000003 0.651114 0.383696 0.651114 0.386957
1 0.5271589999999999 0.36847799999999997 0.5271589999999999 0.365217 0.526114 0.363043 0.525766 0.35 0.524373 0.348913 0.524025 0.358696 0.522284 0.36413 0.522284 0.36739099999999997 0.5271589999999999 0.36847799999999997
1 0.518454 0.377174 0.518454 0.373913 0.5177579999999999 0.373913 0.516713 0.36847799999999997 0.516365 0.354348 0.514624 0.354348 0.514624 0.36847799999999997 0.512883 0.373913 0.512883 0.377174 0.518454 0.377174
1 0.471448 0.359783 0.471448 0.356522 0.47075199999999995 0.355435 0.47005600000000003 0.342391 0.46901099999999996 0.342391 0.46831500000000004 0.352174 0.466922 0.356522 0.466922 0.359783 0.471448 0.359783
1 0.443245 0.36739099999999997 0.448816 0.36739099999999997 0.448816 0.36413 0.447423 0.363043 0.446727 0.344565 0.44568199999999997 0.344565 0.445334 0.353261 0.443942 0.363043 0.443245 0.36413 0.443245 0.36739099999999997
1 0.381616 0.355435 0.381616 0.352174 0.380571 0.347826 0.38022300000000003 0.33587 0.37883 0.334783 0.378134 0.347826 0.377089 0.352174 0.377089 0.355435 0.381616 0.355435
1 0.35375999999999996 0.326087 0.352716 0.342391 0.356198 0.342391 0.354805 0.326087 0.35375999999999996 0.326087
1 0.330084 0.34565199999999996 0.330084 0.341304 0.329387 0.340217 0.32903899999999997 0.328261 0.327994 0.328261 0.327298 0.336957 0.326253 0.341304 0.326253 0.34565199999999996 0.330084 0.34565199999999996
1 0.319638 0.336957 0.318942 0.322826 0.317897 0.322826 0.31754899999999997 0.330435 0.316504 0.333696 0.316504 0.336957 0.319638 0.336957
3 0.383357 0.655435 0.38126699999999997 0.675 0.40424800000000005 0.680435 0.41260399999999997 0.680435 0.41782700000000006 0.666304 0.41782700000000006 0.66413 0.416435 0.661957 0.415042 0.655435 0.410515 0.652174 0.40947100000000003 0.647826 0.402855 0.540217 0.396936 0.53913 0.395891 0.5423910000000001 0.389276 0.646739 0.388231 0.651087 0.383357 0.655435
3 0.47597500000000004 0.5195649999999999 0.47597500000000004 0.528261 0.494777 0.5293479999999999 0.494777 0.525 0.49268799999999996 0.515217 0.487465 0.448913 0.485724 0.448913 0.48537600000000003 0.446739 0.48433099999999996 0.446739 0.483983 0.459783 0.48015299999999994 0.5108699999999999 0.47910899999999995 0.515217 0.47597500000000004 0.5195649999999999
3 0.51915 0.44782599999999995 0.516713 0.45108699999999996 0.516713 0.454348 0.520891 0.456522 0.5288999999999999 0.456522 0.5288999999999999 0.453261 0.5271589999999999 0.452174 0.526462 0.448913 0.526114 0.43478300000000003 0.524721 0.422826 0.524025 0.406522 0.521936 0.40543500000000005 0.521936 0.417391 0.520543 0.431522 0.520195 0.441304 0.51915 0.44782599999999995
3 0.542131 0.41956499999999997 0.542131 0.422826 0.552228 0.422826 0.552228 0.41956499999999997 0.551184 0.41956499999999997 0.549791 0.411957 0.548747 0.38587 0.546657 0.384783 0.546309 0.394565 0.545613 0.396739 0.544916 0.415217 0.542131 0.41956499999999997
3 0.582869 0.406522 0.582869 0.403261 0.581825 0.40217400000000003 0.579735 0.375 0.578691 0.375 0.577298 0.39891299999999996 0.575557 0.403261 0.575557 0.406522 0.582869 0.406522
3 0.572075 0.35 0.571031 0.35 0.5696380000000001 0.36739099999999997 0.573816 0.36739099999999997 0.572772 0.352174 0.572075 0.35
3 0.657033 0.36086999999999997 0.655989 0.36086999999999997 0.655292 0.36847799999999997 0.655292 0.377174 0.658774 0.377174 0.657033 0.36086999999999997
3 0.7116990000000001 0.388043 0.7151810000000001 0.388043 0.715877 0.376087 0.7151810000000001 0.366304 0.714136 0.366304 0.7134400000000001 0.378261 0.7116990000000001 0.384783 0.7116990000000001 0.388043
3 0.779944 0.397826 0.786212 0.397826 0.786212 0.394565 0.784471 0.388043 0.783426 0.372826 0.782382 0.372826 0.781685 0.38913000000000003 0.780989 0.393478 0.779944 0.395652 0.779944 0.397826
3 0.856198 0.409783 0.862813 0.409783 0.862813 0.40543500000000005 0.8621169999999999 0.40543500000000005 0.8610720000000001 0.4 0.860028 0.383696 0.8589829999999999 0.383696 0.857939 0.397826 0.8568939999999999 0.40543500000000005 0.856198 0.406522 0.856198 0.409783
3 0.939067 0.430435 0.939067 0.43478300000000003 0.9484680000000001 0.43478300000000003 0.9484680000000001 0.431522 0.947772 0.431522 0.9470750000000001 0.428261 0.946031 0.415217 0.94429 0.403261 0.942897 0.40217400000000003 0.9418519999999999 0.411957 0.9418519999999999 0.417391 0.940808 0.426087 0.939067 0.430435
3 0.503482 0.388043 0.509749 0.388043 0.509749 0.384783 0.509053 0.383696 0.508357 0.378261 0.50766 0.36086999999999997 0.505919 0.36086999999999997 0.504875 0.38043499999999997 0.504178 0.383696 0.503482 0.383696 0.503482 0.388043
3 0.49373300000000003 0.357609 0.49791100000000005 0.357609 0.496866 0.341304 0.495822 0.341304 0.495474 0.348913 0.49373300000000003 0.354348 0.49373300000000003 0.357609
3 0.429666 0.378261 0.429666 0.375 0.428621 0.373913 0.427577 0.352174 0.425836 0.35108700000000004 0.42479100000000003 0.370652 0.423398 0.375 0.423398 0.378261 0.429666 0.378261
3 0.439415 0.348913 0.439415 0.34565199999999996 0.43837000000000004 0.342391 0.43837000000000004 0.333696 0.437326 0.333696 0.43662999999999996 0.343478 0.435585 0.34565199999999996 0.435585 0.348913 0.439415 0.348913
3 0.346448 0.36413 0.353064 0.36413 0.353064 0.36086999999999997 0.35167099999999996 0.358696 0.350627 0.33913000000000004 0.348886 0.33913000000000004 0.34818899999999997 0.357609 0.347145 0.36086999999999997 0.346448 0.36086999999999997 0.346448 0.36413
3 0.306755 0.353261 0.306755 0.35 0.305362 0.344565 0.304318 0.331522 0.302577 0.330435 0.30188000000000004 0.34565199999999996 0.300836 0.35 0.300836 0.353261 0.306755 0.353261
3 0.266365 0.346739 0.271588 0.34565199999999996 0.269847 0.325 0.268802 0.325 0.268106 0.336957 0.266365 0.343478 0.266365 0.346739
3 0.10341199999999999 0.383696 0.10341199999999999 0.38587 0.11664300000000001 0.38587 0.11664300000000001 0.38260900000000003 0.11525099999999999 0.38152200000000003 0.11385799999999999 0.375 0.11142099999999999 0.344565 0.10968 0.344565 0.108287 0.357609 0.10793900000000001 0.373913 0.10724199999999999 0.377174 0.10341199999999999 0.383696
3 0.124304 0.354348 0.124304 0.35108700000000004 0.12291099999999999 0.344565 0.122214 0.336957 0.122214 0.32717399999999996 0.121866 0.325 0.120474 0.325 0.11942900000000001 0.341304 0.11768799999999999 0.35108700000000004 0.11768799999999999 0.354348 0.124304 0.354348
3 0.196031 0.342391 0.196031 0.33913000000000004 0.194986 0.338043 0.194638 0.322826 0.19429000000000002 0.320652 0.193245 0.320652 0.192549 0.33260900000000004 0.190808 0.338043 0.190808 0.342391 0.196031 0.342391
3 0.161908 0.347826 0.161908 0.344565 0.160864 0.344565 0.159819 0.341304 0.158774 0.325 0.158078 0.322826 0.157033 0.322826 0.156337 0.338043 0.154248 0.344565 0.154248 0.347826 0.161908 0.347826
1 0.086351 0.342391 0.086699 0.338043 0.08460999999999999 0.32717399999999996 0.084262 0.319565 0.082869 0.318478 0.081128 0.338043 0.080084 0.33913000000000004 0.080084 0.342391 0.086351 0.342391
1 0.264972 0.33587 0.264972 0.33913000000000004 0.267409 0.338043 0.268106 0.325 0.26915 0.323913 0.26915 0.320652 0.267061 0.320652 0.266713 0.328261 0.266017 0.333696 0.264972 0.33587
3 0.386838 0.325 0.385794 0.340217 0.388928 0.340217 0.387883 0.325 0.386838 0.325
1 0.845404 0.446739 0.854805 0.446739 0.854805 0.443478 0.853412 0.441304 0.852019 0.422826 0.850627 0.41413 0.850627 0.409783 0.8485379999999999 0.40869600000000006 0.847145 0.43478300000000003 0.8461000000000001 0.441304 0.845404 0.44239100000000003 0.845404 0.446739
1 0.600627 0.378261 0.600627 0.375 0.59993 0.373913 0.598886 0.357609 0.5974929999999999 0.357609 0.597145 0.36956500000000003 0.5961000000000001 0.375 0.5961000000000001 0.378261 0.600627 0.378261
1 0.592967 0.388043 0.592967 0.384783 0.591574 0.383696 0.590877 0.365217 0.5901810000000001 0.363043 0.589136 0.363043 0.588092 0.38152200000000003 0.5866990000000001 0.384783 0.5866990000000001 0.388043 0.592967 0.388043
1 0.803621 0.593478 0.8032730000000001 0.5956520000000001 0.8133699999999999 0.6054350000000001 0.833914 0.6054350000000001 0.831128 0.6010869999999999 0.830084 0.593478 0.826253 0.5869570000000001 0.8220750000000001 0.508696 0.817549 0.507609 0.810585 0.584783 0.807103 0.5869570000000001 0.8064069999999999 0.5913039999999999 0.803621 0.593478
3 0.11664300000000001 0.363043 0.11664300000000001 0.357609 0.11525099999999999 0.354348 0.114554 0.35 0.11351 0.33260900000000004 0.11142099999999999 0.331522 0.110724 0.342391 0.11176900000000001 0.343478 0.11351 0.363043 0.11664300000000001 0.363043