3 0.22284099999999998 0.581522 0.221448 0.594565 0.221448 0.602174 0.22005599999999997 0.620652 0.22005599999999997 0.629348 0.218663 0.6543479999999999 0.21344 0.66087 0.213092 0.669565 0.209958 0.676087 0.20961 0.679348 0.21030600000000002 0.680435 0.239554 0.680435 0.240251 0.678261 0.24686599999999997 0.670652 0.250348 0.66413 0.24965199999999999 0.66087 0.24617 0.66087 0.24547400000000003 0.6543479999999999 0.244081 0.652174 0.23990300000000003 0.651087 0.23920599999999997 0.640217 0.237813 0.6304350000000001 0.236421 0.604348 0.235724 0.6010869999999999 0.233983 0.5771740000000001 0.232939 0.555435 0.231894 0.5478259999999999 0.231894 0.543478 0.23119800000000001 0.541304 0.226323 0.541304 0.22493 0.544565 0.22353800000000001 0.561957 0.22284099999999998 0.581522
3 0.188022 0.484783 0.187326 0.49130399999999996 0.187326 0.501087 0.18453999999999998 0.503261 0.183844 0.5054350000000001 0.183496 0.5130429999999999 0.200557 0.511957 0.20264600000000002 0.509783 0.20264600000000002 0.507609 0.20195 0.506522 0.20195 0.502174 0.201253 0.5 0.198816 0.49891300000000005 0.197772 0.475 0.195334 0.452174 0.194638 0.43913 0.193942 0.43695700000000004 0.191156 0.43695700000000004 0.19046000000000002 0.44021699999999997 0.189415 0.459783 0.188719 0.46413000000000004 0.188022 0.484783
3 0.172354 0.44565200000000005 0.184889 0.444565 0.185237 0.441304 0.183496 0.44021699999999997 0.182103 0.433696 0.180014 0.397826 0.177577 0.396739 0.17687999999999998 0.39891299999999996 0.174791 0.43913 0.172702 0.441304 0.172354 0.44565200000000005
3 0.21239599999999997 0.406522 0.22179700000000002 0.406522 0.22179700000000002 0.404348 0.2211 0.404348 0.22005599999999997 0.40108699999999997 0.21831499999999998 0.372826 0.21622599999999997 0.371739 0.21413600000000002 0.40108699999999997 0.213092 0.404348 0.21239599999999997 0.404348 0.21239599999999997 0.406522
3 0.27681100000000003 0.379348 0.275766 0.359783 0.274025 0.358696 0.272632 0.38152200000000003 0.271588 0.38587 0.278203 0.38587 0.27681100000000003 0.379348
3 0.323468 0.365217 0.322075 0.347826 0.321031 0.347826 0.319638 0.36847799999999997 0.318593 0.370652 0.324513 0.370652 0.323468 0.365217
3 0.353064 0.357609 0.352368 0.342391 0.351323 0.341304 0.350279 0.357609 0.349234 0.36086999999999997 0.354109 0.36086999999999997 0.353064 0.357609
3 0.37743699999999997 0.344565 0.377089 0.33587 0.376045 0.33587 0.375348 0.35 0.374652 0.352174 0.37883 0.352174 0.37743699999999997 0.344565
3 0.395195 0.330435 0.39449900000000004 0.330435 0.393106 0.34565199999999996 0.396588 0.34565199999999996 0.395891 0.342391 0.395195 0.330435
3 0.8551529999999999 0.375 0.8551529999999999 0.372826 0.85376 0.36956500000000003 0.852716 0.347826 0.852019 0.344565 0.850627 0.344565 0.848886 0.358696 0.8485379999999999 0.370652 0.847145 0.375 0.8551529999999999 0.375
3 0.8133699999999999 0.31521699999999997 0.8119780000000001 0.331522 0.8154600000000001 0.331522 0.814067 0.317391 0.8133699999999999 0.31521699999999997
3 0.776114 0.365217 0.774721 0.363043 0.773677 0.340217 0.772284 0.33913000000000004 0.770891 0.35108700000000004 0.770891 0.361957 0.7698470000000001 0.365217 0.776114 0.365217
3 0.612117 0.357609 0.616992 0.357609 0.615599 0.348913 0.614903 0.336957 0.613858 0.336957 0.6128129999999999 0.347826 0.6128129999999999 0.354348 0.612117 0.355435 0.612117 0.357609
3 0.5901810000000001 0.35 0.589136 0.344565 0.5884400000000001 0.33260900000000004 0.587744 0.33260900000000004 0.5866990000000001 0.340217 0.5866990000000001 0.346739 0.585655 0.35 0.5901810000000001 0.35
3 0.586351 0.343478 0.585306 0.328261 0.5842620000000001 0.32934800000000003 0.583914 0.338043 0.582869 0.343478 0.586351 0.343478
1 0.36977699999999997 0.383696 0.36977699999999997 0.38587 0.377786 0.38587 0.377786 0.383696 0.37639300000000003 0.38152200000000003 0.375 0.359783 0.374304 0.356522 0.373259 0.356522 0.37256300000000003 0.36086999999999997 0.371518 0.38043499999999997 0.370474 0.383696 0.36977699999999997 0.383696
1 0.405641 0.370652 0.404596 0.366304 0.403552 0.346739 0.402159 0.346739 0.401114 0.366304 0.40007000000000004 0.36847799999999997 0.40007000000000004 0.370652 0.405641 0.370652
1 0.425836 0.359783 0.426184 0.357609 0.425139 0.355435 0.424095 0.33913000000000004 0.423398 0.33913000000000004 0.422702 0.342391 0.422354 0.355435 0.42130900000000004 0.358696 0.425836 0.359783
1 0.44046 0.467391 0.437674 0.471739 0.437674 0.476087 0.43697800000000003 0.47717400000000004 0.43697800000000003 0.479348 0.45194999999999996 0.479348 0.453343 0.475 0.452298 0.470652 0.450905 0.470652 0.449861 0.467391 0.448468 0.45108699999999996 0.446379 0.41304299999999994 0.443942 0.41304299999999994 0.443245 0.415217 0.442897 0.42934799999999995 0.441504 0.444565 0.44046 0.467391
1 0.35968 0.403261 0.358287 0.4 0.356198 0.36956500000000003 0.354109 0.36847799999999997 0.352716 0.390217 0.352716 0.397826 0.350279 0.404348 0.35968 0.403261
1 0.37117 0.42717400000000005 0.370125 0.430435 0.36873300000000003 0.431522 0.368384 0.43587 0.381964 0.43478300000000003 0.378134 0.42717400000000005 0.375348 0.388043 0.37360699999999997 0.388043 0.372911 0.391304 0.37256300000000003 0.403261 0.371866 0.406522 0.37117 0.42717400000000005
1 0.44046 0.342391 0.44046 0.33587 0.44011100000000003 0.333696 0.439067 0.333696 0.438719 0.343478 0.437674 0.35108700000000004 0.441852 0.35108700000000004 0.44046 0.342391
1 0.452298 0.33913000000000004 0.45194999999999996 0.32934800000000003 0.450905 0.32934800000000003 0.45020899999999997 0.342391 0.44951299999999994 0.344565 0.453343 0.344565 0.452298 0.33913000000000004
1 0.62117 0.581522 0.62117 0.579348 0.619777 0.579348 0.619081 0.575 0.615251 0.572826 0.609331 0.48043500000000006 0.6051529999999999 0.48043500000000006 0.604457 0.484783 0.603064 0.5130429999999999 0.602368 0.515217 0.600975 0.545652 0.599234 0.567391 0.598538 0.570652 0.594708 0.573913 0.5943590000000001 0.581522 0.592967 0.583696 0.59227 0.588043 0.610724 0.5913039999999999 0.610724 0.5054350000000001 0.615251 0.5913039999999999 0.618036 0.58913 0.619429 0.584783 0.620125 0.584783 0.62117 0.581522
3 0.865251 0.33913000000000004 0.864206 0.33587 0.863162 0.319565 0.861769 0.318478 0.8607239999999999 0.334783 0.85968 0.336957 0.85968 0.33913000000000004 0.865251 0.33913000000000004
3 0.6904600000000001 0.359783 0.692549 0.358696 0.692897 0.348913 0.69429 0.346739 0.693593 0.336957 0.692549 0.338043 0.691504 0.348913 0.691504 0.357609 0.6904600000000001 0.359783
1 0.8593310000000001 0.41956499999999997 0.856198 0.425 0.85585 0.42717400000000005 0.871866 0.428261 0.8708220000000001 0.42717400000000005 0.870125 0.422826 0.867688 0.421739 0.866295 0.397826 0.865251 0.391304 0.864903 0.38043499999999997 0.864206 0.377174 0.862813 0.377174 0.861769 0.38152200000000003 0.8610720000000001 0.394565 0.8603759999999999 0.397826 0.8593310000000001 0.41956499999999997
1 0.7621870000000001 0.392391 0.771936 0.392391 0.771588 0.38913000000000003 0.770543 0.38913000000000003 0.7698470000000001 0.386957 0.7698470000000001 0.38152200000000003 0.7677579999999999 0.357609 0.766017 0.356522 0.764624 0.373913 0.764276 0.386957 0.762883 0.38913000000000003 0.7621870000000001 0.392391
1 0.697423 0.378261 0.697423 0.376087 0.6956819999999999 0.370652 0.6956819999999999 0.358696 0.69429 0.347826 0.693245 0.348913 0.691852 0.372826 0.690111 0.378261 0.697423 0.378261
1 0.553273 0.363043 0.5518799999999999 0.358696 0.5518799999999999 0.348913 0.551184 0.341304 0.5501389999999999 0.341304 0.549095 0.358696 0.547702 0.36413 0.552925 0.36413 0.553273 0.363043
1 0.518454 0.356522 0.517409 0.352174 0.516365 0.33587 0.515669 0.33587 0.514624 0.346739 0.514624 0.353261 0.513579 0.356522 0.518454 0.356522
1 0.5121870000000001 0.34565199999999996 0.51149 0.331522 0.5104460000000001 0.330435 0.509749 0.344565 0.509053 0.347826 0.512883 0.347826 0.5121870000000001 0.34565199999999996
1 0.526462 0.33913000000000004 0.525766 0.32717399999999996 0.52507 0.328261 0.523677 0.343478 0.5271589999999999 0.342391 0.526462 0.33913000000000004
1 0.6068939999999999 0.370652 0.61351 0.370652 0.613162 0.36739099999999997 0.612465 0.36739099999999997 0.611769 0.36413 0.610724 0.34565199999999996 0.60968 0.343478 0.608983 0.347826 0.608287 0.366304 0.6072420000000001 0.36739099999999997 0.6068939999999999 0.370652