3 0.09226999999999999 0.366304 0.091574 0.372826 0.109331 0.372826 0.11002799999999999 0.370652 0.11002799999999999 0.36739099999999997 0.10793900000000001 0.366304 0.106546 0.361957 0.10376 0.306522 0.103064 0.303261 0.10027900000000001 0.303261 0.099234 0.30978300000000003 0.095752 0.363043 0.094708 0.366304 0.09226999999999999 0.366304
3 0.322772 0.340217 0.322772 0.342391 0.323468 0.343478 0.333565 0.343478 0.33460999999999996 0.341304 0.33460999999999996 0.33913000000000004 0.333217 0.336957 0.332521 0.333696 0.331128 0.303261 0.330084 0.294565 0.328691 0.294565 0.327994 0.29782600000000004 0.325557 0.33587 0.322772 0.340217
3 0.46239600000000003 0.32717399999999996 0.462744 0.325 0.46135099999999996 0.322826 0.461003 0.305435 0.459958 0.293478 0.458565 0.29239099999999996 0.456825 0.31087 0.456476 0.321739 0.454735 0.326087 0.46239600000000003 0.32717399999999996
3 0.509749 0.322826 0.510097 0.320652 0.509053 0.317391 0.50766 0.291304 0.506616 0.291304 0.505919 0.294565 0.504178 0.317391 0.503134 0.321739 0.509749 0.322826
3 0.5428270000000001 0.318478 0.548747 0.318478 0.547354 0.293478 0.546657 0.290217 0.5459609999999999 0.290217 0.545265 0.293478 0.5442199999999999 0.311957 0.5428270000000001 0.318478
3 0.585655 0.30978300000000003 0.5842620000000001 0.28913 0.583217 0.28913 0.5821729999999999 0.306522 0.580432 0.31413 0.586351 0.31413 0.585655 0.30978300000000003
3 0.6427579999999999 0.29239099999999996 0.641713 0.29239099999999996 0.639972 0.313043 0.64415 0.313043 0.6431060000000001 0.304348 0.6427579999999999 0.29239099999999996
3 0.7071729999999999 0.317391 0.706476 0.302174 0.705432 0.3 0.704387 0.31630400000000003 0.703691 0.319565 0.707869 0.319565 0.7071729999999999 0.317391
3 0.766713 0.31413 0.766713 0.30978300000000003 0.766017 0.306522 0.76532 0.306522 0.764624 0.319565 0.763579 0.323913 0.7681060000000001 0.325 0.766713 0.31413
3 0.8119780000000001 0.30869599999999997 0.8102370000000001 0.32717399999999996 0.8147629999999999 0.32717399999999996 0.812674 0.30869599999999997 0.8119780000000001 0.30869599999999997
3 0.866643 0.333696 0.8655989999999999 0.318478 0.864554 0.319565 0.8638579999999999 0.330435 0.863162 0.333696 0.866643 0.333696
1 0.49234 0.7260869999999999 0.487117 0.734783 0.487117 0.751087 0.48851000000000006 0.7695649999999999 0.500696 0.775 0.514276 0.777174 0.531337 0.777174 0.530989 0.767391 0.529596 0.756522 0.529944 0.746739 0.5288999999999999 0.742391 0.528552 0.7369570000000001 0.526811 0.73587 0.5254179999999999 0.732609 0.5229809999999999 0.731522 0.521936 0.7260869999999999 0.516017 0.584783 0.514972 0.581522 0.508357 0.581522 0.506267 0.6010869999999999 0.496518 0.7206520000000001 0.495125 0.725 0.49234 0.7260869999999999
1 0.45020899999999997 0.46195700000000006 0.45194999999999996 0.46413000000000004 0.46901099999999996 0.46630399999999994 0.470404 0.46195700000000006 0.47075199999999995 0.456522 0.46970799999999996 0.452174 0.46726999999999996 0.45108699999999996 0.466226 0.44565200000000005 0.46309199999999995 0.38043499999999997 0.45960999999999996 0.38043499999999997 0.454735 0.444565 0.454039 0.44782599999999995 0.451253 0.448913 0.45020899999999997 0.46195700000000006
1 0.505919 0.38260900000000003 0.505919 0.386957 0.5194989999999999 0.38913000000000003 0.5194989999999999 0.38587 0.517409 0.38260900000000003 0.516365 0.377174 0.514276 0.334783 0.511838 0.334783 0.509053 0.376087 0.508008 0.38043499999999997 0.506616 0.38043499999999997 0.505919 0.38260900000000003
1 0.5943590000000001 0.355435 0.5943590000000001 0.357609 0.602716 0.357609 0.602716 0.354348 0.601671 0.352174 0.600627 0.326087 0.5995820000000001 0.319565 0.598538 0.319565 0.5961000000000001 0.35 0.595752 0.353261 0.5943590000000001 0.355435
1 0.648677 0.342391 0.655292 0.342391 0.654248 0.33913000000000004 0.653552 0.311957 0.651811 0.311957 0.65007 0.328261 0.649721 0.338043 0.648677 0.340217 0.648677 0.342391
1 0.682451 0.333696 0.68837 0.334783 0.68837 0.33260900000000004 0.687326 0.330435 0.68663 0.30869599999999997 0.684889 0.30869599999999997 0.683496 0.323913 0.683496 0.330435 0.682451 0.331522 0.682451 0.333696
1 0.729457 0.33587 0.728064 0.326087 0.727716 0.313043 0.725975 0.311957 0.7245820000000001 0.32717399999999996 0.7245820000000001 0.33260900000000004 0.723538 0.334783 0.729457 0.33587
1 0.793524 0.336957 0.7928270000000001 0.319565 0.792131 0.319565 0.790042 0.341304 0.794568 0.341304 0.794568 0.33913000000000004 0.793524 0.336957
1 0.870125 0.342391 0.8756959999999999 0.342391 0.8756959999999999 0.340217 0.875 0.340217 0.8743040000000001 0.336957 0.873259 0.321739 0.8725630000000001 0.322826 0.871518 0.33587 0.870125 0.340217 0.870125 0.342391
1 0.845404 0.322826 0.8443590000000001 0.322826 0.8422700000000001 0.344565 0.847145 0.344565 0.8461000000000001 0.33587 0.845404 0.322826
1 0.920613 0.338043 0.920265 0.32717399999999996 0.9192199999999999 0.326087 0.918175 0.33913000000000004 0.917131 0.343478 0.922006 0.343478 0.920613 0.338043