3 0.448816 0.548913 0.447423 0.570652 0.446379 0.576087 0.444986 0.5771740000000001 0.44254899999999997 0.5826089999999999 0.442201 0.588043 0.44046 0.588043 0.44046 0.592391 0.461699 0.593478 0.46796699999999997 0.5869570000000001 0.467618 0.584783 0.46552899999999997 0.584783 0.463788 0.5771740000000001 0.461003 0.5771740000000001 0.459262 0.571739 0.459262 0.53913 0.458565 0.534783 0.458565 0.527174 0.45717299999999994 0.522826 0.456476 0.5130429999999999 0.456476 0.502174 0.45578 0.496739 0.450557 0.496739 0.449861 0.5 0.449861 0.528261 0.449164 0.5336960000000001 0.448816 0.548913
1 0.893802 0.7076089999999999 0.892758 0.713043 0.892758 0.718478 0.8910170000000001 0.729348 0.89032 0.741304 0.89032 0.757609 0.888579 0.767391 0.888579 0.772826 0.886838 0.782609 0.88649 0.790217 0.885446 0.794565 0.885097 0.803261 0.883705 0.8130430000000001 0.883705 0.818478 0.874652 0.821739 0.873259 0.827174 0.873259 0.832609 0.868733 0.832609 0.866643 0.8304349999999999 0.865947 0.832609 0.8673400000000001 0.836957 0.87117 0.8423909999999999 0.8725630000000001 0.846739 0.923747 0.846739 0.923747 0.844565 0.920613 0.8391299999999999 0.916783 0.827174 0.913997 0.8119569999999999 0.913649 0.794565 0.9129530000000001 0.7923910000000001 0.911908 0.7793479999999999 0.911908 0.768478 0.9112120000000001 0.761957 0.91156 0.746739 0.9101670000000001 0.7304350000000001 0.909819 0.7119570000000001 0.908078 0.697826 0.907033 0.6728259999999999 0.9063370000000001 0.670652 0.895195 0.671739 0.894499 0.673913 0.894499 0.698913 0.893802 0.7076089999999999
1 0.83461 0.522826 0.833217 0.53587 0.832173 0.552174 0.831825 0.569565 0.827646 0.571739 0.827646 0.578261 0.826253 0.579348 0.825905 0.581522 0.826602 0.583696 0.8502789999999999 0.588043 0.851671 0.584783 0.851671 0.580435 0.850627 0.580435 0.8502789999999999 0.5771740000000001 0.847145 0.573913 0.8457520000000001 0.5663039999999999 0.8443590000000001 0.55 0.8443590000000001 0.5336960000000001 0.8436629999999999 0.528261 0.8436629999999999 0.520652 0.8426180000000001 0.5130429999999999 0.841922 0.49891300000000005 0.8405290000000001 0.49565200000000004 0.8370469999999999 0.49565200000000004 0.836699 0.506522 0.835655 0.5130429999999999 0.835655 0.520652 0.83461 0.522826
1 0.82312 0.454348 0.8220750000000001 0.457609 0.8203340000000001 0.48695700000000003 0.819638 0.490217 0.817549 0.490217 0.8172010000000001 0.494565 0.817549 0.496739 0.8203340000000001 0.5 0.833217 0.5 0.8325210000000001 0.49347799999999997 0.831825 0.49130399999999996 0.8304320000000001 0.49130399999999996 0.8290390000000001 0.48260899999999995 0.8283429999999999 0.475 0.8283429999999999 0.459783 0.827646 0.457609 0.827646 0.444565 0.8269500000000001 0.441304 0.8245129999999999 0.43913 0.8238160000000001 0.441304 0.8238160000000001 0.448913 0.82312 0.45 0.82312 0.454348
1 0.899373 0.403261 0.897632 0.391304 0.896936 0.38043499999999997 0.895891 0.38043499999999997 0.895195 0.384783 0.8948470000000001 0.39891299999999996 0.893454 0.403261 0.899373 0.403261
3 0.8708220000000001 0.392391 0.8708220000000001 0.38913000000000003 0.869429 0.38587 0.869429 0.377174 0.868036 0.370652 0.866992 0.36956500000000003 0.865947 0.388043 0.865251 0.38913000000000003 0.865251 0.392391 0.8708220000000001 0.392391
1 0.833217 0.4 0.832173 0.391304 0.832173 0.38587 0.831476 0.38260900000000003 0.831476 0.377174 0.829735 0.377174 0.8286910000000001 0.383696 0.8283429999999999 0.395652 0.827646 0.4 0.833217 0.4
1 0.776462 0.448913 0.7775070000000001 0.452174 0.788997 0.45108699999999996 0.788649 0.446739 0.785864 0.441304 0.785864 0.43260899999999997 0.7848189999999999 0.430435 0.7848189999999999 0.41956499999999997 0.784123 0.418478 0.783774 0.40869600000000006 0.781337 0.40869600000000006 0.779944 0.426087 0.7788999999999999 0.431522 0.7788999999999999 0.44239100000000003 0.776462 0.448913
1 0.746518 0.426087 0.745474 0.426087 0.745125 0.42934799999999995 0.754526 0.430435 0.754526 0.42717400000000005 0.752437 0.422826 0.752437 0.417391 0.751741 0.41630399999999995 0.751045 0.395652 0.748607 0.395652 0.747911 0.406522 0.7472139999999999 0.40869600000000006 0.7472139999999999 0.42391300000000004 0.746518 0.426087
1 0.766017 0.39891299999999996 0.766365 0.396739 0.765669 0.395652 0.765669 0.392391 0.764972 0.390217 0.764972 0.38043499999999997 0.764276 0.376087 0.762535 0.376087 0.761838 0.379348 0.761838 0.390217 0.7604460000000001 0.397826 0.766017 0.39891299999999996
3 0.7942199999999999 0.38913000000000003 0.795265 0.391304 0.798747 0.391304 0.799443 0.38913000000000003 0.8004870000000001 0.38913000000000003 0.8004870000000001 0.386957 0.798747 0.38260900000000003 0.7983979999999999 0.375 0.797702 0.371739 0.796309 0.371739 0.795613 0.376087 0.795613 0.383696 0.7942199999999999 0.386957 0.7942199999999999 0.38913000000000003
1 0.715877 0.409783 0.714485 0.411957 0.7148329999999999 0.415217 0.722145 0.41413 0.720404 0.406522 0.720404 0.39891299999999996 0.7193590000000001 0.386957 0.71727 0.388043 0.716574 0.403261 0.715877 0.404348 0.715877 0.409783
3 0.6904600000000001 0.38260900000000003 0.690808 0.388043 0.690111 0.392391 0.6956819999999999 0.393478 0.69429 0.384783 0.6939420000000001 0.376087 0.692549 0.373913 0.6922010000000001 0.376087 0.691504 0.376087 0.691504 0.379348 0.6904600000000001 0.38260900000000003
3 0.641365 0.396739 0.646588 0.396739 0.645195 0.388043 0.6448470000000001 0.378261 0.6431060000000001 0.377174 0.6431060000000001 0.379348 0.642061 0.38260900000000003 0.642061 0.393478 0.641365 0.396739
3 0.59993 0.4 0.59993 0.403261 0.602368 0.403261 0.602716 0.396739 0.6037600000000001 0.394565 0.6037600000000001 0.38260900000000003 0.603064 0.38043499999999997 0.601671 0.38043499999999997 0.600975 0.38260900000000003 0.600975 0.395652 0.59993 0.4
3 0.595752 0.490217 0.594011 0.492391 0.593663 0.494565 0.595056 0.49891300000000005 0.608287 0.49891300000000005 0.607939 0.492391 0.606198 0.49130399999999996 0.6051529999999999 0.48586999999999997 0.604457 0.47717400000000004 0.604457 0.46413000000000004 0.602716 0.45108699999999996 0.602716 0.443478 0.6020190000000001 0.43913 0.598886 0.43913 0.598538 0.452174 0.597145 0.459783 0.596448 0.484783 0.595752 0.490217
3 0.744081 0.375 0.743384 0.371739 0.741992 0.371739 0.740947 0.388043 0.740251 0.390217 0.745125 0.390217 0.744081 0.375
1 0.712744 0.403261 0.7116990000000001 0.393478 0.711003 0.38043499999999997 0.709958 0.38043499999999997 0.708914 0.391304 0.708914 0.39891299999999996 0.707869 0.403261 0.712744 0.403261
3 0.60968 0.45 0.60968 0.454348 0.610376 0.456522 0.620474 0.456522 0.620822 0.454348 0.618733 0.446739 0.618733 0.443478 0.617688 0.43913 0.616643 0.41630399999999995 0.615947 0.411957 0.6145539999999999 0.411957 0.613162 0.422826 0.612465 0.441304 0.610724 0.45 0.60968 0.45
3 0.600975 0.415217 0.600975 0.417391 0.607939 0.418478 0.608287 0.415217 0.6068939999999999 0.411957 0.6068939999999999 0.407609 0.606198 0.404348 0.60585 0.38913000000000003 0.604109 0.38913000000000003 0.604109 0.394565 0.603064 0.396739 0.602368 0.41304299999999994 0.600975 0.415217
3 0.608983 0.430435 0.6128129999999999 0.42934799999999995 0.6128129999999999 0.422826 0.6145539999999999 0.41086999999999996 0.614206 0.4 0.61351 0.396739 0.611421 0.397826 0.610724 0.42391300000000004 0.608635 0.42717400000000005 0.608983 0.430435