1 0.11107199999999999 0.49347799999999997 0.10968 0.51413 0.10793900000000001 0.522826 0.104457 0.525 0.102716 0.5293479999999999 0.10236799999999999 0.5380429999999999 0.103064 0.5423910000000001 0.108635 0.548913 0.110724 0.548913 0.11525099999999999 0.553261 0.119777 0.553261 0.125 0.546739 0.129178 0.545652 0.13753500000000002 0.53913 0.138928 0.53587 0.13649 0.525 0.135446 0.522826 0.131267 0.520652 0.12987500000000002 0.51413 0.128482 0.5 0.128482 0.49347799999999997 0.127786 0.490217 0.127786 0.48260899999999995 0.12604500000000002 0.45543500000000003 0.125348 0.452174 0.125 0.43913 0.12291099999999999 0.41956499999999997 0.12291099999999999 0.41413 0.121866 0.411957 0.116295 0.41304299999999994 0.11385799999999999 0.444565 0.11385799999999999 0.459783 0.112117 0.48913 0.11107199999999999 0.49347799999999997
1 0.465877 0.584783 0.464136 0.615217 0.464485 0.617391 0.463788 0.620652 0.463788 0.625 0.46309199999999995 0.627174 0.462744 0.63913 0.462047 0.643478 0.46239600000000003 0.6445649999999999 0.461699 0.645652 0.461003 0.652174 0.46065500000000004 0.666304 0.456825 0.703261 0.455084 0.7076089999999999 0.45020899999999997 0.7119570000000001 0.449164 0.715217 0.448468 0.722826 0.44777199999999995 0.725 0.44011100000000003 0.73587 0.439415 0.738043 0.441156 0.743478 0.447075 0.747826 0.454735 0.748913 0.458565 0.753261 0.460306 0.753261 0.464136 0.758696 0.465877 0.756522 0.466922 0.759783 0.46796699999999997 0.756522 0.470404 0.7554350000000001 0.479805 0.758696 0.491643 0.745652 0.494777 0.745652 0.497563 0.740217 0.497563 0.734783 0.496518 0.7304350000000001 0.49234 0.7260869999999999 0.489903 0.7163039999999999 0.48468 0.709783 0.482939 0.705435 0.48189399999999993 0.690217 0.48189399999999993 0.681522 0.48015299999999994 0.66413 0.479805 0.63913 0.47841199999999995 0.621739 0.47841199999999995 0.607609 0.477019 0.570652 0.47597500000000004 0.56087 0.473886 0.5586960000000001 0.469359 0.5586960000000001 0.46796699999999997 0.561957 0.465877 0.584783
1 0.9418519999999999 0.320652 0.9422010000000001 0.31087 0.940808 0.30978300000000003 0.9397629999999999 0.321739 0.939067 0.323913 0.9432449999999999 0.325 0.9418519999999999 0.320652
3 0.925139 0.305435 0.923747 0.318478 0.927228 0.318478 0.9265319999999999 0.306522 0.925139 0.305435
3 0.864903 0.294565 0.8638579999999999 0.294565 0.862813 0.306522 0.865947 0.307609 0.8655989999999999 0.29782600000000004 0.864903 0.294565
3 0.056058 0.184783 0.053969 0.183696 0.052577 0.203261 0.057103 0.203261 0.056407 0.197826 0.056058 0.184783
1 0.719011 0.283696 0.718663 0.271739 0.717967 0.271739 0.7169220000000001 0.277174 0.716226 0.28586999999999996 0.719708 0.286957 0.719011 0.283696
1 0.894499 0.313043 0.894499 0.302174 0.8931060000000001 0.301087 0.892409 0.303261 0.891713 0.31521699999999997 0.895195 0.31521699999999997 0.894499 0.313043
1 0.85968 0.305435 0.85968 0.296739 0.858287 0.29565199999999997 0.857591 0.304348 0.856546 0.30978300000000003 0.8603759999999999 0.31087 0.85968 0.305435
1 0.81929 0.304348 0.8182449999999999 0.28913 0.8165039999999999 0.291304 0.8165039999999999 0.3 0.815808 0.304348 0.81929 0.304348
1 0.141017 0.20760900000000002 0.140669 0.196739 0.139972 0.19347799999999998 0.139276 0.19347799999999998 0.138231 0.2 0.13753500000000002 0.21086999999999997 0.141713 0.21086999999999997 0.141017 0.20760900000000002
1 0.776114 0.29782600000000004 0.7754179999999999 0.294565 0.7754179999999999 0.28586999999999996 0.774373 0.281522 0.773329 0.284783 0.773329 0.291304 0.772632 0.296739 0.776114 0.29782600000000004
1 0.13370500000000002 0.203261 0.13370500000000002 0.19347799999999998 0.133357 0.191304 0.131964 0.191304 0.131267 0.19456500000000002 0.131616 0.20543499999999998 0.134401 0.206522 0.13370500000000002 0.203261
1 0.11942900000000001 0.197826 0.118384 0.19456500000000002 0.118384 0.18695699999999998 0.118036 0.184783 0.11699200000000001 0.184783 0.116295 0.195652 0.11559900000000001 0.197826 0.11908099999999999 0.198913 0.11942900000000001 0.197826
1 0.10759099999999999 0.18695699999999998 0.10619799999999999 0.18587 0.10619799999999999 0.19347799999999998 0.104805 0.2 0.108287 0.2 0.10759099999999999 0.18695699999999998
1 0.10515300000000001 0.21413000000000001 0.10410900000000001 0.20760900000000002 0.10410900000000001 0.196739 0.102716 0.196739 0.101671 0.211957 0.100627 0.215217 0.104457 0.216304 0.10515300000000001 0.21413000000000001
1 0.132312 0.211957 0.131267 0.21086999999999997 0.130919 0.196739 0.129526 0.196739 0.129178 0.20434800000000003 0.127089 0.213043 0.131964 0.21413000000000001 0.132312 0.211957