1 0.634401 0.411957 0.63266 0.41304299999999994 0.63266 0.418478 0.6427579999999999 0.418478 0.6427579999999999 0.415217 0.640669 0.411957 0.639276 0.376087 0.637535 0.375 0.636838 0.376087 0.63649 0.383696 0.6354460000000001 0.390217 0.634401 0.411957
1 0.593315 0.384783 0.592967 0.388043 0.600975 0.388043 0.599234 0.38043499999999997 0.599234 0.370652 0.598538 0.366304 0.598189 0.355435 0.596797 0.355435 0.595056 0.370652 0.595056 0.38043499999999997 0.594011 0.384783 0.593315 0.384783
1 0.573816 0.36847799999999997 0.574164 0.366304 0.572772 0.363043 0.572075 0.342391 0.5706819999999999 0.341304 0.569986 0.344565 0.56929 0.36086999999999997 0.567897 0.36739099999999997 0.573816 0.36847799999999997
1 0.5518799999999999 0.347826 0.5518799999999999 0.33587 0.551184 0.33260900000000004 0.5501389999999999 0.33260900000000004 0.549443 0.347826 0.54805 0.354348 0.553273 0.355435 0.5518799999999999 0.347826
1 0.539694 0.338043 0.539694 0.328261 0.5383009999999999 0.326087 0.537604 0.33913000000000004 0.5365599999999999 0.344565 0.5407379999999999 0.344565 0.539694 0.338043
1 0.532033 0.336957 0.5306409999999999 0.320652 0.529944 0.321739 0.529944 0.326087 0.528552 0.336957 0.532033 0.336957
1 0.5254179999999999 0.318478 0.524721 0.317391 0.5229809999999999 0.33260900000000004 0.526811 0.33260900000000004 0.525766 0.32717399999999996 0.5254179999999999 0.318478
1 0.077646 0.418478 0.074861 0.421739 0.074861 0.42391300000000004 0.073468 0.42717400000000005 0.088092 0.428261 0.090181 0.42717400000000005 0.090877 0.425 0.08843999999999999 0.418478 0.087396 0.41086999999999996 0.087396 0.40108699999999997 0.086699 0.397826 0.085306 0.370652 0.081476 0.370652 0.080432 0.386957 0.079039 0.392391 0.077646 0.418478
1 0.131267 0.36847799999999997 0.130223 0.372826 0.129178 0.372826 0.12883 0.377174 0.13266 0.379348 0.139624 0.378261 0.139972 0.373913 0.137883 0.36956500000000003 0.135794 0.336957 0.133357 0.338043 0.133357 0.343478 0.131964 0.35 0.131964 0.359783 0.131267 0.36847799999999997
1 0.136142 0.336957 0.137187 0.353261 0.140669 0.353261 0.141017 0.348913 0.139972 0.348913 0.139276 0.34565199999999996 0.13753500000000002 0.320652 0.135794 0.319565 0.135446 0.325 0.134749 0.32717399999999996 0.134401 0.33587 0.136142 0.336957
1 0.139276 0.340217 0.143106 0.340217 0.143454 0.336957 0.142061 0.33260900000000004 0.142061 0.32717399999999996 0.141017 0.318478 0.141017 0.31087 0.139624 0.30978300000000003 0.138928 0.31087 0.138579 0.317391 0.137883 0.319565 0.139276 0.340217
1 0.232939 0.33587 0.23154599999999997 0.326087 0.23154599999999997 0.311957 0.22945700000000002 0.311957 0.22876 0.31521699999999997 0.228064 0.331522 0.226323 0.33587 0.232939 0.33587
1 0.292827 0.334783 0.298398 0.33587 0.298747 0.333696 0.297702 0.33260900000000004 0.297006 0.31413 0.295265 0.313043 0.294568 0.31630400000000003 0.293872 0.330435 0.292827 0.33260900000000004 0.292827 0.334783
1 0.33843999999999996 0.331522 0.337396 0.326087 0.337047 0.31521699999999997 0.336351 0.311957 0.335655 0.313043 0.33460999999999996 0.32717399999999996 0.333217 0.331522 0.33843999999999996 0.331522
1 0.34018099999999996 0.322826 0.339485 0.321739 0.339485 0.311957 0.338092 0.307609 0.337047 0.30978300000000003 0.337744 0.325 0.34018099999999996 0.325 0.34018099999999996 0.322826
1 0.332521 0.319565 0.334958 0.319565 0.335306 0.313043 0.336351 0.31087 0.336003 0.301087 0.33460999999999996 0.302174 0.333914 0.305435 0.333914 0.311957 0.332521 0.319565
3 0.190808 0.777174 0.189763 0.7836960000000001 0.189067 0.8054349999999999 0.18836999999999998 0.808696 0.188022 0.821739 0.18663000000000002 0.8391299999999999 0.18663000000000002 0.846739 0.21970800000000001 0.846739 0.21970800000000001 0.840217 0.207869 0.6913039999999999 0.207869 0.680435 0.20647600000000002 0.678261 0.197423 0.680435 0.196727 0.6836960000000001 0.192897 0.746739 0.191852 0.751087 0.190808 0.777174
3 0.17304999999999998 0.48695700000000003 0.172702 0.502174 0.170961 0.525 0.167479 0.527174 0.166783 0.5336960000000001 0.16538999999999998 0.536957 0.163649 0.536957 0.163649 0.540217 0.185237 0.541304 0.189067 0.53587 0.191504 0.534783 0.192201 0.532609 0.190808 0.531522 0.189763 0.525 0.187326 0.5239130000000001 0.186281 0.521739 0.18453999999999998 0.497826 0.18453999999999998 0.48586999999999997 0.182451 0.467391 0.181058 0.443478 0.17687999999999998 0.443478 0.176184 0.446739 0.175139 0.467391 0.17304999999999998 0.48695700000000003
3 0.318942 0.41304299999999994 0.318245 0.41630399999999995 0.31754899999999997 0.43478300000000003 0.316852 0.43804299999999996 0.314763 0.441304 0.314415 0.44565200000000005 0.327646 0.446739 0.329735 0.444565 0.330084 0.44239100000000003 0.32903899999999997 0.43913 0.32694999999999996 0.43804299999999996 0.326253 0.43478300000000003 0.323468 0.388043 0.320682 0.386957 0.319638 0.395652 0.319638 0.40217400000000003 0.318942 0.404348 0.318942 0.41304299999999994
3 0.341922 0.370652 0.341226 0.388043 0.34052899999999997 0.391304 0.339485 0.391304 0.338788 0.395652 0.346797 0.396739 0.348538 0.394565 0.348538 0.392391 0.347493 0.390217 0.346797 0.38587 0.345752 0.358696 0.345056 0.354348 0.343663 0.354348 0.342618 0.358696 0.342618 0.36739099999999997 0.341922 0.370652
3 0.27507000000000004 0.36956500000000003 0.283426 0.36956500000000003 0.282033 0.36413 0.28064100000000003 0.338043 0.278552 0.336957 0.27715900000000004 0.348913 0.276462 0.365217 0.275418 0.366304 0.27507000000000004 0.36956500000000003
3 0.272284 0.347826 0.270891 0.354348 0.27681100000000003 0.354348 0.275766 0.326087 0.274025 0.326087 0.273677 0.33260900000000004 0.272632 0.336957 0.272284 0.347826
3 0.331825 0.347826 0.331825 0.34565199999999996 0.33077999999999996 0.343478 0.33077999999999996 0.33260900000000004 0.330084 0.323913 0.328691 0.323913 0.327994 0.326087 0.327646 0.33913000000000004 0.326253 0.347826 0.331825 0.347826
3 0.39832900000000004 0.336957 0.39798100000000003 0.323913 0.396588 0.323913 0.395543 0.342391 0.39415 0.344565 0.40007000000000004 0.34565199999999996 0.39832900000000004 0.336957
3 0.392758 0.326087 0.39624000000000004 0.326087 0.395543 0.31087 0.39415 0.30869599999999997 0.39415 0.313043 0.393454 0.31521699999999997 0.393454 0.322826 0.392758 0.326087
3 0.39066900000000004 0.317391 0.39032 0.307609 0.389276 0.306522 0.388928 0.31521699999999997 0.387883 0.321739 0.391365 0.321739 0.39066900000000004 0.317391
3 0.41434499999999996 0.33260900000000004 0.41434499999999996 0.330435 0.41364900000000004 0.32934800000000003 0.412953 0.31521699999999997 0.41190800000000005 0.31521699999999997 0.410864 0.321739 0.410864 0.328261 0.409819 0.33260900000000004 0.41434499999999996 0.33260900000000004
3 0.419916 0.340217 0.418872 0.336957 0.418524 0.321739 0.41713100000000003 0.321739 0.41713100000000003 0.328261 0.416435 0.330435 0.41608599999999996 0.340217 0.419916 0.340217
3 0.504178 0.394565 0.50383 0.40543500000000005 0.502437 0.406522 0.501741 0.409783 0.502437 0.41304299999999994 0.510794 0.41304299999999994 0.511838 0.41086999999999996 0.509749 0.4 0.509749 0.38587 0.508008 0.36847799999999997 0.506616 0.36847799999999997 0.505571 0.373913 0.505571 0.38152200000000003 0.504178 0.394565
3 0.500348 0.384783 0.500696 0.38260900000000003 0.49930399999999997 0.379348 0.49860699999999997 0.372826 0.49791100000000005 0.352174 0.49617000000000006 0.352174 0.495474 0.356522 0.49442899999999995 0.38043499999999997 0.49268799999999996 0.383696 0.500348 0.384783
3 0.494777 0.365217 0.494777 0.361957 0.49373300000000003 0.359783 0.49373300000000003 0.354348 0.49303600000000003 0.35 0.49303600000000003 0.33913000000000004 0.49094699999999997 0.33913000000000004 0.490599 0.354348 0.489903 0.36086999999999997 0.488858 0.36413 0.494777 0.365217
3 0.480501 0.35108700000000004 0.485724 0.35108700000000004 0.48468 0.347826 0.483983 0.330435 0.482939 0.328261 0.48259100000000005 0.334783 0.48189399999999993 0.336957 0.48189399999999993 0.342391 0.480501 0.35108700000000004
3 0.47841199999999995 0.323913 0.47841199999999995 0.318478 0.47771600000000003 0.318478 0.477019 0.32934800000000003 0.47597500000000004 0.333696 0.479805 0.334783 0.47841199999999995 0.323913
1 0.912256 0.793478 0.9108639999999999 0.795652 0.9101670000000001 0.803261 0.9091229999999999 0.807609 0.905292 0.807609 0.9021589999999999 0.809783 0.901811 0.8141299999999999 0.904596 0.815217 0.932103 0.846739 0.950905 0.846739 0.950905 0.766304 0.949164 0.748913 0.9415039999999999 0.647826 0.9404600000000001 0.643478 0.939415 0.642391 0.9314069999999999 0.642391 0.923747 0.7304350000000001 0.9192199999999999 0.790217 0.918524 0.7923910000000001 0.912256 0.793478
1 0.794568 0.5054350000000001 0.793175 0.522826 0.7924789999999999 0.526087 0.790042 0.526087 0.789345 0.530435 0.787604 0.534783 0.7928270000000001 0.540217 0.812674 0.5423910000000001 0.812326 0.53913 0.8112809999999999 0.53913 0.8102370000000001 0.53587 0.8095399999999999 0.530435 0.8077989999999999 0.530435 0.8060579999999999 0.5239130000000001 0.8050140000000001 0.49130399999999996 0.8032730000000001 0.471739 0.8029249999999999 0.459783 0.802228 0.45543500000000003 0.799443 0.45543500000000003 0.7983979999999999 0.457609 0.795613 0.494565 0.794568 0.49891300000000005 0.794568 0.5054350000000001
1 0.683844 0.446739 0.682451 0.446739 0.681755 0.45108699999999996 0.6803619999999999 0.452174 0.684889 0.454348 0.696031 0.454348 0.6946380000000001 0.44782599999999995 0.692897 0.446739 0.690808 0.39891299999999996 0.6880219999999999 0.397826 0.68663 0.415217 0.685585 0.421739 0.6845399999999999 0.444565 0.683844 0.446739
3 0.518802 0.43804299999999996 0.518802 0.443478 0.5181060000000001 0.44565200000000005 0.516365 0.44565200000000005 0.515669 0.45108699999999996 0.517409 0.454348 0.529596 0.454348 0.530292 0.45 0.529596 0.44782599999999995 0.5271589999999999 0.44565200000000005 0.5271589999999999 0.43913 0.526462 0.43587 0.52507 0.409783 0.52507 0.4 0.524373 0.397826 0.524373 0.394565 0.521936 0.394565 0.520195 0.415217 0.520195 0.42391300000000004 0.5194989999999999 0.43478300000000003 0.518802 0.43804299999999996
3 0.52507 0.501087 0.524373 0.504348 0.524721 0.51413 0.523677 0.521739 0.5229809999999999 0.536957 0.51915 0.540217 0.518802 0.545652 0.517409 0.55 0.516713 0.55 0.516365 0.553261 0.538649 0.556522 0.5407379999999999 0.551087 0.542131 0.55 0.5424789999999999 0.5478259999999999 0.541435 0.5478259999999999 0.54039 0.541304 0.537604 0.540217 0.536908 0.536957 0.536908 0.532609 0.536212 0.530435 0.536212 0.522826 0.5351670000000001 0.515217 0.5351670000000001 0.508696 0.535864 0.506522 0.535864 0.503261 0.534471 0.49347799999999997 0.534471 0.48695700000000003 0.533426 0.481522 0.532382 0.45869600000000005 0.528552 0.457609 0.527855 0.459783 0.526811 0.48260899999999995 0.525766 0.48695700000000003 0.52507 0.501087