1 0.49025100000000005 0.645652 0.49025100000000005 0.652174 0.48537600000000003 0.6543479999999999 0.48537600000000003 0.657609 0.489206 0.661957 0.5027860000000001 0.671739 0.510097 0.671739 0.5275070000000001 0.659783 0.5275070000000001 0.655435 0.5229809999999999 0.652174 0.521588 0.6445649999999999 0.5177579999999999 0.641304 0.516365 0.6358699999999999 0.512535 0.571739 0.511142 0.534783 0.502089 0.534783 0.495822 0.634783 0.494777 0.63913 0.491643 0.641304 0.49025100000000005 0.645652
1 0.298398 0.5423910000000001 0.29805000000000004 0.548913 0.29596100000000003 0.551087 0.295613 0.554348 0.305362 0.5586960000000001 0.314415 0.5586960000000001 0.324861 0.553261 0.32520899999999997 0.551087 0.322772 0.548913 0.321727 0.5423910000000001 0.319638 0.540217 0.318245 0.53587 0.316852 0.527174 0.316156 0.5 0.314067 0.465217 0.313022 0.463043 0.307103 0.46413000000000004 0.304666 0.494565 0.302577 0.53587 0.301532 0.540217 0.298398 0.5423910000000001
1 0.163301 0.48804299999999995 0.161908 0.48804299999999995 0.16051500000000002 0.49130399999999996 0.160167 0.494565 0.159123 0.494565 0.159123 0.497826 0.162604 0.501087 0.178273 0.501087 0.180014 0.49891300000000005 0.182451 0.49891300000000005 0.182451 0.49565200000000004 0.181407 0.49347799999999997 0.181407 0.490217 0.178621 0.48804299999999995 0.177925 0.484783 0.175836 0.44565200000000005 0.174095 0.428261 0.168872 0.42717400000000005 0.167479 0.431522 0.166783 0.453261 0.16434500000000002 0.483696 0.163301 0.48804299999999995
1 0.057450999999999995 0.452174 0.056755 0.452174 0.054666000000000006 0.457609 0.07311999999999999 0.457609 0.073468 0.454348 0.072075 0.453261 0.071727 0.45 0.070682 0.448913 0.06928999999999999 0.443478 0.066852 0.404348 0.066156 0.40217400000000003 0.061978 0.40217400000000003 0.060933 0.406522 0.05954 0.422826 0.058843999999999994 0.446739 0.057450999999999995 0.452174
1 0.093663 0.41086999999999996 0.092618 0.407609 0.09226999999999999 0.40217400000000003 0.091574 0.4 0.090181 0.375 0.08948500000000001 0.372826 0.086351 0.373913 0.085306 0.38587 0.085306 0.395652 0.08182500000000001 0.41086999999999996 0.093663 0.41086999999999996
1 0.735376 0.509783 0.732939 0.509783 0.7322420000000001 0.511957 0.7322420000000001 0.516304 0.73085 0.518478 0.7305010000000001 0.521739 0.735724 0.5239130000000001 0.753482 0.5239130000000001 0.756267 0.520652 0.756267 0.517391 0.755223 0.516304 0.754178 0.5108699999999999 0.752437 0.5108699999999999 0.751393 0.506522 0.747563 0.44565200000000005 0.746866 0.443478 0.740599 0.443478 0.739206 0.45 0.738858 0.467391 0.736421 0.5054350000000001 0.735376 0.509783
1 0.618036 0.41956499999999997 0.61734 0.422826 0.617688 0.426087 0.619429 0.42934799999999995 0.618384 0.44565200000000005 0.617688 0.44782599999999995 0.616643 0.44782599999999995 0.614903 0.453261 0.616295 0.456522 0.632312 0.45543500000000003 0.630571 0.45108699999999996 0.630223 0.44782599999999995 0.62883 0.44565200000000005 0.626393 0.404348 0.625696 0.40217400000000003 0.621866 0.40217400000000003 0.62117 0.40543500000000005 0.620474 0.417391 0.619777 0.41956499999999997 0.618036 0.41956499999999997
1 0.5654600000000001 0.42391300000000004 0.577646 0.425 0.577994 0.422826 0.5766020000000001 0.421739 0.575905 0.418478 0.574164 0.388043 0.573468 0.383696 0.570334 0.38260900000000003 0.5689420000000001 0.390217 0.567549 0.41630399999999995 0.5654600000000001 0.421739 0.5654600000000001 0.42391300000000004
1 0.537953 0.406522 0.535515 0.39891299999999996 0.5348189999999999 0.378261 0.534123 0.373913 0.5306409999999999 0.372826 0.529944 0.375 0.528552 0.397826 0.526462 0.407609 0.537953 0.406522
3 0.108635 0.36086999999999997 0.10793900000000001 0.357609 0.104805 0.357609 0.10410900000000001 0.359783 0.10341199999999999 0.372826 0.100627 0.38152200000000003 0.100627 0.383696 0.11142099999999999 0.383696 0.109331 0.376087 0.108635 0.36086999999999997
1 0.188719 0.386957 0.190111 0.38913000000000003 0.198816 0.388043 0.197075 0.38260900000000003 0.196727 0.36847799999999997 0.195682 0.358696 0.193593 0.358696 0.191504 0.379348 0.19046000000000002 0.383696 0.189763 0.383696 0.188719 0.386957
1 0.310585 0.373913 0.309192 0.371739 0.308496 0.36847799999999997 0.30745100000000003 0.352174 0.303969 0.352174 0.302577 0.370652 0.301532 0.376087 0.310237 0.376087 0.310585 0.373913
1 0.49025100000000005 0.392391 0.498259 0.392391 0.498259 0.390217 0.496866 0.386957 0.49617000000000006 0.365217 0.495474 0.363043 0.49268799999999996 0.363043 0.49199200000000004 0.36847799999999997 0.491643 0.383696 0.49025100000000005 0.38913000000000003 0.49025100000000005 0.392391
1 0.46239600000000003 0.379348 0.470404 0.379348 0.46901099999999996 0.375 0.46796699999999997 0.355435 0.46552899999999997 0.354348 0.46483299999999994 0.357609 0.464136 0.370652 0.46239600000000003 0.377174 0.46239600000000003 0.379348
1 0.400418 0.36847799999999997 0.40076599999999996 0.36956500000000003 0.40703300000000003 0.36847799999999997 0.40494399999999997 0.34565199999999996 0.4039 0.34565199999999996 0.403203 0.347826 0.40181100000000003 0.365217 0.400418 0.36847799999999997
3 0.191852 0.372826 0.192549 0.365217 0.191504 0.35108700000000004 0.190111 0.352174 0.188719 0.365217 0.186978 0.372826 0.191852 0.372826
3 0.262187 0.36847799999999997 0.261142 0.36413 0.259749 0.346739 0.258008 0.34565199999999996 0.25626699999999997 0.354348 0.25626699999999997 0.361957 0.254875 0.36739099999999997 0.262187 0.36847799999999997
3 0.330432 0.363043 0.329387 0.358696 0.32903899999999997 0.347826 0.327994 0.343478 0.326602 0.346739 0.325905 0.355435 0.324164 0.363043 0.330432 0.363043
3 0.388928 0.343478 0.388231 0.34565199999999996 0.38649 0.357609 0.38509699999999997 0.36086999999999997 0.385794 0.363043 0.392758 0.363043 0.39032 0.343478 0.388928 0.343478
3 0.45194999999999996 0.361957 0.458217 0.361957 0.45717299999999994 0.356522 0.456825 0.34565199999999996 0.456128 0.342391 0.45543199999999995 0.342391 0.454039 0.346739 0.452994 0.357609 0.45194999999999996 0.361957
3 0.527855 0.365217 0.527855 0.361957 0.5271589999999999 0.359783 0.526811 0.35 0.526114 0.346739 0.52507 0.346739 0.522284 0.36739099999999997 0.527855 0.36847799999999997 0.528552 0.366304 0.527855 0.365217
3 0.56929 0.371739 0.567897 0.373913 0.568245 0.376087 0.575209 0.376087 0.5745129999999999 0.371739 0.573468 0.352174 0.572075 0.352174 0.570334 0.357609 0.569986 0.36739099999999997 0.56929 0.371739
3 0.607591 0.386957 0.606198 0.377174 0.604805 0.358696 0.602368 0.357609 0.600975 0.366304 0.600279 0.379348 0.598886 0.386957 0.607591 0.386957
3 0.685933 0.407609 0.6862809999999999 0.403261 0.684889 0.397826 0.683844 0.377174 0.6827989999999999 0.371739 0.6803619999999999 0.371739 0.678969 0.378261 0.677925 0.39891299999999996 0.676532 0.406522 0.685933 0.407609
3 0.767409 0.420652 0.764276 0.431522 0.77507 0.43260899999999997 0.778552 0.42934799999999995 0.778552 0.42717400000000005 0.776811 0.425 0.775766 0.420652 0.77507 0.397826 0.774025 0.386957 0.770891 0.38587 0.768454 0.391304 0.767409 0.406522 0.767409 0.420652
3 0.8286910000000001 0.463043 0.827994 0.465217 0.827994 0.468478 0.83461 0.47282599999999997 0.846448 0.471739 0.847145 0.470652 0.847145 0.46630399999999994 0.844708 0.46413000000000004 0.8436629999999999 0.45869600000000005 0.8415739999999999 0.417391 0.840181 0.411957 0.837396 0.411957 0.835655 0.41630399999999995 0.832869 0.44239100000000003 0.832173 0.459783 0.8286910000000001 0.463043