0 0.8398329999999999 0.404348 0.838092 0.420652 0.83844 0.428261 0.837744 0.430435 0.837396 0.43913 0.836351 0.44239100000000003 0.833914 0.44239100000000003 0.832869 0.44782599999999995 0.831825 0.446739 0.831128 0.448913 0.8353059999999999 0.453261 0.83844 0.453261 0.8398329999999999 0.45543500000000003 0.853064 0.45543500000000003 0.851671 0.453261 0.851671 0.446739 0.849234 0.446739 0.8485379999999999 0.444565 0.848189 0.431522 0.8467969999999999 0.421739 0.8467969999999999 0.38913000000000003 0.8461000000000001 0.384783 0.8433149999999999 0.38260900000000003 0.8426180000000001 0.383696 0.8415739999999999 0.391304 0.841226 0.40108699999999997 0.8398329999999999 0.404348
0 0.776811 0.570652 0.776811 0.575 0.774025 0.6010869999999999 0.774721 0.606522 0.7729809999999999 0.625 0.7712399999999999 0.636957 0.770543 0.63913 0.766017 0.63913 0.763928 0.647826 0.760794 0.651087 0.759053 0.651087 0.758357 0.6543479999999999 0.762883 0.661957 0.770891 0.668478 0.779248 0.680435 0.7848189999999999 0.679348 0.786908 0.677174 0.802577 0.678261 0.8064069999999999 0.676087 0.8064069999999999 0.670652 0.8011839999999999 0.6630429999999999 0.799791 0.656522 0.795613 0.651087 0.793872 0.6445649999999999 0.790042 0.572826 0.7907379999999999 0.5586960000000001 0.789694 0.525 0.786212 0.5195649999999999 0.7830779999999999 0.5195649999999999 0.781685 0.526087 0.779248 0.5586960000000001 0.7775070000000001 0.56413 0.776811 0.570652
0 0.587396 0.426087 0.586351 0.43804299999999996 0.585655 0.44021699999999997 0.583217 0.44021699999999997 0.581825 0.44565200000000005 0.579735 0.44782599999999995 0.579735 0.452174 0.583914 0.45543500000000003 0.587396 0.46087 0.595056 0.457609 0.6037600000000001 0.45869600000000005 0.604805 0.454348 0.604109 0.452174 0.603064 0.452174 0.6020190000000001 0.44782599999999995 0.59993 0.446739 0.598538 0.441304 0.598189 0.425 0.597145 0.418478 0.596448 0.403261 0.596448 0.378261 0.595404 0.371739 0.592618 0.36956500000000003 0.590877 0.375 0.5901810000000001 0.390217 0.587744 0.409783 0.587396 0.426087
1 0.204387 0.569565 0.203691 0.583696 0.203691 0.598913 0.20299399999999998 0.602174 0.20299399999999998 0.6119570000000001 0.202298 0.616304 0.20195 0.628261 0.200557 0.6445649999999999 0.20090499999999997 0.647826 0.199861 0.652174 0.197075 0.6913039999999999 0.195682 0.694565 0.19429000000000002 0.694565 0.189415 0.7021740000000001 0.186978 0.713043 0.182799 0.713043 0.178969 0.7163039999999999 0.178273 0.7206520000000001 0.180362 0.727174 0.190111 0.7391300000000001 0.196031 0.742391 0.198468 0.746739 0.209958 0.75 0.212744 0.746739 0.213092 0.747826 0.214833 0.742391 0.220404 0.73587 0.22388599999999997 0.734783 0.22980499999999998 0.729348 0.235724 0.727174 0.236769 0.725 0.24094699999999997 0.722826 0.24268800000000001 0.718478 0.24234 0.715217 0.23746499999999998 0.708696 0.233983 0.696739 0.22771599999999997 0.690217 0.22562700000000002 0.682609 0.224234 0.6673910000000001 0.22388599999999997 0.655435 0.22284099999999998 0.647826 0.222493 0.632609 0.22005599999999997 0.603261 0.219359 0.581522 0.218663 0.5771740000000001 0.21796700000000002 0.5586960000000001 0.216922 0.552174 0.215877 0.532609 0.209262 0.532609 0.20682499999999998 0.536957 0.206128 0.551087 0.204387 0.569565
1 0.108287 0.320652 0.105501 0.356522 0.104805 0.358696 0.102019 0.359783 0.100627 0.36413 0.098538 0.36413 0.098189 0.366304 0.098886 0.366304 0.099582 0.36956500000000003 0.11908099999999999 0.36956500000000003 0.12082200000000001 0.366304 0.12117 0.358696 0.118384 0.357609 0.11664300000000001 0.348913 0.115947 0.323913 0.114903 0.31413 0.114903 0.302174 0.11385799999999999 0.296739 0.11002799999999999 0.29565199999999997 0.109331 0.29782600000000004 0.108287 0.30869599999999997 0.108287 0.320652
1 0.261838 0.325 0.260794 0.325 0.259749 0.32934800000000003 0.257312 0.331522 0.266017 0.331522 0.271588 0.333696 0.27332900000000004 0.33260900000000004 0.274025 0.330435 0.27332900000000004 0.326087 0.271936 0.325 0.270891 0.320652 0.270891 0.305435 0.26949900000000004 0.290217 0.26915 0.278261 0.26566900000000004 0.278261 0.264972 0.282609 0.263231 0.318478 0.261838 0.325
1 0.304666 0.294565 0.30362100000000003 0.3 0.314763 0.3 0.314763 0.296739 0.313022 0.291304 0.312326 0.28586999999999996 0.311978 0.265217 0.310585 0.258696 0.308496 0.258696 0.30745100000000003 0.267391 0.30745100000000003 0.277174 0.306058 0.29239099999999996 0.304666 0.294565
1 0.290738 0.271739 0.289345 0.276087 0.290042 0.27934800000000004 0.297354 0.277174 0.295613 0.24565199999999998 0.294568 0.24239099999999997 0.292827 0.243478 0.29213100000000003 0.261957 0.291086 0.266304 0.290738 0.271739
1 0.24512499999999998 0.261957 0.250696 0.261957 0.252089 0.259783 0.25139300000000003 0.25760900000000003 0.25139300000000003 0.251087 0.250348 0.244565 0.250348 0.23586999999999997 0.24930400000000003 0.22934800000000002 0.24756300000000003 0.230435 0.24617 0.254348 0.244429 0.259783 0.24512499999999998 0.261957
1 0.181058 0.24130400000000002 0.178621 0.248913 0.186978 0.248913 0.185933 0.24239099999999997 0.185237 0.221739 0.183844 0.219565 0.182103 0.221739 0.182103 0.22934800000000002 0.181058 0.24130400000000002
1 0.096448 0.236957 0.096448 0.23913 0.10515300000000001 0.23913 0.103064 0.227174 0.103064 0.221739 0.10236799999999999 0.219565 0.10236799999999999 0.21086999999999997 0.09992999999999999 0.21086999999999997 0.099234 0.21739099999999997 0.099234 0.225 0.097841 0.233696 0.096448 0.236957
3 0.287256 0.38913000000000003 0.28656000000000004 0.392391 0.28656000000000004 0.411957 0.285515 0.426087 0.28447100000000003 0.430435 0.281337 0.43260899999999997 0.28064100000000003 0.44021699999999997 0.278203 0.44021699999999997 0.278203 0.44239100000000003 0.28656000000000004 0.44782599999999995 0.293872 0.44782599999999995 0.297006 0.44565200000000005 0.302925 0.44565200000000005 0.305014 0.443478 0.303273 0.43587 0.298747 0.42934799999999995 0.29805000000000004 0.41304299999999994 0.297006 0.40543500000000005 0.296657 0.383696 0.294916 0.355435 0.29422000000000004 0.352174 0.290738 0.35108700000000004 0.289694 0.359783 0.288997 0.376087 0.287604 0.38152200000000003 0.287256 0.38913000000000003
3 0.40007000000000004 0.276087 0.399721 0.27934800000000004 0.40668499999999996 0.280435 0.407382 0.278261 0.405641 0.275 0.40494399999999997 0.25 0.403203 0.248913 0.40250700000000006 0.25652200000000003 0.401462 0.26087 0.401462 0.27391299999999996 0.40007000000000004 0.276087
3 0.444986 0.344565 0.44428999999999996 0.352174 0.443245 0.355435 0.442201 0.355435 0.440808 0.361957 0.44428999999999996 0.36413 0.454039 0.365217 0.45543199999999995 0.36086999999999997 0.454387 0.356522 0.452646 0.355435 0.452298 0.338043 0.451253 0.32717399999999996 0.45020899999999997 0.304348 0.44812 0.304348 0.447423 0.307609 0.447075 0.31630400000000003 0.445334 0.32717399999999996 0.444986 0.344565
3 0.450557 0.307609 0.450905 0.311957 0.45786899999999997 0.311957 0.458565 0.31087 0.458565 0.307609 0.457521 0.305435 0.456476 0.294565 0.45578 0.271739 0.453343 0.270652 0.452646 0.281522 0.451602 0.28586999999999996 0.45194999999999996 0.296739 0.450557 0.307609
3 0.326602 0.252174 0.32520899999999997 0.25652200000000003 0.325557 0.258696 0.329387 0.258696 0.33077999999999996 0.25652200000000003 0.330084 0.254348 0.330084 0.24565199999999998 0.329387 0.24130400000000002 0.32903899999999997 0.231522 0.327994 0.231522 0.327298 0.236957 0.326253 0.23913 0.326602 0.252174
4 0.395195 0.22282600000000002 0.39449900000000004 0.22282600000000002 0.393802 0.226087 0.393106 0.24021699999999999 0.39624000000000004 0.24021699999999999 0.395195 0.22282600000000002
4 0.406337 0.22934800000000002 0.40529200000000004 0.22934800000000002 0.40424800000000005 0.23913 0.40424800000000005 0.24782600000000002 0.407382 0.248913 0.406337 0.22934800000000002
4 0.49895500000000004 0.253261 0.49791100000000005 0.259783 0.501741 0.259783 0.501045 0.253261 0.500696 0.23913 0.49965200000000004 0.24021699999999999 0.49965200000000004 0.243478 0.49895500000000004 0.24565199999999998 0.49895500000000004 0.253261
4 0.49373300000000003 0.24782600000000002 0.494081 0.25 0.49721399999999993 0.248913 0.496518 0.232609 0.495474 0.232609 0.494777 0.238043 0.494777 0.244565 0.49373300000000003 0.24782600000000002
4 0.5943590000000001 0.272826 0.597145 0.272826 0.596797 0.25760900000000003 0.5961000000000001 0.253261 0.595056 0.25760900000000003 0.595056 0.26413000000000003 0.594011 0.270652 0.5943590000000001 0.272826
4 0.603412 0.26087 0.603412 0.24565199999999998 0.602368 0.244565 0.601323 0.251087 0.600975 0.258696 0.6020190000000001 0.26087 0.603412 0.26087
4 0.6145539999999999 0.268478 0.614206 0.253261 0.61351 0.25 0.612465 0.253261 0.612465 0.26087 0.611421 0.268478 0.6145539999999999 0.268478
4 0.698468 0.29239099999999996 0.7016020000000001 0.29239099999999996 0.7016020000000001 0.290217 0.700905 0.28913 0.700557 0.270652 0.6995129999999999 0.272826 0.6995129999999999 0.277174 0.6981200000000001 0.288043 0.698468 0.29239099999999996
4 0.692549 0.26413000000000003 0.691156 0.282609 0.693593 0.283696 0.693593 0.268478 0.692549 0.26413000000000003
4 0.766713 0.296739 0.765669 0.28913 0.765669 0.278261 0.764972 0.277174 0.764276 0.282609 0.764276 0.28913 0.763231 0.29565199999999997 0.766713 0.296739
4 0.754178 0.290217 0.756616 0.28913 0.755919 0.28586999999999996 0.755919 0.270652 0.755223 0.271739 0.754526 0.282609 0.753482 0.288043 0.754178 0.290217
4 0.8199859999999999 0.318478 0.81929 0.31630400000000003 0.8185930000000001 0.294565 0.817897 0.294565 0.815808 0.31521699999999997 0.8147629999999999 0.317391 0.8189420000000001 0.320652 0.8199859999999999 0.318478
4 0.9254870000000001 0.353261 0.929318 0.355435 0.934192 0.355435 0.934192 0.353261 0.932103 0.35 0.9314069999999999 0.340217 0.9314069999999999 0.325 0.9300140000000001 0.325 0.9279249999999999 0.344565 0.9279249999999999 0.348913 0.925836 0.35108700000000004 0.9254870000000001 0.353261
4 0.8638579999999999 0.319565 0.8690810000000001 0.320652 0.868384 0.317391 0.868036 0.298913 0.866643 0.301087 0.865947 0.313043 0.865251 0.317391 0.8638579999999999 0.319565
3 0.237813 0.233696 0.23746499999999998 0.236957 0.235724 0.24239099999999997 0.24234 0.24239099999999997 0.24094699999999997 0.23913 0.240251 0.221739 0.239554 0.220652 0.23990300000000003 0.21739099999999997 0.23851 0.21739099999999997 0.23816199999999998 0.22391299999999997 0.23711700000000002 0.227174 0.23711700000000002 0.231522 0.237813 0.233696
3 0.133357 0.231522 0.139624 0.230435 0.138231 0.226087 0.13753500000000002 0.206522 0.13649 0.206522 0.134749 0.215217 0.134749 0.227174 0.133357 0.231522