1 0.7604460000000001 0.8 0.759401 0.8054349999999999 0.759401 0.8141299999999999 0.75766 0.8228260000000001 0.756267 0.841304 0.755223 0.846739 0.775766 0.846739 0.7754179999999999 0.834783 0.774721 0.8304349999999999 0.77507 0.825 0.774025 0.7880429999999999 0.7729809999999999 0.784783 0.7698470000000001 0.781522 0.762535 0.7793479999999999 0.761838 0.781522 0.761838 0.78587 0.7604460000000001 0.794565 0.7604460000000001 0.8
1 0.473886 0.483696 0.472841 0.490217 0.472145 0.504348 0.4711 0.5108699999999999 0.47005600000000003 0.522826 0.47005600000000003 0.5293479999999999 0.46901099999999996 0.5336960000000001 0.46901099999999996 0.5380429999999999 0.46831500000000004 0.541304 0.465877 0.540217 0.464485 0.5423910000000001 0.464136 0.546739 0.46135099999999996 0.555435 0.46135099999999996 0.559783 0.46239600000000003 0.56413 0.465181 0.5663039999999999 0.49234 0.565217 0.49303600000000003 0.56087 0.49025100000000005 0.556522 0.48955399999999993 0.546739 0.48607199999999995 0.543478 0.48537600000000003 0.541304 0.48537600000000003 0.5336960000000001 0.483983 0.5130429999999999 0.483983 0.5 0.48328699999999997 0.496739 0.482939 0.48913 0.48328699999999997 0.478261 0.482242 0.465217 0.48189399999999993 0.45 0.481546 0.44782599999999995 0.479805 0.44565200000000005 0.476323 0.446739 0.475279 0.456522 0.475279 0.46630399999999994 0.473886 0.475 0.473886 0.483696
1 0.23920599999999997 0.31521699999999997 0.23711700000000002 0.317391 0.23711700000000002 0.321739 0.248259 0.322826 0.248259 0.318478 0.24617 0.31521699999999997 0.24477699999999997 0.277174 0.24234 0.276087 0.24129499999999998 0.283696 0.240599 0.303261 0.239554 0.306522 0.23920599999999997 0.31521699999999997
1 0.142758 0.28586999999999996 0.14032 0.28913 0.14032 0.29239099999999996 0.150766 0.294565 0.150418 0.28913 0.148677 0.286957 0.147632 0.252174 0.14519500000000002 0.252174 0.144499 0.25543499999999997 0.144499 0.261957 0.143802 0.26413000000000003 0.142758 0.28586999999999996
3 0.049443 0.338043 0.048747 0.340217 0.048747 0.378261 0.064415 0.378261 0.064067 0.371739 0.061280999999999995 0.36956500000000003 0.060585 0.361957 0.059889000000000005 0.359783 0.059192 0.347826 0.058148 0.342391 0.058148 0.331522 0.056407 0.304348 0.052577 0.303261 0.052577 0.306522 0.05118399999999999 0.31521699999999997 0.05118399999999999 0.321739 0.049443 0.338043
1 0.072423 0.198913 0.071727 0.198913 0.06928999999999999 0.21739099999999997 0.073816 0.21739099999999997 0.072423 0.198913
1 0.121866 0.220652 0.120474 0.203261 0.11908099999999999 0.20543499999999998 0.118384 0.215217 0.11699200000000001 0.220652 0.121866 0.220652
1 0.797354 0.338043 0.797354 0.340217 0.80188 0.340217 0.800836 0.33587 0.800836 0.328261 0.800139 0.321739 0.799095 0.326087 0.799095 0.331522 0.7983979999999999 0.33587 0.797354 0.338043
3 0.920613 0.36413 0.9254870000000001 0.36413 0.9254870000000001 0.36086999999999997 0.9247909999999999 0.358696 0.9244429999999999 0.34565199999999996 0.9227019999999999 0.346739 0.922006 0.357609 0.920613 0.361957 0.920613 0.36413
3 0.817897 0.33587 0.8168519999999999 0.328261 0.8168519999999999 0.320652 0.815808 0.320652 0.8147629999999999 0.331522 0.8137190000000001 0.33587 0.817897 0.33587
1 0.155989 0.221739 0.155292 0.206522 0.154248 0.206522 0.153552 0.216304 0.152159 0.221739 0.155989 0.221739
1 0.173398 0.22282600000000002 0.177228 0.22282600000000002 0.176532 0.218478 0.176184 0.20760900000000002 0.175139 0.208696 0.174791 0.216304 0.173398 0.220652 0.173398 0.22282600000000002
3 0.067201 0.209783 0.065808 0.192391 0.064763 0.19347799999999998 0.064415 0.202174 0.063022 0.209783 0.067201 0.209783
3 0.092618 0.196739 0.091226 0.195652 0.091226 0.203261 0.089833 0.21086999999999997 0.09331500000000001 0.21086999999999997 0.092618 0.196739
1 0.412256 0.431522 0.40947100000000003 0.431522 0.40773000000000004 0.43913 0.40773000000000004 0.44565200000000005 0.42896900000000004 0.446739 0.426532 0.44021699999999997 0.425836 0.43587 0.423398 0.431522 0.420613 0.378261 0.420961 0.36956500000000003 0.419916 0.365217 0.41713100000000003 0.365217 0.41434499999999996 0.397826 0.413997 0.41086999999999996 0.412256 0.420652 0.412256 0.431522
1 0.356894 0.35108700000000004 0.355153 0.363043 0.355153 0.371739 0.352368 0.375 0.352368 0.379348 0.355153 0.38260900000000003 0.36594699999999997 0.38152200000000003 0.36594699999999997 0.377174 0.36351 0.36847799999999997 0.36351 0.357609 0.362813 0.353261 0.361769 0.322826 0.35968 0.322826 0.358635 0.326087 0.358635 0.331522 0.357591 0.33913000000000004 0.356894 0.35108700000000004
1 0.91156 0.36739099999999997 0.9108639999999999 0.363043 0.9108639999999999 0.348913 0.9101670000000001 0.346739 0.9091229999999999 0.348913 0.9084260000000001 0.358696 0.9066850000000001 0.36739099999999997 0.91156 0.36739099999999997
3 0.8777860000000001 0.338043 0.8774369999999999 0.33587 0.876393 0.33587 0.8743040000000001 0.352174 0.87883 0.352174 0.8777860000000001 0.344565 0.8777860000000001 0.338043
3 0.7942199999999999 0.31630400000000003 0.7928270000000001 0.31521699999999997 0.791783 0.326087 0.7907379999999999 0.32934800000000003 0.794916 0.330435 0.7942199999999999 0.31630400000000003
3 0.779248 0.326087 0.778552 0.31087 0.7771589999999999 0.31087 0.776462 0.321739 0.7754179999999999 0.323913 0.7754179999999999 0.326087 0.779248 0.326087
3 0.764624 0.31630400000000003 0.763928 0.31413 0.763928 0.306522 0.762883 0.306522 0.761838 0.313043 0.76149 0.320652 0.764624 0.320652 0.764624 0.31630400000000003
1 0.756616 0.32934800000000003 0.761142 0.32934800000000003 0.7604460000000001 0.325 0.760097 0.313043 0.759053 0.313043 0.75766 0.326087 0.756616 0.32717399999999996 0.756616 0.32934800000000003
3 0.110376 0.196739 0.10898300000000001 0.211957 0.112117 0.211957 0.11142099999999999 0.197826 0.110376 0.196739
3 0.127089 0.211957 0.126393 0.206522 0.126393 0.2 0.125696 0.196739 0.125 0.197826 0.12465200000000001 0.20543499999999998 0.123607 0.211957 0.127089 0.211957
1 0.7318939999999999 0.31630400000000003 0.7318939999999999 0.304348 0.7305010000000001 0.304348 0.729457 0.317391 0.7287600000000001 0.319565 0.732591 0.319565 0.7318939999999999 0.31630400000000003
1 0.8440110000000001 0.35108700000000004 0.8426180000000001 0.344565 0.8426180000000001 0.333696 0.8415739999999999 0.334783 0.841226 0.342391 0.839485 0.35108700000000004 0.8440110000000001 0.35108700000000004
3 0.133008 0.196739 0.132312 0.211957 0.135446 0.211957 0.134401 0.196739 0.133008 0.196739
3 0.758008 0.30978300000000003 0.758008 0.303261 0.756616 0.302174 0.755223 0.31630400000000003 0.758357 0.31630400000000003 0.758705 0.313043 0.758008 0.30978300000000003
3 0.844708 0.32717399999999996 0.842967 0.32717399999999996 0.842967 0.343478 0.845404 0.343478 0.844708 0.336957 0.844708 0.32717399999999996