1 0.079735 0.330435 0.086003 0.331522 0.090181 0.32934800000000003 0.090181 0.326087 0.087744 0.323913 0.087047 0.321739 0.086699 0.31521699999999997 0.085306 0.313043 0.084958 0.296739 0.08182500000000001 0.29565199999999997 0.081128 0.306522 0.081128 0.318478 0.080432 0.319565 0.079735 0.330435
3 0.119777 0.33587 0.11768799999999999 0.33587 0.11768799999999999 0.33913000000000004 0.131267 0.338043 0.131267 0.334783 0.12987500000000002 0.334783 0.129178 0.331522 0.127786 0.330435 0.127089 0.323913 0.127089 0.31630400000000003 0.126393 0.31521699999999997 0.125348 0.301087 0.12465200000000001 0.298913 0.122214 0.298913 0.121866 0.321739 0.12082200000000001 0.322826 0.12082200000000001 0.333696 0.119777 0.33587
3 0.216922 0.313043 0.216922 0.31630400000000003 0.22736800000000001 0.31521699999999997 0.22736800000000001 0.311957 0.225279 0.30869599999999997 0.225279 0.304348 0.224582 0.302174 0.224582 0.294565 0.22388599999999997 0.293478 0.22353800000000001 0.28586999999999996 0.22284099999999998 0.284783 0.22284099999999998 0.27934800000000004 0.21970800000000001 0.27934800000000004 0.21970800000000001 0.3 0.21901099999999998 0.301087 0.21901099999999998 0.31087 0.216922 0.313043
1 0.20473499999999997 0.298913 0.20264600000000002 0.301087 0.20264600000000002 0.303261 0.209262 0.303261 0.21344 0.301087 0.212047 0.3 0.211351 0.296739 0.21030600000000002 0.29565199999999997 0.209958 0.290217 0.20856499999999997 0.286957 0.208217 0.271739 0.20578 0.270652 0.20578 0.275 0.205084 0.276087 0.205084 0.29565199999999997 0.20473499999999997 0.298913
3 0.333914 0.290217 0.332521 0.293478 0.332521 0.29565199999999997 0.340877 0.29565199999999997 0.341574 0.291304 0.34018099999999996 0.290217 0.339485 0.286957 0.339136 0.27934800000000004 0.33843999999999996 0.276087 0.33843999999999996 0.268478 0.337744 0.267391 0.337744 0.261957 0.335655 0.26087 0.33460999999999996 0.270652 0.33460999999999996 0.283696 0.333914 0.284783 0.333914 0.290217
0 0.8739549999999999 0.23478300000000002 0.875 0.236957 0.880223 0.236957 0.883008 0.23478300000000002 0.883357 0.232609 0.882312 0.232609 0.881964 0.22934800000000002 0.8809189999999999 0.228261 0.879875 0.219565 0.879875 0.20434800000000003 0.877089 0.20434800000000003 0.876741 0.221739 0.8760450000000001 0.22391299999999997 0.8756959999999999 0.230435 0.8739549999999999 0.23478300000000002
2 0.73468 0.354348 0.733983 0.355435 0.733983 0.36847799999999997 0.733287 0.372826 0.733287 0.38043499999999997 0.732591 0.383696 0.7318939999999999 0.404348 0.7305010000000001 0.418478 0.73085 0.426087 0.7301529999999999 0.42934799999999995 0.729457 0.45 0.728412 0.453261 0.728412 0.45869600000000005 0.727716 0.46195700000000006 0.727716 0.46956499999999995 0.7270190000000001 0.471739 0.726671 0.47717400000000004 0.723538 0.481522 0.723538 0.490217 0.7169220000000001 0.501087 0.7169220000000001 0.503261 0.722145 0.503261 0.7224929999999999 0.5054350000000001 0.731546 0.5054350000000001 0.735028 0.507609 0.739903 0.507609 0.742688 0.5108699999999999 0.754178 0.511957 0.754526 0.509783 0.756616 0.508696 0.757312 0.5054350000000001 0.7604460000000001 0.501087 0.762535 0.49565200000000004 0.763928 0.49565200000000004 0.764276 0.49347799999999997 0.762883 0.49130399999999996 0.758357 0.49130399999999996 0.758008 0.48260899999999995 0.756616 0.479348 0.754526 0.478261 0.753134 0.454348 0.752089 0.453261 0.752089 0.44565200000000005 0.751393 0.441304 0.751393 0.422826 0.750696 0.421739 0.750696 0.415217 0.75 0.41304299999999994 0.75 0.407609 0.749304 0.406522 0.748607 0.38043499999999997 0.747911 0.377174 0.747911 0.36956500000000003 0.7472139999999999 0.36739099999999997 0.7472139999999999 0.36086999999999997 0.745822 0.344565 0.745822 0.33260900000000004 0.744777 0.319565 0.744777 0.31087 0.744429 0.307609 0.7378129999999999 0.307609 0.736769 0.30869599999999997 0.736769 0.320652 0.735376 0.330435 0.73468 0.354348
2 0.76915 0.448913 0.771588 0.44565200000000005 0.784471 0.44565200000000005 0.784471 0.44239100000000003 0.7865599999999999 0.43804299999999996 0.787604 0.433696 0.787604 0.430435 0.7848189999999999 0.430435 0.784471 0.425 0.780292 0.422826 0.780292 0.415217 0.779596 0.41086999999999996 0.779596 0.397826 0.778552 0.392391 0.778552 0.379348 0.7775070000000001 0.370652 0.776811 0.346739 0.776114 0.343478 0.776114 0.32934800000000003 0.7754179999999999 0.328261 0.7754179999999999 0.318478 0.774721 0.317391 0.773677 0.290217 0.7729809999999999 0.28913 0.7729809999999999 0.27934800000000004 0.763231921875 0.357920959375 0.764276 0.359783 0.764624 0.373913 0.766365 0.393478 0.766713 0.417391 0.7677579999999999 0.420652 0.7677579999999999 0.426087 0.768454 0.42717400000000005 0.76915 0.448913
3 0.756616 0.38260900000000003 0.756616 0.390217 0.755571 0.392391 0.755571 0.40108699999999997 0.754875 0.40217400000000003 0.754178 0.43913 0.7527860000000001 0.44239100000000003 0.7527860000000001 0.453261 0.75383 0.457609 0.754178 0.470652 0.754875 0.471739 0.754875 0.47717400000000004 0.757312 0.47717400000000004 0.760794 0.47282599999999997 0.772632 0.47282599999999997 0.774721 0.465217 0.776811 0.46413000000000004 0.776811 0.459783 0.774373 0.45869600000000005 0.774025 0.454348 0.7694989999999999 0.45108699999999996 0.768802 0.448913 0.7681060000000001 0.42717400000000005 0.767409 0.426087 0.767409 0.420652 0.766365 0.417391 0.766017 0.393478 0.764276 0.373913 0.763928 0.359783 0.7621870000000001 0.357609 0.76149 0.355435 0.76149 0.352174 0.7604460000000001 0.352174 0.759401 0.356522 0.758008 0.357609 0.758008 0.366304 0.756616 0.38260900000000003
1 0.48468 0.265217 0.48502799999999996 0.261957 0.48328699999999997 0.258696 0.48328699999999997 0.253261 0.48189399999999993 0.24782600000000002 0.48189399999999993 0.23478300000000002 0.479457 0.23586999999999997 0.47876 0.259783 0.47771600000000003 0.26087 0.47736799999999996 0.265217 0.48468 0.265217
3 0.5348189999999999 0.283696 0.545613 0.282609 0.5442199999999999 0.276087 0.5428270000000001 0.275 0.5428270000000001 0.268478 0.542131 0.267391 0.542131 0.25760900000000003 0.541086 0.253261 0.541086 0.24782600000000002 0.540042 0.243478 0.538649 0.244565 0.537256 0.276087 0.535515 0.278261 0.5348189999999999 0.280435 0.5348189999999999 0.283696
3 0.626045 0.28586999999999996 0.626045 0.28913 0.625 0.291304 0.63649 0.290217 0.63649 0.28586999999999996 0.634749 0.283696 0.634401 0.276087 0.633705 0.275 0.633705 0.263043 0.633008 0.261957 0.63266 0.248913 0.631964 0.24673899999999999 0.630571 0.24673899999999999 0.629526 0.252174 0.628134 0.284783 0.626045 0.28586999999999996
3 0.5748610000000001 0.546739 0.5748610000000001 0.5586960000000001 0.573816 0.565217 0.573816 0.579348 0.573468 0.583696 0.572772 0.584783 0.572423 0.604348 0.571727 0.609783 0.572075 0.618478 0.5706819999999999 0.6195649999999999 0.570334 0.621739 0.568593 0.621739 0.568245 0.623913 0.5654600000000001 0.626087 0.564067 0.6304350000000001 0.564067 0.634783 0.562674 0.63913 0.5577989999999999 0.63913 0.556407 0.642391 0.556407 0.645652 0.564415 0.652174 0.565808 0.655435 0.568593 0.657609 0.571031 0.656522 0.572075 0.659783 0.575209 0.661957 0.578691 0.668478 0.585655 0.668478 0.5898329999999999 0.66413 0.593663 0.66413 0.594011 0.661957 0.597145 0.6586960000000001 0.599234 0.6586960000000001 0.6020190000000001 0.6543479999999999 0.60585 0.653261 0.60968 0.6489130000000001 0.609331 0.643478 0.603064 0.63913 0.601671 0.627174 0.599234 0.623913 0.598886 0.621739 0.596448 0.621739 0.595056 0.618478 0.594708 0.6054350000000001 0.594011 0.604348 0.594011 0.5956520000000001 0.593315 0.594565 0.593315 0.584783 0.592618 0.5826089999999999 0.59227 0.563043 0.591574 0.561957 0.590877 0.554348 0.590877 0.5423910000000001 0.5901810000000001 0.541304 0.5901810000000001 0.534783 0.589136 0.5336960000000001 0.589136 0.525 0.5884400000000001 0.5239130000000001 0.5884400000000001 0.517391 0.587744 0.51413 0.587744 0.504348 0.586351 0.492391 0.586351 0.484783 0.584958 0.48260899999999995 0.578691 0.48260899999999995 0.578343 0.497826 0.5766020000000001 0.520652 0.575905 0.540217 0.5748610000000001 0.546739
3 0.441156 0.281522 0.441156 0.284783 0.448816 0.284783 0.449164 0.280435 0.44812 0.27934800000000004 0.447423 0.275 0.447423 0.26413000000000003 0.446379 0.25760900000000003 0.446379 0.253261 0.44568199999999997 0.248913 0.443942 0.248913 0.443593 0.266304 0.44254899999999997 0.270652 0.44254899999999997 0.278261 0.441156 0.281522
1 0.350975 0.278261 0.351323 0.272826 0.34992999999999996 0.270652 0.34992999999999996 0.265217 0.348886 0.26087 0.348886 0.251087 0.34818899999999997 0.248913 0.346797 0.248913 0.34609999999999996 0.271739 0.345056 0.27391299999999996 0.345056 0.278261 0.350975 0.278261
0 0.896588 0.20108700000000002 0.895891 0.20108700000000002 0.895543 0.196739 0.8948470000000001 0.195652 0.8948470000000001 0.182609 0.89302128125 0.184432621875 0.892758 0.19347799999999998 0.891713 0.196739 0.891713 0.20108700000000002 0.8906689999999999 0.202174 0.8906689999999999 0.20434800000000003 0.89624 0.20434800000000003 0.896588 0.20108700000000002
0 0.8892760000000001 0.213043 0.8892760000000001 0.206522 0.888579 0.20543499999999998 0.888579 0.190217 0.8900404140625 0.1874100640625 0.8861420000000001 0.191304 0.8861420000000001 0.20543499999999998 0.885097 0.208696 0.885097 0.21413000000000001 0.884053 0.216304 0.889972 0.21739099999999997 0.89032 0.215217 0.8892760000000001 0.213043
0 0.8586349999999999 0.259783 0.856546 0.26413000000000003 0.857242 0.266304 0.866992 0.266304 0.867688 0.265217 0.868036 0.26087 0.8655989999999999 0.259783 0.8655989999999999 0.251087 0.864554 0.24673899999999999 0.8638579999999999 0.22282600000000002 0.8610720000000001 0.22282600000000002 0.8603759999999999 0.233696 0.8603759999999999 0.24565199999999998 0.85968 0.24673899999999999 0.8586349999999999 0.259783
1 0.8485379999999999 0.27934800000000004 0.847145 0.27934800000000004 0.846448 0.282609 0.846448 0.286957 0.850975 0.286957 0.851323 0.28913 0.85585 0.28913 0.856546 0.286957 0.8568939999999999 0.28913 0.8603759999999999 0.28913 0.861421 0.28586999999999996 0.861421 0.283696 0.85968 0.283696 0.8589829999999999 0.27934800000000004 0.857591 0.27934800000000004 0.8568939999999999 0.276087 0.855501 0.253261 0.854805 0.252174 0.854457 0.23913 0.85376 0.236957 0.851323 0.236957 0.8502789999999999 0.25652200000000003 0.8495820000000001 0.26087 0.8495820000000001 0.277174 0.8485379999999999 0.27934800000000004
1 0.598886 0.254348 0.5978410000000001 0.25543499999999997 0.5974929999999999 0.26087 0.6068939999999999 0.26087 0.6055010000000001 0.25543499999999997 0.604109 0.254348 0.602716 0.24239099999999997 0.6020190000000001 0.227174 0.600627 0.227174 0.59993 0.22934800000000002 0.59993 0.23478300000000002 0.599234 0.236957 0.598886 0.254348
3 0.704387 0.307609 0.704387 0.31413 0.709958 0.31521699999999997 0.71727 0.313043 0.717618 0.307609 0.715877 0.307609 0.7148329999999999 0.301087 0.7148329999999999 0.29565199999999997 0.714136 0.293478 0.712396 0.268478 0.712396 0.259783 0.7092620000000001 0.258696 0.708565 0.277174 0.7075210000000001 0.284783 0.706825 0.306522 0.704387 0.307609
1 0.734331 0.267391 0.734331 0.265217 0.732939 0.26413000000000003 0.73085 0.25652200000000003 0.729109 0.228261 0.726323 0.228261 0.72493 0.259783 0.723189 0.263043 0.723189 0.266304 0.734331 0.267391
4 0.913301 0.195652 0.916086 0.195652 0.9157379999999999 0.177174 0.9146940000000001 0.177174 0.9146940000000001 0.179348 0.913997 0.18043499999999998 0.913301 0.195652
0 0.920265 0.20108700000000002 0.920265 0.203261 0.925836 0.203261 0.9261839999999999 0.2 0.925139 0.198913 0.925139 0.195652 0.924095 0.192391 0.924095 0.18043499999999998 0.922354 0.18043499999999998 0.922354 0.18913 0.9216570000000001 0.191304 0.9213089999999999 0.2 0.920265 0.20108700000000002