1 0.7075210000000001 0.156522 0.706476 0.170652 0.70961 0.170652 0.708217 0.156522 0.7075210000000001 0.156522
1 0.702994 0.175 0.70195 0.16956500000000002 0.7016020000000001 0.161957 0.700557 0.158696 0.6998610000000001 0.16087 0.6998610000000001 0.166304 0.698816 0.175 0.702994 0.175
3 0.5713790000000001 0.168478 0.569986 0.184783 0.573468 0.184783 0.572075 0.16956500000000002 0.5713790000000001 0.168478
1 0.479457 0.184783 0.47876 0.179348 0.47876 0.17282599999999998 0.47771600000000003 0.171739 0.476323 0.18804300000000002 0.479805 0.18804300000000002 0.48015299999999994 0.18587 0.479457 0.184783
1 0.407382 0.178261 0.40598900000000004 0.19456500000000002 0.41016700000000006 0.195652 0.408078 0.178261 0.407382 0.178261
1 0.347493 0.183696 0.345752 0.20434800000000003 0.350279 0.20434800000000003 0.34818899999999997 0.183696 0.347493 0.183696
1 0.183496 0.203261 0.182451 0.206522 0.181407 0.218478 0.185237 0.21739099999999997 0.183496 0.203261
3 0.157033 0.202174 0.156337 0.21413000000000001 0.159471 0.21413000000000001 0.158426 0.202174 0.157033 0.202174
1 0.139624 0.216304 0.139276 0.21086999999999997 0.138231 0.20434800000000003 0.13753500000000002 0.20434800000000003 0.135446 0.226087 0.141017 0.226087 0.141017 0.22282600000000002 0.139624 0.216304
3 0.055362 0.219565 0.053969 0.23586999999999997 0.057799 0.23586999999999997 0.056058 0.219565 0.055362 0.219565
1 0.133008 0.213043 0.131964 0.211957 0.131267 0.216304 0.131267 0.226087 0.134401 0.226087 0.133008 0.213043
1 0.292479 0.18913 0.291783 0.18913 0.290042 0.202174 0.293524 0.202174 0.292479 0.18913
3 0.21727 0.19456500000000002 0.216574 0.206522 0.21970800000000001 0.206522 0.21831499999999998 0.19456500000000002 0.21727 0.19456500000000002
1 0.829387 0.175 0.8283429999999999 0.167391 0.827994 0.157609 0.826602 0.156522 0.825905 0.16087 0.8255570000000001 0.170652 0.8245129999999999 0.175 0.829387 0.175
1 0.23328700000000002 0.202174 0.23328700000000002 0.197826 0.232242 0.195652 0.23085 0.209783 0.23433099999999998 0.209783 0.23433099999999998 0.206522 0.23328700000000002 0.202174
1 0.097841 0.221739 0.096448 0.213043 0.095752 0.213043 0.094708 0.218478 0.094359 0.230435 0.098189 0.230435 0.097841 0.221739
1 0.076602 0.218478 0.075557 0.232609 0.079039 0.232609 0.077646 0.218478 0.076602 0.218478
3 0.634749 0.544565 0.634053 0.546739 0.631267 0.5478259999999999 0.62883 0.551087 0.628482 0.5586960000000001 0.6277860000000001 0.56087 0.623259 0.56413 0.623259 0.567391 0.629178 0.569565 0.63649 0.575 0.641365 0.576087 0.645195 0.579348 0.648329 0.579348 0.66539 0.56413 0.6657379999999999 0.561957 0.660864 0.559783 0.660515 0.554348 0.658426 0.548913 0.654944 0.5478259999999999 0.6538999999999999 0.544565 0.651811 0.501087 0.649025 0.470652 0.646936 0.43260899999999997 0.641365 0.43260899999999997 0.639972 0.443478 0.639276 0.465217 0.637535 0.48260899999999995 0.634749 0.544565
3 0.854457 0.39891299999999996 0.85376 0.40543500000000005 0.852019 0.406522 0.851671 0.409783 0.8708220000000001 0.41630399999999995 0.877089 0.41304299999999994 0.8777860000000001 0.40869600000000006 0.877089 0.40869600000000006 0.8756959999999999 0.403261 0.872911 0.40108699999999997 0.8722139999999999 0.397826 0.871866 0.384783 0.869777 0.356522 0.868384 0.32717399999999996 0.864554 0.326087 0.86351 0.330435 0.8586349999999999 0.393478 0.857939 0.396739 0.854457 0.39891299999999996
3 0.9435930000000001 0.18587 0.9422010000000001 0.17282599999999998 0.9418519999999999 0.163043 0.941156 0.16087 0.9401109999999999 0.16087 0.939415 0.163043 0.9383699999999999 0.18043499999999998 0.937326 0.184783 0.9435930000000001 0.18587
1 0.9014620000000001 0.165217 0.901114 0.155435 0.90007 0.15434799999999999 0.899025 0.170652 0.897632 0.176087 0.9032030000000001 0.177174 0.9014620000000001 0.165217
3 0.854457 0.18587 0.8551529999999999 0.183696 0.854109 0.182609 0.853412 0.165217 0.852019 0.16413 0.851323 0.168478 0.850627 0.182609 0.84993 0.184783 0.854457 0.18587
3 0.7959609999999999 0.183696 0.7959609999999999 0.18152200000000002 0.795265 0.18043499999999998 0.794568 0.167391 0.793872 0.163043 0.793175 0.163043 0.7924789999999999 0.167391 0.7924789999999999 0.177174 0.791086 0.183696 0.7959609999999999 0.183696
1 0.791086 0.152174 0.789694 0.163043 0.7928270000000001 0.163043 0.791783 0.152174 0.791086 0.152174
1 0.7830779999999999 0.171739 0.782033 0.168478 0.781337 0.155435 0.780292 0.155435 0.779596 0.168478 0.778552 0.173913 0.782382 0.173913 0.7830779999999999 0.171739
1 0.750348 0.159783 0.750348 0.153261 0.749304 0.153261 0.747911 0.166304 0.751393 0.166304 0.751741 0.16413 0.750348 0.159783
3 0.739206 0.175 0.738858 0.163043 0.737465 0.16087 0.735724 0.179348 0.740251 0.179348 0.740251 0.177174 0.739206 0.175
3 0.674791 0.176087 0.674095 0.163043 0.67305 0.163043 0.672354 0.175 0.671309 0.18043499999999998 0.675836 0.18043499999999998 0.674791 0.176087
1 0.624652 0.161957 0.623607 0.177174 0.626741 0.177174 0.625348 0.161957 0.624652 0.161957
3 0.621518 0.168478 0.620125 0.182609 0.623955 0.182609 0.622563 0.16956500000000002 0.621518 0.168478
1 0.551184 0.173913 0.550836 0.16413 0.549791 0.166304 0.548747 0.18043499999999998 0.552228 0.18043499999999998 0.551184 0.173913
3 0.5271589999999999 0.184783 0.5271589999999999 0.178261 0.526462 0.17282599999999998 0.5254179999999999 0.17282599999999998 0.524721 0.184783 0.524025 0.18804300000000002 0.527855 0.18804300000000002 0.5271589999999999 0.184783
3 0.46970799999999996 0.18043499999999998 0.468663 0.177174 0.466922 0.19347799999999998 0.47075199999999995 0.19347799999999998 0.47005600000000003 0.190217 0.46970799999999996 0.18043499999999998
3 0.40668499999999996 0.20434800000000003 0.405641 0.197826 0.404596 0.183696 0.4039 0.183696 0.403203 0.18913 0.403203 0.196739 0.40181100000000003 0.20434800000000003 0.40668499999999996 0.20434800000000003
3 0.337396 0.215217 0.336003 0.211957 0.335655 0.198913 0.334958 0.195652 0.333914 0.195652 0.333217 0.21086999999999997 0.332173 0.21739099999999997 0.337396 0.21739099999999997 0.337396 0.215217
1 0.28098900000000004 0.19456500000000002 0.279944 0.19456500000000002 0.277855 0.21413000000000001 0.283426 0.21413000000000001 0.282033 0.208696 0.28098900000000004 0.19456500000000002
3 0.232591 0.233696 0.232591 0.231522 0.23119800000000001 0.227174 0.23119800000000001 0.219565 0.230153 0.209783 0.22945700000000002 0.20760900000000002 0.228412 0.20760900000000002 0.22771599999999997 0.213043 0.22736800000000001 0.226087 0.22597499999999998 0.232609 0.232591 0.233696
1 0.20195 0.22282600000000002 0.207869 0.22282600000000002 0.206128 0.211957 0.205432 0.2 0.204039 0.2 0.203343 0.20543499999999998 0.20299399999999998 0.21739099999999997 0.20195 0.219565 0.20195 0.22282600000000002
3 0.11734 0.244565 0.11525099999999999 0.238043 0.11385799999999999 0.220652 0.112117 0.219565 0.11142099999999999 0.236957 0.10968 0.24673899999999999 0.11734 0.24673899999999999 0.11734 0.244565
3 0.10515300000000001 0.209783 0.10376 0.225 0.10724199999999999 0.225 0.10619799999999999 0.211957 0.10515300000000001 0.209783