1 0.050836000000000006 0.384783 0.048747 0.392391 0.048747 0.40108699999999997 0.052925 0.39891299999999996 0.057799 0.39891299999999996 0.059192 0.40108699999999997 0.06928999999999999 0.4 0.069638 0.395652 0.068245 0.390217 0.06545999999999999 0.38913000000000003 0.064415 0.38587 0.064067 0.373913 0.062674 0.365217 0.06163 0.33913000000000004 0.059889000000000005 0.319565 0.058496000000000006 0.31630400000000003 0.05501399999999999 0.317391 0.053969 0.323913 0.052925 0.352174 0.050836000000000006 0.375 0.050836000000000006 0.384783
1 0.187326 0.40543500000000005 0.18663000000000002 0.409783 0.183844 0.453261 0.182451 0.45869600000000005 0.179318 0.459783 0.17687999999999998 0.468478 0.175836 0.46956499999999995 0.175836 0.47282599999999997 0.177577 0.476087 0.184192 0.476087 0.187674 0.478261 0.194638 0.47717400000000004 0.194986 0.475 0.197423 0.476087 0.203343 0.47282599999999997 0.20856499999999997 0.47282599999999997 0.208914 0.470652 0.206128 0.467391 0.204387 0.459783 0.200557 0.45543500000000003 0.198816 0.446739 0.198816 0.44021699999999997 0.197423 0.430435 0.196031 0.397826 0.195334 0.395652 0.194638 0.371739 0.193245 0.36847799999999997 0.189067 0.36956500000000003 0.18836999999999998 0.371739 0.188022 0.386957 0.187326 0.393478 0.187326 0.40543500000000005
1 0.949861 0.305435 0.94812 0.31087 0.9467269999999999 0.322826 0.950905 0.322826 0.949861 0.305435
1 0.89032 0.313043 0.8896240000000001 0.30978300000000003 0.8892760000000001 0.29565199999999997 0.888231 0.29565199999999997 0.887187 0.298913 0.886838 0.30869599999999997 0.885794 0.311957 0.89032 0.313043
1 0.837744 0.304348 0.8422700000000001 0.304348 0.8415739999999999 0.301087 0.8415739999999999 0.29239099999999996 0.8408770000000001 0.286957 0.840181 0.286957 0.8391360000000001 0.291304 0.8391360000000001 0.29782600000000004 0.837744 0.304348
1 0.793175 0.278261 0.792131 0.278261 0.791435 0.28913 0.79039 0.294565 0.794568 0.294565 0.793175 0.278261
1 0.750696 0.272826 0.749652 0.269565 0.747911 0.28586999999999996 0.752089 0.28586999999999996 0.751045 0.281522 0.750696 0.272826
1 0.7305010000000001 0.27934800000000004 0.729457 0.27391299999999996 0.729805 0.270652 0.729109 0.265217 0.728064 0.267391 0.727716 0.275 0.726323 0.27934800000000004 0.7305010000000001 0.27934800000000004
1 0.7134400000000001 0.27391299999999996 0.716574 0.272826 0.715529 0.26087 0.714485 0.261957 0.713788 0.270652 0.713092 0.271739 0.7134400000000001 0.27391299999999996
1 0.083217 0.2 0.082173 0.196739 0.082521 0.191304 0.081476 0.18804300000000002 0.08077999999999999 0.18804300000000002 0.080084 0.198913 0.079039 0.20434800000000003 0.083565 0.20434800000000003 0.083217 0.2
3 0.078691 0.18913 0.077994 0.18587 0.07694999999999999 0.18695699999999998 0.075905 0.20108700000000002 0.079387 0.20108700000000002 0.078691 0.18913
1 0.140669 0.209783 0.139624 0.203261 0.139624 0.197826 0.138928 0.19456500000000002 0.138231 0.19456500000000002 0.13753500000000002 0.198913 0.13753500000000002 0.20434800000000003 0.13649 0.209783 0.140669 0.209783
3 0.145891 0.20434800000000003 0.144499 0.191304 0.143454 0.191304 0.143106 0.198913 0.141713 0.20434800000000003 0.145543 0.20543499999999998 0.145891 0.20434800000000003
1 0.442201 0.526087 0.441156 0.554348 0.439067 0.572826 0.437674 0.593478 0.437674 0.6054350000000001 0.435237 0.632609 0.433844 0.636957 0.42896900000000004 0.642391 0.427925 0.645652 0.42722800000000005 0.653261 0.423398 0.659783 0.424443 0.66413 0.428273 0.669565 0.435237 0.673913 0.44254899999999997 0.682609 0.445334 0.6836960000000001 0.449861 0.682609 0.455084 0.677174 0.458217 0.677174 0.46344 0.673913 0.47005600000000003 0.665217 0.46970799999999996 0.6630429999999999 0.46657400000000004 0.659783 0.465181 0.655435 0.465181 0.65 0.464136 0.645652 0.459262 0.63913 0.458565 0.6358699999999999 0.45786899999999997 0.6141300000000001 0.45543199999999995 0.592391 0.455084 0.5771740000000001 0.454039 0.565217 0.454039 0.55 0.453343 0.544565 0.45194999999999996 0.5108699999999999 0.451253 0.507609 0.44951299999999994 0.5054350000000001 0.444986 0.506522 0.443593 0.509783 0.443245 0.518478 0.442201 0.526087
1 0.171657 0.20543499999999998 0.171657 0.198913 0.170265 0.196739 0.168872 0.211957 0.172702 0.213043 0.17304999999999998 0.21086999999999997 0.171657 0.20543499999999998
3 0.198468 0.21086999999999997 0.201602 0.21086999999999997 0.200209 0.197826 0.198468 0.21086999999999997
1 0.24965199999999999 0.208696 0.24895499999999998 0.20760900000000002 0.24756300000000003 0.22282600000000002 0.25139300000000003 0.22282600000000002 0.25 0.216304 0.24965199999999999 0.208696
1 0.282033 0.228261 0.28064100000000003 0.221739 0.280292 0.213043 0.279248 0.21086999999999997 0.278203 0.21739099999999997 0.278552 0.22282600000000002 0.277855 0.228261 0.282033 0.228261
1 0.316156 0.21739099999999997 0.314763 0.232609 0.318245 0.232609 0.316852 0.219565 0.316156 0.21739099999999997
1 0.212744 0.20434800000000003 0.211699 0.20108700000000002 0.21065499999999998 0.21739099999999997 0.213788 0.21739099999999997 0.213092 0.215217 0.212744 0.20434800000000003