3 0.262535 0.554348 0.260446 0.576087 0.259749 0.604348 0.258705 0.609783 0.254178 0.6141300000000001 0.253134 0.617391 0.253134 0.622826 0.24860699999999997 0.629348 0.24860699999999997 0.631522 0.260794 0.632609 0.266713 0.6358699999999999 0.27507000000000004 0.6358699999999999 0.279944 0.6304350000000001 0.28273000000000004 0.629348 0.287953 0.622826 0.286908 0.620652 0.285167 0.620652 0.28447100000000003 0.613043 0.283774 0.61087 0.279596 0.609783 0.27890000000000004 0.606522 0.27715900000000004 0.570652 0.276462 0.567391 0.275766 0.55 0.274721 0.541304 0.27298100000000003 0.507609 0.266365 0.507609 0.264972 0.530435 0.262535 0.548913 0.262535 0.554348
3 0.487465 0.470652 0.48676899999999995 0.47391300000000003 0.48537600000000003 0.49347799999999997 0.48537600000000003 0.5 0.483983 0.511957 0.481198 0.515217 0.480501 0.5195649999999999 0.47841199999999995 0.520652 0.48537600000000003 0.525 0.495822 0.525 0.502437 0.520652 0.500348 0.5195649999999999 0.49895500000000004 0.511957 0.496866 0.5108699999999999 0.495474 0.496739 0.495125 0.483696 0.49303600000000003 0.46413000000000004 0.49234 0.44782599999999995 0.491643 0.443478 0.48955399999999993 0.443478 0.48851000000000006 0.448913 0.48851000000000006 0.454348 0.487465 0.463043 0.487465 0.470652
3 0.639624 0.46413000000000004 0.639624 0.470652 0.640669 0.47391300000000003 0.640669 0.476087 0.638928 0.484783 0.6371870000000001 0.48586999999999997 0.6371870000000001 0.48913 0.63649 0.49130399999999996 0.642409 0.494565 0.6504179999999999 0.494565 0.6525070000000001 0.492391 0.6521589999999999 0.48695700000000003 0.6504179999999999 0.48695700000000003 0.649721 0.483696 0.647284 0.453261 0.6462399999999999 0.430435 0.64415 0.428261 0.6427579999999999 0.44021699999999997 0.6427579999999999 0.446739 0.64032 0.457609 0.639624 0.46413000000000004
3 0.765669 0.471739 0.764972 0.47391300000000003 0.763231 0.47391300000000003 0.762883 0.47717400000000004 0.76149 0.479348 0.775766 0.48043500000000006 0.7771589999999999 0.47717400000000004 0.77507 0.475 0.774025 0.46087 0.774025 0.45 0.772284 0.428261 0.7712399999999999 0.425 0.76915 0.42717400000000005 0.7677579999999999 0.443478 0.766713 0.448913 0.765669 0.471739
3 0.900766 0.470652 0.90007 0.47282599999999997 0.8997210000000001 0.481522 0.897981 0.481522 0.896936 0.484783 0.90007 0.48913 0.912256 0.48913 0.911908 0.484783 0.9101670000000001 0.484783 0.908774 0.478261 0.908774 0.471739 0.9077299999999999 0.46630399999999994 0.9063370000000001 0.43804299999999996 0.905292 0.43478300000000003 0.903552 0.43478300000000003 0.902855 0.44239100000000003 0.9021589999999999 0.444565 0.901811 0.45869600000000005 0.900766 0.470652
1 0.816156 0.607609 0.8154600000000001 0.622826 0.814067 0.633696 0.812326 0.66087 0.807103 0.6630429999999999 0.8060579999999999 0.669565 0.8032730000000001 0.670652 0.808844 0.6836960000000001 0.814067 0.690217 0.842967 0.6913039999999999 0.842967 0.68913 0.8398329999999999 0.6836960000000001 0.839485 0.6728259999999999 0.8342620000000001 0.665217 0.833217 0.641304 0.83461 0.641304 0.834958 0.63913 0.832173 0.621739 0.831128 0.620652 0.829387 0.588043 0.8286910000000001 0.583696 0.8283429999999999 0.561957 0.8269500000000001 0.556522 0.822423 0.556522 0.8217269999999999 0.557609 0.8203340000000001 0.570652 0.81929 0.5869570000000001 0.816156 0.607609
0 0.872911 0.38913000000000003 0.871866 0.375 0.870125 0.375 0.8690810000000001 0.38913000000000003 0.868036 0.392391 0.8739549999999999 0.393478 0.872911 0.38913000000000003
0 0.836003 0.38913000000000003 0.8342620000000001 0.371739 0.8325210000000001 0.370652 0.831825 0.377174 0.831825 0.384783 0.8307800000000001 0.38913000000000003 0.836003 0.38913000000000003
0 0.79805 0.384783 0.797006 0.379348 0.796657 0.370652 0.7959609999999999 0.36739099999999997 0.795265 0.36739099999999997 0.7942199999999999 0.372826 0.7942199999999999 0.377174 0.793175 0.384783 0.79805 0.384783
0 0.552925 0.347826 0.552228 0.346739 0.5504870000000001 0.363043 0.555014 0.363043 0.553969 0.359783 0.552925 0.347826
0 0.48955399999999993 0.36086999999999997 0.48851000000000006 0.358696 0.488162 0.348913 0.48676899999999995 0.343478 0.485724 0.35108700000000004 0.485724 0.357609 0.48502799999999996 0.36086999999999997 0.48955399999999993 0.36086999999999997
0 0.405641 0.343478 0.404596 0.33913000000000004 0.40250700000000006 0.357609 0.407382 0.357609 0.406337 0.355435 0.405641 0.343478
0 0.51915 0.363043 0.5177579999999999 0.346739 0.517061 0.346739 0.516017 0.358696 0.514972 0.363043 0.51915 0.363043
0 0.9066850000000001 0.394565 0.9073819999999999 0.396739 0.912256 0.395652 0.9108639999999999 0.390217 0.9108639999999999 0.38043499999999997 0.9101670000000001 0.376087 0.9091229999999999 0.377174 0.908078 0.384783 0.908078 0.38913000000000003 0.9066850000000001 0.394565
0 0.452646 0.359783 0.452298 0.348913 0.451253 0.341304 0.45020899999999997 0.342391 0.449164 0.356522 0.448468 0.359783 0.452646 0.359783