3 0.352716 0.629348 0.352368 0.642391 0.35167099999999996 0.643478 0.35167099999999996 0.653261 0.346797 0.6586960000000001 0.34609999999999996 0.666304 0.343315 0.671739 0.341574 0.6728259999999999 0.341574 0.675 0.360028 0.682609 0.36734 0.682609 0.372911 0.676087 0.378482 0.6728259999999999 0.381964 0.6673910000000001 0.381616 0.665217 0.377089 0.665217 0.376045 0.661957 0.376045 0.655435 0.37117 0.652174 0.369081 0.625 0.368384 0.603261 0.365251 0.568478 0.364554 0.545652 0.357939 0.545652 0.35585 0.58587 0.354805 0.594565 0.354109 0.615217 0.352716 0.629348
3 0.602368 0.468478 0.598538 0.46956499999999995 0.5974929999999999 0.49130399999999996 0.596448 0.497826 0.595056 0.5195649999999999 0.594708 0.532609 0.59227 0.5336960000000001 0.591574 0.53587 0.591574 0.540217 0.590877 0.5423910000000001 0.589485 0.5423910000000001 0.5898329999999999 0.545652 0.604457 0.546739 0.604457 0.511957 0.6055010000000001 0.5108699999999999 0.6055010000000001 0.505797 0.608983 0.536957 0.608983 0.545652 0.611072 0.545652 0.611421 0.5423910000000001 0.610724 0.5423910000000001 0.602368 0.468478
3 0.692549 0.479348 0.692549 0.475 0.690808 0.47391300000000003 0.690111 0.471739 0.689415 0.454348 0.6880219999999999 0.441304 0.687326 0.426087 0.6845399999999999 0.426087 0.681407 0.471739 0.6793180000000001 0.47282599999999997 0.678273 0.479348 0.692549 0.479348
3 0.720752 0.43913 0.719011 0.44021699999999997 0.719011 0.44565200000000005 0.729109 0.44565200000000005 0.729109 0.443478 0.727368 0.43913 0.7270190000000001 0.431522 0.726323 0.428261 0.725627 0.407609 0.72493 0.404348 0.7228410000000001 0.404348 0.722145 0.407609 0.722145 0.418478 0.721448 0.422826 0.720752 0.43913
3 0.7134400000000001 0.422826 0.711351 0.41413 0.710306 0.391304 0.708217 0.391304 0.706825 0.417391 0.705432 0.41956499999999997 0.705084 0.422826 0.7134400000000001 0.422826
3 0.699164 0.41086999999999996 0.697075 0.39891299999999996 0.696727 0.384783 0.694986 0.384783 0.693593 0.407609 0.692549 0.40869600000000006 0.692549 0.41086999999999996 0.699164 0.41086999999999996
3 0.690111 0.397826 0.690111 0.395652 0.6887190000000001 0.391304 0.6880219999999999 0.376087 0.68663 0.376087 0.685585 0.392391 0.6845399999999999 0.395652 0.6845399999999999 0.397826 0.690111 0.397826
3 0.7211000000000001 0.392391 0.726323 0.393478 0.72493 0.384783 0.724234 0.372826 0.723189 0.372826 0.722145 0.38043499999999997 0.722145 0.386957 0.7211000000000001 0.390217 0.7211000000000001 0.392391
0 0.7270190000000001 0.377174 0.727368 0.373913 0.726323 0.36847799999999997 0.725627 0.359783 0.724234 0.358696 0.723189 0.371739 0.724234 0.371739 0.72493 0.377174 0.7270190000000001 0.377174
0 0.717967 0.356522 0.716574 0.36847799999999997 0.720404 0.36956500000000003 0.718663 0.356522 0.717967 0.356522
0 0.641713 0.357609 0.64032 0.371739 0.643802 0.371739 0.6427579999999999 0.357609 0.641713 0.357609
0 0.5978410000000001 0.355435 0.597145 0.366304 0.600279 0.366304 0.599234 0.356522 0.5978410000000001 0.355435
0 0.7604460000000001 0.359783 0.759053 0.373913 0.763231 0.373913 0.761838 0.359783 0.7604460000000001 0.359783
3 0.774373 0.391304 0.774373 0.38913000000000003 0.7729809999999999 0.386957 0.771936 0.370652 0.770195 0.370652 0.770195 0.377174 0.768454 0.379348 0.76915 0.391304 0.774373 0.391304
3 0.879526 0.391304 0.87883 0.38587 0.8777860000000001 0.383696 0.877089 0.371739 0.8756959999999999 0.371739 0.874652 0.379348 0.874652 0.38587 0.8739549999999999 0.391304 0.879526 0.391304
1 0.9279249999999999 0.47391300000000003 0.9279249999999999 0.479348 0.927228 0.481522 0.925139 0.481522 0.9247909999999999 0.48695700000000003 0.925139 0.48913 0.927228 0.49130399999999996 0.940808 0.49347799999999997 0.940808 0.48695700000000003 0.9383699999999999 0.484783 0.937674 0.481522 0.935585 0.43913 0.9345399999999999 0.43478300000000003 0.932103 0.43478300000000003 0.9314069999999999 0.43587 0.928621 0.465217 0.928621 0.470652 0.9279249999999999 0.47391300000000003
1 0.9157379999999999 0.397826 0.9146940000000001 0.394565 0.913649 0.378261 0.911908 0.378261 0.910515 0.38913000000000003 0.909819 0.40108699999999997 0.916086 0.40217400000000003 0.9157379999999999 0.397826
1 0.861769 0.433696 0.871518 0.43478300000000003 0.871866 0.430435 0.87117 0.430435 0.869777 0.426087 0.868384 0.4 0.867688 0.397826 0.865947 0.397826 0.864206 0.41304299999999994 0.86351 0.428261 0.862465 0.42934799999999995 0.861769 0.433696
3 0.950905 0.394565 0.950905 0.373913 0.9502090000000001 0.373913 0.9495129999999999 0.383696 0.94812 0.394565 0.950905 0.394565
1 0.905292 0.44565200000000005 0.903552 0.448913 0.903552 0.454348 0.91539 0.45543500000000003 0.91539 0.45 0.9129530000000001 0.44782599999999995 0.912256 0.428261 0.9108639999999999 0.415217 0.9101670000000001 0.411957 0.9084260000000001 0.411957 0.907033 0.41956499999999997 0.9059889999999999 0.43695700000000004 0.905292 0.43913 0.905292 0.44565200000000005
1 0.846448 0.391304 0.8457520000000001 0.377174 0.8443590000000001 0.375 0.841922 0.397826 0.847493 0.39891299999999996 0.847493 0.395652 0.846448 0.391304
1 0.8154600000000001 0.41630399999999995 0.8172010000000001 0.418478 0.8238160000000001 0.417391 0.8220750000000001 0.407609 0.821379 0.38913000000000003 0.819638 0.386957 0.8185930000000001 0.388043 0.817897 0.391304 0.817549 0.406522 0.8168519999999999 0.411957 0.8154600000000001 0.41630399999999995
1 0.789345 0.39891299999999996 0.789345 0.40108699999999997 0.7942199999999999 0.4 0.794568 0.390217 0.793175 0.377174 0.792131 0.377174 0.791435 0.379348 0.79039 0.395652 0.789345 0.39891299999999996
3 0.8182449999999999 0.38913000000000003 0.81929 0.38587 0.822423 0.38913000000000003 0.821031 0.383696 0.8203340000000001 0.370652 0.819638 0.36956500000000003 0.8182449999999999 0.377174 0.8182449999999999 0.38260900000000003 0.8172010000000001 0.38913000000000003 0.8182449999999999 0.38913000000000003
1 0.794916 0.41086999999999996 0.799791 0.41086999999999996 0.800139 0.407609 0.7983979999999999 0.40217400000000003 0.797702 0.386957 0.797006 0.38260900000000003 0.7959609999999999 0.38260900000000003 0.794916 0.386957 0.794568 0.4 0.7924789999999999 0.40869600000000006 0.794916 0.41086999999999996