3 0.388231 0.58913 0.387535 0.5913039999999999 0.387535 0.598913 0.385794 0.618478 0.38405300000000003 0.657609 0.378482 0.666304 0.378482 0.679348 0.37743699999999997 0.6836960000000001 0.379526 0.6913039999999999 0.41156 0.688043 0.41260399999999997 0.68587 0.41260399999999997 0.682609 0.410864 0.676087 0.41016700000000006 0.6630429999999999 0.40842599999999996 0.66087 0.405641 0.66087 0.4039 0.651087 0.402855 0.6358699999999999 0.40181100000000003 0.596739 0.397284 0.545652 0.392061 0.545652 0.391017 0.552174 0.391017 0.557609 0.388579 0.580435 0.388231 0.58913
3 0.418524 0.497826 0.41608599999999996 0.5 0.415738 0.506522 0.416435 0.509783 0.433148 0.509783 0.433844 0.507609 0.433148 0.5054350000000001 0.433148 0.49891300000000005 0.43071000000000004 0.49891300000000005 0.429666 0.494565 0.428273 0.463043 0.42688 0.45 0.426184 0.43587 0.423398 0.43478300000000003 0.422006 0.44782599999999995 0.420961 0.47391300000000003 0.41956800000000005 0.492391 0.418524 0.497826
3 0.41713100000000003 0.43260899999999997 0.414694 0.43913 0.414694 0.44239100000000003 0.422354 0.44239100000000003 0.42305000000000004 0.43478300000000003 0.424095 0.433696 0.423398 0.41413 0.42130900000000004 0.394565 0.41956800000000005 0.395652 0.418524 0.417391 0.41713100000000003 0.428261 0.41713100000000003 0.43260899999999997
3 0.40494399999999997 0.417391 0.413997 0.417391 0.413997 0.41413 0.41260399999999997 0.41304299999999994 0.41190800000000005 0.40869600000000006 0.41016700000000006 0.379348 0.409123 0.379348 0.407382 0.395652 0.40668499999999996 0.411957 0.40529200000000004 0.41304299999999994 0.40494399999999997 0.417391
3 0.4039 0.391304 0.40773000000000004 0.390217 0.40842599999999996 0.38043499999999997 0.409123 0.378261 0.409123 0.371739 0.408078 0.361957 0.40703300000000003 0.363043 0.40494399999999997 0.388043 0.4039 0.38913000000000003 0.4039 0.391304
3 0.45543199999999995 0.38260900000000003 0.461003 0.38260900000000003 0.461003 0.38043499999999997 0.459958 0.379348 0.45960999999999996 0.36739099999999997 0.458565 0.358696 0.457521 0.361957 0.456476 0.377174 0.45543199999999995 0.38043499999999997 0.45543199999999995 0.38260900000000003
3 0.516365 0.356522 0.515669 0.356522 0.513231 0.379348 0.518454 0.379348 0.517409 0.373913 0.516365 0.356522
3 0.568245 0.378261 0.573816 0.378261 0.572772 0.375 0.572772 0.366304 0.571727 0.356522 0.571031 0.356522 0.5696380000000001 0.36739099999999997 0.5696380000000001 0.372826 0.568245 0.378261
3 0.630919 0.36086999999999997 0.630223 0.359783 0.628134 0.38152200000000003 0.633008 0.38152200000000003 0.632312 0.379348 0.630919 0.36086999999999997
3 0.705432 0.384783 0.704387 0.38152200000000003 0.703691 0.36739099999999997 0.702994 0.363043 0.70195 0.366304 0.701253 0.379348 0.6998610000000001 0.384783 0.705432 0.384783
3 0.881616 0.409783 0.8889279999999999 0.409783 0.8889279999999999 0.407609 0.888231 0.407609 0.887535 0.404348 0.88649 0.386957 0.885794 0.38260900000000003 0.885097 0.38260900000000003 0.883357 0.395652 0.883008 0.40543500000000005 0.881616 0.407609 0.881616 0.409783
1 0.5383009999999999 0.394565 0.537256 0.394565 0.537256 0.397826 0.544916 0.397826 0.544916 0.395652 0.543524 0.392391 0.5424789999999999 0.370652 0.541783 0.36739099999999997 0.541086 0.36739099999999997 0.539345 0.38043499999999997 0.538997 0.391304 0.5383009999999999 0.394565
1 0.552228 0.41413 0.552228 0.417391 0.5612809999999999 0.417391 0.5612809999999999 0.41413 0.560237 0.41413 0.5595399999999999 0.411957 0.558496 0.386957 0.557451 0.38152200000000003 0.556755 0.38152200000000003 0.55571 0.38587 0.5543180000000001 0.41086999999999996 0.552228 0.41413
1 0.6037600000000001 0.392391 0.602368 0.388043 0.601323 0.36739099999999997 0.59993 0.366304 0.598886 0.376087 0.598538 0.386957 0.596797 0.392391 0.6037600000000001 0.392391
1 0.601671 0.44782599999999995 0.614903 0.448913 0.611769 0.44021699999999997 0.610028 0.40217400000000003 0.607939 0.40108699999999997 0.6055010000000001 0.426087 0.604805 0.441304 0.603064 0.44239100000000003 0.601671 0.44782599999999995
1 0.667131 0.48260899999999995 0.664345 0.484783 0.663997 0.48913 0.662604 0.49130399999999996 0.666783 0.49347799999999997 0.6803619999999999 0.49347799999999997 0.678969 0.492391 0.677925 0.48586999999999997 0.675836 0.484783 0.6751389999999999 0.459783 0.6733979999999999 0.433696 0.671309 0.431522 0.670265 0.43587 0.668872 0.457609 0.6678270000000001 0.465217 0.667131 0.48260899999999995
1 0.669916 0.396739 0.6754870000000001 0.396739 0.675836 0.394565 0.674791 0.392391 0.673747 0.372826 0.6733979999999999 0.370652 0.672354 0.370652 0.6709609999999999 0.388043 0.670265 0.392391 0.6692199999999999 0.394565 0.669916 0.396739
3 0.814067 0.38913000000000003 0.812674 0.370652 0.8116300000000001 0.370652 0.8102370000000001 0.383696 0.810933 0.395652 0.8151109999999999 0.395652 0.814067 0.38913000000000003
1 0.739903 0.403261 0.7472139999999999 0.403261 0.745822 0.395652 0.744429 0.377174 0.743384 0.376087 0.74234 0.383696 0.741992 0.393478 0.741295 0.39891299999999996 0.739903 0.403261
1 0.800139 0.575 0.798747 0.598913 0.797702 0.607609 0.793175 0.61087 0.7928270000000001 0.616304 0.789694 0.617391 0.794568 0.625 0.799791 0.6304350000000001 0.8220750000000001 0.632609 0.8217269999999999 0.6304350000000001 0.8189420000000001 0.626087 0.8182449999999999 0.618478 0.8154600000000001 0.616304 0.814067 0.6119570000000001 0.8133699999999999 0.6054350000000001 0.812674 0.571739 0.810585 0.525 0.808844 0.520652 0.805362 0.521739 0.803621 0.543478 0.80188 0.556522 0.8011839999999999 0.568478 0.800139 0.575
1 0.937326 0.471739 0.9369780000000001 0.47391300000000003 0.935933 0.47391300000000003 0.9362809999999999 0.476087 0.949861 0.47717400000000004 0.950905 0.475 0.950905 0.470652 0.9502090000000001 0.470652 0.9484680000000001 0.463043 0.945682 0.426087 0.9435930000000001 0.426087 0.9418519999999999 0.45108699999999996 0.9401109999999999 0.468478 0.937326 0.471739
1 0.869777 0.43913 0.869777 0.443478 0.880571 0.443478 0.880571 0.43913 0.879526 0.43913 0.878134 0.43260899999999997 0.876393 0.40543500000000005 0.8756959999999999 0.403261 0.874652 0.403261 0.871866 0.428261 0.871866 0.43478300000000003 0.87117 0.43804299999999996 0.869777 0.43913
1 0.8064069999999999 0.411957 0.8050140000000001 0.415217 0.812674 0.415217 0.8112809999999999 0.40869600000000006 0.8102370000000001 0.386957 0.8095399999999999 0.383696 0.8084960000000001 0.384783 0.807451 0.393478 0.807103 0.407609 0.8064069999999999 0.411957