3 0.574164 0.48260899999999995 0.574164 0.497826 0.572772 0.518478 0.571727 0.522826 0.568245 0.5239130000000001 0.566852 0.527174 0.566852 0.532609 0.565111 0.544565 0.566852 0.5478259999999999 0.573468 0.546739 0.58461 0.5478259999999999 0.5884400000000001 0.55 0.5943590000000001 0.548913 0.596797 0.536957 0.595056 0.528261 0.592967 0.5239130000000001 0.590529 0.522826 0.589485 0.516304 0.5884400000000001 0.48913 0.587047 0.476087 0.587047 0.465217 0.586351 0.459783 0.586351 0.45108699999999996 0.58461 0.420652 0.5825210000000001 0.417391 0.578691 0.418478 0.577298 0.44565200000000005 0.576253 0.452174 0.575209 0.475 0.574164 0.48260899999999995
3 0.581128 0.359783 0.5790390000000001 0.363043 0.578691 0.36739099999999997 0.579735 0.36956500000000003 0.588788 0.36956500000000003 0.594708 0.36739099999999997 0.5943590000000001 0.363043 0.591574 0.357609 0.589485 0.33260900000000004 0.5884400000000001 0.306522 0.587396 0.303261 0.585306 0.303261 0.58461 0.319565 0.583565 0.325 0.5825210000000001 0.354348 0.581128 0.359783
3 0.530989 0.306522 0.530989 0.302174 0.529944 0.302174 0.528552 0.29565199999999997 0.528552 0.288043 0.527855 0.283696 0.5271589999999999 0.266304 0.526462 0.263043 0.524721 0.26413000000000003 0.524025 0.270652 0.5229809999999999 0.29782600000000004 0.520891 0.306522 0.530989 0.306522
3 0.452298 0.280435 0.452298 0.278261 0.451253 0.275 0.451253 0.268478 0.450557 0.26413000000000003 0.450557 0.258696 0.449861 0.25652200000000003 0.449861 0.25 0.449164 0.24782600000000002 0.44812 0.24782600000000002 0.447423 0.251087 0.446379 0.276087 0.444986 0.280435 0.452298 0.280435
3 0.328343 0.284783 0.327298 0.281522 0.327298 0.272826 0.325905 0.261957 0.325905 0.25652200000000003 0.323468 0.25543499999999997 0.322772 0.281522 0.321031 0.288043 0.327646 0.288043 0.328343 0.284783
3 0.20264600000000002 0.3 0.203343 0.29782600000000004 0.20090499999999997 0.29239099999999996 0.20090499999999997 0.278261 0.199513 0.272826 0.199513 0.268478 0.198816 0.266304 0.197423 0.266304 0.196379 0.293478 0.194986 0.29782600000000004 0.194986 0.3 0.20264600000000002 0.3
3 0.090529 0.306522 0.098189 0.305435 0.098189 0.303261 0.096448 0.3 0.096448 0.286957 0.095056 0.276087 0.094359 0.275 0.094359 0.272826 0.093663 0.272826 0.092618 0.277174 0.091574 0.28913 0.091574 0.302174 0.090529 0.306522
3 0.908078 0.21413000000000001 0.9073819999999999 0.211957 0.9073819999999999 0.20108700000000002 0.9066850000000001 0.198913 0.9066850000000001 0.195652 0.9056409999999999 0.19456500000000002 0.904596 0.198913 0.904596 0.208696 0.903552 0.21413000000000001 0.908078 0.21413000000000001
3 0.8234680000000001 0.211957 0.8234680000000001 0.209783 0.822772 0.208696 0.8220750000000001 0.19347799999999998 0.821379 0.19347799999999998 0.821379 0.197826 0.8203340000000001 0.202174 0.8199859999999999 0.211957 0.8234680000000001 0.211957
3 0.757312 0.20108700000000002 0.756616 0.197826 0.755571 0.197826 0.754526 0.21413000000000001 0.758008 0.21413000000000001 0.757312 0.21086999999999997 0.757312 0.20108700000000002
3 0.6922010000000001 0.21739099999999997 0.690808 0.20108700000000002 0.689763 0.203261 0.689763 0.211957 0.6887190000000001 0.21739099999999997 0.6922010000000001 0.21739099999999997
1 0.784123 0.29565199999999997 0.783426 0.303261 0.779596 0.311957 0.781337 0.31413 0.797354 0.31413 0.796309 0.311957 0.7942199999999999 0.311957 0.793524 0.307609 0.791435 0.305435 0.7907379999999999 0.293478 0.789694 0.28586999999999996 0.789345 0.265217 0.7883009999999999 0.26087 0.7865599999999999 0.26087 0.785864 0.263043 0.785515 0.270652 0.784471 0.276087 0.784123 0.29565199999999997
1 0.642061 0.276087 0.652855 0.276087 0.650766 0.271739 0.649373 0.266304 0.6479809999999999 0.23913 0.645891 0.23913 0.6448470000000001 0.252174 0.6444989999999999 0.269565 0.6431060000000001 0.271739 0.642061 0.276087
1 0.5504870000000001 0.26087 0.5518799999999999 0.258696 0.5504870000000001 0.25652200000000003 0.549443 0.23478300000000002 0.548747 0.231522 0.547702 0.231522 0.546309 0.25652200000000003 0.544916 0.26087 0.5504870000000001 0.26087
1 0.880571 0.225 0.885097 0.225 0.885097 0.22282600000000002 0.883705 0.218478 0.883705 0.203261 0.883357 0.20108700000000002 0.8826599999999999 0.20108700000000002 0.881616 0.20543499999999998 0.8809189999999999 0.21739099999999997 0.879875 0.22282600000000002 0.880571 0.225
1 0.73851 0.216304 0.738162 0.206522 0.737465 0.202174 0.736421 0.2 0.735724 0.213043 0.73468 0.218478 0.7395539999999999 0.218478 0.73851 0.216304
3 0.615947 0.208696 0.614903 0.20760900000000002 0.613858 0.220652 0.616643 0.220652 0.615947 0.215217 0.615947 0.208696
1 0.301184 0.271739 0.300139 0.268478 0.299443 0.252174 0.29805000000000004 0.24673899999999999 0.297354 0.24673899999999999 0.296657 0.252174 0.296309 0.267391 0.294916 0.271739 0.301184 0.271739
1 0.076602 0.280435 0.076602 0.277174 0.075209 0.268478 0.075209 0.26087 0.074513 0.25760900000000003 0.07311999999999999 0.25760900000000003 0.072423 0.261957 0.072075 0.276087 0.071379 0.280435 0.076602 0.280435
1 0.086003 0.259783 0.085306 0.251087 0.083914 0.25 0.083565 0.261957 0.082869 0.267391 0.087396 0.267391 0.086003 0.259783
1 0.143802 0.259783 0.142758 0.253261 0.142758 0.24565199999999998 0.14136500000000002 0.244565 0.140669 0.24782600000000002 0.140669 0.25652200000000003 0.139972 0.26087 0.143802 0.259783
1 0.272632 0.24239099999999997 0.272284 0.233696 0.271588 0.231522 0.270543 0.231522 0.270195 0.244565 0.26915 0.24782600000000002 0.273677 0.24782600000000002 0.272632 0.24239099999999997
1 0.322772 0.24130400000000002 0.321727 0.23478300000000002 0.32137899999999997 0.227174 0.320334 0.227174 0.320334 0.23478300000000002 0.31928999999999996 0.24130400000000002 0.322423 0.24239099999999997 0.322772 0.24130400000000002
1 0.37117 0.22282600000000002 0.36977699999999997 0.220652 0.369429 0.233696 0.36873300000000003 0.236957 0.371866 0.236957 0.37117 0.22282600000000002
3 0.299095 0.236957 0.298398 0.226087 0.297702 0.226087 0.297354 0.23478300000000002 0.296309 0.23913 0.29979100000000003 0.24021699999999999 0.299095 0.236957
3 0.23990300000000003 0.231522 0.23920599999999997 0.231522 0.23816199999999998 0.24565199999999998 0.24129499999999998 0.24565199999999998 0.240599 0.24239099999999997 0.23990300000000003 0.231522
3 0.166086 0.251087 0.166435 0.253261 0.169568 0.252174 0.168524 0.236957 0.167479 0.238043 0.166783 0.24239099999999997 0.166783 0.25 0.166086 0.251087
1 0.80571 0.220652 0.804318 0.203261 0.803621 0.203261 0.802577 0.21413000000000001 0.8011839999999999 0.220652 0.80571 0.220652
1 0.665042 0.209783 0.665042 0.202174 0.663997 0.202174 0.662604 0.219565 0.666086 0.219565 0.666435 0.21739099999999997 0.665042 0.209783
1 0.5884400000000001 0.216304 0.588092 0.20543499999999998 0.587047 0.20543499999999998 0.5866990000000001 0.215217 0.585655 0.221739 0.589485 0.221739 0.5884400000000001 0.216304
1 0.535864 0.208696 0.5348189999999999 0.20760900000000002 0.534471 0.218478 0.533426 0.225 0.536908 0.225 0.535864 0.208696
1 0.477019 0.225 0.47667099999999996 0.21413000000000001 0.47597500000000004 0.211957 0.475279 0.213043 0.47423400000000004 0.22934800000000002 0.47771600000000003 0.228261 0.477019 0.225
1 0.43697800000000003 0.258696 0.435933 0.24130400000000002 0.43454 0.24021699999999999 0.434192 0.253261 0.432799 0.265217 0.438719 0.265217 0.43697800000000003 0.258696
1 0.42548700000000006 0.226087 0.42548700000000006 0.218478 0.425139 0.216304 0.424443 0.216304 0.423747 0.219565 0.42305000000000004 0.231522 0.426184 0.232609 0.42548700000000006 0.226087
1 0.122214 0.280435 0.12117 0.278261 0.119777 0.258696 0.11768799999999999 0.258696 0.11699200000000001 0.27934800000000004 0.115947 0.282609 0.121866 0.282609 0.122214 0.280435
1 0.192897 0.277174 0.192201 0.280435 0.191504 0.280435 0.191504 0.282609 0.196727 0.281522 0.196031 0.25760900000000003 0.195334 0.25543499999999997 0.193942 0.25652200000000003 0.193942 0.259783 0.193245 0.261957 0.192897 0.277174
1 0.21065499999999998 0.238043 0.209262 0.238043 0.209262 0.24673899999999999 0.208217 0.254348 0.212047 0.254348 0.21065499999999998 0.238043