3 0.26149 0.628261 0.258357 0.628261 0.25766 0.6304350000000001 0.257312 0.636957 0.255919 0.640217 0.25383 0.641304 0.25383 0.643478 0.258705 0.646739 0.26949900000000004 0.65 0.277855 0.65 0.281337 0.647826 0.289694 0.63913 0.291435 0.6358699999999999 0.291435 0.633696 0.28830100000000003 0.633696 0.287256 0.629348 0.287256 0.626087 0.283078 0.623913 0.281685 0.6195649999999999 0.275766 0.520652 0.274025 0.518478 0.270543 0.518478 0.263231 0.625 0.26149 0.628261
3 0.480501 0.5195649999999999 0.47876 0.526087 0.47736799999999996 0.526087 0.47736799999999996 0.528261 0.48363500000000004 0.532609 0.49268799999999996 0.532609 0.500348 0.5293479999999999 0.500348 0.526087 0.498259 0.526087 0.497563 0.521739 0.494777 0.5195649999999999 0.490599 0.453261 0.487465 0.453261 0.48676899999999995 0.457609 0.48363500000000004 0.515217 0.48259100000000005 0.5195649999999999 0.480501 0.5195649999999999
3 0.634401 0.48695700000000003 0.633357 0.494565 0.648677 0.49565200000000004 0.649025 0.48804299999999995 0.646936 0.48804299999999995 0.6462399999999999 0.483696 0.643454 0.43260899999999997 0.641017 0.43260899999999997 0.638579 0.459783 0.6371870000000001 0.483696 0.63649 0.48695700000000003 0.634401 0.48695700000000003
3 0.772632 0.48043500000000006 0.772632 0.476087 0.7712399999999999 0.475 0.770543 0.470652 0.76915 0.43804299999999996 0.7681060000000001 0.426087 0.764972 0.425 0.7621870000000001 0.471739 0.759401 0.47282599999999997 0.758705 0.479348 0.772632 0.48043500000000006
3 0.8931060000000001 0.481522 0.8948470000000001 0.483696 0.9063370000000001 0.483696 0.9063370000000001 0.48043500000000006 0.904596 0.478261 0.9038999999999999 0.475 0.901114 0.431522 0.897981 0.431522 0.897284 0.43587 0.895195 0.476087 0.8931060000000001 0.478261 0.8931060000000001 0.481522
1 0.799095 0.66413 0.797354 0.665217 0.797354 0.6673910000000001 0.802577 0.682609 0.8130219999999999 0.68587 0.83461 0.68587 0.8342620000000001 0.681522 0.831825 0.675 0.831825 0.6673910000000001 0.829387 0.661957 0.8272980000000001 0.66087 0.826253 0.656522 0.8199859999999999 0.553261 0.8137190000000001 0.552174 0.8060579999999999 0.652174 0.805362 0.655435 0.800836 0.656522 0.799095 0.66413
1 0.9380219999999999 0.571739 0.937326 0.573913 0.9369780000000001 0.579348 0.9348890000000001 0.580435 0.9348890000000001 0.58587 0.9418519999999999 0.58913 0.950905 0.58913 0.950905 0.497826 0.9484680000000001 0.497826 0.9422010000000001 0.568478 0.941156 0.571739 0.9380219999999999 0.571739
0 0.865947 0.36956500000000003 0.864903 0.36956500000000003 0.864206 0.38152200000000003 0.862813 0.38913000000000003 0.867688 0.38913000000000003 0.865947 0.36956500000000003
0 0.827994 0.36739099999999997 0.825905 0.386957 0.8307800000000001 0.386957 0.8290390000000001 0.36847799999999997 0.827994 0.36739099999999997
0 0.793175 0.383696 0.792131 0.378261 0.791783 0.36847799999999997 0.791086 0.365217 0.79039 0.365217 0.789694 0.36847799999999997 0.789345 0.378261 0.787953 0.383696 0.793175 0.383696
0 0.550836 0.366304 0.549443 0.36086999999999997 0.549095 0.35108700000000004 0.5483979999999999 0.35108700000000004 0.547354 0.365217 0.546657 0.36739099999999997 0.5504870000000001 0.36847799999999997 0.550836 0.366304
0 0.48537600000000003 0.36847799999999997 0.483983 0.358696 0.48363500000000004 0.348913 0.48259100000000005 0.353261 0.48189399999999993 0.36413 0.48085000000000006 0.36847799999999997 0.48537600000000003 0.36847799999999997
0 0.44463800000000003 0.36847799999999997 0.44951299999999994 0.36847799999999997 0.447423 0.347826 0.446727 0.348913 0.44568199999999997 0.36413 0.44463800000000003 0.366304 0.44463800000000003 0.36847799999999997
0 0.9049440000000001 0.384783 0.9049440000000001 0.375 0.9042479999999999 0.371739 0.9032030000000001 0.371739 0.902507 0.383696 0.901114 0.392391 0.9059889999999999 0.392391 0.9049440000000001 0.384783
0 0.514276 0.355435 0.513231 0.352174 0.513231 0.356522 0.51149 0.36956500000000003 0.515669 0.36956500000000003 0.514276 0.355435
0 0.403552 0.36739099999999997 0.401462 0.346739 0.400418 0.35 0.40007000000000004 0.359783 0.398677 0.36739099999999997 0.403552 0.36739099999999997