3 0.5104460000000001 0.43913 0.509749 0.44782599999999995 0.508357 0.494565 0.505919 0.497826 0.504526 0.497826 0.5027860000000001 0.5054350000000001 0.503482 0.516304 0.504526 0.518478 0.529596 0.517391 0.530292 0.516304 0.530292 0.506522 0.529248 0.49891300000000005 0.527855 0.49565200000000004 0.526811 0.49565200000000004 0.526462 0.492391 0.526114 0.49347799999999997 0.525766 0.49130399999999996 0.52507 0.49130399999999996 0.524025 0.48695700000000003 0.524025 0.48043500000000006 0.522632 0.471739 0.521588 0.456522 0.520195 0.446739 0.5181060000000001 0.404348 0.517061 0.4 0.512883 0.4 0.5121870000000001 0.404348 0.51149 0.420652 0.51149 0.433696 0.5104460000000001 0.43913
3 0.379526 0.7445649999999999 0.37883 0.748913 0.37743699999999997 0.7836960000000001 0.375696 0.808696 0.375348 0.846739 0.40668499999999996 0.846739 0.40703300000000003 0.840217 0.404596 0.817391 0.403552 0.8130430000000001 0.403552 0.8 0.400418 0.770652 0.399721 0.757609 0.39832900000000004 0.747826 0.397632 0.734783 0.395891 0.721739 0.395195 0.7076089999999999 0.393454 0.690217 0.392758 0.671739 0.389972 0.668478 0.383357 0.670652 0.381616 0.675 0.381616 0.6913039999999999 0.379526 0.7304350000000001 0.379526 0.7445649999999999
3 0.469359 0.386957 0.468663 0.392391 0.466226 0.395652 0.46483299999999994 0.403261 0.46552899999999997 0.40543500000000005 0.474582 0.40543500000000005 0.482939 0.403261 0.48259100000000005 0.394565 0.48015299999999994 0.393478 0.47910899999999995 0.390217 0.47736799999999996 0.372826 0.47736799999999996 0.366304 0.476323 0.356522 0.476323 0.348913 0.475279 0.334783 0.474582 0.331522 0.471797 0.331522 0.47075199999999995 0.344565 0.47075199999999995 0.353261 0.46970799999999996 0.359783 0.469359 0.386957
3 0.38509699999999997 0.358696 0.384401 0.36086999999999997 0.38405300000000003 0.365217 0.392409 0.366304 0.397284 0.363043 0.397632 0.358696 0.395891 0.356522 0.394847 0.35108700000000004 0.392061 0.31087 0.389624 0.30978300000000003 0.387535 0.333696 0.387535 0.353261 0.38649 0.358696 0.38509699999999997 0.358696
3 0.285864 0.355435 0.29596100000000003 0.355435 0.29805000000000004 0.353261 0.29805000000000004 0.35 0.29596100000000003 0.346739 0.292827 0.30869599999999997 0.290738 0.30869599999999997 0.288997 0.328261 0.288997 0.347826 0.286908 0.35108700000000004 0.285864 0.355435
3 0.172354 0.36413 0.175836 0.365217 0.182103 0.363043 0.182799 0.36086999999999997 0.18070999999999998 0.354348 0.178969 0.325 0.177925 0.320652 0.176184 0.320652 0.175139 0.33260900000000004 0.174443 0.334783 0.174791 0.355435 0.172354 0.36413
3 0.20473499999999997 0.318478 0.20473499999999997 0.320652 0.211003 0.320652 0.211351 0.318478 0.209958 0.313043 0.20856499999999997 0.29239099999999996 0.20682499999999998 0.29239099999999996 0.205432 0.304348 0.205432 0.30978300000000003 0.206128 0.31413 0.20473499999999997 0.318478
1 0.870125 0.39891299999999996 0.869777 0.411957 0.867688 0.43695700000000004 0.866992 0.44021699999999997 0.863162 0.443478 0.8621169999999999 0.452174 0.863162 0.45543500000000003 0.868036 0.46195700000000006 0.871866 0.46195700000000006 0.8725630000000001 0.459783 0.874652 0.459783 0.8756959999999999 0.46195700000000006 0.884749 0.46195700000000006 0.8892760000000001 0.45869600000000005 0.89032 0.456522 0.89032 0.446739 0.8861420000000001 0.44239100000000003 0.884053 0.430435 0.883705 0.41956499999999997 0.8826599999999999 0.41413 0.881267 0.383696 0.880571 0.379348 0.880571 0.36739099999999997 0.8791779999999999 0.352174 0.878482 0.35 0.8739549999999999 0.35 0.873259 0.35108700000000004 0.8722139999999999 0.363043 0.8708220000000001 0.396739 0.870125 0.39891299999999996
1 0.6657379999999999 0.341304 0.666086 0.34565199999999996 0.667131 0.348913 0.6803619999999999 0.348913 0.6803619999999999 0.341304 0.6786209999999999 0.340217 0.677925 0.338043 0.676532 0.325 0.675836 0.322826 0.676184 0.319565 0.674443 0.286957 0.6709609999999999 0.28586999999999996 0.670265 0.29239099999999996 0.668872 0.33260900000000004 0.6674789999999999 0.340217 0.6657379999999999 0.341304
1 0.516713 0.30978300000000003 0.514624 0.31630400000000003 0.514624 0.318478 0.516365 0.320652 0.5254179999999999 0.319565 0.5254179999999999 0.313043 0.523329 0.30978300000000003 0.522284 0.3 0.5212399999999999 0.276087 0.520543 0.272826 0.518802 0.272826 0.5177579999999999 0.280435 0.5177579999999999 0.298913 0.517061 0.302174 0.516713 0.30978300000000003
1 0.37883 0.30869599999999997 0.37743699999999997 0.313043 0.37743699999999997 0.31521699999999997 0.385794 0.31521699999999997 0.386142 0.311957 0.384401 0.307609 0.383705 0.302174 0.38266 0.281522 0.381964 0.278261 0.38022300000000003 0.278261 0.379526 0.28586999999999996 0.379875 0.296739 0.37883 0.304348 0.37883 0.30869599999999997
1 0.24756300000000003 0.328261 0.24617 0.319565 0.24512499999999998 0.29565199999999997 0.244429 0.293478 0.24268800000000001 0.293478 0.241643 0.296739 0.24094699999999997 0.323913 0.239554 0.328261 0.24756300000000003 0.328261
1 0.10410900000000001 0.326087 0.10410900000000001 0.331522 0.10236799999999999 0.338043 0.109331 0.338043 0.11002799999999999 0.33587 0.10724199999999999 0.306522 0.10585 0.306522 0.104805 0.30978300000000003 0.104805 0.321739 0.10410900000000001 0.326087
1 0.064763 0.31521699999999997 0.063719 0.311957 0.06337000000000001 0.296739 0.060933 0.296739 0.060237 0.311957 0.058843999999999994 0.317391 0.064763 0.317391 0.064763 0.31521699999999997
1 0.14623999999999998 0.320652 0.146936 0.31630400000000003 0.14519500000000002 0.305435 0.144847 0.293478 0.142758 0.293478 0.142409 0.311957 0.140669 0.317391 0.140669 0.319565 0.14623999999999998 0.320652
1 0.137883 0.311957 0.142061 0.311957 0.141713 0.30869599999999997 0.142409 0.302174 0.141713 0.301087 0.141713 0.293478 0.141017 0.288043 0.139972 0.288043 0.138928 0.29239099999999996 0.138928 0.305435 0.137883 0.311957
3 0.173398 0.28913 0.172702 0.294565 0.17687999999999998 0.294565 0.175836 0.290217 0.175836 0.282609 0.175139 0.277174 0.174095 0.276087 0.174095 0.27934800000000004 0.172702 0.283696 0.172702 0.286957 0.173398 0.28913
3 0.217618 0.284783 0.21831499999999998 0.286957 0.217618 0.294565 0.2211 0.294565 0.22214499999999998 0.29239099999999996 0.2211 0.286957 0.22005599999999997 0.272826 0.219359 0.272826 0.218663 0.278261 0.217618 0.27934800000000004 0.217618 0.284783
3 0.233983 0.3 0.233983 0.302174 0.23920599999999997 0.301087 0.23816199999999998 0.29565199999999997 0.237813 0.283696 0.236769 0.277174 0.235724 0.277174 0.235724 0.281522 0.23433099999999998 0.28586999999999996 0.23502800000000001 0.296739 0.233983 0.3
0 0.299095 0.29782600000000004 0.305362 0.29782600000000004 0.306058 0.29565199999999997 0.304666 0.291304 0.303969 0.27391299999999996 0.303273 0.270652 0.301532 0.270652 0.301184 0.27934800000000004 0.300487 0.281522 0.300487 0.293478 0.299095 0.29782600000000004
0 0.35375999999999996 0.301087 0.354109 0.29782600000000004 0.352368 0.293478 0.351323 0.28586999999999996 0.350627 0.270652 0.348886 0.268478 0.34784099999999996 0.272826 0.347145 0.29565199999999997 0.345404 0.301087 0.35375999999999996 0.301087
0 0.391713 0.277174 0.392409 0.275 0.391017 0.269565 0.39032 0.253261 0.388579 0.251087 0.387535 0.259783 0.387535 0.269565 0.386142 0.276087 0.391713 0.277174
0 0.439067 0.27391299999999996 0.439067 0.277174 0.44428999999999996 0.277174 0.445334 0.275 0.44463800000000003 0.27391299999999996 0.443593 0.263043 0.443245 0.251087 0.44254899999999997 0.248913 0.441156 0.248913 0.44046 0.253261 0.44046 0.267391 0.439763 0.272826 0.439067 0.27391299999999996
4 0.460306 0.244565 0.45960999999999996 0.23913 0.45891400000000004 0.23913 0.458217 0.24239099999999997 0.457521 0.259783 0.461003 0.259783 0.460306 0.244565
4 0.521936 0.25543499999999997 0.526114 0.254348 0.5254179999999999 0.251087 0.524721 0.23586999999999997 0.524025 0.232609 0.522632 0.238043 0.522632 0.248913 0.521936 0.251087 0.521936 0.25543499999999997
4 0.5501389999999999 0.23913 0.5504870000000001 0.23586999999999997 0.549791 0.23478300000000002 0.549095 0.221739 0.54805 0.220652 0.547702 0.22934800000000002 0.546657 0.236957 0.547354 0.23913 0.5501389999999999 0.23913
4 0.488162 0.24565199999999998 0.488162 0.24239099999999997 0.487465 0.24130400000000002 0.487117 0.22934800000000002 0.485724 0.22934800000000002 0.48502799999999996 0.236957 0.48502799999999996 0.24673899999999999 0.487465 0.24673899999999999 0.488162 0.24565199999999998
4 0.46552899999999997 0.227174 0.46483299999999994 0.227174 0.464136 0.230435 0.463788 0.24239099999999997 0.46657400000000004 0.24239099999999997 0.46552899999999997 0.227174
1 0.108635 0.31087 0.11351 0.31087 0.11281300000000001 0.307609 0.112117 0.291304 0.110376 0.290217 0.10968 0.296739 0.11002799999999999 0.303261 0.109331 0.304348 0.108635 0.31087
3 0.109331 0.28586999999999996 0.10898300000000001 0.283696 0.10759099999999999 0.283696 0.106894 0.29782600000000004 0.10619799999999999 0.302174 0.109331 0.303261 0.109331 0.28586999999999996