3 0.180014 0.6054350000000001 0.180014 0.615217 0.179318 0.620652 0.178621 0.647826 0.177577 0.652174 0.175836 0.653261 0.172354 0.659783 0.170961 0.666304 0.166435 0.670652 0.166086 0.677174 0.170265 0.679348 0.173398 0.6836960000000001 0.180014 0.68587 0.181407 0.688043 0.18453999999999998 0.688043 0.193593 0.682609 0.20856499999999997 0.669565 0.21065499999999998 0.669565 0.211003 0.6673910000000001 0.213092 0.665217 0.216922 0.66413 0.21727 0.66087 0.216574 0.657609 0.21448499999999998 0.657609 0.211351 0.6543479999999999 0.209958 0.65 0.209262 0.6445649999999999 0.207521 0.642391 0.203343 0.642391 0.20264600000000002 0.640217 0.20090499999999997 0.628261 0.199513 0.608696 0.198816 0.606522 0.198816 0.6010869999999999 0.197772 0.5956520000000001 0.196031 0.571739 0.19429000000000002 0.557609 0.193245 0.540217 0.190808 0.518478 0.189415 0.515217 0.186281 0.515217 0.184192 0.517391 0.183148 0.520652 0.181407 0.56087 0.181407 0.579348 0.180014 0.6054350000000001
2 0.773329 0.328261 0.772284 0.344565 0.771588 0.36847799999999997 0.770891 0.371739 0.7698470000000001 0.38587 0.7698470000000001 0.394565 0.768802 0.41086999999999996 0.765669 0.41413 0.76532 0.418478 0.763928 0.422826 0.762535 0.42391300000000004 0.760794 0.428261 0.760794 0.431522 0.776811 0.43587 0.791435 0.43587 0.793175 0.433696 0.794568 0.42934799999999995 0.795265 0.42391300000000004 0.794916 0.420652 0.7928270000000001 0.41413 0.791435 0.41413 0.789345 0.403261 0.787256 0.36086999999999997 0.785864 0.343478 0.785864 0.334783 0.783426 0.31413 0.783426 0.304348 0.782382 0.296739 0.781685 0.27934800000000004 0.779944 0.276087 0.7775070000000001 0.276087 0.776811 0.277174 0.774721 0.303261 0.774373 0.320652 0.773329 0.328261
3 0.731546 0.29239099999999996 0.729805 0.29239099999999996 0.729805 0.29565199999999997 0.7395539999999999 0.296739 0.740947 0.29239099999999996 0.738858 0.28913 0.738162 0.28586999999999996 0.736421 0.24782600000000002 0.734331 0.24782600000000002 0.733635 0.251087 0.732939 0.263043 0.732591 0.286957 0.731546 0.29239099999999996
3 0.6556409999999999 0.272826 0.654248 0.275 0.6538999999999999 0.278261 0.658774 0.278261 0.662604 0.276087 0.662604 0.27391299999999996 0.661212 0.271739 0.660515 0.266304 0.660515 0.25543499999999997 0.659123 0.23913 0.657382 0.23913 0.656685 0.26087 0.655989 0.263043 0.6556409999999999 0.272826
3 0.48363500000000004 0.27391299999999996 0.48363500000000004 0.271739 0.48259100000000005 0.270652 0.48189399999999993 0.266304 0.48085000000000006 0.24673899999999999 0.48015299999999994 0.24239099999999997 0.47876 0.24239099999999997 0.478064 0.24565199999999998 0.47771600000000003 0.265217 0.47597500000000004 0.27391299999999996 0.48363500000000004 0.27391299999999996
3 0.380571 0.284783 0.380919 0.280435 0.379178 0.277174 0.37743699999999997 0.253261 0.375696 0.253261 0.375 0.25760900000000003 0.375 0.270652 0.372911 0.283696 0.380571 0.284783
3 0.26566900000000004 0.301087 0.267061 0.303261 0.27507000000000004 0.301087 0.272632 0.293478 0.270891 0.270652 0.268454 0.270652 0.267758 0.275 0.267758 0.29239099999999996 0.267061 0.29782600000000004 0.26566900000000004 0.301087
3 0.187326 0.322826 0.187674 0.318478 0.185237 0.31630400000000003 0.183148 0.28913 0.180362 0.288043 0.179318 0.31521699999999997 0.177577 0.320652 0.177577 0.322826 0.187326 0.322826
3 0.067897 0.354348 0.076253 0.355435 0.079735 0.353261 0.076602 0.344565 0.076253 0.334783 0.073816 0.31521699999999997 0.071031 0.31413 0.070334 0.322826 0.070334 0.340217 0.068942 0.35108700000000004 0.067897 0.354348
3 0.566504 0.271739 0.5745129999999999 0.270652 0.572423 0.261957 0.572423 0.24782600000000002 0.571727 0.24021699999999999 0.571031 0.238043 0.56929 0.238043 0.568245 0.251087 0.568245 0.266304 0.566852 0.268478 0.566504 0.271739
1 0.141713 0.31521699999999997 0.141713 0.311957 0.141017 0.311957 0.139624 0.305435 0.138928 0.288043 0.138231 0.284783 0.135794 0.28586999999999996 0.135097 0.294565 0.135097 0.30978300000000003 0.134401 0.31521699999999997 0.141713 0.31521699999999997
1 0.24686599999999997 0.29239099999999996 0.253482 0.29239099999999996 0.25383 0.28913 0.25243699999999997 0.28586999999999996 0.25139300000000003 0.27934800000000004 0.25139300000000003 0.270652 0.250696 0.265217 0.25 0.263043 0.24860699999999997 0.263043 0.247911 0.272826 0.247911 0.284783 0.24617 0.290217 0.24686599999999997 0.29239099999999996
1 0.385446 0.266304 0.383357 0.263043 0.383705 0.258696 0.383008 0.25760900000000003 0.383008 0.24565199999999998 0.382312 0.243478 0.380919 0.243478 0.380571 0.259783 0.379526 0.270652 0.38509699999999997 0.270652 0.385446 0.266304
1 0.505919 0.25760900000000003 0.5121870000000001 0.25760900000000003 0.512535 0.254348 0.510794 0.251087 0.509749 0.231522 0.508357 0.22934800000000002 0.507312 0.233696 0.507312 0.251087 0.505919 0.254348 0.505919 0.25760900000000003
1 0.62117 0.253261 0.628134 0.253261 0.628482 0.25 0.627089 0.24782600000000002 0.627089 0.244565 0.626045 0.23913 0.625696 0.22391299999999997 0.623607 0.22282600000000002 0.622563 0.23913 0.622563 0.24782600000000002 0.62117 0.251087 0.62117 0.253261
1 0.741295 0.25652200000000003 0.751393 0.25652200000000003 0.748259 0.251087 0.746866 0.225 0.74617 0.221739 0.744429 0.221739 0.743733 0.22391299999999997 0.743036 0.248913 0.741295 0.254348 0.741295 0.25652200000000003
1 0.857591 0.270652 0.857591 0.272826 0.868036 0.272826 0.868733 0.269565 0.8673400000000001 0.267391 0.866295 0.261957 0.864554 0.22934800000000002 0.862465 0.228261 0.861421 0.231522 0.860028 0.261957 0.8593310000000001 0.266304 0.857591 0.270652
0 0.881964 0.230435 0.889972 0.230435 0.8892760000000001 0.227174 0.888231 0.226087 0.887535 0.219565 0.886838 0.2 0.885097 0.2 0.8844010000000001 0.202174 0.883357 0.22391299999999997 0.881964 0.228261 0.881964 0.230435
0 0.8910170000000001 0.21086999999999997 0.8913650000000001 0.21413000000000001 0.896936 0.211957 0.895543 0.20760900000000002 0.8948470000000001 0.18913 0.892758 0.190217 0.892061 0.198913 0.892061 0.208696 0.8910170000000001 0.21086999999999997
0 0.902507 0.202174 0.902507 0.2 0.901114 0.197826 0.9004179999999999 0.18152200000000002 0.899025 0.182609 0.898329 0.19456500000000002 0.896936 0.202174 0.902507 0.202174
0 0.925139 0.198913 0.925139 0.20108700000000002 0.9310579999999999 0.20108700000000002 0.9310579999999999 0.197826 0.9296659999999999 0.192391 0.929318 0.18152200000000002 0.927577 0.18043499999999998 0.92688 0.190217 0.9261839999999999 0.192391 0.9261839999999999 0.196739 0.925139 0.198913
4 0.920613 0.178261 0.9192199999999999 0.18043499999999998 0.918175 0.19347799999999998 0.9213089999999999 0.19347799999999998 0.920613 0.178261
3 0.663649 0.49891300000000005 0.662953 0.502174 0.658774 0.503261 0.65773 0.506522 0.657033 0.5130429999999999 0.656337 0.515217 0.6538999999999999 0.517391 0.6538999999999999 0.5195649999999999 0.661212 0.526087 0.66539 0.526087 0.6678270000000001 0.528261 0.668175 0.527174 0.668872 0.5293479999999999 0.676532 0.530435 0.677925 0.528261 0.680014 0.5293479999999999 0.685585 0.5239130000000001 0.6862809999999999 0.521739 0.690808 0.5195649999999999 0.690808 0.517391 0.687326 0.515217 0.685933 0.506522 0.681755 0.503261 0.6810579999999999 0.501087 0.6786209999999999 0.459783 0.6786209999999999 0.452174 0.6768799999999999 0.43587 0.676532 0.417391 0.6751389999999999 0.40108699999999997 0.674095 0.396739 0.669916 0.396739 0.668872 0.40543500000000005 0.665042 0.465217 0.66539 0.46956499999999995 0.663649 0.49891300000000005
0 0.868384 0.25 0.866992 0.252174 0.866992 0.25652200000000003 0.8756959999999999 0.25652200000000003 0.876741 0.254348 0.876741 0.252174 0.874652 0.251087 0.8743040000000001 0.243478 0.873259 0.238043 0.872911 0.220652 0.871866 0.21739099999999997 0.8708220000000001 0.21739099999999997 0.869777 0.219565 0.869429 0.23913 0.868384 0.244565 0.868384 0.25
2 0.7942199999999999 0.298913 0.793524 0.31630400000000003 0.795265 0.317391 0.7959609999999999 0.320652 0.799791 0.388043 0.8004870000000001 0.392391 0.8102370000000001 0.393478 0.8116300000000001 0.38913000000000003 0.812674 0.38043499999999997 0.810933 0.38043499999999997 0.8095399999999999 0.375 0.8067550000000001 0.372826 0.8050140000000001 0.340217 0.8046659999999999 0.31630400000000003 0.8032730000000001 0.303261 0.800836 0.25760900000000003 0.797354 0.25652200000000003 0.796309 0.259783 0.795265 0.272826 0.794916 0.294565 0.7942199999999999 0.298913
3 0.790042 0.404348 0.7907379999999999 0.409783 0.7924789999999999 0.41086999999999996 0.80188 0.41086999999999996 0.803969 0.40543500000000005 0.8032730000000001 0.395652 0.80188 0.393478 0.800139 0.393478 0.799095 0.388043 0.79805 0.357609 0.797354 0.353261 0.796657 0.334783 0.795265 0.319565 0.793872 0.317391 0.791086 0.317391 0.790042 0.321739 0.789694 0.342391 0.787953 0.366304 0.790042 0.404348
3 0.787256 0.32717399999999996 0.7865599999999999 0.32934800000000003 0.785515 0.32934800000000003 0.786212 0.336957 0.787256 0.338043 0.789345 0.33587 0.790042 0.318478 0.791086 0.31630400000000003 0.793175 0.31630400000000003 0.794568 0.288043 0.7942199999999999 0.271739 0.791086 0.270652 0.790042 0.277174 0.789345 0.304348 0.7883009999999999 0.30978300000000003 0.787256 0.32717399999999996