1 0.516017 0.557609 0.514972 0.5663039999999999 0.514624 0.581522 0.512883 0.5956520000000001 0.511838 0.6141300000000001 0.511142 0.616304 0.509749 0.633696 0.509053 0.636957 0.508705 0.6489130000000001 0.506267 0.656522 0.503134 0.656522 0.500348 0.668478 0.496866 0.6673910000000001 0.496518 0.671739 0.49721399999999993 0.675 0.500348 0.678261 0.502437 0.684783 0.508357 0.692391 0.509401 0.6913039999999999 0.509749 0.693478 0.530292 0.692391 0.532033 0.690217 0.538649 0.6913039999999999 0.538997 0.68913 0.540042 0.690217 0.5407379999999999 0.68587 0.535864 0.677174 0.535864 0.6673910000000001 0.5330779999999999 0.661957 0.531337 0.661957 0.529596 0.657609 0.529248 0.6543479999999999 0.529248 0.643478 0.5275070000000001 0.618478 0.5275070000000001 0.6 0.526811 0.597826 0.526462 0.578261 0.525766 0.571739 0.5254179999999999 0.540217 0.524721 0.5336960000000001 0.523329 0.531522 0.5181060000000001 0.530435 0.517409 0.532609 0.517061 0.544565 0.516017 0.551087 0.516017 0.557609
1 0.46657400000000004 0.44021699999999997 0.46552899999999997 0.45 0.46552899999999997 0.45869600000000005 0.464485 0.463043 0.464136 0.47282599999999997 0.462047 0.481522 0.46065500000000004 0.481522 0.45891400000000004 0.48586999999999997 0.45891400000000004 0.490217 0.459958 0.49347799999999997 0.46135099999999996 0.494565 0.462047 0.497826 0.470404 0.497826 0.47249299999999994 0.5 0.47736799999999996 0.501087 0.48015299999999994 0.497826 0.481546 0.49347799999999997 0.481546 0.490217 0.48015299999999994 0.48586999999999997 0.47597500000000004 0.48043500000000006 0.47562699999999997 0.454348 0.473538 0.407609 0.47249299999999994 0.404348 0.469359 0.404348 0.46831500000000004 0.407609 0.46831500000000004 0.41304299999999994 0.466922 0.425 0.46657400000000004 0.44021699999999997
1 0.49965200000000004 0.4 0.49860699999999997 0.403261 0.498259 0.41086999999999996 0.49721399999999993 0.415217 0.495474 0.417391 0.494777 0.421739 0.49303600000000003 0.42391300000000004 0.49268799999999996 0.426087 0.503134 0.426087 0.504178 0.428261 0.50766 0.428261 0.509401 0.42391300000000004 0.509401 0.418478 0.50766 0.417391 0.506964 0.415217 0.506964 0.39891299999999996 0.505919 0.383696 0.505919 0.36956500000000003 0.504875 0.359783 0.502437 0.359783 0.500696 0.373913 0.500696 0.383696 0.49965200000000004 0.4
1 0.5518799999999999 0.383696 0.550836 0.386957 0.549443 0.386957 0.548747 0.392391 0.549095 0.394565 0.560585 0.395652 0.560933 0.393478 0.559889 0.392391 0.558496 0.386957 0.558148 0.347826 0.557103 0.343478 0.555014 0.343478 0.5543180000000001 0.34565199999999996 0.553969 0.358696 0.5518799999999999 0.379348 0.5518799999999999 0.383696
1 0.8203340000000001 0.4 0.8189420000000001 0.40217400000000003 0.8189420000000001 0.406522 0.827646 0.407609 0.827646 0.404348 0.826253 0.39891299999999996 0.825905 0.371739 0.8255570000000001 0.36847799999999997 0.8234680000000001 0.36847799999999997 0.822772 0.370652 0.8217269999999999 0.390217 0.821031 0.391304 0.8203340000000001 0.4
1 0.892061 0.390217 0.89032 0.394565 0.89032 0.397826 0.896936 0.39891299999999996 0.896936 0.395652 0.895891 0.391304 0.895891 0.377174 0.895195 0.36847799999999997 0.89415 0.36847799999999997 0.893802 0.373913 0.892409 0.379348 0.892061 0.390217
1 0.86351 0.366304 0.862465 0.356522 0.862465 0.34565199999999996 0.8610720000000001 0.343478 0.860028 0.348913 0.85968 0.357609 0.857939 0.365217 0.86351 0.366304
1 0.839485 0.355435 0.8387879999999999 0.352174 0.83844 0.33587 0.836699 0.338043 0.835655 0.35108700000000004 0.8342620000000001 0.355435 0.839485 0.355435
1 0.810933 0.34565199999999996 0.8098890000000001 0.32717399999999996 0.808844 0.32717399999999996 0.8077989999999999 0.33913000000000004 0.8060579999999999 0.34565199999999996 0.810933 0.34565199999999996
1 0.7907379999999999 0.33913000000000004 0.79039 0.322826 0.789694 0.320652 0.7883009999999999 0.326087 0.787953 0.333696 0.786908 0.33913000000000004 0.7907379999999999 0.33913000000000004
3 0.071031 0.354348 0.070682 0.366304 0.068245 0.388043 0.068245 0.395652 0.067549 0.397826 0.066504 0.418478 0.06337000000000001 0.41956499999999997 0.06163 0.42391300000000004 0.061280999999999995 0.428261 0.058843999999999994 0.42934799999999995 0.058148 0.431522 0.077994 0.43587 0.079387 0.433696 0.081476 0.433696 0.082869 0.431522 0.08948500000000001 0.428261 0.087047 0.426087 0.08565500000000001 0.41956499999999997 0.082869 0.41956499999999997 0.081476 0.41304299999999994 0.081128 0.39891299999999996 0.080084 0.390217 0.079735 0.379348 0.077646 0.354348 0.077646 0.343478 0.076602 0.340217 0.073468 0.33913000000000004 0.071727 0.343478 0.071727 0.353261 0.071031 0.354348
3 0.252786 0.35108700000000004 0.250696 0.352174 0.24965199999999999 0.359783 0.25243699999999997 0.359783 0.25383 0.361957 0.263231 0.36086999999999997 0.263579 0.354348 0.26149 0.354348 0.260794 0.35 0.25905300000000003 0.305435 0.25626699999999997 0.303261 0.254178 0.326087 0.253482 0.344565 0.252786 0.346739 0.252786 0.35108700000000004
3 0.388231 0.333696 0.38509699999999997 0.33913000000000004 0.38509699999999997 0.341304 0.395891 0.341304 0.395891 0.336957 0.39449900000000004 0.336957 0.393802 0.33260900000000004 0.392409 0.298913 0.39066900000000004 0.298913 0.389972 0.30978300000000003 0.388579 0.317391 0.388231 0.333696
3 0.505571 0.33913000000000004 0.513928 0.33913000000000004 0.513928 0.336957 0.512883 0.334783 0.511838 0.304348 0.510097 0.305435 0.508705 0.31630400000000003 0.508357 0.328261 0.505571 0.33913000000000004
3 0.631964 0.35108700000000004 0.633008 0.353261 0.636838 0.353261 0.6371870000000001 0.35108700000000004 0.635794 0.347826 0.635794 0.340217 0.635097 0.33913000000000004 0.635097 0.323913 0.634749 0.320652 0.633357 0.320652 0.632312 0.326087 0.631267 0.341304 0.631964 0.342391 0.631964 0.35108700000000004
3 0.708565 0.363043 0.708565 0.36086999999999997 0.7071729999999999 0.358696 0.7071729999999999 0.35108700000000004 0.706476 0.347826 0.706476 0.331522 0.704387 0.331522 0.702994 0.346739 0.702994 0.36086999999999997 0.703343 0.363043 0.708565 0.363043
1 0.624652 0.384783 0.627437 0.386957 0.634401 0.386957 0.634401 0.383696 0.633357 0.38043499999999997 0.63266 0.353261 0.631616 0.35108700000000004 0.631616 0.342391 0.629526 0.342391 0.627089 0.376087 0.626393 0.379348 0.624652 0.38043499999999997 0.624652 0.384783
1 0.696031 0.390217 0.704735 0.391304 0.703691 0.384783 0.702646 0.35 0.700557 0.35 0.698816 0.373913 0.697423 0.384783 0.696031 0.38587 0.696031 0.390217
3 0.732939 0.36413 0.740251 0.36413 0.739206 0.36086999999999997 0.739206 0.354348 0.738162 0.35108700000000004 0.73851 0.336957 0.738162 0.334783 0.736421 0.334783 0.735376 0.340217 0.734331 0.359783 0.732939 0.36086999999999997 0.732939 0.36413
3 0.75766 0.359783 0.75766 0.363043 0.763928 0.363043 0.763579 0.352174 0.762883 0.35 0.7621870000000001 0.338043 0.761142 0.338043 0.759749 0.352174 0.758705 0.358696 0.75766 0.359783
3 0.759749 0.33913000000000004 0.758705 0.344565 0.760097 0.344565 0.761142 0.336957 0.762535 0.338043 0.762535 0.325 0.760794 0.325 0.760794 0.32934800000000003 0.760097 0.331522 0.759749 0.33913000000000004
3 0.752437 0.33913000000000004 0.751393 0.330435 0.751393 0.319565 0.749652 0.320652 0.748955 0.331522 0.747563 0.338043 0.752437 0.33913000000000004
3 0.719011 0.30978300000000003 0.717618 0.30978300000000003 0.7169220000000001 0.320652 0.715529 0.326087 0.720056 0.32717399999999996 0.719011 0.30978300000000003
3 0.735376 0.33260900000000004 0.735028 0.325 0.733983 0.318478 0.733983 0.313043 0.732939 0.31413 0.7322420000000001 0.325 0.73085 0.33260900000000004 0.735376 0.33260900000000004
3 0.696727 0.319565 0.700557 0.319565 0.700557 0.31413 0.6995129999999999 0.31087 0.6998610000000001 0.304348 0.698816 0.304348 0.6981200000000001 0.307609 0.697772 0.31521699999999997 0.696727 0.319565
1 0.766365 0.326087 0.766365 0.31630400000000003 0.764972 0.31521699999999997 0.764276 0.326087 0.763231 0.330435 0.767061 0.331522 0.766365 0.326087
3 0.67305 0.30978300000000003 0.672702 0.29782600000000004 0.672006 0.29565199999999997 0.671309 0.29565199999999997 0.670613 0.298913 0.669568 0.30978300000000003 0.67305 0.30978300000000003
1 0.8774369999999999 0.330435 0.8760450000000001 0.33260900000000004 0.874652 0.344565 0.878134 0.344565 0.8774369999999999 0.330435
1 0.9387190000000001 0.358696 0.9380219999999999 0.343478 0.9366300000000001 0.344565 0.9366300000000001 0.347826 0.9345399999999999 0.358696 0.9387190000000001 0.358696
1 0.880571 0.4 0.878482 0.407609 0.88649 0.40869600000000006 0.885097 0.40543500000000005 0.885097 0.386957 0.883705 0.379348 0.883705 0.376087 0.882312 0.376087 0.882312 0.38043499999999997 0.881616 0.38152200000000003 0.8809189999999999 0.386957 0.880571 0.4
1 0.881964 0.377174 0.881964 0.373913 0.885097 0.377174 0.884053 0.370652 0.883705 0.353261 0.881616 0.354348 0.8809189999999999 0.36739099999999997 0.8791779999999999 0.377174 0.881964 0.377174
3 0.766017 0.353261 0.764624 0.357609 0.770891 0.357609 0.7694989999999999 0.348913 0.76915 0.33260900000000004 0.7677579999999999 0.33260900000000004 0.7677579999999999 0.336957 0.766713 0.342391 0.766017 0.353261
3 0.770891 0.330435 0.76915 0.330435 0.770195 0.352174 0.772284 0.353261 0.770891 0.342391 0.770891 0.330435