3 0.264276 0.629348 0.262187 0.632609 0.261838 0.636957 0.260794 0.640217 0.258705 0.642391 0.258357 0.645652 0.262187 0.65 0.271588 0.6543479999999999 0.278203 0.6543479999999999 0.279944 0.652174 0.28830100000000003 0.65 0.294916 0.645652 0.296657 0.642391 0.296657 0.6380429999999999 0.292479 0.636957 0.291783 0.6304350000000001 0.287953 0.628261 0.287256 0.625 0.279596 0.521739 0.274373 0.521739 0.273677 0.526087 0.267409 0.625 0.266017 0.629348 0.264276 0.629348
3 0.085306 0.528261 0.083565 0.5293479999999999 0.083565 0.531522 0.088788 0.534783 0.10236799999999999 0.534783 0.10410900000000001 0.532609 0.112117 0.530435 0.112117 0.527174 0.11002799999999999 0.527174 0.10898300000000001 0.520652 0.10515300000000001 0.517391 0.09992999999999999 0.444565 0.095752 0.443478 0.089833 0.518478 0.089136 0.520652 0.087047 0.520652 0.085306 0.528261
3 0.053620999999999995 0.357609 0.052577 0.356522 0.051532 0.333696 0.049443 0.333696 0.048747 0.338043 0.048747 0.36086999999999997 0.053620999999999995 0.36086999999999997 0.053620999999999995 0.357609
3 0.132312 0.372826 0.132312 0.36847799999999997 0.131267 0.36847799999999997 0.130571 0.365217 0.129526 0.343478 0.127786 0.343478 0.12604500000000002 0.36739099999999997 0.12465200000000001 0.36847799999999997 0.12465200000000001 0.372826 0.132312 0.372826
3 0.22980499999999998 0.384783 0.22980499999999998 0.38043499999999997 0.22876 0.379348 0.228064 0.375 0.227019 0.353261 0.22493 0.352174 0.22353800000000001 0.376087 0.221448 0.38260900000000003 0.22179700000000002 0.384783 0.22980499999999998 0.384783
3 0.36351 0.393478 0.36351 0.390217 0.362117 0.386957 0.361769 0.38260900000000003 0.361769 0.36956500000000003 0.361072 0.36086999999999997 0.35933099999999996 0.36086999999999997 0.357242 0.388043 0.356198 0.390217 0.356198 0.393478 0.36351 0.393478
3 0.502089 0.40217400000000003 0.508008 0.40108699999999997 0.508008 0.384783 0.506964 0.36956500000000003 0.505223 0.36956500000000003 0.503134 0.396739 0.502089 0.39891299999999996 0.502089 0.40217400000000003
3 0.604457 0.41630399999999995 0.612465 0.41630399999999995 0.612465 0.41304299999999994 0.611072 0.409783 0.60968 0.38152200000000003 0.607591 0.38152200000000003 0.606198 0.407609 0.6055010000000001 0.411957 0.604457 0.411957 0.604457 0.41630399999999995
3 0.7395539999999999 0.433696 0.749652 0.433696 0.749652 0.428261 0.7472139999999999 0.42717400000000005 0.745822 0.391304 0.743036 0.391304 0.741643 0.422826 0.740599 0.42717400000000005 0.7395539999999999 0.42717400000000005 0.7395539999999999 0.433696
3 0.913649 0.46195700000000006 0.9146940000000001 0.46413000000000004 0.928969 0.46413000000000004 0.929318 0.46087 0.9279249999999999 0.457609 0.9261839999999999 0.457609 0.925139 0.454348 0.922354 0.409783 0.9192199999999999 0.409783 0.916783 0.45 0.916086 0.454348 0.913997 0.456522 0.913649 0.46195700000000006
1 0.8739549999999999 0.536957 0.8739549999999999 0.540217 0.8760450000000001 0.543478 0.882312 0.543478 0.8878830000000001 0.546739 0.895543 0.546739 0.899373 0.541304 0.899373 0.536957 0.8931060000000001 0.530435 0.892061 0.526087 0.888579 0.468478 0.8878830000000001 0.46630399999999994 0.883705 0.46630399999999994 0.880571 0.528261 0.876741 0.5293479999999999 0.875348 0.53587 0.8739549999999999 0.536957
1 0.7075210000000001 0.608696 0.706825 0.61087 0.706476 0.616304 0.704735 0.616304 0.7040390000000001 0.618478 0.715529 0.631522 0.727368 0.631522 0.7378129999999999 0.628261 0.737465 0.626087 0.733635 0.622826 0.732939 0.616304 0.7318939999999999 0.613043 0.728064 0.608696 0.723886 0.517391 0.717967 0.516304 0.712396 0.603261 0.711351 0.607609 0.7092620000000001 0.606522 0.7075210000000001 0.608696
1 0.641017 0.467391 0.653203 0.468478 0.653203 0.465217 0.651462 0.46413000000000004 0.650766 0.459783 0.649373 0.41630399999999995 0.646588 0.41630399999999995 0.645891 0.420652 0.643454 0.459783 0.641017 0.46087 0.641017 0.467391
1 0.539345 0.5 0.5383009999999999 0.501087 0.544568 0.506522 0.5577989999999999 0.5054350000000001 0.5577989999999999 0.501087 0.5560579999999999 0.501087 0.5553619999999999 0.49565200000000004 0.552925 0.49347799999999997 0.549443 0.43587 0.546657 0.43587 0.543175 0.49130399999999996 0.5424789999999999 0.494565 0.5407379999999999 0.494565 0.539345 0.5
1 0.504526 0.43695700000000004 0.506616 0.43913 0.514624 0.43913 0.514624 0.43260899999999997 0.513231 0.43260899999999997 0.512535 0.428261 0.510794 0.394565 0.509053 0.394565 0.506964 0.42717400000000005 0.505919 0.43260899999999997 0.504526 0.433696 0.504526 0.43695700000000004
1 0.397284 0.420652 0.40668499999999996 0.420652 0.40668499999999996 0.417391 0.404596 0.41413 0.4039 0.41086999999999996 0.402159 0.379348 0.400418 0.379348 0.39832900000000004 0.41413 0.396936 0.415217 0.39624000000000004 0.418478 0.397284 0.420652
1 0.361072 0.470652 0.364554 0.47282599999999997 0.376741 0.471739 0.376741 0.467391 0.375696 0.46413000000000004 0.37360699999999997 0.46195700000000006 0.370822 0.409783 0.368036 0.409783 0.365251 0.459783 0.364554 0.463043 0.362117 0.463043 0.361072 0.470652
1 0.25383 0.40869600000000006 0.263231 0.409783 0.263231 0.404348 0.262187 0.404348 0.26149 0.39891299999999996 0.26009699999999997 0.36956500000000003 0.258008 0.36956500000000003 0.256616 0.4 0.255919 0.403261 0.25383 0.404348 0.25383 0.40869600000000006
1 0.194638 0.446739 0.193593 0.446739 0.193593 0.448913 0.208914 0.45 0.20961 0.448913 0.20961 0.44565200000000005 0.20856499999999997 0.44239100000000003 0.206128 0.44021699999999997 0.204039 0.394565 0.200557 0.394565 0.197772 0.43804299999999996 0.196727 0.44239100000000003 0.195682 0.44239100000000003 0.194638 0.446739
1 0.148329 0.39891299999999996 0.15772999999999998 0.4 0.15772999999999998 0.395652 0.15668500000000002 0.393478 0.155989 0.388043 0.154248 0.359783 0.151811 0.359783 0.150418 0.38913000000000003 0.149373 0.393478 0.148329 0.394565 0.148329 0.39891299999999996