1 0.706128 0.516304 0.7057800000000001 0.5195649999999999 0.704735 0.520652 0.705084 0.526087 0.710306 0.5293479999999999 0.725279 0.528261 0.725279 0.525 0.723538 0.522826 0.721797 0.517391 0.720404 0.517391 0.719708 0.515217 0.718315 0.496739 0.716226 0.456522 0.7134400000000001 0.456522 0.712396 0.46087 0.7092620000000001 0.5108699999999999 0.707869 0.516304 0.706128 0.516304
1 0.666086 0.465217 0.6657379999999999 0.471739 0.668175 0.475 0.678273 0.475 0.678273 0.471739 0.675836 0.46630399999999994 0.673747 0.441304 0.6733979999999999 0.42391300000000004 0.671309 0.422826 0.670265 0.428261 0.6678270000000001 0.463043 0.667131 0.465217 0.666086 0.465217
1 0.833914 0.463043 0.833217 0.467391 0.831476 0.470652 0.831476 0.47391300000000003 0.83461 0.478261 0.842967 0.47717400000000004 0.8433149999999999 0.47282599999999997 0.8415739999999999 0.468478 0.8405290000000001 0.46195700000000006 0.8391360000000001 0.430435 0.838092 0.428261 0.836699 0.428261 0.835655 0.431522 0.835655 0.43913 0.834958 0.44239100000000003 0.833914 0.463043
1 0.751393 0.44021699999999997 0.754178 0.44239100000000003 0.759053 0.441304 0.759401 0.43695700000000004 0.758357 0.43478300000000003 0.756616 0.404348 0.754875 0.403261 0.753482 0.415217 0.7527860000000001 0.43260899999999997 0.751393 0.43587 0.751393 0.44021699999999997
3 0.920265 0.45 0.923747 0.453261 0.928969 0.453261 0.929318 0.448913 0.9282730000000001 0.446739 0.925836 0.411957 0.924095 0.411957 0.9230499999999999 0.417391 0.9216570000000001 0.441304 0.920265 0.44565200000000005 0.920265 0.45
3 0.8116300000000001 0.41956499999999997 0.8147629999999999 0.421739 0.8185930000000001 0.420652 0.8165039999999999 0.40543500000000005 0.815808 0.390217 0.814415 0.390217 0.8130219999999999 0.40108699999999997 0.812674 0.41304299999999994 0.8116300000000001 0.41630399999999995 0.8116300000000001 0.41956499999999997
3 0.408774 0.527174 0.407382 0.532609 0.406337 0.532609 0.40494399999999997 0.53587 0.404596 0.545652 0.423398 0.546739 0.424443 0.544565 0.424443 0.53587 0.42305000000000004 0.534783 0.421657 0.527174 0.418175 0.459783 0.413997 0.45869600000000005 0.41260399999999997 0.46413000000000004 0.411212 0.501087 0.409123 0.518478 0.408774 0.527174
3 0.447075 0.46195700000000006 0.447075 0.465217 0.453343 0.470652 0.45543199999999995 0.470652 0.459262 0.46630399999999994 0.45960999999999996 0.46195700000000006 0.458565 0.459783 0.458217 0.44782599999999995 0.456476 0.42717400000000005 0.456128 0.411957 0.455084 0.409783 0.453343 0.409783 0.45194999999999996 0.41956499999999997 0.449861 0.453261 0.449164 0.457609 0.447075 0.46195700000000006
3 0.405641 0.40869600000000006 0.40598900000000004 0.40543500000000005 0.40424800000000005 0.40108699999999997 0.4039 0.384783 0.402855 0.372826 0.401462 0.371739 0.399373 0.4 0.397632 0.406522 0.401462 0.409783 0.405641 0.40869600000000006
3 0.642061 0.394565 0.6427579999999999 0.395652 0.647284 0.394565 0.647284 0.392391 0.645891 0.388043 0.645195 0.371739 0.64415 0.372826 0.6431060000000001 0.38913000000000003 0.642061 0.391304 0.642061 0.394565
3 0.725279 0.38043499999999997 0.723886 0.38043499999999997 0.721448 0.40543500000000005 0.727368 0.40543500000000005 0.726323 0.39891299999999996 0.725279 0.38043499999999997
3 0.295613 0.393478 0.294916 0.393478 0.295265 0.396739 0.30188000000000004 0.397826 0.302925 0.395652 0.302925 0.393478 0.30188000000000004 0.390217 0.301532 0.375 0.300487 0.361957 0.29979100000000003 0.359783 0.299095 0.359783 0.29805000000000004 0.36413 0.296309 0.390217 0.295613 0.393478
3 0.198468 0.376087 0.198468 0.378261 0.205432 0.379348 0.205432 0.377174 0.204387 0.375 0.203343 0.346739 0.201602 0.344565 0.200209 0.354348 0.199861 0.372826 0.199164 0.376087 0.198468 0.376087
1 0.361072 0.344565 0.358635 0.36739099999999997 0.363858 0.36847799999999997 0.362117 0.34565199999999996 0.361072 0.344565
1 0.649025 0.443478 0.65007 0.44565200000000005 0.659123 0.44565200000000005 0.656685 0.43804299999999996 0.654944 0.40869600000000006 0.653552 0.406522 0.651462 0.421739 0.650766 0.43695700000000004 0.649025 0.44021699999999997 0.649025 0.443478
1 0.653552 0.404348 0.654248 0.404348 0.6556409999999999 0.40869600000000006 0.655989 0.41413 0.65773 0.41413 0.656337 0.40543500000000005 0.655292 0.384783 0.654248 0.384783 0.651462 0.41304299999999994 0.6521589999999999 0.411957 0.6525070000000001 0.407609 0.653552 0.404348
1 0.581476 0.39891299999999996 0.581476 0.396739 0.5807800000000001 0.394565 0.579387 0.372826 0.578691 0.372826 0.577298 0.392391 0.575905 0.397826 0.580084 0.4 0.581476 0.39891299999999996
3 0.577646 0.38260900000000003 0.577994 0.373913 0.579387 0.371739 0.578691 0.36413 0.577994 0.36413 0.577298 0.375 0.575905 0.383696 0.577646 0.38260900000000003
1 0.508705 0.40108699999999997 0.50766 0.397826 0.505919 0.371739 0.505223 0.371739 0.502437 0.40108699999999997 0.50383 0.403261 0.508357 0.403261 0.508705 0.40108699999999997
1 0.513928 0.361957 0.513231 0.361957 0.510794 0.386957 0.516017 0.386957 0.514624 0.365217 0.513928 0.361957
3 0.479457 0.373913 0.483983 0.373913 0.482242 0.353261 0.48085000000000006 0.357609 0.48015299999999994 0.36739099999999997 0.47910899999999995 0.371739 0.479457 0.373913
1 0.417479 0.388043 0.416435 0.384783 0.415738 0.361957 0.413997 0.361957 0.412953 0.38152200000000003 0.41156 0.38913000000000003 0.41713100000000003 0.390217 0.417479 0.388043
1 0.424095 0.377174 0.42931800000000003 0.378261 0.427577 0.353261 0.426532 0.353261 0.425836 0.357609 0.425139 0.372826 0.424095 0.375 0.424095 0.377174
3 0.395195 0.357609 0.395195 0.348913 0.39449900000000004 0.344565 0.393802 0.344565 0.392758 0.35 0.391713 0.363043 0.39624000000000004 0.36413 0.395195 0.357609
1 0.326602 0.378261 0.333217 0.379348 0.332173 0.375 0.331128 0.352174 0.329735 0.35108700000000004 0.328343 0.359783 0.327646 0.372826 0.326602 0.375 0.326602 0.378261
3 0.143106 0.36413 0.15006999999999998 0.365217 0.14902500000000002 0.358696 0.147981 0.336957 0.147284 0.333696 0.146588 0.333696 0.145543 0.336957 0.144499 0.357609 0.143106 0.361957 0.143106 0.36413
1 0.251045 0.356522 0.25 0.338043 0.24895499999999998 0.338043 0.24617 0.363043 0.252089 0.36413 0.252089 0.36086999999999997 0.251045 0.356522
3 0.324513 0.354348 0.328691 0.353261 0.327298 0.333696 0.325905 0.338043 0.32520899999999997 0.346739 0.324164 0.35108700000000004 0.324513 0.354348
1 0.289345 0.354348 0.288649 0.353261 0.287604 0.334783 0.286212 0.334783 0.285167 0.35 0.284123 0.356522 0.289345 0.357609 0.289345 0.354348
3 0.266713 0.344565 0.270543 0.344565 0.26915 0.32717399999999996 0.268454 0.328261 0.268106 0.333696 0.266365 0.342391 0.266713 0.344565
1 0.223189 0.348913 0.22736800000000001 0.348913 0.22667099999999998 0.343478 0.226323 0.32934800000000003 0.22562700000000002 0.325 0.224582 0.32717399999999996 0.22353800000000001 0.343478 0.22284099999999998 0.346739 0.223189 0.348913
3 0.10236799999999999 0.356522 0.108287 0.355435 0.10585 0.328261 0.10515300000000001 0.32934800000000003 0.103064 0.348913 0.102019 0.352174 0.10236799999999999 0.356522
1 0.109331 0.344565 0.11002799999999999 0.346739 0.114903 0.346739 0.11385799999999999 0.33913000000000004 0.11385799999999999 0.330435 0.11316200000000001 0.322826 0.112465 0.322826 0.11142099999999999 0.326087 0.110376 0.342391 0.109331 0.344565
3 0.23154599999999997 0.322826 0.22980499999999998 0.338043 0.23363499999999998 0.338043 0.232591 0.323913 0.23154599999999997 0.322826
1 0.190111 0.348913 0.189067 0.32934800000000003 0.187674 0.32934800000000003 0.185237 0.353261 0.19046000000000002 0.353261 0.190808 0.35108700000000004 0.190111 0.348913
1 0.7924789999999999 0.555435 0.791783 0.568478 0.7907379999999999 0.572826 0.789345 0.6 0.787604 0.61087 0.787604 0.6195649999999999 0.7851670000000001 0.625 0.782382 0.625 0.781337 0.631522 0.778552 0.631522 0.778203 0.6358699999999999 0.780292 0.634783 0.782033 0.6380429999999999 0.784471 0.63913 0.7907379999999999 0.646739 0.812674 0.646739 0.812674 0.642391 0.8112809999999999 0.642391 0.8095399999999999 0.63913 0.8081480000000001 0.631522 0.8046659999999999 0.628261 0.804318 0.6195649999999999 0.8032730000000001 0.613043 0.802577 0.5826089999999999 0.80188 0.578261 0.799095 0.534783 0.793872 0.53587 0.793872 0.545652 0.793175 0.548913 0.793175 0.553261 0.7924789999999999 0.555435
1 0.591574 0.417391 0.5943590000000001 0.41956499999999997 0.598538 0.418478 0.599234 0.41630399999999995 0.5978410000000001 0.41304299999999994 0.5961000000000001 0.384783 0.595056 0.384783 0.593663 0.406522 0.592967 0.411957 0.591574 0.41413 0.591574 0.417391
3 0.300836 0.71087 0.29979100000000003 0.727174 0.298398 0.734783 0.298398 0.745652 0.297006 0.7554350000000001 0.297006 0.767391 0.29596100000000003 0.782609 0.293872 0.786957 0.289345 0.7923910000000001 0.287953 0.7978259999999999 0.28656000000000004 0.8 0.285864 0.8043480000000001 0.286212 0.817391 0.28447100000000003 0.8239129999999999 0.28447100000000003 0.8293480000000001 0.285864 0.832609 0.302228 0.832609 0.322772 0.8380430000000001 0.328343 0.836957 0.330432 0.833696 0.330432 0.831522 0.334262 0.821739 0.334262 0.816304 0.333217 0.8130430000000001 0.33286899999999997 0.7978259999999999 0.332173 0.7923910000000001 0.329735 0.78587 0.325905 0.78587 0.32520899999999997 0.782609 0.324164 0.747826 0.320682 0.71413 0.319986 0.695652 0.317897 0.6728259999999999 0.31754899999999997 0.66087 0.31545999999999996 0.642391 0.31545999999999996 0.634783 0.31371899999999997 0.6304350000000001 0.308844 0.6304350000000001 0.30745100000000003 0.634783 0.304318 0.661957 0.302228 0.7 0.300836 0.71087