3 0.39066900000000004 0.731522 0.389972 0.733696 0.389624 0.745652 0.387883 0.7608699999999999 0.385446 0.807609 0.384749 0.8108700000000001 0.381964 0.8130430000000001 0.376741 0.8206519999999999 0.375696 0.831522 0.375696 0.846739 0.422702 0.846739 0.423747 0.8391299999999999 0.423747 0.828261 0.422702 0.8228260000000001 0.419916 0.816304 0.415042 0.8130430000000001 0.413997 0.8141299999999999 0.413301 0.8108700000000001 0.40529200000000004 0.656522 0.404596 0.653261 0.39624000000000004 0.6543479999999999 0.395195 0.656522 0.392409 0.703261 0.391713 0.706522 0.39066900000000004 0.731522
3 0.581825 0.596739 0.5919220000000001 0.597826 0.595056 0.6 0.603412 0.598913 0.604457 0.596739 0.604457 0.584783 0.603412 0.583696 0.602716 0.580435 0.598189 0.504348 0.5974929999999999 0.5 0.593315 0.5 0.59227 0.507609 0.587047 0.581522 0.584958 0.583696 0.581825 0.596739
3 0.6946380000000001 0.516304 0.7016020000000001 0.516304 0.702646 0.51413 0.702646 0.509783 0.700209 0.506522 0.6963790000000001 0.448913 0.692549 0.448913 0.6887190000000001 0.5054350000000001 0.6862809999999999 0.506522 0.6862809999999999 0.5130429999999999 0.6946380000000001 0.516304
3 0.747911 0.47717400000000004 0.753482 0.48043500000000006 0.761142 0.479348 0.761142 0.475 0.759401 0.470652 0.758705 0.46630399999999994 0.75766 0.43913 0.756964 0.43587 0.756616 0.428261 0.753134 0.428261 0.750696 0.468478 0.75 0.471739 0.747911 0.47282599999999997 0.747911 0.47717400000000004
3 0.800836 0.45 0.800836 0.446739 0.799443 0.441304 0.79805 0.41413 0.797006 0.41086999999999996 0.795613 0.41086999999999996 0.794916 0.41413 0.7928270000000001 0.44239100000000003 0.7907379999999999 0.448913 0.800836 0.45
3 0.8220750000000001 0.43260899999999997 0.824861 0.43478300000000003 0.830084 0.43478300000000003 0.8307800000000001 0.430435 0.829387 0.422826 0.827994 0.40108699999999997 0.825905 0.40108699999999997 0.8238160000000001 0.426087 0.82312 0.42934799999999995 0.8220750000000001 0.430435 0.8220750000000001 0.43260899999999997
3 0.8690810000000001 0.425 0.8673400000000001 0.41630399999999995 0.865947 0.396739 0.864206 0.397826 0.862465 0.41956499999999997 0.861421 0.421739 0.861421 0.42391300000000004 0.8690810000000001 0.425
3 0.87883 0.38260900000000003 0.878134 0.378261 0.876741 0.378261 0.874652 0.394565 0.879526 0.395652 0.87883 0.391304 0.87883 0.38260900000000003
3 0.8029249999999999 0.40869600000000006 0.8011839999999999 0.384783 0.799443 0.384783 0.79805 0.404348 0.797354 0.40543500000000005 0.797354 0.407609 0.8029249999999999 0.40869600000000006
3 0.73085 0.397826 0.729805 0.391304 0.729457 0.377174 0.729109 0.375 0.727716 0.373913 0.7270190000000001 0.377174 0.726323 0.393478 0.725627 0.397826 0.73085 0.397826
3 0.665042 0.38043499999999997 0.663997 0.365217 0.662256 0.365217 0.661212 0.38152200000000003 0.6601670000000001 0.38587 0.666435 0.38587 0.665042 0.38043499999999997
3 0.697423 0.36413 0.696727 0.354348 0.695334 0.354348 0.6939420000000001 0.36847799999999997 0.697772 0.36956500000000003 0.6981200000000001 0.36739099999999997 0.697423 0.36413
3 0.626393 0.36086999999999997 0.624652 0.359783 0.622911 0.370652 0.622911 0.376087 0.627437 0.377174 0.626393 0.36086999999999997
3 0.598538 0.36956500000000003 0.5974929999999999 0.363043 0.597145 0.354348 0.595056 0.353261 0.5943590000000001 0.366304 0.593315 0.370652 0.598189 0.371739 0.598538 0.36956500000000003
3 0.5383009999999999 0.35108700000000004 0.536908 0.35 0.534471 0.36739099999999997 0.540042 0.36739099999999997 0.538997 0.36413 0.5383009999999999 0.35108700000000004
3 0.516365 0.370652 0.51532 0.366304 0.513928 0.352174 0.512883 0.352174 0.511838 0.36739099999999997 0.511142 0.36847799999999997 0.511142 0.370652 0.516365 0.370652
3 0.501741 0.383696 0.5 0.361957 0.498259 0.361957 0.496866 0.38260900000000003 0.496866 0.391304 0.501741 0.391304 0.501741 0.383696
3 0.45194999999999996 0.40108699999999997 0.45194999999999996 0.403261 0.46065500000000004 0.403261 0.45960999999999996 0.397826 0.45786899999999997 0.370652 0.455084 0.36956500000000003 0.454039 0.379348 0.45369099999999996 0.394565 0.452994 0.39891299999999996 0.45194999999999996 0.40108699999999997
3 0.358983 0.40869600000000006 0.358983 0.411957 0.369081 0.41304299999999994 0.370474 0.41086999999999996 0.368036 0.40108699999999997 0.366295 0.371739 0.363162 0.371739 0.362465 0.376087 0.361072 0.406522 0.360376 0.40869600000000006 0.358983 0.40869600000000006
3 0.163649 0.421739 0.177228 0.421739 0.17687999999999998 0.417391 0.175139 0.41086999999999996 0.17304999999999998 0.372826 0.16921999999999998 0.372826 0.166783 0.40543500000000005 0.16538999999999998 0.41304299999999994 0.163649 0.417391 0.163649 0.421739
1 0.9032030000000001 0.38587 0.901114 0.38587 0.9004179999999999 0.397826 0.899373 0.40543500000000005 0.9042479999999999 0.40543500000000005 0.9032030000000001 0.38587
1 0.885097 0.38913000000000003 0.8826599999999999 0.411957 0.8889279999999999 0.411957 0.887187 0.38913000000000003 0.885097 0.38913000000000003
1 0.826253 0.390217 0.825905 0.376087 0.8234680000000001 0.376087 0.82312 0.38913000000000003 0.822423 0.393478 0.8269500000000001 0.393478 0.826253 0.390217
1 0.8133699999999999 0.396739 0.8130219999999999 0.38043499999999997 0.810933 0.38043499999999997 0.8102370000000001 0.395652 0.8095399999999999 0.39891299999999996 0.814067 0.4 0.8133699999999999 0.396739
1 0.772284 0.38152200000000003 0.771936 0.36847799999999997 0.7698470000000001 0.36847799999999997 0.76915 0.38152200000000003 0.768454 0.384783 0.7729809999999999 0.384783 0.772284 0.38152200000000003
1 0.746518 0.372826 0.745822 0.38913000000000003 0.748607 0.38913000000000003 0.748259 0.372826 0.746518 0.372826
1 0.7148329999999999 0.375 0.713788 0.36847799999999997 0.713788 0.361957 0.712396 0.361957 0.711351 0.371739 0.711351 0.377174 0.714136 0.377174 0.7148329999999999 0.375
1 0.689067 0.363043 0.687326 0.363043 0.6862809999999999 0.36739099999999997 0.6862809999999999 0.379348 0.689763 0.379348 0.689067 0.363043
1 0.6674789999999999 0.36413 0.6674789999999999 0.355435 0.66539 0.355435 0.665042 0.36956500000000003 0.668175 0.36956500000000003 0.668524 0.36739099999999997 0.6674789999999999 0.36413
1 0.6448470000000001 0.36739099999999997 0.64415 0.354348 0.642409 0.354348 0.642409 0.36739099999999997 0.641713 0.370652 0.645543 0.370652 0.6448470000000001 0.36739099999999997
1 0.267409 0.384783 0.26532 0.356522 0.262883 0.356522 0.259749 0.388043 0.268106 0.388043 0.268106 0.38587 0.267409 0.384783
1 0.358287 0.38587 0.357591 0.38152200000000003 0.356546 0.359783 0.354457 0.359783 0.352716 0.38152200000000003 0.35167099999999996 0.383696 0.35167099999999996 0.38587 0.358287 0.38587
1 0.388231 0.375 0.387535 0.359783 0.385446 0.358696 0.383357 0.378261 0.388928 0.378261 0.388928 0.376087 0.388231 0.375