3 0.428273 0.43804299999999996 0.42722800000000005 0.43913 0.426532 0.443478 0.43697800000000003 0.443478 0.43697800000000003 0.441304 0.435585 0.43913 0.43488899999999997 0.43587 0.432799 0.39891299999999996 0.43071000000000004 0.39891299999999996 0.430014 0.403261 0.429666 0.417391 0.428273 0.431522 0.428273 0.43804299999999996
3 0.452994 0.41086999999999996 0.452994 0.41304299999999994 0.461003 0.41304299999999994 0.461003 0.41086999999999996 0.460306 0.41086999999999996 0.45960999999999996 0.407609 0.458217 0.38043499999999997 0.456476 0.379348 0.45543199999999995 0.38913000000000003 0.454735 0.40869600000000006 0.454039 0.41086999999999996 0.452994 0.41086999999999996
3 0.47876 0.395652 0.47876 0.393478 0.47771600000000003 0.391304 0.47771600000000003 0.386957 0.477019 0.383696 0.477019 0.36956500000000003 0.476323 0.36739099999999997 0.475279 0.36739099999999997 0.473538 0.391304 0.472145 0.393478 0.472145 0.395652 0.47876 0.395652
3 0.500696 0.371739 0.503134 0.370652 0.503482 0.352174 0.5027860000000001 0.352174 0.502089 0.356522 0.502089 0.363043 0.500696 0.371739
1 0.740599 0.581522 0.739903 0.584783 0.739903 0.590217 0.738162 0.607609 0.737465 0.631522 0.736421 0.6358699999999999 0.736421 0.6445649999999999 0.733287 0.645652 0.731198 0.6489130000000001 0.7305010000000001 0.657609 0.7322420000000001 0.66413 0.733983 0.665217 0.73468 0.6673910000000001 0.758357 0.6673910000000001 0.7604460000000001 0.66087 0.760794 0.6543479999999999 0.759053 0.65 0.754875 0.6489130000000001 0.75383 0.642391 0.753482 0.621739 0.7527860000000001 0.618478 0.752089 0.5913039999999999 0.750696 0.578261 0.750696 0.565217 0.75 0.561957 0.749652 0.545652 0.748259 0.540217 0.743733 0.540217 0.74234 0.543478 0.741295 0.568478 0.740599 0.572826 0.740599 0.581522
1 0.587047 0.43913 0.586351 0.443478 0.596448 0.444565 0.596797 0.441304 0.595404 0.43913 0.5943590000000001 0.433696 0.5943590000000001 0.421739 0.593315 0.415217 0.592967 0.40217400000000003 0.59227 0.4 0.591226 0.4 0.5901810000000001 0.403261 0.5898329999999999 0.422826 0.5884400000000001 0.43804299999999996 0.587047 0.43913
1 0.574164 0.4 0.579387 0.4 0.5790390000000001 0.38152200000000003 0.577994 0.370652 0.57695 0.370652 0.575557 0.394565 0.574164 0.396739 0.574164 0.4
1 0.572423 0.358696 0.571727 0.353261 0.5706819999999999 0.353261 0.570334 0.365217 0.56929 0.370652 0.572772 0.370652 0.572423 0.358696
3 0.286908 0.557609 0.286212 0.5586960000000001 0.285515 0.578261 0.28273000000000004 0.593478 0.282382 0.6010869999999999 0.281337 0.607609 0.281337 0.636957 0.278203 0.6380429999999999 0.276462 0.641304 0.275766 0.645652 0.275766 0.6543479999999999 0.27715900000000004 0.6586960000000001 0.294568 0.6586960000000001 0.304318 0.656522 0.30571000000000004 0.652174 0.30571000000000004 0.641304 0.304666 0.6380429999999999 0.300139 0.633696 0.300139 0.621739 0.298398 0.61087 0.297354 0.5913039999999999 0.297354 0.579348 0.296309 0.575 0.293872 0.5336960000000001 0.288997 0.532609 0.287953 0.534783 0.287604 0.5423910000000001 0.286908 0.545652 0.286908 0.557609
3 0.381616 0.471739 0.381616 0.48586999999999997 0.380919 0.48695700000000003 0.380919 0.496739 0.379875 0.501087 0.378134 0.503261 0.378134 0.508696 0.39415 0.507609 0.39415 0.501087 0.392061 0.5 0.391017 0.496739 0.39066900000000004 0.48043500000000006 0.388231 0.444565 0.387535 0.441304 0.384749 0.441304 0.384401 0.446739 0.383705 0.448913 0.383008 0.46413000000000004 0.381616 0.471739
1 0.621866 0.48695700000000003 0.620822 0.49347799999999997 0.620822 0.497826 0.618384 0.49891300000000005 0.617688 0.506522 0.633357 0.507609 0.633705 0.502174 0.630919 0.49891300000000005 0.630571 0.490217 0.629178 0.478261 0.628482 0.454348 0.627437 0.446739 0.627437 0.44239100000000003 0.624304 0.44239100000000003 0.623607 0.446739 0.623259 0.465217 0.622563 0.46956499999999995 0.621866 0.48695700000000003
1 0.577646 0.41413 0.577298 0.417391 0.584958 0.418478 0.585306 0.41630399999999995 0.583914 0.41413 0.582869 0.386957 0.5821729999999999 0.38260900000000003 0.581128 0.38260900000000003 0.579735 0.394565 0.579735 0.404348 0.5790390000000001 0.41304299999999994 0.577646 0.41413
3 0.506964 0.376087 0.505919 0.371739 0.505571 0.358696 0.504875 0.355435 0.50383 0.359783 0.503482 0.370652 0.502089 0.376087 0.506964 0.376087
3 0.495822 0.384783 0.49442899999999995 0.372826 0.49442899999999995 0.36413 0.49373300000000003 0.36086999999999997 0.49303600000000003 0.36086999999999997 0.49234 0.36413 0.491643 0.379348 0.49025100000000005 0.383696 0.495822 0.384783