3 0.062674 0.371739 0.069986 0.371739 0.069986 0.36847799999999997 0.068245 0.365217 0.067897 0.35108700000000004 0.066852 0.34565199999999996 0.066852 0.342391 0.065808 0.342391 0.064763 0.358696 0.063719 0.366304 0.062674 0.36847799999999997 0.062674 0.371739
3 0.11699200000000001 0.378261 0.11699200000000001 0.375 0.11525099999999999 0.36739099999999997 0.114554 0.354348 0.11351 0.348913 0.112465 0.348913 0.11176900000000001 0.36847799999999997 0.109331 0.375 0.109331 0.379348 0.11699200000000001 0.378261
3 0.160864 0.391304 0.16921999999999998 0.391304 0.16921999999999998 0.388043 0.167827 0.384783 0.167131 0.36956500000000003 0.165738 0.356522 0.164694 0.356522 0.162953 0.379348 0.162256 0.383696 0.160864 0.386957 0.160864 0.391304
3 0.25383 0.354348 0.25383 0.344565 0.253134 0.33587 0.25139300000000003 0.33587 0.25139300000000003 0.343478 0.250348 0.35 0.250348 0.354348 0.25383 0.354348
3 0.255919 0.40108699999999997 0.254875 0.40217400000000003 0.254875 0.40543500000000005 0.263579 0.406522 0.263579 0.403261 0.261838 0.40108699999999997 0.261838 0.383696 0.260794 0.379348 0.260446 0.36956500000000003 0.258357 0.36956500000000003 0.258357 0.377174 0.257312 0.384783 0.256964 0.393478 0.255919 0.40108699999999997
3 0.255919 0.569565 0.254875 0.573913 0.251741 0.578261 0.251045 0.584783 0.24895499999999998 0.58913 0.24860699999999997 0.592391 0.258705 0.594565 0.270543 0.594565 0.277855 0.58587 0.275766 0.5771740000000001 0.272632 0.575 0.271588 0.570652 0.26566900000000004 0.490217 0.262883 0.490217 0.262535 0.48804299999999995 0.26149 0.48804299999999995 0.255919 0.569565
3 0.310933 0.358696 0.30954000000000004 0.354348 0.309192 0.344565 0.307799 0.343478 0.307103 0.352174 0.307799 0.36086999999999997 0.310933 0.361957 0.310933 0.358696
3 0.351323 0.484783 0.349582 0.490217 0.35550099999999996 0.492391 0.363858 0.492391 0.368036 0.48913 0.363162 0.475 0.360376 0.428261 0.358635 0.428261 0.358287 0.426087 0.357242 0.426087 0.357242 0.43478300000000003 0.354109 0.479348 0.353064 0.483696 0.351323 0.484783
3 0.370125 0.366304 0.370125 0.36956500000000003 0.375 0.36956500000000003 0.375 0.366304 0.373955 0.361957 0.373955 0.352174 0.372911 0.348913 0.372911 0.346739 0.371866 0.346739 0.371866 0.358696 0.37117 0.359783 0.37117 0.36413 0.370125 0.366304
3 0.37256300000000003 0.41413 0.37256300000000003 0.417391 0.38126699999999997 0.417391 0.38126699999999997 0.41413 0.380571 0.41413 0.379875 0.41086999999999996 0.377786 0.38260900000000003 0.377089 0.379348 0.376045 0.379348 0.376045 0.386957 0.374304 0.409783 0.37360699999999997 0.41304299999999994 0.37256300000000003 0.41413
3 0.393802 0.46195700000000006 0.39832900000000004 0.46413000000000004 0.40668499999999996 0.463043 0.40703300000000003 0.459783 0.406337 0.45543500000000003 0.40494399999999997 0.454348 0.40424800000000005 0.45108699999999996 0.40181100000000003 0.41086999999999996 0.399025 0.40869600000000006 0.396588 0.45108699999999996 0.395891 0.454348 0.393802 0.456522 0.393802 0.46195700000000006
3 0.428273 0.430435 0.428273 0.43587 0.43802199999999997 0.43695700000000004 0.43802199999999997 0.431522 0.43697800000000003 0.430435 0.436281 0.42717400000000005 0.434192 0.394565 0.432103 0.393478 0.432103 0.4 0.430014 0.426087 0.42896900000000004 0.430435 0.428273 0.430435
3 0.459958 0.377174 0.464136 0.376087 0.463788 0.36413 0.462744 0.355435 0.461699 0.355435 0.46065500000000004 0.372826 0.459958 0.373913 0.459958 0.377174
3 0.5630219999999999 0.377174 0.5630219999999999 0.365217 0.562326 0.36413 0.562326 0.361957 0.5612809999999999 0.361957 0.5595399999999999 0.383696 0.564067 0.383696 0.564067 0.38043499999999997 0.5630219999999999 0.377174
3 0.631267 0.392391 0.629875 0.370652 0.62883 0.370652 0.6277860000000001 0.386957 0.626393 0.388043 0.626393 0.391304 0.631267 0.392391
3 0.705432 0.4 0.7116990000000001 0.4 0.7116990000000001 0.396739 0.710306 0.393478 0.7092620000000001 0.372826 0.707869 0.372826 0.706825 0.383696 0.706825 0.395652 0.705432 0.396739 0.705432 0.4
3 0.795265 0.411957 0.8029249999999999 0.41086999999999996 0.8029249999999999 0.407609 0.8015319999999999 0.406522 0.8015319999999999 0.40108699999999997 0.8004870000000001 0.395652 0.799791 0.38260900000000003 0.799095 0.38043499999999997 0.79805 0.38043499999999997 0.797006 0.391304 0.797006 0.4 0.795265 0.407609 0.795265 0.411957
3 0.9091229999999999 0.42934799999999995 0.907033 0.43587 0.907033 0.44021699999999997 0.9174789999999999 0.43913 0.9174789999999999 0.43587 0.9164350000000001 0.43587 0.9157379999999999 0.433696 0.9157379999999999 0.426087 0.9146940000000001 0.415217 0.913301 0.407609 0.9129530000000001 0.4 0.9112120000000001 0.40108699999999997 0.9108639999999999 0.411957 0.9091229999999999 0.42391300000000004 0.9091229999999999 0.42934799999999995
1 0.804318 0.465217 0.8032730000000001 0.468478 0.8032730000000001 0.471739 0.816156 0.47282599999999997 0.816156 0.467391 0.814415 0.465217 0.8137190000000001 0.46087 0.8112809999999999 0.422826 0.8081480000000001 0.421739 0.8081480000000001 0.431522 0.8067550000000001 0.459783 0.80571 0.46413000000000004 0.804318 0.465217
1 0.740947 0.6630429999999999 0.740947 0.6673910000000001 0.740251 0.669565 0.736421 0.671739 0.736072 0.673913 0.755571 0.68913 0.76149 0.68913 0.776462 0.681522 0.776114 0.679348 0.772284 0.675 0.771588 0.6728259999999999 0.771588 0.669565 0.767409 0.66413 0.766365 0.66087 0.759749 0.556522 0.755571 0.556522 0.755223 0.554348 0.754178 0.554348 0.754178 0.561957 0.746866 0.653261 0.745822 0.657609 0.740947 0.6630429999999999
1 0.732939 0.42717400000000005 0.731546 0.4 0.729457 0.397826 0.728064 0.426087 0.725975 0.43478300000000003 0.735724 0.43478300000000003 0.732939 0.42717400000000005
1 0.642409 0.534783 0.660864 0.53587 0.660864 0.527174 0.65773 0.525 0.656685 0.520652 0.653552 0.46087 0.65007 0.459783 0.6462399999999999 0.518478 0.645543 0.521739 0.6427579999999999 0.5239130000000001 0.642409 0.534783
1 0.620474 0.475 0.633705 0.476087 0.633705 0.471739 0.631964 0.46956499999999995 0.631267 0.465217 0.628482 0.42391300000000004 0.626045 0.422826 0.623607 0.46413000000000004 0.622563 0.468478 0.620474 0.470652 0.620474 0.475
1 0.614206 0.443478 0.623607 0.444565 0.623607 0.44021699999999997 0.622911 0.44021699999999997 0.621866 0.43587 0.620125 0.403261 0.618036 0.40217400000000003 0.615947 0.43478300000000003 0.615251 0.43804299999999996 0.614206 0.43913 0.614206 0.443478
1 0.562674 0.417391 0.569986 0.41630399999999995 0.569986 0.41304299999999994 0.5689420000000001 0.411957 0.567549 0.4 0.5672010000000001 0.388043 0.566504 0.383696 0.5654600000000001 0.383696 0.5654600000000001 0.393478 0.564067 0.41086999999999996 0.562674 0.41413 0.562674 0.417391
1 0.554666 0.39891299999999996 0.554666 0.395652 0.553273 0.393478 0.552228 0.372826 0.550836 0.371739 0.5504870000000001 0.383696 0.5483979999999999 0.395652 0.5483979999999999 0.39891299999999996 0.554666 0.39891299999999996
1 0.496866 0.40543500000000005 0.496866 0.40217400000000003 0.49617000000000006 0.40217400000000003 0.495125 0.396739 0.49442899999999995 0.388043 0.49442899999999995 0.375 0.49268799999999996 0.373913 0.49129500000000004 0.397826 0.489903 0.40217400000000003 0.489903 0.40543500000000005 0.496866 0.40543500000000005
1 0.473886 0.38587 0.473886 0.38913000000000003 0.479457 0.38913000000000003 0.479457 0.38587 0.47841199999999995 0.38152200000000003 0.47841199999999995 0.36956500000000003 0.47771600000000003 0.36739099999999997 0.47771600000000003 0.36413 0.47667099999999996 0.36413 0.47562699999999997 0.370652 0.475279 0.38152200000000003 0.473886 0.38587
1 0.327646 0.352174 0.326253 0.35108700000000004 0.324513 0.375 0.329387 0.375 0.327994 0.361957 0.327646 0.352174
1 0.304666 0.377174 0.303969 0.38152200000000003 0.302925 0.383696 0.302925 0.386957 0.309192 0.38587 0.309192 0.38260900000000003 0.308148 0.378261 0.307103 0.357609 0.30571000000000004 0.358696 0.30571000000000004 0.365217 0.304666 0.370652 0.304666 0.377174
1 0.266365 0.36739099999999997 0.264972 0.34565199999999996 0.263579 0.34565199999999996 0.262883 0.359783 0.26149 0.36413 0.26149 0.36739099999999997 0.266365 0.36739099999999997
1 0.21796700000000002 0.375 0.22388599999999997 0.373913 0.22388599999999997 0.370652 0.22284099999999998 0.366304 0.22214499999999998 0.347826 0.220752 0.347826 0.219359 0.36847799999999997 0.21796700000000002 0.371739 0.21796700000000002 0.375
1 0.207173 0.358696 0.207173 0.356522 0.206128 0.353261 0.20578 0.341304 0.205084 0.338043 0.204039 0.338043 0.203691 0.348913 0.202298 0.355435 0.202298 0.358696 0.207173 0.358696
1 0.157382 0.341304 0.156337 0.341304 0.155641 0.343478 0.154248 0.363043 0.158774 0.363043 0.157382 0.341304
1 0.167131 0.354348 0.167131 0.35108700000000004 0.166435 0.35 0.165738 0.343478 0.16538999999999998 0.336957 0.16434500000000002 0.336957 0.163649 0.35108700000000004 0.162604 0.352174 0.162604 0.355435 0.167131 0.354348
1 0.094708 0.36086999999999997 0.10027900000000001 0.36086999999999997 0.09992999999999999 0.356522 0.098886 0.356522 0.098886 0.35 0.097841 0.33913000000000004 0.096797 0.33913000000000004 0.09609999999999999 0.344565 0.09609999999999999 0.356522 0.094708 0.357609 0.094708 0.36086999999999997
1 0.087396 0.354348 0.086351 0.338043 0.08565500000000001 0.33587 0.08460999999999999 0.33587 0.083914 0.35 0.082869 0.35108700000000004 0.082869 0.354348 0.087396 0.354348
1 0.138231 0.353261 0.142409 0.352174 0.14136500000000002 0.33587 0.139972 0.33587 0.139624 0.348913 0.138231 0.35 0.138231 0.353261
3 0.10724199999999999 0.35 0.106546 0.333696 0.105501 0.333696 0.10515300000000001 0.34565199999999996 0.10410900000000001 0.346739 0.10410900000000001 0.35 0.10724199999999999 0.35
3 0.219359 0.35 0.21831499999999998 0.33587 0.216922 0.334783 0.216574 0.344565 0.215877 0.34565199999999996 0.215877 0.348913 0.219359 0.35
3 0.171657 0.333696 0.170265 0.347826 0.173747 0.347826 0.17304999999999998 0.334783 0.171657 0.333696
1 0.946031 0.527174 0.944638 0.527174 0.9435930000000001 0.531522 0.9415039999999999 0.531522 0.941156 0.536957 0.950905 0.541304 0.950905 0.481522 0.9488160000000001 0.5108699999999999 0.94812 0.5130429999999999 0.947772 0.522826 0.946031 0.527174
1 0.629526 0.409783 0.63649 0.41086999999999996 0.63649 0.407609 0.6354460000000001 0.40543500000000005 0.634401 0.397826 0.634401 0.384783 0.633705 0.38043499999999997 0.63266 0.38043499999999997 0.631267 0.39891299999999996 0.630223 0.40543500000000005 0.629526 0.406522 0.629526 0.409783
1 0.39798100000000003 0.38260900000000003 0.39798100000000003 0.379348 0.396936 0.376087 0.395891 0.359783 0.394847 0.359783 0.39415 0.378261 0.393454 0.379348 0.393454 0.38260900000000003 0.39798100000000003 0.38260900000000003
1 0.387883 0.38913000000000003 0.387883 0.392391 0.393802 0.393478 0.39449900000000004 0.392391 0.39449900000000004 0.38913000000000003 0.393106 0.386957 0.392409 0.36413 0.39066900000000004 0.36413 0.389972 0.36956500000000003 0.389972 0.378261 0.388928 0.386957 0.387883 0.38913000000000003