1 0.598189 0.706522 0.595056 0.732609 0.592967 0.758696 0.590529 0.758696 0.586351 0.7630429999999999 0.5842620000000001 0.768478 0.5842620000000001 0.775 0.583565 0.777174 0.57695 0.7836960000000001 0.575557 0.7880429999999999 0.576253 0.78913 0.576253 0.791304 0.5790390000000001 0.795652 0.591226 0.8043480000000001 0.595404 0.809783 0.600975 0.8141299999999999 0.602716 0.817391 0.6072420000000001 0.8195650000000001 0.607591 0.821739 0.611421 0.821739 0.6128129999999999 0.8195650000000001 0.615947 0.8195650000000001 0.622563 0.8108700000000001 0.628134 0.807609 0.632312 0.8021739999999999 0.634053 0.8021739999999999 0.635794 0.798913 0.635794 0.794565 0.633705 0.7880429999999999 0.630223 0.78587 0.629178 0.7836960000000001 0.628482 0.778261 0.625696 0.770652 0.620474 0.76413 0.619429 0.728261 0.616992 0.68913 0.61734 0.677174 0.615251 0.628261 0.615251 0.6119570000000001 0.614206 0.607609 0.612117 0.604348 0.6068939999999999 0.604348 0.606198 0.607609 0.59993 0.68587 0.598189 0.701087 0.598189 0.706522
1 0.138928 0.45108699999999996 0.138231 0.453261 0.135097 0.453261 0.133357 0.46087 0.131267 0.46087 0.131267 0.46413000000000004 0.13753500000000002 0.468478 0.138579 0.470652 0.145891 0.470652 0.162604 0.465217 0.161908 0.463043 0.159819 0.46195700000000006 0.158774 0.45869600000000005 0.158774 0.453261 0.154596 0.45 0.153552 0.43804299999999996 0.15285500000000002 0.415217 0.150766 0.396739 0.150766 0.38587 0.149721 0.378261 0.149373 0.36847799999999997 0.144499 0.36739099999999997 0.143802 0.370652 0.143802 0.379348 0.139972 0.426087 0.138928 0.45108699999999996
1 0.9227019999999999 0.403261 0.9213089999999999 0.40869600000000006 0.9195679999999999 0.411957 0.9195679999999999 0.41413 0.932451 0.415217 0.932103 0.411957 0.930362 0.41086999999999996 0.9296659999999999 0.40869600000000006 0.928621 0.372826 0.9279249999999999 0.36956500000000003 0.9261839999999999 0.36956500000000003 0.9247909999999999 0.375 0.9247909999999999 0.38043499999999997 0.9227019999999999 0.39891299999999996 0.9227019999999999 0.403261
1 0.7942199999999999 0.38587 0.800139 0.38587 0.800139 0.383696 0.79805 0.379348 0.796657 0.356522 0.796657 0.347826 0.7942199999999999 0.346739 0.793175 0.353261 0.791783 0.376087 0.788997 0.383696 0.7942199999999999 0.38587
1 0.691852 0.347826 0.691504 0.354348 0.689067 0.361957 0.698468 0.361957 0.6981200000000001 0.358696 0.697075 0.356522 0.696031 0.341304 0.696031 0.328261 0.695334 0.326087 0.6939420000000001 0.32717399999999996 0.692897 0.333696 0.692549 0.34565199999999996 0.691852 0.347826
3 0.633357 0.330435 0.639276 0.330435 0.637883 0.31521699999999997 0.637535 0.304348 0.63649 0.304348 0.635794 0.306522 0.635097 0.317391 0.633357 0.330435
1 0.607939 0.342391 0.615251 0.343478 0.615599 0.341304 0.614206 0.33260900000000004 0.613162 0.311957 0.611421 0.31087 0.60968 0.330435 0.60968 0.33587 0.607939 0.340217 0.607939 0.342391
3 0.543175 0.30978300000000003 0.543524 0.307609 0.5428270000000001 0.305435 0.542131 0.28586999999999996 0.54039 0.284783 0.538997 0.305435 0.537953 0.307609 0.537953 0.30978300000000003 0.543175 0.30978300000000003
1 0.523677 0.322826 0.5306409999999999 0.323913 0.530989 0.320652 0.529248 0.311957 0.528552 0.294565 0.5275070000000001 0.293478 0.526811 0.29565199999999997 0.5254179999999999 0.317391 0.524025 0.319565 0.523677 0.322826
3 0.44777199999999995 0.29239099999999996 0.447075 0.288043 0.446727 0.272826 0.44568199999999997 0.269565 0.44463800000000003 0.27391299999999996 0.44428999999999996 0.282609 0.44254899999999997 0.29239099999999996 0.44777199999999995 0.29239099999999996
1 0.42688 0.304348 0.433148 0.304348 0.43245100000000003 0.286957 0.431407 0.276087 0.429666 0.277174 0.428273 0.29565199999999997 0.42688 0.301087 0.42688 0.304348
3 0.36734 0.283696 0.366992 0.270652 0.36594699999999997 0.261957 0.365251 0.261957 0.363858 0.278261 0.362465 0.283696 0.36734 0.283696
1 0.345752 0.28913 0.345752 0.286957 0.344708 0.28586999999999996 0.34435899999999997 0.268478 0.343663 0.261957 0.34226999999999996 0.263043 0.340877 0.280435 0.338788 0.288043 0.345752 0.28913
3 0.276114 0.272826 0.276114 0.275 0.281685 0.275 0.279596 0.252174 0.27890000000000004 0.252174 0.277855 0.25652200000000003 0.277507 0.268478 0.276114 0.272826
1 0.236769 0.272826 0.23711700000000002 0.275 0.244081 0.275 0.24268800000000001 0.266304 0.24234 0.253261 0.24129499999999998 0.248913 0.240251 0.25 0.23885800000000001 0.269565 0.23746499999999998 0.270652 0.236769 0.272826
3 0.06545999999999999 0.25543499999999997 0.063719 0.24782600000000002 0.06337000000000001 0.23478300000000002 0.06163 0.233696 0.060237 0.24565199999999998 0.060237 0.25 0.058496000000000006 0.25543499999999997 0.06545999999999999 0.25543499999999997
3 0.8461000000000001 0.377174 0.8457520000000001 0.38043499999999997 0.85376 0.38152200000000003 0.852368 0.372826 0.851323 0.35 0.849234 0.35 0.847493 0.366304 0.847493 0.373913 0.8467969999999999 0.377174 0.8461000000000001 0.377174
3 0.739206 0.354348 0.746518 0.355435 0.745125 0.347826 0.744081 0.326087 0.742688 0.326087 0.740947 0.336957 0.740599 0.347826 0.739206 0.352174 0.739206 0.354348
3 0.168872 0.26413000000000003 0.168872 0.266304 0.174443 0.266304 0.173398 0.25760900000000003 0.17304999999999998 0.243478 0.172006 0.243478 0.171309 0.24565199999999998 0.169916 0.261957 0.168872 0.26413000000000003
1 0.11768799999999999 0.25760900000000003 0.115947 0.263043 0.12325900000000001 0.263043 0.122214 0.258696 0.12151799999999999 0.238043 0.12082200000000001 0.23586999999999997 0.11942900000000001 0.23586999999999997 0.118733 0.238043 0.118384 0.252174 0.11768799999999999 0.254348 0.11768799999999999 0.25760900000000003