3 0.172006 0.745652 0.166435 0.748913 0.164694 0.7554350000000001 0.163997 0.761957 0.158426 0.767391 0.155641 0.767391 0.154248 0.770652 0.151462 0.772826 0.151462 0.775 0.175487 0.790217 0.178621 0.793478 0.183148 0.793478 0.21796700000000002 0.7630429999999999 0.215877 0.759783 0.211351 0.759783 0.211351 0.746739 0.21030600000000002 0.742391 0.201253 0.740217 0.199513 0.738043 0.193942 0.593478 0.185237 0.593478 0.181058 0.597826 0.17304999999999998 0.734783 0.172006 0.745652
3 0.494777 0.58913 0.493384 0.592391 0.49303600000000003 0.598913 0.49094699999999997 0.603261 0.49094699999999997 0.608696 0.505571 0.613043 0.514624 0.613043 0.5194989999999999 0.6054350000000001 0.520543 0.602174 0.520543 0.6 0.518802 0.6 0.517409 0.593478 0.513928 0.590217 0.509401 0.49891300000000005 0.504526 0.497826 0.503482 0.49891300000000005 0.497563 0.58587 0.496866 0.58913 0.494777 0.58913
3 0.666435 0.544565 0.665042 0.545652 0.665042 0.5478259999999999 0.675836 0.554348 0.683844 0.554348 0.6887190000000001 0.551087 0.6887190000000001 0.548913 0.6869780000000001 0.546739 0.6869780000000001 0.543478 0.685237 0.543478 0.683148 0.536957 0.68071 0.470652 0.676532 0.46956499999999995 0.6709609999999999 0.53587 0.669916 0.5380429999999999 0.6678270000000001 0.5380429999999999 0.666435 0.544565
3 0.821031 0.536957 0.822423 0.53913 0.827646 0.541304 0.8391360000000001 0.541304 0.839485 0.534783 0.836699 0.5336960000000001 0.835655 0.528261 0.832173 0.470652 0.8290390000000001 0.470652 0.8245129999999999 0.525 0.8234680000000001 0.5293479999999999 0.8217269999999999 0.530435 0.821031 0.536957
0 0.705084 0.386957 0.7040390000000001 0.370652 0.7016020000000001 0.36956500000000003 0.700905 0.386957 0.6995129999999999 0.38913000000000003 0.7057800000000001 0.38913000000000003 0.705084 0.386957
0 0.740599 0.391304 0.739206 0.38587 0.73851 0.372826 0.737465 0.372826 0.736421 0.38587 0.735376 0.391304 0.740251 0.392391 0.740599 0.391304
0 0.630223 0.359783 0.628482 0.359783 0.627437 0.375 0.626393 0.38152200000000003 0.631964 0.38152200000000003 0.630223 0.359783
0 0.32520899999999997 0.353261 0.323468 0.331522 0.321727 0.331522 0.321031 0.33587 0.321031 0.342391 0.318942 0.353261 0.32520899999999997 0.353261
0 0.281337 0.348913 0.281685 0.35108700000000004 0.28830100000000003 0.35 0.287604 0.347826 0.285864 0.328261 0.284123 0.32934800000000003 0.283426 0.343478 0.28273000000000004 0.346739 0.281337 0.348913
0 0.24234 0.35108700000000004 0.24268800000000001 0.346739 0.24129499999999998 0.33913000000000004 0.24094699999999997 0.328261 0.23990300000000003 0.325 0.23990300000000003 0.322826 0.23885800000000001 0.322826 0.23746499999999998 0.330435 0.236769 0.344565 0.23537599999999997 0.35 0.24234 0.35108700000000004
0 0.182799 0.346739 0.181058 0.32717399999999996 0.180014 0.323913 0.179666 0.319565 0.178969 0.319565 0.177577 0.325 0.175139 0.346739 0.182799 0.346739
0 0.667131 0.365217 0.666086 0.365217 0.663997 0.386957 0.6692199999999999 0.386957 0.6678270000000001 0.36847799999999997 0.667131 0.365217
0 0.367688 0.35108700000000004 0.366992 0.35108700000000004 0.366295 0.347826 0.36490300000000003 0.331522 0.363858 0.331522 0.362465 0.34565199999999996 0.361072 0.353261 0.367688 0.353261 0.367688 0.35108700000000004