3 0.179318 0.759783 0.177925 0.7630429999999999 0.174443 0.7630429999999999 0.168872 0.780435 0.166783 0.781522 0.166783 0.78587 0.17687999999999998 0.809783 0.179666 0.809783 0.221448 0.786957 0.221448 0.781522 0.219359 0.781522 0.21831499999999998 0.778261 0.217618 0.768478 0.215877 0.759783 0.211699 0.7554350000000001 0.20682499999999998 0.754348 0.206128 0.751087 0.19812000000000002 0.615217 0.197075 0.609783 0.189763 0.609783 0.18836999999999998 0.61087 0.187326 0.6141300000000001 0.179318 0.759783
3 0.524721 0.56413 0.522284 0.5663039999999999 0.522284 0.569565 0.532033 0.5771740000000001 0.538649 0.5771740000000001 0.5518799999999999 0.571739 0.551532 0.567391 0.549791 0.567391 0.549095 0.565217 0.549095 0.559783 0.545613 0.557609 0.544916 0.555435 0.5407379999999999 0.47282599999999997 0.5351670000000001 0.47282599999999997 0.530292 0.552174 0.529596 0.555435 0.526811 0.555435 0.524721 0.56413
3 0.662953 0.484783 0.661908 0.48695700000000003 0.661908 0.49130399999999996 0.678273 0.49130399999999996 0.679666 0.48913 0.6803619999999999 0.48586999999999997 0.6786209999999999 0.48043500000000006 0.676184 0.479348 0.672702 0.422826 0.669568 0.422826 0.666435 0.475 0.6657379999999999 0.478261 0.6633009999999999 0.48043500000000006 0.662953 0.484783
3 0.7151810000000001 0.444565 0.714485 0.444565 0.714485 0.448913 0.7301529999999999 0.448913 0.7287600000000001 0.446739 0.728064 0.44239100000000003 0.726323 0.441304 0.723189 0.395652 0.720752 0.395652 0.718315 0.43587 0.71727 0.44021699999999997 0.716226 0.44021699999999997 0.7151810000000001 0.444565
3 0.76532 0.42391300000000004 0.76532 0.41956499999999997 0.764276 0.41956499999999997 0.763231 0.415217 0.760794 0.38043499999999997 0.758008 0.38043499999999997 0.755571 0.417391 0.75383 0.420652 0.75383 0.42391300000000004 0.76532 0.42391300000000004
3 0.793524 0.396739 0.791435 0.392391 0.790042 0.366304 0.787953 0.365217 0.7865599999999999 0.392391 0.7848189999999999 0.397826 0.793175 0.39891299999999996 0.793524 0.396739
3 0.8064069999999999 0.383696 0.8130219999999999 0.383696 0.8130219999999999 0.38043499999999997 0.8119780000000001 0.377174 0.810585 0.354348 0.8095399999999999 0.354348 0.8084960000000001 0.36086999999999997 0.807451 0.379348 0.8064069999999999 0.38043499999999997 0.8064069999999999 0.383696
3 0.822423 0.348913 0.8199859999999999 0.372826 0.8255570000000001 0.372826 0.824164 0.348913 0.822423 0.348913
1 0.9435930000000001 0.43804299999999996 0.9435930000000001 0.444565 0.950905 0.444565 0.950905 0.394565 0.9495129999999999 0.394565 0.946379 0.433696 0.945682 0.43695700000000004 0.9435930000000001 0.43804299999999996
1 0.935585 0.41304299999999994 0.946031 0.41304299999999994 0.946031 0.40869600000000006 0.9439420000000001 0.406522 0.9418519999999999 0.377174 0.9397629999999999 0.377174 0.937674 0.404348 0.9369780000000001 0.407609 0.935585 0.40869600000000006 0.935585 0.41304299999999994
1 0.9383699999999999 0.391304 0.939415 0.378261 0.939067 0.36739099999999997 0.9383699999999999 0.36413 0.9369780000000001 0.366304 0.935585 0.383696 0.9334960000000001 0.391304 0.9383699999999999 0.391304
1 0.9352370000000001 0.38152200000000003 0.9369780000000001 0.365217 0.9366300000000001 0.359783 0.935933 0.357609 0.9345399999999999 0.358696 0.9334960000000001 0.375 0.932103 0.38043499999999997 0.9352370000000001 0.38152200000000003