3 0.224234 0.75 0.224234 0.765217 0.22179700000000002 0.8119569999999999 0.220752 0.845652 0.25383 0.846739 0.254178 0.845652 0.253482 0.8358700000000001 0.248259 0.7880429999999999 0.248259 0.782609 0.24651800000000001 0.768478 0.24512499999999998 0.745652 0.244081 0.740217 0.24268800000000001 0.723913 0.24199199999999998 0.721739 0.24129499999999998 0.709783 0.23920599999999997 0.692391 0.23851 0.676087 0.23746499999999998 0.673913 0.23085 0.673913 0.227019 0.677174 0.226323 0.679348 0.226323 0.698913 0.22493 0.742391 0.224234 0.75
3 0.297354 0.384783 0.297354 0.397826 0.296657 0.407609 0.29596100000000003 0.409783 0.29422000000000004 0.41086999999999996 0.293175 0.415217 0.291783 0.417391 0.29422000000000004 0.41956499999999997 0.302228 0.41956499999999997 0.313022 0.41630399999999995 0.313022 0.41413 0.31128100000000003 0.41086999999999996 0.31128100000000003 0.407609 0.308496 0.406522 0.307799 0.403261 0.303273 0.344565 0.29979100000000003 0.344565 0.299095 0.346739 0.298398 0.355435 0.298398 0.371739 0.297354 0.384783
3 0.205432 0.377174 0.204039 0.379348 0.20264600000000002 0.384783 0.213092 0.383696 0.21796700000000002 0.376087 0.21518099999999998 0.372826 0.212744 0.340217 0.21030600000000002 0.325 0.208914 0.325 0.207869 0.328261 0.20682499999999998 0.359783 0.205432 0.377174
3 0.090181 0.375 0.088092 0.377174 0.087744 0.379348 0.093663 0.38043499999999997 0.10132300000000001 0.376087 0.101671 0.373913 0.100975 0.371739 0.09992999999999999 0.371739 0.099234 0.36847799999999997 0.098538 0.356522 0.095752 0.330435 0.095056 0.328261 0.092967 0.328261 0.09226999999999999 0.330435 0.091574 0.338043 0.091226 0.359783 0.090181 0.375
1 0.193942 0.33260900000000004 0.202298 0.33260900000000004 0.203691 0.32934800000000003 0.201602 0.325 0.200209 0.305435 0.199513 0.303261 0.199513 0.29782600000000004 0.198468 0.29239099999999996 0.197423 0.29239099999999996 0.196727 0.294565 0.196031 0.303261 0.195334 0.32717399999999996 0.193942 0.33260900000000004
1 0.34052899999999997 0.32934800000000003 0.338788 0.330435 0.347493 0.330435 0.34992999999999996 0.328261 0.35167099999999996 0.328261 0.34992999999999996 0.323913 0.34818899999999997 0.30978300000000003 0.346797 0.286957 0.34609999999999996 0.284783 0.344708 0.284783 0.342967 0.30978300000000003 0.342618 0.322826 0.34052899999999997 0.32934800000000003
1 0.488162 0.353261 0.500696 0.354348 0.506964 0.35108700000000004 0.506964 0.348913 0.504875 0.348913 0.504178 0.34565199999999996 0.502089 0.343478 0.49965200000000004 0.31630400000000003 0.49860699999999997 0.294565 0.49791100000000005 0.29239099999999996 0.495822 0.293478 0.49303600000000003 0.343478 0.49129500000000004 0.34565199999999996 0.49025100000000005 0.35108700000000004 0.488162 0.353261
1 0.651114 0.411957 0.65007 0.415217 0.65007 0.41956499999999997 0.649025 0.421739 0.651462 0.426087 0.668175 0.425 0.670613 0.421739 0.6709609999999999 0.415217 0.670613 0.41304299999999994 0.668175 0.41086999999999996 0.666435 0.403261 0.662256 0.334783 0.658426 0.333696 0.6556409999999999 0.373913 0.654596 0.40543500000000005 0.6538999999999999 0.409783 0.651114 0.411957
0 0.6869780000000001 0.35 0.685237 0.359783 0.700557 0.358696 0.702646 0.353261 0.7016020000000001 0.348913 0.6998610000000001 0.348913 0.699164 0.34565199999999996 0.698816 0.33587 0.697423 0.326087 0.6963790000000001 0.298913 0.695334 0.290217 0.692897 0.290217 0.6922010000000001 0.29239099999999996 0.689415 0.347826 0.6869780000000001 0.35
4 0.866992 0.21739099999999997 0.867688 0.215217 0.866295 0.195652 0.865251 0.198913 0.864554 0.20760900000000002 0.864903 0.21739099999999997 0.866992 0.21739099999999997
4 0.920265 0.19347799999999998 0.920265 0.18695699999999998 0.918872 0.191304 0.918175 0.20543499999999998 0.9213089999999999 0.20434800000000003 0.920265 0.19347799999999998
0 0.797006 0.228261 0.797354 0.227174 0.796309 0.226087 0.795613 0.221739 0.794568 0.203261 0.793524 0.202174 0.7924789999999999 0.209783 0.792131 0.22391299999999997 0.7907379999999999 0.228261 0.797006 0.228261
0 0.8304320000000001 0.227174 0.8307800000000001 0.225 0.829387 0.221739 0.8283429999999999 0.2 0.8269500000000001 0.198913 0.825905 0.206522 0.8255570000000001 0.221739 0.8238160000000001 0.226087 0.8304320000000001 0.227174
0 0.869777 0.24565199999999998 0.873259 0.24782600000000002 0.8777860000000001 0.24673899999999999 0.87883 0.243478 0.876741 0.24021699999999999 0.875348 0.21413000000000001 0.873607 0.211957 0.8725630000000001 0.216304 0.8725630000000001 0.226087 0.871518 0.23913 0.869777 0.24565199999999998
0 0.8948470000000001 0.281522 0.896588 0.283696 0.9073819999999999 0.282609 0.9084260000000001 0.27934800000000004 0.9073819999999999 0.277174 0.9059889999999999 0.277174 0.9049440000000001 0.272826 0.902855 0.23478300000000002 0.900766 0.233696 0.899373 0.24021699999999999 0.897284 0.276087 0.895543 0.277174 0.8948470000000001 0.281522
0 0.748955 0.251087 0.754875 0.25 0.755223 0.24782600000000002 0.753482 0.244565 0.7527860000000001 0.236957 0.752437 0.221739 0.751741 0.218478 0.750696 0.218478 0.748955 0.238043 0.748955 0.244565 0.747563 0.248913 0.748955 0.251087
0 0.758705 0.228261 0.759053 0.230435 0.764624 0.22934800000000002 0.762883 0.218478 0.762883 0.206522 0.7621870000000001 0.20434800000000003 0.760794 0.206522 0.7604460000000001 0.218478 0.759749 0.226087 0.758705 0.228261
4 0.8607239999999999 0.20434800000000003 0.861421 0.202174 0.8607239999999999 0.18695699999999998 0.860028 0.18804300000000002 0.8589829999999999 0.196739 0.8593310000000001 0.20434800000000003 0.8607239999999999 0.20434800000000003
4 0.7865599999999999 0.197826 0.7851670000000001 0.20108700000000002 0.784123 0.21739099999999997 0.787256 0.216304 0.7865599999999999 0.197826
0 0.728412 0.283696 0.7287600000000001 0.286957 0.736421 0.286957 0.738858 0.284783 0.73851 0.280435 0.736769 0.27934800000000004 0.736769 0.275 0.735724 0.268478 0.735376 0.25 0.73468 0.24130400000000002 0.732939 0.24021699999999999 0.7322420000000001 0.24239099999999997 0.731198 0.25543499999999997 0.7301529999999999 0.280435 0.728412 0.283696
0 0.8610720000000001 0.225 0.860028 0.22282600000000002 0.8586349999999999 0.20108700000000002 0.858287 0.198913 0.857242 0.198913 0.856546 0.202174 0.855501 0.219565 0.854109 0.225 0.8610720000000001 0.225
3 0.342618 0.503261 0.341922 0.506522 0.337744 0.51413 0.337396 0.522826 0.338788 0.526087 0.363162 0.522826 0.364554 0.520652 0.364554 0.515217 0.36351 0.5108699999999999 0.363162 0.5054350000000001 0.360028 0.502174 0.358983 0.49891300000000005 0.357242 0.46956499999999995 0.35585 0.457609 0.35550099999999996 0.446739 0.354457 0.433696 0.353412 0.428261 0.35201899999999997 0.40869600000000006 0.347493 0.40869600000000006 0.346448 0.41086999999999996 0.34435899999999997 0.47282599999999997 0.342967 0.48913 0.342618 0.503261