2 0.779596 0.66413 0.779596 0.669565 0.778203 0.679348 0.778203 0.684783 0.776811 0.694565 0.776462 0.7021740000000001 0.775766 0.703261 0.775766 0.713043 0.774025 0.732609 0.773329 0.733696 0.773329 0.738043 0.7712399999999999 0.752174 0.770195 0.7695649999999999 0.766713 0.8021739999999999 0.766365 0.8119569999999999 0.764972 0.8206519999999999 0.764972 0.826087 0.763928 0.8304349999999999 0.763231 0.846739 0.800139 0.845652 0.800139 0.8206519999999999 0.799095 0.806522 0.799443 0.796739 0.798747 0.7923910000000001 0.797702 0.729348 0.797006 0.727174 0.796657 0.71087 0.7959609999999999 0.703261 0.795613 0.677174 0.794916 0.675 0.794916 0.665217 0.793872 0.6586960000000001 0.791783 0.655435 0.788997 0.653261 0.782033 0.653261 0.780989 0.655435 0.779596 0.66413
2 0.636142 0.594565 0.633705 0.623913 0.633705 0.633696 0.63266 0.6445649999999999 0.631964 0.645652 0.631616 0.6543479999999999 0.630919 0.655435 0.629178 0.684783 0.628134 0.6913039999999999 0.626393 0.723913 0.625 0.734783 0.625 0.740217 0.624304 0.742391 0.624304 0.753261 0.623607 0.756522 0.623259 0.768478 0.621866 0.78587 0.62117 0.7880429999999999 0.62117 0.7978259999999999 0.618384 0.8304349999999999 0.617688 0.832609 0.61734 0.846739 0.658426 0.846739 0.6580779999999999 0.826087 0.657382 0.817391 0.657382 0.786957 0.656337 0.777174 0.655292 0.732609 0.654596 0.7304350000000001 0.653203 0.6836960000000001 0.6525070000000001 0.679348 0.651811 0.634783 0.6504179999999999 0.618478 0.65007 0.592391 0.648677 0.576087 0.643802 0.572826 0.637883 0.573913 0.63649 0.578261 0.636142 0.594565
1 0.162953 0.313043 0.162256 0.31630400000000003 0.17304999999999998 0.31630400000000003 0.172354 0.313043 0.170961 0.31087 0.170265 0.29239099999999996 0.16921999999999998 0.284783 0.168872 0.275 0.16817500000000002 0.27391299999999996 0.166783 0.277174 0.164694 0.31087 0.163997 0.313043 0.162953 0.313043
1 0.141713 0.282609 0.141713 0.28586999999999996 0.149721 0.28586999999999996 0.148329 0.280435 0.146936 0.254348 0.145543 0.253261 0.144847 0.25543499999999997 0.143802 0.278261 0.142758 0.282609 0.141713 0.282609
1 0.134749 0.267391 0.135097 0.265217 0.134053 0.263043 0.133357 0.24565199999999998 0.131964 0.24130400000000002 0.131267 0.244565 0.130223 0.263043 0.12883 0.266304 0.134749 0.267391
1 0.126393 0.254348 0.127089 0.251087 0.12604500000000002 0.25 0.125 0.233696 0.124304 0.232609 0.123607 0.23478300000000002 0.12291099999999999 0.24782600000000002 0.121866 0.253261 0.126393 0.254348
1 0.120474 0.24565199999999998 0.12082200000000001 0.243478 0.119777 0.23913 0.11942900000000001 0.227174 0.118384 0.227174 0.11768799999999999 0.22934800000000002 0.11768799999999999 0.24021699999999999 0.116295 0.244565 0.120474 0.24565199999999998
1 0.116295 0.231522 0.115947 0.221739 0.114903 0.221739 0.114554 0.231522 0.11316200000000001 0.238043 0.11734 0.238043 0.116295 0.231522
1 0.11142099999999999 0.226087 0.11142099999999999 0.219565 0.110376 0.21739099999999997 0.11002799999999999 0.227174 0.10898300000000001 0.231522 0.112465 0.231522 0.11142099999999999 0.226087
1 0.285864 0.468478 0.285167 0.479348 0.285167 0.48695700000000003 0.28447100000000003 0.490217 0.28447100000000003 0.49891300000000005 0.283426 0.501087 0.280292 0.502174 0.279248 0.507609 0.27715900000000004 0.509783 0.279248 0.51413 0.28481900000000004 0.520652 0.299443 0.516304 0.306755 0.516304 0.30745100000000003 0.51413 0.304318 0.508696 0.304318 0.503261 0.303273 0.501087 0.300139 0.5 0.298747 0.465217 0.297702 0.45543500000000003 0.297702 0.44782599999999995 0.295613 0.428261 0.294916 0.40869600000000006 0.290042 0.40869600000000006 0.289345 0.428261 0.287604 0.444565 0.28656000000000004 0.465217 0.285864 0.468478
1 0.192549 0.36847799999999997 0.190808 0.36847799999999997 0.190808 0.370652 0.189415 0.372826 0.191504 0.376087 0.206128 0.375 0.20473499999999997 0.36739099999999997 0.20299399999999998 0.366304 0.201602 0.33913000000000004 0.200557 0.33260900000000004 0.199861 0.31413 0.197075 0.31413 0.196379 0.31630400000000003 0.196379 0.325 0.193245 0.366304 0.192549 0.36847799999999997