3 0.570334 0.527174 0.568593 0.543478 0.566504 0.5826089999999999 0.565111 0.596739 0.564415 0.625 0.56337 0.627174 0.5595399999999999 0.628261 0.5577989999999999 0.6304350000000001 0.556755 0.640217 0.557103 0.6445649999999999 0.552577 0.652174 0.550836 0.657609 0.5748610000000001 0.670652 0.587744 0.670652 0.589485 0.6673910000000001 0.590529 0.6673910000000001 0.5961000000000001 0.6543479999999999 0.600279 0.6489130000000001 0.600627 0.645652 0.595056 0.641304 0.593315 0.631522 0.587047 0.623913 0.586351 0.5956520000000001 0.585655 0.584783 0.583914 0.571739 0.583565 0.556522 0.582869 0.552174 0.581476 0.527174 0.5807800000000001 0.5239130000000001 0.580432 0.503261 0.579735 0.496739 0.580084 0.494565 0.578343 0.49130399999999996 0.573816 0.49130399999999996 0.572075 0.49347799999999997 0.572075 0.507609 0.570334 0.520652 0.570334 0.527174
3 0.776462 0.338043 0.773677 0.338043 0.772632 0.343478 0.779596 0.346739 0.788997 0.346739 0.790042 0.344565 0.790042 0.340217 0.786908 0.334783 0.786908 0.325 0.784123 0.281522 0.781337 0.280435 0.778552 0.307609 0.7775070000000001 0.323913 0.7775070000000001 0.33260900000000004 0.776462 0.338043
3 0.8130219999999999 0.288043 0.812674 0.293478 0.8245129999999999 0.294565 0.8252090000000001 0.293478 0.8252090000000001 0.290217 0.824164 0.290217 0.822423 0.282609 0.822423 0.27391299999999996 0.8217269999999999 0.269565 0.8203340000000001 0.244565 0.817897 0.244565 0.8154600000000001 0.270652 0.8151109999999999 0.283696 0.814415 0.288043 0.8130219999999999 0.288043
3 0.834958 0.258696 0.8443590000000001 0.259783 0.8450559999999999 0.258696 0.8450559999999999 0.25652200000000003 0.8433149999999999 0.25 0.8415739999999999 0.22282600000000002 0.8408770000000001 0.219565 0.8391360000000001 0.220652 0.837744 0.231522 0.8370469999999999 0.252174 0.835655 0.253261 0.834958 0.258696
3 0.9063370000000001 0.190217 0.9049440000000001 0.18152200000000002 0.904596 0.17282599999999998 0.903552 0.17282599999999998 0.902507 0.179348 0.902507 0.18587 0.901811 0.190217 0.9063370000000001 0.190217
3 0.924095 0.176087 0.923747 0.16956500000000002 0.9227019999999999 0.168478 0.9209609999999999 0.18587 0.925139 0.18587 0.9254870000000001 0.183696 0.924095 0.176087
3 0.84993 0.23478300000000002 0.8485379999999999 0.236957 0.8485379999999999 0.24021699999999999 0.8568939999999999 0.23913 0.85585 0.236957 0.855501 0.227174 0.854109 0.215217 0.854109 0.208696 0.853412 0.206522 0.852019 0.20760900000000002 0.851671 0.21413000000000001 0.8502789999999999 0.221739 0.84993 0.23478300000000002
3 0.864554 0.220652 0.871518 0.220652 0.871518 0.218478 0.870125 0.21739099999999997 0.869777 0.21086999999999997 0.8690810000000001 0.209783 0.868733 0.195652 0.8673400000000001 0.19456500000000002 0.8655989999999999 0.20543499999999998 0.8655989999999999 0.215217 0.864554 0.218478 0.864554 0.220652
3 0.883357 0.208696 0.883705 0.21086999999999997 0.8889279999999999 0.21086999999999997 0.8896240000000001 0.208696 0.888231 0.206522 0.888231 0.197826 0.887187 0.18695699999999998 0.8861420000000001 0.18804300000000002 0.885097 0.19347799999999998 0.8844010000000001 0.206522 0.883357 0.208696
3 0.899373 0.195652 0.898329 0.18043499999999998 0.897284 0.18043499999999998 0.895195 0.2 0.90007 0.20108700000000002 0.9004179999999999 0.198913 0.899373 0.195652
3 0.9422010000000001 0.167391 0.9404600000000001 0.183696 0.94429 0.183696 0.942897 0.167391 0.9422010000000001 0.167391
2 0.714485 0.33913000000000004 0.7116990000000001 0.370652 0.711351 0.395652 0.712396 0.403261 0.712744 0.417391 0.713788 0.425 0.713788 0.431522 0.714485 0.433696 0.7287600000000001 0.43587 0.732939 0.431522 0.735724 0.425 0.732939 0.422826 0.732591 0.417391 0.7318939999999999 0.415217 0.728412 0.411957 0.7245820000000001 0.342391 0.723886 0.311957 0.7224929999999999 0.282609 0.717967 0.281522 0.71727 0.284783 0.716574 0.307609 0.715877 0.31087 0.714485 0.33913000000000004
3 0.700905 0.407609 0.700557 0.421739 0.699164 0.43695700000000004 0.699164 0.444565 0.695334 0.446739 0.6946380000000001 0.448913 0.69429 0.456522 0.695334 0.463043 0.715529 0.468478 0.720752 0.459783 0.721448 0.456522 0.714136 0.44565200000000005 0.7134400000000001 0.425 0.712396 0.417391 0.7116990000000001 0.39891299999999996 0.711003 0.395652 0.711003 0.383696 0.70961 0.370652 0.70961 0.36086999999999997 0.704735 0.359783 0.703343 0.376087 0.703343 0.38260900000000003 0.702646 0.38587 0.700905 0.407609
2 0.679666 0.348913 0.678969 0.370652 0.675836 0.409783 0.6733979999999999 0.46087 0.672006 0.465217 0.6692199999999999 0.46630399999999994 0.668175 0.470652 0.6678270000000001 0.47717400000000004 0.665042 0.479348 0.6633009999999999 0.483696 0.662953 0.48695700000000003 0.6786209999999999 0.49347799999999997 0.685237 0.497826 0.6887190000000001 0.497826 0.691504 0.501087 0.697423 0.5 0.702994 0.48804299999999995 0.7057800000000001 0.484783 0.706825 0.48043500000000006 0.705084 0.478261 0.700557 0.478261 0.6998610000000001 0.476087 0.6995129999999999 0.470652 0.6956819999999999 0.467391 0.6946380000000001 0.46087 0.6939420000000001 0.459783 0.692549 0.41304299999999994 0.691156 0.397826 0.6880219999999999 0.31521699999999997 0.687326 0.30978300000000003 0.682451 0.30869599999999997 0.681755 0.311957 0.6810579999999999 0.322826 0.6810579999999999 0.331522 0.679666 0.348913