3 0.763928 0.46087 0.763928 0.465217 0.763231 0.46630399999999994 0.763231 0.47391300000000003 0.762535 0.475 0.762535 0.48695700000000003 0.761142 0.49565200000000004 0.7604460000000001 0.5195649999999999 0.759401 0.526087 0.759053 0.536957 0.758357 0.5380429999999999 0.758357 0.5478259999999999 0.75766 0.548913 0.757312 0.553261 0.752089 0.556522 0.751393 0.5586960000000001 0.751045 0.5663039999999999 0.749304 0.570652 0.747563 0.570652 0.746866 0.572826 0.748955 0.579348 0.7527860000000001 0.579348 0.753134 0.581522 0.754875 0.581522 0.758705 0.58587 0.761142 0.58587 0.76149 0.588043 0.763579 0.588043 0.763928 0.590217 0.768802 0.590217 0.76915 0.592391 0.776114 0.592391 0.7775070000000001 0.590217 0.781685 0.590217 0.782033 0.588043 0.784471 0.588043 0.7848189999999999 0.58587 0.786908 0.58587 0.787256 0.583696 0.790042 0.583696 0.79039 0.581522 0.7942199999999999 0.579348 0.793524 0.575 0.787953 0.572826 0.787256 0.561957 0.785515 0.56087 0.784123 0.557609 0.782033 0.557609 0.7806409999999999 0.553261 0.779596 0.530435 0.778552 0.5195649999999999 0.778203 0.501087 0.7775070000000001 0.497826 0.7775070000000001 0.48586999999999997 0.776811 0.484783 0.776114 0.471739 0.7754179999999999 0.470652 0.7754179999999999 0.45543500000000003 0.774721 0.454348 0.774025 0.44782599999999995 0.774025 0.433696 0.773329 0.430435 0.772284 0.42934799999999995 0.766365 0.430435 0.766017 0.43587 0.76532 0.43695700000000004 0.764972 0.453261 0.763928 0.46087
4 0.776462 0.231522 0.774721 0.226087 0.774025 0.20434800000000003 0.772284 0.20434800000000003 0.770195 0.228261 0.768802 0.22934800000000002 0.768454 0.231522 0.776462 0.231522
4 0.504526 0.29239099999999996 0.503134 0.293478 0.502089 0.296739 0.513231 0.296739 0.512535 0.29239099999999996 0.5104460000000001 0.291304 0.508705 0.266304 0.508705 0.259783 0.508008 0.25543499999999997 0.506616 0.25543499999999997 0.505919 0.261957 0.505571 0.277174 0.504526 0.284783 0.504526 0.29239099999999996
4 0.6709609999999999 0.302174 0.670613 0.305435 0.681407 0.305435 0.6827989999999999 0.303261 0.6827989999999999 0.301087 0.680014 0.3 0.6793180000000001 0.28913 0.6793180000000001 0.276087 0.6786209999999999 0.275 0.678273 0.263043 0.677577 0.25760900000000003 0.676184 0.25760900000000003 0.67305 0.298913 0.672354 0.302174 0.6709609999999999 0.302174
4 0.749652 0.25760900000000003 0.749304 0.261957 0.747911 0.261957 0.747563 0.26413000000000003 0.757312 0.26413000000000003 0.757312 0.261957 0.756267 0.261957 0.755223 0.258696 0.755223 0.25 0.754178 0.24565199999999998 0.75383 0.22934800000000002 0.7527860000000001 0.226087 0.751741 0.22934800000000002 0.750696 0.23913 0.750348 0.25652200000000003 0.749652 0.25760900000000003
4 0.879875 0.209783 0.885794 0.209783 0.885794 0.20760900000000002 0.884749 0.206522 0.884053 0.18804300000000002 0.8826599999999999 0.18804300000000002 0.881964 0.190217 0.8809189999999999 0.20543499999999998 0.879875 0.20760900000000002 0.879875 0.209783
4 0.87117 0.220652 0.871518 0.218478 0.869429 0.216304 0.869429 0.209783 0.868384 0.20434800000000003 0.868036 0.19456500000000002 0.8673400000000001 0.19456500000000002 0.865947 0.20108700000000002 0.864903 0.21739099999999997 0.8638579999999999 0.219565 0.87117 0.220652
4 0.852716 0.238043 0.851323 0.220652 0.851323 0.21413000000000001 0.850627 0.21086999999999997 0.849234 0.21086999999999997 0.847145 0.236957 0.845404 0.24021699999999999 0.854805 0.24021699999999999 0.852716 0.238043
4 0.8084960000000001 0.20760900000000002 0.807451 0.18804300000000002 0.8060579999999999 0.18804300000000002 0.805362 0.191304 0.805362 0.197826 0.804318 0.206522 0.8084960000000001 0.20760900000000002
4 0.791783 0.213043 0.791435 0.216304 0.796657 0.216304 0.797006 0.21413000000000001 0.795613 0.211957 0.794916 0.19456500000000002 0.7928270000000001 0.19456500000000002 0.7928270000000001 0.202174 0.7907379999999999 0.20760900000000002 0.7907379999999999 0.21086999999999997 0.791783 0.213043
4 0.610724 0.254348 0.611072 0.252174 0.60968 0.251087 0.608287 0.225 0.6068939999999999 0.22282600000000002 0.6055010000000001 0.23586999999999997 0.6055010000000001 0.24673899999999999 0.6037600000000001 0.254348 0.610724 0.254348
4 0.671309 0.227174 0.6768799999999999 0.226087 0.675836 0.22391299999999997 0.674443 0.203261 0.67305 0.209783 0.672354 0.22391299999999997 0.6709609999999999 0.225 0.671309 0.227174
4 0.714136 0.21086999999999997 0.7134400000000001 0.20434800000000003 0.7134400000000001 0.196739 0.712396 0.192391 0.7116990000000001 0.19456500000000002 0.710655 0.208696 0.709958 0.21086999999999997 0.714136 0.21086999999999997