3 0.8502789999999999 0.165217 0.849234 0.165217 0.848189 0.171739 0.847145 0.18587 0.852019 0.18587 0.8502789999999999 0.165217
2 0.5275070000000001 0.48913 0.526462 0.49891300000000005 0.526114 0.516304 0.5254179999999999 0.520652 0.5254179999999999 0.5293479999999999 0.524721 0.536957 0.524721 0.552174 0.523329 0.571739 0.518802 0.575 0.516713 0.581522 0.516017 0.5913039999999999 0.511142 0.598913 0.509053 0.6 0.508008 0.602174 0.508357 0.607609 0.526462 0.620652 0.545613 0.626087 0.552577 0.618478 0.553969 0.618478 0.56163 0.606522 0.566156 0.602174 0.567549 0.598913 0.567897 0.593478 0.560585 0.588043 0.559192 0.579348 0.555014 0.575 0.552228 0.568478 0.550836 0.546739 0.550836 0.5380429999999999 0.549095 0.516304 0.548747 0.49891300000000005 0.547702 0.490217 0.54805 0.48586999999999997 0.546657 0.471739 0.545613 0.448913 0.545613 0.43478300000000003 0.544916 0.425 0.543872 0.41956499999999997 0.543524 0.4 0.541783 0.373913 0.541783 0.363043 0.54039 0.356522 0.534471 0.355435 0.53273 0.370652 0.531685 0.404348 0.528552 0.448913 0.5275070000000001 0.48913
1 0.9470750000000001 0.238043 0.950905 0.238043 0.950905 0.206522 0.949164 0.226087 0.94812 0.231522 0.9467269999999999 0.232609 0.9470750000000001 0.238043
1 0.9383699999999999 0.21413000000000001 0.947423 0.215217 0.945682 0.20434800000000003 0.944638 0.183696 0.942549 0.182609 0.941156 0.19347799999999998 0.9404600000000001 0.20543499999999998 0.9383699999999999 0.211957 0.9383699999999999 0.21413000000000001
3 0.24234 0.846739 0.269847 0.846739 0.269847 0.827174 0.26915 0.817391 0.260794 0.738043 0.26009699999999997 0.7260869999999999 0.259401 0.723913 0.252089 0.723913 0.24895499999999998 0.729348 0.247911 0.729348 0.247214 0.731522 0.24582199999999998 0.770652 0.24234 0.8358700000000001 0.24234 0.846739
3 0.5745129999999999 0.453261 0.5745129999999999 0.459783 0.572772 0.48043500000000006 0.572772 0.49130399999999996 0.570334 0.5293479999999999 0.5654600000000001 0.5336960000000001 0.564415 0.5380429999999999 0.564067 0.545652 0.562674 0.55 0.5595399999999999 0.553261 0.5595399999999999 0.556522 0.5654600000000001 0.56087 0.575557 0.563043 0.58461 0.567391 0.591226 0.565217 0.599234 0.553261 0.599234 0.551087 0.600279 0.5478259999999999 0.596797 0.544565 0.594708 0.53587 0.590529 0.531522 0.5884400000000001 0.5054350000000001 0.587396 0.48260899999999995 0.5866990000000001 0.478261 0.5866990000000001 0.46956499999999995 0.584958 0.448913 0.583914 0.42391300000000004 0.5825210000000001 0.41630399999999995 0.578343 0.415217 0.57695 0.41956499999999997 0.575557 0.43587 0.575209 0.448913 0.5745129999999999 0.453261
3 0.703691 0.35108700000000004 0.702994 0.353261 0.700557 0.354348 0.6995129999999999 0.36086999999999997 0.697423 0.363043 0.697423 0.365217 0.7116990000000001 0.36739099999999997 0.718315 0.366304 0.720404 0.361957 0.7193590000000001 0.361957 0.717967 0.356522 0.715877 0.355435 0.7151810000000001 0.353261 0.714136 0.336957 0.714136 0.326087 0.711351 0.28913 0.707869 0.288043 0.706476 0.301087 0.705432 0.319565 0.704387 0.32717399999999996 0.703691 0.35108700000000004
3 0.755919 0.27934800000000004 0.755223 0.281522 0.754875 0.286957 0.7527860000000001 0.290217 0.752437 0.294565 0.766017 0.29565199999999997 0.766017 0.29239099999999996 0.763579 0.286957 0.763579 0.278261 0.762883 0.272826 0.762883 0.265217 0.76149 0.254348 0.761142 0.24021699999999999 0.759053 0.23913 0.758008 0.243478 0.75766 0.252174 0.756964 0.25543499999999997 0.755919 0.27934800000000004
3 0.781685 0.251087 0.791783 0.251087 0.791783 0.24673899999999999 0.79039 0.24565199999999998 0.789694 0.24239099999999997 0.787953 0.209783 0.785515 0.209783 0.783426 0.243478 0.78273 0.24673899999999999 0.781685 0.24673899999999999 0.781685 0.251087
3 0.797354 0.226087 0.797354 0.22934800000000002 0.80571 0.22934800000000002 0.80571 0.226087 0.8046659999999999 0.226087 0.803969 0.221739 0.8029249999999999 0.195652 0.800836 0.195652 0.799443 0.208696 0.799095 0.22282600000000002 0.7983979999999999 0.226087 0.797354 0.226087
3 0.816156 0.20108700000000002 0.8147629999999999 0.208696 0.8220750000000001 0.20760900000000002 0.821031 0.20434800000000003 0.821031 0.198913 0.81929 0.179348 0.8182449999999999 0.179348 0.8172010000000001 0.182609 0.816156 0.192391 0.816156 0.20108700000000002
3 0.841226 0.196739 0.841226 0.19456500000000002 0.840181 0.19347799999999998 0.839485 0.173913 0.837744 0.17282599999999998 0.836351 0.18152200000000002 0.836351 0.18804300000000002 0.8353059999999999 0.195652 0.841226 0.196739
3 0.857242 0.168478 0.8568939999999999 0.157609 0.85585 0.157609 0.854805 0.16413 0.854109 0.175 0.8586349999999999 0.175 0.857242 0.168478
3 0.875348 0.152174 0.8743040000000001 0.152174 0.872911 0.16956500000000002 0.877089 0.16956500000000002 0.8760450000000001 0.163043 0.875348 0.152174
1 0.9404600000000001 0.20108700000000002 0.9387190000000001 0.18913 0.9383699999999999 0.18043499999999998 0.937326 0.175 0.9362809999999999 0.177174 0.9352370000000001 0.192391 0.9334960000000001 0.202174 0.9404600000000001 0.20108700000000002
3 0.8931060000000001 0.152174 0.8913650000000001 0.168478 0.895195 0.168478 0.89415 0.152174 0.8931060000000001 0.152174
1 0.933844 0.190217 0.9352370000000001 0.18913 0.935933 0.177174 0.9369780000000001 0.173913 0.9380219999999999 0.176087 0.9387190000000001 0.18043499999999998 0.939067 0.18913 0.9404600000000001 0.190217 0.9404600000000001 0.18804300000000002 0.939067 0.183696 0.9380219999999999 0.168478 0.9366300000000001 0.167391 0.9352370000000001 0.176087 0.9348890000000001 0.18587 0.933844 0.18804300000000002 0.933844 0.190217
2 0.603412 0.357609 0.602368 0.366304 0.600279 0.415217 0.599234 0.42391300000000004 0.5974929999999999 0.468478 0.596448 0.471739 0.593663 0.47391300000000003 0.5919220000000001 0.479348 0.591574 0.48695700000000003 0.5884400000000001 0.49130399999999996 0.5884400000000001 0.49565200000000004 0.589485 0.501087 0.602368 0.504348 0.610724 0.508696 0.618036 0.509783 0.630571 0.49347799999999997 0.631267 0.49130399999999996 0.631267 0.48804299999999995 0.628134 0.48804299999999995 0.626045 0.48586999999999997 0.625348 0.479348 0.620822 0.47282599999999997 0.620125 0.46956499999999995 0.611769 0.304348 0.6072420000000001 0.303261 0.60585 0.307609 0.6055010000000001 0.319565 0.603412 0.34565199999999996 0.603412 0.357609