3 0.345404 0.459783 0.343315 0.463043 0.342618 0.467391 0.34018099999999996 0.46956499999999995 0.34226999999999996 0.46956499999999995 0.343663 0.471739 0.361421 0.470652 0.35933099999999996 0.46956499999999995 0.358287 0.463043 0.356894 0.46195700000000006 0.35585 0.457609 0.35550099999999996 0.44565200000000005 0.357242 0.43695700000000004 0.354109 0.425 0.353412 0.407609 0.352716 0.40543500000000005 0.349234 0.406522 0.34818899999999997 0.41086999999999996 0.347493 0.426087 0.346448 0.433696 0.345404 0.459783
3 0.47667099999999996 0.570652 0.47667099999999996 0.579348 0.475279 0.592391 0.47492999999999996 0.6054350000000001 0.473886 0.6119570000000001 0.47318899999999997 0.623913 0.46901099999999996 0.627174 0.46796699999999997 0.631522 0.46796699999999997 0.636957 0.46726999999999996 0.63913 0.465877 0.63913 0.464485 0.643478 0.46552899999999997 0.646739 0.471797 0.646739 0.473886 0.65 0.47562699999999997 0.65 0.47736799999999996 0.646739 0.47876 0.646739 0.48259100000000005 0.651087 0.49129500000000004 0.651087 0.49234 0.647826 0.49373300000000003 0.647826 0.500348 0.640217 0.5 0.6380429999999999 0.497563 0.6358699999999999 0.495822 0.629348 0.49303600000000003 0.627174 0.49199200000000004 0.623913 0.489903 0.596739 0.489903 0.592391 0.49303600000000003 0.5869570000000001 0.498259 0.584783 0.498259 0.581522 0.496866 0.575 0.49617000000000006 0.565217 0.495125 0.559783 0.495474 0.554348 0.494777 0.553261 0.48851000000000006 0.556522 0.48781299999999994 0.554348 0.487117 0.543478 0.48676899999999995 0.528261 0.48468 0.522826 0.48189399999999993 0.522826 0.479805 0.5293479999999999 0.47841199999999995 0.554348 0.47667099999999996 0.570652
1 0.261142 0.415217 0.26009699999999997 0.41630399999999995 0.26009699999999997 0.41956499999999997 0.26149 0.421739 0.272284 0.421739 0.27332900000000004 0.41956499999999997 0.27332900000000004 0.417391 0.27124000000000004 0.415217 0.270195 0.409783 0.269847 0.390217 0.268802 0.373913 0.266017 0.372826 0.264972 0.377174 0.264624 0.390217 0.263231 0.407609 0.261142 0.415217
0 0.287604 0.370652 0.294916 0.371739 0.295613 0.36956500000000003 0.29422000000000004 0.361957 0.293175 0.344565 0.292479 0.341304 0.290738 0.341304 0.290042 0.34565199999999996 0.288997 0.365217 0.287604 0.36847799999999997 0.287604 0.370652
1 0.500348 0.370652 0.49895500000000004 0.376087 0.505223 0.377174 0.505571 0.376087 0.50383 0.372826 0.504526 0.36413 0.503482 0.358696 0.503134 0.352174 0.502089 0.352174 0.501393 0.358696 0.498259 0.366304 0.49895500000000004 0.36956500000000003 0.500348 0.370652
3 0.495125 0.358696 0.494777 0.347826 0.494081 0.344565 0.49303600000000003 0.344565 0.490599 0.36413 0.495474 0.365217 0.495822 0.361957 0.495125 0.358696
1 0.529944 0.397826 0.536212 0.397826 0.536908 0.395652 0.535864 0.390217 0.535515 0.376087 0.5348189999999999 0.36739099999999997 0.534123 0.365217 0.53273 0.366304 0.5306409999999999 0.391304 0.5288999999999999 0.394565 0.529944 0.397826
3 0.588788 0.420652 0.587744 0.43913 0.584958 0.446739 0.5978410000000001 0.44565200000000005 0.595752 0.44021699999999997 0.594708 0.418478 0.592618 0.39891299999999996 0.591226 0.39891299999999996 0.590529 0.40108699999999997 0.5901810000000001 0.41086999999999996 0.588788 0.420652
3 0.62883 0.521739 0.626393 0.5239130000000001 0.625348 0.530435 0.627437 0.5336960000000001 0.643454 0.5336960000000001 0.645195 0.530435 0.645195 0.527174 0.64415 0.5239130000000001 0.642409 0.522826 0.641365 0.516304 0.64032 0.490217 0.638231 0.45869600000000005 0.637535 0.45543500000000003 0.634749 0.45543500000000003 0.63266 0.468478 0.630571 0.507609 0.629526 0.518478 0.62883 0.521739
3 0.638579 0.415217 0.6444989999999999 0.415217 0.645543 0.411957 0.64415 0.407609 0.643454 0.384783 0.642409 0.379348 0.641365 0.379348 0.64032 0.383696 0.638928 0.406522 0.6371870000000001 0.41304299999999994 0.638579 0.415217
3 0.709958 0.479348 0.707869 0.48043500000000006 0.706825 0.48586999999999997 0.721448 0.48586999999999997 0.7211000000000001 0.481522 0.720056 0.48043500000000006 0.719011 0.475 0.7169220000000001 0.43695700000000004 0.715877 0.42934799999999995 0.7148329999999999 0.42934799999999995 0.7134400000000001 0.43478300000000003 0.710655 0.476087 0.709958 0.479348
3 0.763231 0.43260899999999997 0.763579 0.43695700000000004 0.762535 0.44565200000000005 0.760097 0.45 0.7604460000000001 0.453261 0.770195 0.453261 0.7712399999999999 0.45 0.76915 0.444565 0.7681060000000001 0.428261 0.7681060000000001 0.41956499999999997 0.766713 0.409783 0.76532 0.41086999999999996 0.763928 0.426087 0.761838 0.428261 0.763231 0.43260899999999997
3 0.705432 0.394565 0.704387 0.388043 0.702994 0.36956500000000003 0.7016020000000001 0.370652 0.6998610000000001 0.38913000000000003 0.698468 0.394565 0.705432 0.394565
3 0.633008 0.394565 0.631616 0.38913000000000003 0.630571 0.371739 0.629178 0.36739099999999997 0.628134 0.373913 0.627437 0.38913000000000003 0.626045 0.394565 0.633008 0.394565
3 0.637535 0.375 0.636838 0.36086999999999997 0.6354460000000001 0.358696 0.634053 0.376087 0.633008 0.379348 0.638579 0.38043499999999997 0.637535 0.375
3 0.575209 0.377174 0.5745129999999999 0.375 0.573816 0.359783 0.572772 0.354348 0.572075 0.355435 0.5706819999999999 0.371739 0.56929 0.377174 0.575209 0.377174
1 0.446727 0.365217 0.44568199999999997 0.359783 0.444986 0.346739 0.44428999999999996 0.343478 0.443593 0.343478 0.442201 0.355435 0.442201 0.359783 0.441156 0.365217 0.446727 0.365217
1 0.6657379999999999 0.373913 0.66539 0.36413 0.663997 0.355435 0.661908 0.363043 0.662256 0.370652 0.6615599999999999 0.373913 0.6657379999999999 0.373913
3 0.773329 0.406522 0.779248 0.40543500000000005 0.778552 0.40217400000000003 0.777855 0.388043 0.776811 0.38152200000000003 0.775766 0.383696 0.774373 0.39891299999999996 0.7729809999999999 0.40543500000000005 0.773329 0.406522
1 0.792131 0.390217 0.791086 0.376087 0.79039 0.376087 0.788997 0.391304 0.787256 0.396739 0.793524 0.397826 0.792131 0.390217
3 0.799443 0.43478300000000003 0.8050140000000001 0.43478300000000003 0.8064069999999999 0.43260899999999997 0.8050140000000001 0.428261 0.803621 0.40543500000000005 0.802577 0.397826 0.80188 0.397826 0.8004870000000001 0.404348 0.798747 0.42934799999999995 0.797702 0.43260899999999997 0.799443 0.43478300000000003
1 0.8060579999999999 0.38587 0.805362 0.371739 0.804318 0.370652 0.8029249999999999 0.38043499999999997 0.802228 0.391304 0.807103 0.391304 0.8060579999999999 0.38587
3 0.8387879999999999 0.421739 0.8387879999999999 0.42391300000000004 0.8467969999999999 0.42391300000000004 0.8450559999999999 0.411957 0.844708 0.40108699999999997 0.8433149999999999 0.394565 0.841922 0.397826 0.841226 0.41304299999999994 0.8405290000000001 0.417391 0.8387879999999999 0.421739
1 0.8621169999999999 0.411957 0.8690810000000001 0.411957 0.868036 0.40543500000000005 0.866992 0.38587 0.8655989999999999 0.38587 0.864903 0.388043 0.864206 0.40217400000000003 0.8621169999999999 0.411957
1 0.9505570000000001 0.428261 0.950905 0.426087 0.949861 0.421739 0.9484680000000001 0.40108699999999997 0.947423 0.396739 0.9467269999999999 0.396739 0.944638 0.411957 0.94429 0.421739 0.942549 0.42717400000000005 0.9505570000000001 0.428261
1 0.885794 0.40108699999999997 0.885097 0.397826 0.884749 0.38587 0.884053 0.383696 0.883008 0.383696 0.881964 0.394565 0.880571 0.40217400000000003 0.885097 0.403261 0.885794 0.40108699999999997
1 0.747911 0.38260900000000003 0.752437 0.38152200000000003 0.750348 0.36413 0.749304 0.363043 0.748259 0.36956500000000003 0.747911 0.377174 0.746866 0.38043499999999997 0.747911 0.38260900000000003
1 0.7211000000000001 0.384783 0.721797 0.386957 0.725975 0.38587 0.72493 0.371739 0.723886 0.365217 0.7228410000000001 0.36739099999999997 0.722145 0.373913 0.722145 0.378261 0.7211000000000001 0.384783