1 0.10968 0.317391 0.108635 0.320652 0.106894 0.321739 0.106894 0.326087 0.120125 0.323913 0.11942900000000001 0.320652 0.11699200000000001 0.318478 0.115947 0.31413 0.115947 0.307609 0.11525099999999999 0.305435 0.114903 0.291304 0.114206 0.284783 0.11351 0.282609 0.11107199999999999 0.282609 0.110376 0.284783 0.110376 0.29565199999999997 0.10968 0.3 0.10968 0.317391
3 0.29596100000000003 0.479348 0.29422000000000004 0.48043500000000006 0.291086 0.48586999999999997 0.291086 0.49891300000000005 0.291783 0.501087 0.29979100000000003 0.501087 0.307799 0.49891300000000005 0.310237 0.496739 0.317897 0.49565200000000004 0.318593 0.492391 0.316852 0.483696 0.316504 0.478261 0.312674 0.476087 0.31128100000000003 0.46956499999999995 0.30988899999999997 0.452174 0.30988899999999997 0.443478 0.308496 0.43587 0.308496 0.428261 0.30745100000000003 0.421739 0.305014 0.386957 0.300139 0.38587 0.299095 0.390217 0.297702 0.44239100000000003 0.296309 0.46087 0.29596100000000003 0.479348
3 0.70195 0.475 0.70195 0.48804299999999995 0.700209 0.511957 0.695334 0.51413 0.6939420000000001 0.516304 0.692549 0.521739 0.691156 0.521739 0.690111 0.5239130000000001 0.691852 0.530435 0.692549 0.530435 0.6946380000000001 0.536957 0.698816 0.5423910000000001 0.727716 0.541304 0.728412 0.53913 0.728064 0.534783 0.725975 0.530435 0.725975 0.526087 0.72493 0.5195649999999999 0.720752 0.515217 0.7193590000000001 0.5108699999999999 0.717967 0.484783 0.718315 0.479348 0.717618 0.47282599999999997 0.717618 0.465217 0.716226 0.446739 0.7148329999999999 0.43695700000000004 0.714136 0.41630399999999995 0.712744 0.40108699999999997 0.7071729999999999 0.4 0.704735 0.443478 0.703691 0.45 0.702994 0.46630399999999994 0.70195 0.475
2 0.9296659999999999 0.333696 0.9296659999999999 0.344565 0.928969 0.355435 0.9282730000000001 0.357609 0.927577 0.373913 0.9265319999999999 0.378261 0.9254870000000001 0.394565 0.9247909999999999 0.397826 0.9244429999999999 0.41304299999999994 0.922354 0.43478300000000003 0.922354 0.44021699999999997 0.920265 0.453261 0.919916 0.463043 0.9192199999999999 0.46630399999999994 0.916086 0.46630399999999994 0.914345 0.476087 0.9108639999999999 0.479348 0.9059889999999999 0.479348 0.905292 0.48260899999999995 0.9063370000000001 0.48586999999999997 0.9164350000000001 0.490217 0.924095 0.49565200000000004 0.929318 0.496739 0.9331480000000001 0.5 0.9348890000000001 0.49891300000000005 0.935585 0.501087 0.9380219999999999 0.502174 0.950905 0.497826 0.950905 0.45869600000000005 0.9502090000000001 0.45543500000000003 0.949164 0.426087 0.9467269999999999 0.396739 0.9453340000000001 0.365217 0.940808 0.294565 0.9334960000000001 0.293478 0.932451 0.3 0.932451 0.306522 0.9314069999999999 0.311957 0.9296659999999999 0.333696
3 0.861421 0.25760900000000003 0.871866 0.25760900000000003 0.8722139999999999 0.254348 0.870474 0.252174 0.869429 0.24565199999999998 0.869429 0.23478300000000002 0.867688 0.21739099999999997 0.865947 0.21739099999999997 0.865251 0.220652 0.86351 0.251087 0.8621169999999999 0.253261 0.861421 0.25760900000000003
1 0.810933 0.231522 0.8182449999999999 0.231522 0.8185930000000001 0.228261 0.8172010000000001 0.225 0.816156 0.203261 0.8154600000000001 0.20108700000000002 0.814067 0.20108700000000002 0.8133699999999999 0.203261 0.812674 0.211957 0.812674 0.220652 0.810933 0.231522
1 0.676184 0.227174 0.6768799999999999 0.22934800000000002 0.683496 0.22934800000000002 0.683496 0.227174 0.682103 0.22391299999999997 0.682103 0.218478 0.681407 0.216304 0.681407 0.20434800000000003 0.68071 0.202174 0.679666 0.202174 0.678273 0.206522 0.678273 0.21739099999999997 0.677577 0.22391299999999997 0.676184 0.227174
3 0.770891 0.24673899999999999 0.7712399999999999 0.244565 0.7698470000000001 0.23913 0.768454 0.21413000000000001 0.766365 0.213043 0.764624 0.24130400000000002 0.763231 0.243478 0.763231 0.24673899999999999 0.770891 0.24673899999999999
3 0.659123 0.24239099999999997 0.666435 0.24239099999999997 0.664694 0.236957 0.664694 0.221739 0.663997 0.219565 0.663997 0.216304 0.662953 0.211957 0.662256 0.211957 0.661212 0.21739099999999997 0.661212 0.22934800000000002 0.660515 0.236957 0.659123 0.24239099999999997
3 0.5654600000000001 0.24673899999999999 0.564763 0.243478 0.5637190000000001 0.24239099999999997 0.562326 0.220652 0.56163 0.21739099999999997 0.560933 0.21739099999999997 0.560237 0.220652 0.5595399999999999 0.24021699999999999 0.5577989999999999 0.24565199999999998 0.5654600000000001 0.24673899999999999
1 0.5560579999999999 0.23478300000000002 0.556407 0.232609 0.5577989999999999 0.23478300000000002 0.55571 0.22282600000000002 0.5553619999999999 0.21086999999999997 0.553969 0.208696 0.553273 0.21086999999999997 0.552577 0.230435 0.551532 0.23478300000000002 0.5560579999999999 0.23478300000000002
3 0.488162 0.254348 0.488162 0.252174 0.486421 0.24673899999999999 0.48607199999999995 0.233696 0.48537600000000003 0.231522 0.48502799999999996 0.22391299999999997 0.483983 0.22391299999999997 0.48259100000000005 0.232609 0.482242 0.25 0.48085000000000006 0.254348 0.488162 0.254348
1 0.462744 0.243478 0.462744 0.24130400000000002 0.46135099999999996 0.238043 0.460306 0.218478 0.45891400000000004 0.218478 0.45786899999999997 0.227174 0.45786899999999997 0.238043 0.45717299999999994 0.24239099999999997 0.462744 0.243478
3 0.402159 0.266304 0.40007000000000004 0.25760900000000003 0.399025 0.236957 0.396936 0.23586999999999997 0.395891 0.258696 0.39415 0.268478 0.402159 0.268478 0.402159 0.266304
3 0.31128100000000003 0.28913 0.319986 0.28913 0.320682 0.286957 0.320334 0.284783 0.318942 0.283696 0.316504 0.253261 0.315808 0.251087 0.314415 0.251087 0.31371899999999997 0.253261 0.312674 0.283696 0.31128100000000003 0.28586999999999996 0.31128100000000003 0.28913
1 0.352368 0.25652200000000003 0.351323 0.248913 0.350627 0.232609 0.348538 0.232609 0.348538 0.24673899999999999 0.347145 0.259783 0.35375999999999996 0.26087 0.352368 0.25652200000000003
3 0.167827 0.386957 0.166783 0.395652 0.166435 0.40869600000000006 0.165042 0.415217 0.163997 0.415217 0.162256 0.41956499999999997 0.16155999999999998 0.425 0.184889 0.422826 0.185237 0.420652 0.183148 0.41630399999999995 0.182451 0.41086999999999996 0.179318 0.407609 0.177577 0.391304 0.177577 0.38587 0.174443 0.358696 0.173747 0.34565199999999996 0.17304999999999998 0.343478 0.169568 0.344565 0.168872 0.347826 0.168872 0.36847799999999997 0.16817500000000002 0.372826 0.167827 0.386957
3 0.175836 0.352174 0.174791 0.355435 0.174791 0.358696 0.175487 0.363043 0.187674 0.361957 0.18836999999999998 0.36086999999999997 0.188022 0.354348 0.187326 0.352174 0.185585 0.352174 0.184192 0.34565199999999996 0.183148 0.326087 0.181755 0.31630400000000003 0.181407 0.30869599999999997 0.18070999999999998 0.304348 0.178969 0.303261 0.177228 0.311957 0.17687999999999998 0.33260900000000004 0.175836 0.342391 0.175836 0.352174
3 0.235724 0.30978300000000003 0.23363499999999998 0.317391 0.24547400000000003 0.317391 0.24268800000000001 0.30978300000000003 0.24199199999999998 0.29565199999999997 0.24129499999999998 0.29239099999999996 0.24094699999999997 0.282609 0.23990300000000003 0.27391299999999996 0.237813 0.275 0.23711700000000002 0.280435 0.236769 0.3 0.236072 0.301087 0.235724 0.30978300000000003
1 0.23433099999999998 0.281522 0.23328700000000002 0.283696 0.23328700000000002 0.28586999999999996 0.233983 0.286957 0.236769 0.286957 0.236769 0.280435 0.23746499999999998 0.275 0.23920599999999997 0.272826 0.23851 0.254348 0.236769 0.251087 0.235724 0.251087 0.23468 0.25652200000000003 0.23468 0.276087 0.23433099999999998 0.281522