1 0.507312 0.6195649999999999 0.50383 0.652174 0.501393 0.682609 0.501045 0.693478 0.5 0.701087 0.49930399999999997 0.7163039999999999 0.49860699999999997 0.718478 0.49617000000000006 0.718478 0.49234 0.721739 0.49094699999999997 0.727174 0.490599 0.73587 0.489903 0.738043 0.48468 0.741304 0.482939 0.746739 0.483983 0.75 0.49025100000000005 0.756522 0.49930399999999997 0.761957 0.509053 0.770652 0.5177579999999999 0.7739130000000001 0.522284 0.770652 0.5271589999999999 0.7630429999999999 0.5383009999999999 0.752174 0.538649 0.746739 0.536908 0.746739 0.534123 0.742391 0.532033 0.741304 0.531337 0.732609 0.527855 0.7260869999999999 0.52507 0.723913 0.521936 0.6586960000000001 0.521936 0.642391 0.5198470000000001 0.617391 0.5194989999999999 0.580435 0.518802 0.575 0.517409 0.572826 0.51149 0.572826 0.510097 0.575 0.509749 0.584783 0.507312 0.613043 0.507312 0.6195649999999999
1 0.195334 0.409783 0.192897 0.43913 0.192201 0.46087 0.191156 0.475 0.19046000000000002 0.47717400000000004 0.186978 0.479348 0.185585 0.48586999999999997 0.185585 0.48913 0.18663000000000002 0.49347799999999997 0.21239599999999997 0.49347799999999997 0.211003 0.479348 0.20856499999999997 0.478261 0.20647600000000002 0.475 0.205084 0.454348 0.204387 0.42717400000000005 0.20299399999999998 0.41413 0.20299399999999998 0.407609 0.201602 0.394565 0.201602 0.38913000000000003 0.197075 0.388043 0.196379 0.390217 0.196379 0.396739 0.195334 0.403261 0.195334 0.409783
1 0.26949900000000004 0.321739 0.26949900000000004 0.326087 0.28098900000000004 0.32717399999999996 0.28064100000000003 0.322826 0.279596 0.321739 0.278203 0.31630400000000003 0.27715900000000004 0.283696 0.276114 0.280435 0.274373 0.280435 0.273677 0.284783 0.271936 0.31521699999999997 0.27124000000000004 0.319565 0.26949900000000004 0.321739
3 0.057450999999999995 0.31413 0.057450999999999995 0.319565 0.071727 0.319565 0.072075 0.31630400000000003 0.068942 0.30978300000000003 0.068245 0.303261 0.067897 0.286957 0.066852 0.27934800000000004 0.066504 0.270652 0.063022 0.269565 0.06163 0.281522 0.060237 0.31087 0.05954 0.31413 0.057450999999999995 0.31413
1 0.090181 0.26413000000000003 0.098538 0.265217 0.098886 0.261957 0.097841 0.258696 0.096797 0.248913 0.09609999999999999 0.23478300000000002 0.095404 0.232609 0.093663 0.232609 0.092618 0.23913 0.091922 0.25543499999999997 0.090181 0.261957 0.090181 0.26413000000000003
3 0.098538 0.20434800000000003 0.096797 0.220652 0.100975 0.220652 0.09992999999999999 0.20543499999999998 0.098538 0.20434800000000003
1 0.123955 0.22934800000000002 0.123607 0.21739099999999997 0.12151799999999999 0.216304 0.12117 0.226087 0.11942900000000001 0.23586999999999997 0.125696 0.236957 0.123955 0.22934800000000002
3 0.135097 0.21086999999999997 0.134053 0.21086999999999997 0.132312 0.227174 0.137187 0.227174 0.135794 0.220652 0.135097 0.21086999999999997
1 0.175487 0.22282600000000002 0.174095 0.221739 0.171657 0.24021699999999999 0.177228 0.24021699999999999 0.176184 0.236957 0.175487 0.22282600000000002
1 0.252786 0.243478 0.25243699999999997 0.231522 0.250348 0.231522 0.250348 0.238043 0.248259 0.251087 0.254178 0.252174 0.252786 0.243478
3 0.30988899999999997 0.236957 0.308844 0.236957 0.306407 0.25543499999999997 0.31128100000000003 0.25543499999999997 0.30988899999999997 0.236957
1 0.321727 0.269565 0.321727 0.267391 0.320334 0.26413000000000003 0.319638 0.24673899999999999 0.317897 0.24673899999999999 0.31754899999999997 0.25760900000000003 0.31545999999999996 0.266304 0.31545999999999996 0.268478 0.321727 0.269565
1 0.449861 0.293478 0.456128 0.293478 0.454387 0.282609 0.45369099999999996 0.266304 0.452298 0.266304 0.451602 0.269565 0.451253 0.282609 0.449861 0.290217 0.449861 0.293478
1 0.623955 0.326087 0.632312 0.32717399999999996 0.63266 0.325 0.631267 0.321739 0.630223 0.311957 0.629875 0.29565199999999997 0.6277860000000001 0.294565 0.626741 0.302174 0.626045 0.317391 0.623955 0.323913 0.623955 0.326087
3 0.6995129999999999 0.319565 0.7057800000000001 0.320652 0.7040390000000001 0.303261 0.7040390000000001 0.294565 0.702298 0.293478 0.700905 0.305435 0.700905 0.313043 0.6995129999999999 0.317391 0.6995129999999999 0.319565
1 0.748607 0.35 0.748955 0.347826 0.747563 0.344565 0.745822 0.334783 0.745125 0.31413 0.742688 0.31413 0.740599 0.340217 0.738162 0.346739 0.738162 0.348913 0.748607 0.35
1 0.226323 0.36086999999999997 0.22562700000000002 0.36413 0.22353800000000001 0.365217 0.22179700000000002 0.370652 0.22179700000000002 0.373913 0.23816199999999998 0.373913 0.23816199999999998 0.36956500000000003 0.23537599999999997 0.36413 0.23468 0.35 0.233983 0.346739 0.233983 0.336957 0.232591 0.323913 0.232591 0.313043 0.22980499999999998 0.311957 0.22876 0.31413 0.22771599999999997 0.336957 0.22667099999999998 0.344565 0.226323 0.36086999999999997
1 0.190808 0.283696 0.190808 0.286957 0.191852 0.28913 0.200557 0.28913 0.200557 0.286957 0.198816 0.284783 0.19812000000000002 0.281522 0.197423 0.265217 0.196031 0.253261 0.19429000000000002 0.253261 0.193245 0.26413000000000003 0.193245 0.276087 0.192201 0.282609 0.190808 0.283696
1 0.088788 0.22934800000000002 0.087744 0.228261 0.086699 0.211957 0.08565500000000001 0.211957 0.08460999999999999 0.228261 0.083565 0.231522 0.08843999999999999 0.231522 0.088788 0.22934800000000002
3 0.240599 0.22282600000000002 0.23990300000000003 0.22282600000000002 0.237813 0.24130400000000002 0.24234 0.24130400000000002 0.24129499999999998 0.236957 0.240599 0.22282600000000002
3 0.36490300000000003 0.259783 0.364554 0.24673899999999999 0.36351 0.24565199999999998 0.362117 0.258696 0.361072 0.263043 0.365599 0.26413000000000003 0.36490300000000003 0.259783
1 0.389276 0.283696 0.389624 0.281522 0.388579 0.278261 0.387883 0.271739 0.387883 0.261957 0.387187 0.258696 0.38649 0.258696 0.385794 0.26087 0.385446 0.27391299999999996 0.38405300000000003 0.282609 0.389276 0.283696
3 0.434192 0.275 0.434192 0.272826 0.433496 0.271739 0.432799 0.25760900000000003 0.432103 0.254348 0.431407 0.254348 0.43071000000000004 0.258696 0.43071000000000004 0.265217 0.42931800000000003 0.27391299999999996 0.434192 0.275
3 0.514624 0.28586999999999996 0.512883 0.26413000000000003 0.511838 0.263043 0.5104460000000001 0.280435 0.509401 0.283696 0.509401 0.28586999999999996 0.514624 0.28586999999999996
1 0.5229809999999999 0.301087 0.5229809999999999 0.304348 0.529248 0.304348 0.528203 0.296739 0.5271589999999999 0.276087 0.526114 0.276087 0.5254179999999999 0.27934800000000004 0.524373 0.3 0.5229809999999999 0.301087
3 0.5866990000000001 0.298913 0.5919220000000001 0.298913 0.590877 0.294565 0.5901810000000001 0.277174 0.589136 0.276087 0.5884400000000001 0.278261 0.587744 0.293478 0.5866990000000001 0.296739 0.5866990000000001 0.298913
3 0.810933 0.33913000000000004 0.8182449999999999 0.340217 0.8182449999999999 0.338043 0.8172010000000001 0.33587 0.8154600000000001 0.31087 0.814415 0.31087 0.8130219999999999 0.320652 0.812326 0.33587 0.810933 0.336957 0.810933 0.33913000000000004
1 0.85376 0.366304 0.853412 0.370652 0.86351 0.36956500000000003 0.861421 0.359783 0.860028 0.331522 0.857939 0.33260900000000004 0.855501 0.36413 0.854805 0.366304 0.85376 0.366304
3 0.180362 0.21739099999999997 0.178969 0.21739099999999997 0.178273 0.22934800000000002 0.177577 0.232609 0.181407 0.233696 0.180362 0.21739099999999997