3 0.363858 0.645652 0.363858 0.659783 0.362465 0.677174 0.362465 0.686957 0.361769 0.6913039999999999 0.35968 0.757609 0.358983 0.759783 0.358635 0.777174 0.354457 0.781522 0.354109 0.7836960000000001 0.350627 0.78913 0.349234 0.806522 0.343663 0.816304 0.340877 0.818478 0.339833 0.821739 0.339833 0.828261 0.353412 0.833696 0.356198 0.832609 0.37256300000000003 0.840217 0.383008 0.841304 0.386142 0.836957 0.387883 0.831522 0.396588 0.818478 0.399373 0.8130430000000001 0.40007000000000004 0.808696 0.40703300000000003 0.794565 0.399373 0.793478 0.398677 0.78913 0.398677 0.7836960000000001 0.395891 0.775 0.388579 0.766304 0.385794 0.7304350000000001 0.384401 0.719565 0.384401 0.71413 0.382312 0.693478 0.38126699999999997 0.676087 0.380571 0.6728259999999999 0.38022300000000003 0.6630429999999999 0.378134 0.647826 0.375696 0.6054350000000001 0.374652 0.602174 0.36873300000000003 0.6010869999999999 0.365251 0.604348 0.36490300000000003 0.632609 0.363858 0.645652
3 0.45543199999999995 0.336957 0.453343 0.33913000000000004 0.452646 0.344565 0.465181 0.34565199999999996 0.465877 0.344565 0.465877 0.338043 0.464136 0.338043 0.462744 0.32934800000000003 0.462047 0.321739 0.462047 0.311957 0.461003 0.303261 0.461003 0.294565 0.459958 0.288043 0.458565 0.288043 0.457521 0.29239099999999996 0.457521 0.3 0.456128 0.31630400000000003 0.45543199999999995 0.336957
3 0.47423400000000004 0.29239099999999996 0.473538 0.296739 0.481198 0.296739 0.48259100000000005 0.294565 0.48259100000000005 0.291304 0.481546 0.291304 0.48085000000000006 0.28913 0.47910899999999995 0.259783 0.478064 0.25543499999999997 0.47736799999999996 0.25543499999999997 0.47667099999999996 0.259783 0.47562699999999997 0.290217 0.47423400000000004 0.29239099999999996
3 0.545265 0.265217 0.552228 0.266304 0.552577 0.263043 0.551184 0.259783 0.549443 0.233696 0.54805 0.233696 0.547006 0.24782600000000002 0.547006 0.258696 0.545265 0.263043 0.545265 0.265217
3 0.64415 0.243478 0.642061 0.23478300000000002 0.641017 0.216304 0.639624 0.216304 0.638579 0.23913 0.636838 0.24565199999999998 0.64415 0.24565199999999998 0.64415 0.243478
3 0.745474 0.230435 0.745822 0.232609 0.7527860000000001 0.232609 0.7527860000000001 0.228261 0.751393 0.227174 0.751393 0.216304 0.75 0.203261 0.748607 0.20543499999999998 0.747563 0.225 0.746518 0.22934800000000002 0.745474 0.230435
3 0.876393 0.22391299999999997 0.876741 0.221739 0.875 0.216304 0.873259 0.195652 0.871518 0.19456500000000002 0.870125 0.218478 0.868733 0.220652 0.868733 0.22391299999999997 0.876393 0.22391299999999997
1 0.664694 0.28913 0.663649 0.282609 0.662256 0.281522 0.660864 0.271739 0.6601670000000001 0.248913 0.659471 0.243478 0.6580779999999999 0.24239099999999997 0.657033 0.25 0.655989 0.27934800000000004 0.653203 0.288043 0.664694 0.28913
1 0.729805 0.254348 0.738162 0.253261 0.73851 0.25 0.737117 0.24782600000000002 0.736072 0.238043 0.735376 0.219565 0.733635 0.219565 0.732591 0.227174 0.7318939999999999 0.24565199999999998 0.729805 0.254348
1 0.797354 0.244565 0.795265 0.23586999999999997 0.7942199999999999 0.213043 0.792131 0.213043 0.7907379999999999 0.23913 0.788649 0.24673899999999999 0.797006 0.24673899999999999 0.797354 0.244565
1 0.8495820000000001 0.32717399999999996 0.84993 0.330435 0.8485379999999999 0.347826 0.8485379999999999 0.354348 0.847145 0.357609 0.845404 0.357609 0.844708 0.36413 0.851671 0.370652 0.856198 0.370652 0.8638579999999999 0.36739099999999997 0.864554 0.36413 0.864206 0.358696 0.8607239999999999 0.356522 0.85968 0.35108700000000004 0.8589829999999999 0.331522 0.858287 0.32717399999999996 0.857939 0.30978300000000003 0.857242 0.30869599999999997 0.857242 0.294565 0.856546 0.28913 0.853412 0.288043 0.852716 0.28913 0.852019 0.29565199999999997 0.851323 0.313043 0.8495820000000001 0.32717399999999996
1 0.881616 0.24130400000000002 0.8906689999999999 0.24130400000000002 0.8906689999999999 0.23913 0.888579 0.23478300000000002 0.887187 0.208696 0.88649 0.206522 0.884749 0.20760900000000002 0.883705 0.231522 0.883008 0.236957 0.881616 0.238043 0.881616 0.24130400000000002
3 0.529248 0.431522 0.528203 0.425 0.5254179999999999 0.422826 0.524373 0.41956499999999997 0.522632 0.390217 0.521936 0.38587 0.521936 0.378261 0.518802 0.34565199999999996 0.5125228953125001 0.3919845796875 0.5121870000000001 0.41086999999999996 0.513579 0.41086999999999996 0.514624 0.415217 0.516017 0.43913 0.528203 0.43913 0.529248 0.43587 0.529248 0.431522
3 0.504526 0.49565200000000004 0.503482 0.511957 0.502437 0.517391 0.49930399999999997 0.5195649999999999 0.498259 0.522826 0.498259 0.530435 0.496866 0.53913 0.49965200000000004 0.5423910000000001 0.52507 0.541304 0.530989 0.5239130000000001 0.526811 0.522826 0.526114 0.518478 0.5212399999999999 0.51413 0.520195 0.504348 0.5198470000000001 0.492391 0.518802 0.48695700000000003 0.518454 0.47282599999999997 0.517061 0.46195700000000006 0.516713 0.448913 0.515669 0.441304 0.514276 0.415217 0.513579 0.411957 0.508705 0.411957 0.50766 0.43804299999999996 0.504875 0.47391300000000003 0.504178 0.494565 0.504526 0.49565200000000004
1 0.6810579999999999 0.25760900000000003 0.681755 0.25543499999999997 0.6827989999999999 0.25543499999999997 0.683844 0.258696 0.684192 0.267391 0.6862809999999999 0.267391 0.6862809999999999 0.265217 0.684192 0.259783 0.6827989999999999 0.231522 0.68071 0.230435 0.6786209999999999 0.261957 0.675836 0.267391 0.6803619999999999 0.267391 0.6810579999999999 0.25760900000000003
1 0.676532 0.305435 0.684889 0.307609 0.689415 0.305435 0.689763 0.3 0.6869780000000001 0.3 0.685585 0.29239099999999996 0.685237 0.277174 0.683844 0.267391 0.683496 0.258696 0.6827989999999999 0.25652200000000003 0.681755 0.25652200000000003 0.6803619999999999 0.268478 0.680014 0.284783 0.6786209999999999 0.29782600000000004 0.676532 0.305435