3 0.10759099999999999 0.5913039999999999 0.10759099999999999 0.597826 0.106546 0.6010869999999999 0.10585 0.6010869999999999 0.10585 0.6054350000000001 0.12604500000000002 0.604348 0.130571 0.602174 0.134749 0.5956520000000001 0.136838 0.594565 0.134749 0.584783 0.130919 0.583696 0.130223 0.580435 0.124304 0.496739 0.11908099999999999 0.496739 0.11281300000000001 0.583696 0.11176900000000001 0.588043 0.10759099999999999 0.5913039999999999
3 0.11734 0.456522 0.128134 0.456522 0.129178 0.453261 0.127089 0.448913 0.125348 0.41086999999999996 0.122563 0.40869600000000006 0.12117 0.41086999999999996 0.11908099999999999 0.45 0.11734 0.453261 0.11734 0.456522
3 0.279248 0.503261 0.292827 0.504348 0.293872 0.49891300000000005 0.291086 0.490217 0.288649 0.43804299999999996 0.285167 0.43695700000000004 0.284123 0.44021699999999997 0.281337 0.494565 0.279248 0.5 0.279248 0.503261
3 0.281337 0.44565200000000005 0.282033 0.444565 0.282033 0.44021699999999997 0.28098900000000004 0.43804299999999996 0.279596 0.404348 0.27681100000000003 0.403261 0.275766 0.407609 0.274721 0.43587 0.272632 0.444565 0.281337 0.44565200000000005
3 0.356198 0.463043 0.356198 0.459783 0.355153 0.45543500000000003 0.35375999999999996 0.41413 0.350279 0.41413 0.347493 0.453261 0.345404 0.463043 0.35550099999999996 0.46413000000000004 0.356198 0.463043
3 0.9310579999999999 0.46956499999999995 0.928969 0.42934799999999995 0.9265319999999999 0.42934799999999995 0.924095 0.467391 0.922354 0.47717400000000004 0.9331480000000001 0.47717400000000004 0.9310579999999999 0.46956499999999995
3 0.8269500000000001 0.42934799999999995 0.8245129999999999 0.40217400000000003 0.822423 0.40108699999999997 0.8203340000000001 0.426087 0.8203340000000001 0.43478300000000003 0.8269500000000001 0.43478300000000003 0.8269500000000001 0.42934799999999995
3 0.789345 0.390217 0.787953 0.38913000000000003 0.786212 0.404348 0.785864 0.41304299999999994 0.79039 0.41304299999999994 0.789345 0.390217
3 0.73468 0.386957 0.733287 0.386957 0.732591 0.40543500000000005 0.735376 0.40543500000000005 0.735028 0.38913000000000003 0.73468 0.386957
3 0.559192 0.383696 0.557451 0.383696 0.5560579999999999 0.396739 0.5560579999999999 0.403261 0.560237 0.403261 0.559192 0.383696
3 0.461003 0.394565 0.461003 0.38587 0.45960999999999996 0.38587 0.458217 0.397826 0.458217 0.403261 0.462047 0.403261 0.461003 0.394565
3 0.363162 0.403261 0.362465 0.38587 0.360724 0.38587 0.35968 0.403261 0.358983 0.406522 0.364206 0.406522 0.363162 0.403261
3 0.157382 0.41413 0.158426 0.411957 0.159123 0.404348 0.159123 0.395652 0.158078 0.390217 0.155989 0.391304 0.154596 0.406522 0.153203 0.41413 0.157382 0.41413
1 0.050139 0.396739 0.048747 0.396739 0.048747 0.42717400000000005 0.052925 0.42717400000000005 0.052925 0.421739 0.050139 0.396739
1 0.079387 0.431522 0.07694999999999999 0.404348 0.073468 0.403261 0.071031 0.430435 0.071031 0.43695700000000004 0.079387 0.43695700000000004 0.079387 0.431522
1 0.16434500000000002 0.41413 0.162604 0.396739 0.160167 0.396739 0.158426 0.41304299999999994 0.158426 0.420652 0.16434500000000002 0.420652 0.16434500000000002 0.41413
1 0.199861 0.422826 0.198468 0.4 0.195682 0.4 0.194986 0.420652 0.193245 0.431522 0.201253 0.431522 0.199861 0.422826
1 0.260446 0.392391 0.259401 0.41630399999999995 0.264276 0.41630399999999995 0.262883 0.393478 0.260446 0.392391
3 0.26566900000000004 0.390217 0.263579 0.391304 0.263231 0.397826 0.264276 0.409783 0.267758 0.409783 0.26566900000000004 0.390217
1 0.306407 0.397826 0.304666 0.42717400000000005 0.31128100000000003 0.42717400000000005 0.309192 0.397826 0.306407 0.397826
1 0.353064 0.390217 0.350975 0.390217 0.34992999999999996 0.403261 0.34992999999999996 0.411957 0.354457 0.411957 0.353064 0.390217
1 0.40529200000000004 0.428261 0.40529200000000004 0.426087 0.404596 0.425 0.40250700000000006 0.397826 0.40007000000000004 0.396739 0.399025 0.42391300000000004 0.39832900000000004 0.428261 0.404596 0.42934799999999995 0.40529200000000004 0.428261
1 0.442897 0.40869600000000006 0.441852 0.38913000000000003 0.439763 0.388043 0.43837000000000004 0.41086999999999996 0.442897 0.411957 0.443593 0.409783 0.442897 0.40869600000000006
1 0.48676899999999995 0.43695700000000004 0.487117 0.43478300000000003 0.48607199999999995 0.43260899999999997 0.48363500000000004 0.40108699999999997 0.481198 0.40108699999999997 0.479457 0.43260899999999997 0.478064 0.43478300000000003 0.478064 0.43695700000000004 0.48676899999999995 0.43695700000000004
1 0.520195 0.4 0.520195 0.393478 0.5194989999999999 0.38913000000000003 0.517409 0.38913000000000003 0.516713 0.393478 0.516017 0.411957 0.5212399999999999 0.411957 0.520195 0.4
1 0.52507 0.465217 0.526114 0.467391 0.536908 0.467391 0.537256 0.46195700000000006 0.5365599999999999 0.46195700000000006 0.535515 0.45869600000000005 0.533774 0.418478 0.533426 0.41630399999999995 0.529596 0.41630399999999995 0.527855 0.45543500000000003 0.526811 0.459783 0.52507 0.46087 0.52507 0.465217
1 0.5365599999999999 0.518478 0.535864 0.522826 0.534471 0.526087 0.538997 0.5293479999999999 0.5518799999999999 0.5293479999999999 0.553273 0.527174 0.55571 0.527174 0.553969 0.5195649999999999 0.550836 0.516304 0.547354 0.457609 0.546657 0.454348 0.543872 0.454348 0.5428270000000001 0.46195700000000006 0.539345 0.51413 0.5383009999999999 0.517391 0.5365599999999999 0.518478
1 0.604457 0.5959680406250001 0.599234 0.572826 0.594708 0.646739 0.594708 0.6586960000000001 0.595752 0.66413 0.5995820000000001 0.675 0.604457 0.676087 0.604457 0.5959680406250001
1 0.582869 0.388043 0.581476 0.41304299999999994 0.587047 0.41304299999999994 0.585655 0.388043 0.582869 0.388043
1 0.656337 0.425 0.654944 0.421739 0.6538999999999999 0.388043 0.6504179999999999 0.388043 0.649721 0.415217 0.648677 0.42717400000000005 0.656337 0.42717400000000005 0.656337 0.425
1 0.679666 0.45 0.679666 0.44565200000000005 0.677925 0.443478 0.6768799999999999 0.407609 0.672006 0.407609 0.670613 0.44239100000000003 0.669568 0.444565 0.669568 0.45 0.679666 0.45
1 0.742688 0.49565200000000004 0.744081 0.497826 0.75766 0.497826 0.757312 0.49347799999999997 0.755223 0.48913 0.752437 0.43695700000000004 0.748955 0.43695700000000004 0.745822 0.483696 0.744777 0.48804299999999995 0.742688 0.490217 0.742688 0.49565200000000004
1 0.9422010000000001 0.592391 0.950905 0.594565 0.950905 0.504348 0.9467269999999999 0.573913 0.9453340000000001 0.578261 0.942549 0.579348 0.9422010000000001 0.592391
3 0.649721 0.396739 0.648677 0.391304 0.648329 0.383696 0.646936 0.383696 0.6462399999999999 0.40108699999999997 0.645543 0.404348 0.649721 0.404348 0.649721 0.396739