3 0.325557 0.568478 0.324861 0.570652 0.324513 0.578261 0.322423 0.583696 0.322423 0.58587 0.347145 0.58587 0.351323 0.576087 0.351323 0.573913 0.34992999999999996 0.573913 0.349234 0.569565 0.347493 0.5663039999999999 0.345056 0.5663039999999999 0.34435899999999997 0.56413 0.33843999999999996 0.479348 0.334262 0.479348 0.333217 0.48260899999999995 0.328691 0.565217 0.327994 0.568478 0.325557 0.568478
3 0.397632 0.44565200000000005 0.396936 0.46195700000000006 0.394847 0.46413000000000004 0.393802 0.470652 0.410864 0.470652 0.409123 0.468478 0.409123 0.46413000000000004 0.406337 0.46195700000000006 0.40529200000000004 0.44782599999999995 0.40529200000000004 0.43695700000000004 0.4039 0.428261 0.402855 0.41086999999999996 0.399721 0.41086999999999996 0.39832900000000004 0.43695700000000004 0.39624000000000004 0.44021699999999997 0.39624000000000004 0.44239100000000003 0.397632 0.44565200000000005
3 0.431755 0.411957 0.43036199999999997 0.41413 0.43036199999999997 0.418478 0.439763 0.418478 0.44011100000000003 0.41304299999999994 0.439067 0.41304299999999994 0.43837000000000004 0.41086999999999996 0.435933 0.376087 0.434192 0.376087 0.433496 0.38043499999999997 0.43245100000000003 0.406522 0.431755 0.40869600000000006 0.431755 0.411957
3 0.446727 0.391304 0.453343 0.391304 0.45369099999999996 0.388043 0.45194999999999996 0.384783 0.45194999999999996 0.373913 0.451253 0.371739 0.450905 0.358696 0.449164 0.358696 0.448468 0.377174 0.44777199999999995 0.38587 0.446727 0.386957 0.446727 0.391304
3 0.46344 0.371739 0.46239600000000003 0.371739 0.461699 0.36956500000000003 0.461699 0.355435 0.46065500000000004 0.347826 0.45960999999999996 0.347826 0.458217 0.36956500000000003 0.45717299999999994 0.372826 0.46344 0.373913 0.46344 0.371739
3 0.464485 0.363043 0.469359 0.363043 0.469359 0.36086999999999997 0.46831500000000004 0.357609 0.46831500000000004 0.343478 0.46796699999999997 0.341304 0.46657400000000004 0.341304 0.465877 0.343478 0.46552899999999997 0.357609 0.464485 0.36086999999999997 0.464485 0.363043
3 0.47318899999999997 0.342391 0.472145 0.334783 0.471448 0.334783 0.47075199999999995 0.33913000000000004 0.470404 0.354348 0.47318899999999997 0.354348 0.47318899999999997 0.342391
3 0.475279 0.331522 0.47423400000000004 0.330435 0.473538 0.347826 0.47667099999999996 0.347826 0.47562699999999997 0.343478 0.475279 0.331522
1 0.7169220000000001 0.559783 0.7169220000000001 0.56413 0.714485 0.567391 0.719708 0.576087 0.743036 0.576087 0.743733 0.573913 0.740947 0.568478 0.740947 0.563043 0.738858 0.559783 0.737465 0.559783 0.736421 0.555435 0.731546 0.475 0.7305010000000001 0.471739 0.7270190000000001 0.471739 0.725975 0.475 0.721448 0.554348 0.720404 0.5586960000000001 0.7169220000000001 0.559783
1 0.636838 0.46630399999999994 0.636838 0.468478 0.654596 0.468478 0.654596 0.46630399999999994 0.6525070000000001 0.46630399999999994 0.651811 0.46195700000000006 0.649373 0.459783 0.6479809999999999 0.428261 0.647284 0.42717400000000005 0.6462399999999999 0.407609 0.643454 0.407609 0.640669 0.459783 0.638231 0.46087 0.637883 0.465217 0.636838 0.46630399999999994
1 0.600627 0.418478 0.612465 0.418478 0.612465 0.41630399999999995 0.611072 0.41630399999999995 0.610376 0.41304299999999994 0.609331 0.41304299999999994 0.608635 0.41086999999999996 0.6068939999999999 0.376087 0.6051529999999999 0.376087 0.604457 0.379348 0.602716 0.41304299999999994 0.600975 0.41413 0.600627 0.418478
1 0.585306 0.388043 0.585306 0.38587 0.583914 0.383696 0.5825210000000001 0.356522 0.5807800000000001 0.356522 0.579387 0.38260900000000003 0.577994 0.384783 0.577994 0.388043 0.585306 0.388043
1 0.56929 0.370652 0.567897 0.363043 0.567549 0.347826 0.5672010000000001 0.34565199999999996 0.565808 0.34565199999999996 0.564763 0.366304 0.56337 0.36847799999999997 0.56337 0.370652 0.56929 0.370652
1 0.560237 0.359783 0.5595399999999999 0.357609 0.558844 0.35 0.558844 0.343478 0.558148 0.33913000000000004 0.557451 0.33913000000000004 0.556755 0.343478 0.556407 0.354348 0.5553619999999999 0.359783 0.560237 0.359783
1 0.553969 0.35 0.553273 0.348913 0.552577 0.33587 0.551532 0.333696 0.5504870000000001 0.35 0.549791 0.352174 0.553969 0.352174 0.553969 0.35
1 0.54805 0.342391 0.547354 0.330435 0.546309 0.330435 0.545265 0.34565199999999996 0.548747 0.34565199999999996 0.548747 0.343478 0.54805 0.342391
1 0.9084260000000001 0.420652 0.919916 0.420652 0.919916 0.418478 0.9174789999999999 0.41304299999999994 0.9157379999999999 0.377174 0.913301 0.376087 0.912604 0.379348 0.9101670000000001 0.41413 0.9084260000000001 0.417391 0.9084260000000001 0.420652
1 0.854805 0.394565 0.862813 0.394565 0.862813 0.392391 0.861769 0.38913000000000003 0.8607239999999999 0.377174 0.860028 0.359783 0.858287 0.358696 0.857591 0.363043 0.856198 0.388043 0.854805 0.391304 0.854805 0.394565
1 0.799791 0.363043 0.799791 0.36086999999999997 0.798747 0.357609 0.7983979999999999 0.340217 0.796657 0.33913000000000004 0.795613 0.348913 0.795613 0.357609 0.794568 0.363043 0.799791 0.363043
1 0.738858 0.346739 0.738162 0.333696 0.736769 0.333696 0.735724 0.352174 0.735028 0.354348 0.739903 0.354348 0.738858 0.346739
1 0.6956819999999999 0.340217 0.6956819999999999 0.33260900000000004 0.6946380000000001 0.331522 0.693245 0.347826 0.692549 0.35 0.697075 0.35 0.6956819999999999 0.340217
1 0.662604 0.340217 0.661908 0.326087 0.660864 0.326087 0.6601670000000001 0.343478 0.659471 0.34565199999999996 0.663649 0.34565199999999996 0.662604 0.340217
3 0.904596 0.36086999999999997 0.902855 0.342391 0.901811 0.33587 0.901114 0.33587 0.8997210000000001 0.344565 0.8997210000000001 0.352174 0.898677 0.36086999999999997 0.904596 0.36086999999999997
3 0.8286910000000001 0.34565199999999996 0.827994 0.33260900000000004 0.8269500000000001 0.331522 0.8252090000000001 0.352174 0.830084 0.352174 0.830084 0.35 0.8286910000000001 0.34565199999999996
3 0.770891 0.347826 0.77507 0.347826 0.773677 0.33913000000000004 0.773677 0.32934800000000003 0.772284 0.328261 0.771588 0.333696 0.771588 0.344565 0.770891 0.34565199999999996 0.770891 0.347826
3 0.73468 0.344565 0.733983 0.342391 0.733287 0.32717399999999996 0.731198 0.333696 0.731198 0.341304 0.7305010000000001 0.344565 0.73468 0.344565
3 0.7301529999999999 0.33913000000000004 0.7301529999999999 0.333696 0.729457 0.331522 0.729457 0.321739 0.728412 0.321739 0.727716 0.328261 0.727716 0.33587 0.7270190000000001 0.33913000000000004 0.7301529999999999 0.33913000000000004
1 0.821379 0.376087 0.8199859999999999 0.36739099999999997 0.81929 0.35108700000000004 0.8185930000000001 0.347826 0.8172010000000001 0.347826 0.816156 0.36956500000000003 0.8147629999999999 0.372826 0.8147629999999999 0.376087 0.821379 0.376087
3 0.9439420000000001 0.370652 0.9435930000000001 0.363043 0.9422010000000001 0.354348 0.9422010000000001 0.34565199999999996 0.9401109999999999 0.344565 0.9383699999999999 0.35108700000000004 0.9383699999999999 0.363043 0.937326 0.370652 0.9439420000000001 0.370652