1 0.504178 0.742391 0.50383 0.746739 0.49895500000000004 0.746739 0.497563 0.748913 0.497563 0.751087 0.514972 0.781522 0.523329 0.781522 0.5504870000000001 0.775 0.5504870000000001 0.7695649999999999 0.544916 0.759783 0.544916 0.75 0.543175 0.743478 0.5383009999999999 0.738043 0.537604 0.73587 0.532033 0.592391 0.530292 0.590217 0.523677 0.590217 0.5121870000000001 0.7304350000000001 0.511142 0.732609 0.505571 0.7369570000000001 0.504178 0.742391
1 0.338788 0.501087 0.337047 0.507609 0.337047 0.5108699999999999 0.338092 0.516304 0.35933099999999996 0.516304 0.360028 0.51413 0.360028 0.5054350000000001 0.356546 0.503261 0.35585 0.49891300000000005 0.352368 0.421739 0.34818899999999997 0.420652 0.345752 0.44239100000000003 0.341922 0.497826 0.341226 0.501087 0.338788 0.501087
1 0.333914 0.41086999999999996 0.333565 0.41630399999999995 0.34784099999999996 0.41630399999999995 0.34784099999999996 0.411957 0.345752 0.407609 0.344708 0.377174 0.343315 0.356522 0.340877 0.357609 0.337396 0.403261 0.336003 0.409783 0.333914 0.41086999999999996
1 0.376741 0.378261 0.37639300000000003 0.38152200000000003 0.387535 0.38260900000000003 0.387187 0.379348 0.385446 0.377174 0.38405300000000003 0.340217 0.383357 0.336957 0.381616 0.336957 0.38022300000000003 0.35 0.37883 0.375 0.377786 0.378261 0.376741 0.378261
1 0.40598900000000004 0.36086999999999997 0.405641 0.36413 0.41434499999999996 0.36413 0.412953 0.359783 0.41190800000000005 0.328261 0.411212 0.326087 0.41016700000000006 0.326087 0.409123 0.330435 0.407382 0.357609 0.40598900000000004 0.36086999999999997
1 0.43488899999999997 0.346739 0.433496 0.319565 0.432103 0.319565 0.430014 0.344565 0.428621 0.35 0.435933 0.35108700000000004 0.43488899999999997 0.346739
1 0.453343 0.330435 0.452994 0.31413 0.452298 0.311957 0.451253 0.311957 0.449861 0.33260900000000004 0.44812 0.340217 0.454735 0.340217 0.453343 0.330435
1 0.466922 0.31087 0.466226 0.307609 0.46552899999999997 0.307609 0.46309199999999995 0.331522 0.46831500000000004 0.331522 0.46726999999999996 0.328261 0.466922 0.31087
1 0.49025100000000005 0.321739 0.49442899999999995 0.320652 0.49303600000000003 0.313043 0.49268799999999996 0.302174 0.49129500000000004 0.307609 0.49129500000000004 0.311957 0.489903 0.320652 0.49025100000000005 0.321739
1 0.505571 0.31087 0.505571 0.3 0.504875 0.29782600000000004 0.503482 0.31087 0.502089 0.31630400000000003 0.506267 0.31630400000000003 0.505571 0.31087
3 0.060585 0.378261 0.058843999999999994 0.384783 0.057450999999999995 0.386957 0.06163 0.38913000000000003 0.077298 0.38913000000000003 0.080084 0.386957 0.078691 0.379348 0.076253 0.378261 0.075557 0.375 0.074861 0.361957 0.074861 0.347826 0.073468 0.321739 0.072772 0.318478 0.068245 0.318478 0.064067 0.370652 0.062674 0.377174 0.060585 0.378261
3 0.193593 0.35108700000000004 0.193593 0.346739 0.192201 0.34565199999999996 0.190808 0.305435 0.187674 0.304348 0.18453999999999998 0.341304 0.182451 0.346739 0.182451 0.35108700000000004 0.193593 0.35108700000000004
3 0.268454 0.333696 0.267061 0.325 0.267061 0.31521699999999997 0.266017 0.298913 0.263928 0.298913 0.26149 0.328261 0.26009699999999997 0.330435 0.26009699999999997 0.333696 0.268454 0.333696
3 0.313022 0.318478 0.312326 0.298913 0.310585 0.29782600000000004 0.308844 0.321739 0.30745100000000003 0.32717399999999996 0.314415 0.32717399999999996 0.313022 0.318478
3 0.346797 0.318478 0.347145 0.320652 0.352716 0.320652 0.35201899999999997 0.31630400000000003 0.35167099999999996 0.3 0.350627 0.29239099999999996 0.34992999999999996 0.29239099999999996 0.348886 0.296739 0.34818899999999997 0.311957 0.346797 0.318478
3 0.37883 0.31630400000000003 0.378134 0.311957 0.378482 0.303261 0.377786 0.3 0.377786 0.29565199999999997 0.376741 0.29239099999999996 0.375348 0.294565 0.375 0.304348 0.373259 0.31630400000000003 0.37883 0.31630400000000003
3 0.399373 0.30869599999999997 0.399373 0.3 0.398677 0.291304 0.39798100000000003 0.28913 0.396936 0.29565199999999997 0.39624000000000004 0.30978300000000003 0.40007000000000004 0.31087 0.399373 0.30869599999999997
2 0.40494399999999997 0.31087 0.4039 0.305435 0.403552 0.28913 0.402855 0.277174 0.402159 0.275 0.400418 0.284783 0.399721 0.30869599999999997 0.400418 0.31087 0.40494399999999997 0.31087
2 0.389276 0.311957 0.39624000000000004 0.311957 0.395195 0.304348 0.39449900000000004 0.27934800000000004 0.393802 0.275 0.392758 0.277174 0.392061 0.283696 0.392061 0.291304 0.389276 0.311957
2 0.473538 0.320652 0.472145 0.32717399999999996 0.47910899999999995 0.328261 0.47771600000000003 0.318478 0.47667099999999996 0.293478 0.47562699999999997 0.291304 0.474582 0.298913 0.474582 0.306522 0.473538 0.31521699999999997 0.473538 0.320652
3 0.42479100000000003 0.29782600000000004 0.42479100000000003 0.288043 0.423747 0.284783 0.422354 0.29782600000000004 0.420961 0.304348 0.42548700000000006 0.304348 0.42479100000000003 0.29782600000000004
3 0.444986 0.3 0.44428999999999996 0.296739 0.443245 0.281522 0.442201 0.284783 0.441852 0.293478 0.44046 0.3 0.444986 0.3
1 0.9397629999999999 0.467391 0.941156 0.46956499999999995 0.950905 0.470652 0.950905 0.467391 0.9495129999999999 0.463043 0.94812 0.433696 0.945682 0.43260899999999997 0.94429 0.441304 0.942549 0.46087 0.9397629999999999 0.465217 0.9397629999999999 0.467391
1 0.8283429999999999 0.421739 0.8307800000000001 0.42391300000000004 0.8370469999999999 0.42391300000000004 0.8353059999999999 0.418478 0.83461 0.396739 0.833914 0.393478 0.8325210000000001 0.393478 0.831476 0.397826 0.8304320000000001 0.409783 0.8304320000000001 0.41630399999999995 0.8283429999999999 0.421739
1 0.8015319999999999 0.39891299999999996 0.800836 0.395652 0.8004870000000001 0.378261 0.799443 0.375 0.79805 0.378261 0.797354 0.38913000000000003 0.7959609999999999 0.39891299999999996 0.8015319999999999 0.39891299999999996
1 0.822423 0.393478 0.820682 0.373913 0.8199859999999999 0.375 0.8185930000000001 0.38913000000000003 0.817549 0.393478 0.822423 0.393478
3 0.9352370000000001 0.44239100000000003 0.941156 0.441304 0.939067 0.41630399999999995 0.9383699999999999 0.41413 0.9369780000000001 0.41956499999999997 0.935585 0.43587 0.934192 0.43913 0.9352370000000001 0.44239100000000003
3 0.911908 0.422826 0.9108639999999999 0.41630399999999995 0.9101670000000001 0.40217400000000003 0.908774 0.4 0.908078 0.403261 0.907033 0.41956499999999997 0.9059889999999999 0.421739 0.911908 0.422826
3 0.920265 0.418478 0.925139 0.418478 0.924095 0.41304299999999994 0.924095 0.406522 0.9230499999999999 0.397826 0.9213089999999999 0.404348 0.920613 0.41413 0.919916 0.41630399999999995 0.920265 0.418478
3 0.9495129999999999 0.39891299999999996 0.9495129999999999 0.392391 0.9484680000000001 0.386957 0.9470750000000001 0.392391 0.946031 0.403261 0.9502090000000001 0.403261 0.9495129999999999 0.39891299999999996
1 0.8586349999999999 0.393478 0.857591 0.38587 0.857591 0.378261 0.8568939999999999 0.375 0.85585 0.377174 0.854805 0.38913000000000003 0.85376 0.393478 0.8586349999999999 0.393478
1 0.888231 0.394565 0.887187 0.38913000000000003 0.886838 0.379348 0.8861420000000001 0.377174 0.885097 0.38260900000000003 0.884749 0.38913000000000003 0.883705 0.393478 0.888231 0.394565
2 0.479457 0.32717399999999996 0.482939 0.32717399999999996 0.48328699999999997 0.325 0.482242 0.317391 0.48189399999999993 0.298913 0.481198 0.29239099999999996 0.48015299999999994 0.291304 0.479805 0.301087 0.47841199999999995 0.313043 0.47841199999999995 0.321739 0.479457 0.32717399999999996
1 0.514624 0.306522 0.513928 0.304348 0.513579 0.29239099999999996 0.512535 0.293478 0.511142 0.30978300000000003 0.514624 0.30978300000000003 0.514624 0.306522
1 0.523677 0.290217 0.522632 0.28913 0.520891 0.304348 0.524721 0.304348 0.523677 0.29782600000000004 0.523677 0.290217
3 0.45891400000000004 0.27934800000000004 0.45786899999999997 0.294565 0.46065500000000004 0.294565 0.459958 0.27934800000000004 0.45891400000000004 0.27934800000000004
3 0.9112120000000001 0.386957 0.9101670000000001 0.373913 0.9091229999999999 0.372826 0.908078 0.377174 0.908078 0.38260900000000003 0.9073819999999999 0.38587 0.9112120000000001 0.386957
1 0.880223 0.38587 0.87883 0.377174 0.878482 0.370652 0.8777860000000001 0.370652 0.876741 0.376087 0.876741 0.38152200000000003 0.8760450000000001 0.38587 0.880223 0.38587