1 0.274721 0.386957 0.274373 0.383696 0.273677 0.383696 0.272632 0.379348 0.27124000000000004 0.35 0.26915 0.35 0.266713 0.38043499999999997 0.264276 0.384783 0.264276 0.386957 0.274721 0.386957
1 0.08460999999999999 0.394565 0.083565 0.394565 0.083565 0.396739 0.095752 0.396739 0.097493 0.394565 0.09714500000000001 0.391304 0.095404 0.390217 0.094708 0.384783 0.092967 0.353261 0.089833 0.353261 0.087047 0.38913000000000003 0.08565500000000001 0.390217 0.08460999999999999 0.394565
3 0.216922 0.752174 0.21518099999999998 0.772826 0.21518099999999998 0.784783 0.21344 0.806522 0.21344 0.8141299999999999 0.21065499999999998 0.846739 0.241643 0.846739 0.23711700000000002 0.798913 0.23537599999999997 0.767391 0.23433099999999998 0.7608699999999999 0.23363499999999998 0.743478 0.232591 0.73587 0.231894 0.718478 0.23050099999999998 0.706522 0.230153 0.6913039999999999 0.22980499999999998 0.68913 0.224234 0.68913 0.22005599999999997 0.6913039999999999 0.219359 0.695652 0.21901099999999998 0.709783 0.21796700000000002 0.718478 0.216922 0.752174
3 0.410515 0.46195700000000006 0.410515 0.468478 0.42548700000000006 0.468478 0.424443 0.46087 0.422702 0.46087 0.422006 0.456522 0.41922 0.406522 0.41713100000000003 0.406522 0.413997 0.43804299999999996 0.413301 0.45543500000000003 0.41260399999999997 0.459783 0.410515 0.46195700000000006
3 0.377786 0.42717400000000005 0.37743699999999997 0.43260899999999997 0.388579 0.433696 0.389276 0.43260899999999997 0.389276 0.428261 0.387535 0.426087 0.386142 0.41086999999999996 0.38509699999999997 0.383696 0.38266 0.38260900000000003 0.38126699999999997 0.397826 0.38022300000000003 0.420652 0.379526 0.425 0.377786 0.42717400000000005
3 0.153203 0.420652 0.152507 0.422826 0.150766 0.422826 0.149373 0.42717400000000005 0.149721 0.42934799999999995 0.164694 0.42934799999999995 0.164694 0.42717400000000005 0.16155999999999998 0.41956499999999997 0.159819 0.375 0.157033 0.376087 0.157033 0.379348 0.154596 0.396739 0.153203 0.420652
1 0.9094709999999999 0.7206520000000001 0.908774 0.722826 0.9084260000000001 0.732609 0.907033 0.742391 0.9056409999999999 0.76413 0.902507 0.791304 0.900766 0.816304 0.899025 0.827174 0.898677 0.836957 0.897284 0.846739 0.9314069999999999 0.846739 0.928969 0.8206519999999999 0.9282730000000001 0.8021739999999999 0.92688 0.78913 0.925836 0.7630429999999999 0.923398 0.732609 0.922354 0.703261 0.9213089999999999 0.701087 0.916783 0.697826 0.91156 0.697826 0.9108639999999999 0.7 0.910515 0.7076089999999999 0.909819 0.71087 0.9094709999999999 0.7206520000000001
1 0.683148 0.565217 0.682451 0.568478 0.678969 0.569565 0.677925 0.576087 0.6754870000000001 0.5771740000000001 0.683844 0.5869570000000001 0.705432 0.58587 0.705084 0.583696 0.70195 0.580435 0.70195 0.573913 0.701253 0.571739 0.698468 0.570652 0.697423 0.567391 0.696727 0.540217 0.696031 0.53587 0.695334 0.518478 0.6946380000000001 0.515217 0.693593 0.48586999999999997 0.6922010000000001 0.48260899999999995 0.689067 0.483696 0.685585 0.521739 0.685585 0.528261 0.6845399999999999 0.5380429999999999 0.683148 0.565217
1 0.612465 0.446739 0.611072 0.463043 0.608983 0.46413000000000004 0.608287 0.470652 0.610724 0.47282599999999997 0.623259 0.47282599999999997 0.622563 0.467391 0.620822 0.465217 0.620125 0.46087 0.619429 0.441304 0.618733 0.43913 0.61734 0.41304299999999994 0.615251 0.41304299999999994 0.613858 0.421739 0.613858 0.42717400000000005 0.612465 0.44021699999999997 0.612465 0.446739
1 0.547006 0.415217 0.547006 0.41086999999999996 0.545613 0.41086999999999996 0.544568 0.406522 0.543175 0.376087 0.541783 0.376087 0.539345 0.406522 0.537256 0.411957 0.537256 0.41413 0.547006 0.415217
1 0.40076599999999996 0.38913000000000003 0.400418 0.393478 0.409123 0.392391 0.40773000000000004 0.388043 0.406337 0.358696 0.404596 0.358696 0.40250700000000006 0.38587 0.401462 0.38913000000000003 0.40076599999999996 0.38913000000000003
3 0.297354 0.393478 0.297354 0.40217400000000003 0.296657 0.404348 0.296657 0.409783 0.293872 0.415217 0.293872 0.417391 0.306058 0.417391 0.306058 0.41413 0.30362100000000003 0.411957 0.30188000000000004 0.373913 0.301184 0.370652 0.300139 0.370652 0.299095 0.375 0.298747 0.38260900000000003 0.297354 0.393478
3 0.36873300000000003 0.552174 0.364554 0.556522 0.364206 0.56413 0.362813 0.5663039999999999 0.361769 0.570652 0.386838 0.570652 0.388579 0.567391 0.389276 0.561957 0.387535 0.561957 0.386838 0.556522 0.383357 0.555435 0.38266 0.552174 0.38266 0.544565 0.38126699999999997 0.534783 0.38022300000000003 0.520652 0.379178 0.48260899999999995 0.378134 0.471739 0.373955 0.470652 0.373259 0.47282599999999997 0.372911 0.48913 0.36977699999999997 0.5239130000000001 0.36873300000000003 0.552174