3 0.370822 0.516304 0.36873300000000003 0.518478 0.36873300000000003 0.520652 0.371866 0.5195649999999999 0.372214 0.525 0.37117 0.530435 0.369081 0.554348 0.366992 0.555435 0.366295 0.557609 0.36490300000000003 0.570652 0.386142 0.570652 0.388231 0.567391 0.388579 0.565217 0.388231 0.556522 0.38649 0.553261 0.385446 0.553261 0.383357 0.543478 0.381616 0.520652 0.379875 0.478261 0.378482 0.47282599999999997 0.375348 0.47391300000000003 0.374652 0.47717400000000004 0.373259 0.509783 0.370822 0.516304
3 0.42305000000000004 0.46630399999999994 0.420961 0.468478 0.420961 0.47282599999999997 0.421657 0.475 0.433148 0.476087 0.435237 0.47282599999999997 0.435237 0.46956499999999995 0.433496 0.468478 0.432799 0.465217 0.43245100000000003 0.45 0.43036199999999997 0.42391300000000004 0.43036199999999997 0.417391 0.429666 0.41304299999999994 0.428273 0.41304299999999994 0.42722800000000005 0.41630399999999995 0.423747 0.463043 0.42305000000000004 0.46630399999999994
3 0.47005600000000003 0.430435 0.47005600000000003 0.43478300000000003 0.471448 0.43478300000000003 0.47249299999999994 0.43695700000000004 0.48015299999999994 0.43587 0.480501 0.431522 0.479457 0.431522 0.47841199999999995 0.428261 0.47667099999999996 0.394565 0.47597500000000004 0.391304 0.474582 0.391304 0.472841 0.41630399999999995 0.472145 0.41956499999999997 0.472145 0.426087 0.47005600000000003 0.430435
1 0.483983 0.397826 0.483983 0.40108699999999997 0.49094699999999997 0.40217400000000003 0.491643 0.40108699999999997 0.491643 0.39891299999999996 0.49025100000000005 0.395652 0.489206 0.370652 0.48781299999999994 0.36956500000000003 0.48676899999999995 0.378261 0.48607199999999995 0.393478 0.48502799999999996 0.397826 0.483983 0.397826
1 0.495125 0.383696 0.5 0.383696 0.49895500000000004 0.375 0.49895500000000004 0.36956500000000003 0.49721399999999993 0.359783 0.49617000000000006 0.36956500000000003 0.495822 0.38043499999999997 0.495125 0.38152200000000003 0.495125 0.383696
1 0.579735 0.41086999999999996 0.577646 0.41413 0.580432 0.418478 0.586003 0.41630399999999995 0.586003 0.41304299999999994 0.584958 0.411957 0.583217 0.386957 0.5821729999999999 0.38152200000000003 0.581128 0.383696 0.581128 0.38913000000000003 0.580084 0.396739 0.579735 0.41086999999999996
3 0.630223 0.391304 0.635794 0.391304 0.634053 0.38043499999999997 0.633705 0.36956500000000003 0.63266 0.36847799999999997 0.63266 0.371739 0.631616 0.375 0.631616 0.38260900000000003 0.630223 0.391304
1 0.6598189999999999 0.46630399999999994 0.658426 0.471739 0.657033 0.471739 0.656685 0.476087 0.657033 0.478261 0.670265 0.478261 0.669568 0.471739 0.667131 0.470652 0.666435 0.45108699999999996 0.66539 0.446739 0.665042 0.425 0.662604 0.42391300000000004 0.661908 0.42717400000000005 0.661908 0.43260899999999997 0.660515 0.446739 0.6598189999999999 0.46630399999999994
1 0.79805 0.665217 0.796657 0.669565 0.796657 0.6728259999999999 0.7959609999999999 0.675 0.7924789999999999 0.677174 0.8077989999999999 0.693478 0.8342620000000001 0.692391 0.833914 0.690217 0.8304320000000001 0.68587 0.827994 0.675 0.8245129999999999 0.671739 0.8238160000000001 0.669565 0.822772 0.645652 0.821379 0.629348 0.820682 0.607609 0.8185930000000001 0.580435 0.8182449999999999 0.567391 0.817549 0.561957 0.812326 0.56087 0.810933 0.56413 0.802577 0.661957 0.80188 0.66413 0.79805 0.665217
1 0.833217 0.471739 0.831825 0.471739 0.831128 0.47391300000000003 0.831128 0.47717400000000004 0.8440110000000001 0.47717400000000004 0.8440110000000001 0.47282599999999997 0.8426180000000001 0.471739 0.8415739999999999 0.468478 0.839485 0.431522 0.8387879999999999 0.428261 0.8370469999999999 0.42717400000000005 0.836003 0.431522 0.83461 0.446739 0.833914 0.46956499999999995 0.833217 0.471739
3 0.920613 0.44565200000000005 0.920613 0.448913 0.9310579999999999 0.448913 0.9310579999999999 0.446739 0.9296659999999999 0.44565200000000005 0.928969 0.44239100000000003 0.9265319999999999 0.411957 0.925836 0.40869600000000006 0.9247909999999999 0.40869600000000006 0.9227019999999999 0.42391300000000004 0.922006 0.43260899999999997 0.922006 0.443478 0.920613 0.44565200000000005
1 0.74617 0.43913 0.748259 0.441304 0.755223 0.44021699999999997 0.755223 0.43804299999999996 0.751741 0.430435 0.750348 0.403261 0.748607 0.40217400000000003 0.747563 0.41086999999999996 0.746518 0.43260899999999997 0.743733 0.43913 0.74617 0.43913
3 0.718315 0.40108699999999997 0.71727 0.395652 0.71727 0.388043 0.716574 0.38587 0.715877 0.375 0.7148329999999999 0.375 0.7134400000000001 0.38587 0.713092 0.397826 0.712047 0.40108699999999997 0.718315 0.40108699999999997
3 0.37639300000000003 0.409783 0.381616 0.409783 0.38266 0.40869600000000006 0.38266 0.40543500000000005 0.380919 0.4 0.379178 0.370652 0.378134 0.370652 0.37743699999999997 0.373913 0.375348 0.403261 0.373955 0.406522 0.37639300000000003 0.409783
1 0.391713 0.38152200000000003 0.389972 0.388043 0.396936 0.38913000000000003 0.397284 0.386957 0.395891 0.383696 0.394847 0.358696 0.393454 0.358696 0.392758 0.363043 0.392409 0.372826 0.391713 0.376087 0.391713 0.38152200000000003
1 0.409123 0.366304 0.408774 0.354348 0.40773000000000004 0.35 0.406337 0.370652 0.40529200000000004 0.373913 0.41016700000000006 0.375 0.409123 0.366304
3 0.371866 0.36086999999999997 0.376741 0.36086999999999997 0.376741 0.357609 0.376045 0.356522 0.375696 0.33913000000000004 0.374652 0.340217 0.373259 0.356522 0.371866 0.358696 0.371866 0.36086999999999997
1 0.337047 0.366304 0.342967 0.366304 0.341574 0.358696 0.341226 0.344565 0.34052899999999997 0.341304 0.339833 0.341304 0.338788 0.346739 0.338092 0.363043 0.337047 0.36413 0.337047 0.366304
1 0.301184 0.375 0.300836 0.378261 0.308844 0.377174 0.30745100000000003 0.372826 0.306755 0.354348 0.30571000000000004 0.347826 0.304318 0.353261 0.303273 0.370652 0.302577 0.373913 0.301184 0.375
3 0.264624 0.396739 0.274025 0.396739 0.274025 0.392391 0.272632 0.388043 0.270891 0.359783 0.268802 0.359783 0.267061 0.38913000000000003 0.266365 0.392391 0.264624 0.393478 0.264624 0.396739
1 0.266365 0.355435 0.266365 0.353261 0.26566900000000004 0.353261 0.264624 0.347826 0.263928 0.333696 0.262535 0.333696 0.261838 0.33913000000000004 0.261838 0.347826 0.260446 0.355435 0.266365 0.355435
1 0.22493 0.363043 0.22388599999999997 0.355435 0.222493 0.33587 0.221448 0.336957 0.22005599999999997 0.355435 0.21796700000000002 0.363043 0.22493 0.363043
3 0.164694 0.376087 0.163301 0.376087 0.163301 0.379348 0.172006 0.379348 0.172006 0.376087 0.170613 0.373913 0.169568 0.35108700000000004 0.168524 0.34565199999999996 0.167479 0.346739 0.166435 0.354348 0.165738 0.370652 0.164694 0.376087
3 0.10898300000000001 0.36086999999999997 0.10759099999999999 0.361957 0.10759099999999999 0.36413 0.11525099999999999 0.36413 0.114206 0.36086999999999997 0.112117 0.33260900000000004 0.11142099999999999 0.33260900000000004 0.110724 0.33587 0.10898300000000001 0.355435 0.10898300000000001 0.36086999999999997
3 0.064763 0.354348 0.065111 0.356522 0.072075 0.355435 0.070682 0.346739 0.06928999999999999 0.32717399999999996 0.067897 0.32934800000000003 0.066852 0.34565199999999996 0.065808 0.353261 0.064763 0.354348
1 0.08182500000000001 0.344565 0.08182500000000001 0.342391 0.08077999999999999 0.33913000000000004 0.080084 0.328261 0.079387 0.325 0.078691 0.325 0.077646 0.333696 0.077646 0.33913000000000004 0.076253 0.344565 0.08182500000000001 0.344565
1 0.706128 0.527174 0.702994 0.5293479999999999 0.70195 0.534783 0.700209 0.53587 0.708914 0.5423910000000001 0.723886 0.541304 0.723886 0.53913 0.721797 0.53913 0.720056 0.531522 0.717618 0.5293479999999999 0.715877 0.5054350000000001 0.714136 0.46413000000000004 0.710655 0.463043 0.709958 0.467391 0.70961 0.48043500000000006 0.708217 0.492391 0.706128 0.527174
3 0.212047 0.846739 0.212047 0.8423909999999999 0.20090499999999997 0.740217 0.19812000000000002 0.7369570000000001 0.195334 0.7369570000000001 0.191156 0.742391 0.18836999999999998 0.78587 0.185585 0.8380430000000001 0.185585 0.846739 0.212047 0.846739
3 0.56337 0.38043499999999997 0.564067 0.36847799999999997 0.565808 0.36739099999999997 0.564763 0.358696 0.564067 0.358696 0.56337 0.371739 0.5619780000000001 0.38043499999999997 0.56337 0.38043499999999997
1 0.567897 0.395652 0.567897 0.393478 0.566852 0.391304 0.565808 0.36847799999999997 0.564415 0.36847799999999997 0.56337 0.38913000000000003 0.5619780000000001 0.393478 0.5619780000000001 0.395652 0.567897 0.395652
1 0.639624 0.407609 0.639624 0.41086999999999996 0.642061 0.41086999999999996 0.6431060000000001 0.40543500000000005 0.643802 0.40543500000000005 0.6448470000000001 0.41086999999999996 0.646588 0.41086999999999996 0.6448470000000001 0.40108699999999997 0.6448470000000001 0.38913000000000003 0.64415 0.38152200000000003 0.6427579999999999 0.38260900000000003 0.641365 0.404348 0.64032 0.407609 0.639624 0.407609
1 0.638579 0.43913 0.638231 0.444565 0.649025 0.44565200000000005 0.649025 0.443478 0.645891 0.433696 0.6448470000000001 0.411957 0.64415 0.407609 0.6431060000000001 0.406522 0.640669 0.426087 0.640669 0.43587 0.639624 0.43913 0.638579 0.43913
3 0.306407 0.348913 0.306407 0.35108700000000004 0.307799 0.35108700000000004 0.306058 0.340217 0.30571000000000004 0.33260900000000004 0.305014 0.33260900000000004 0.303273 0.35108700000000004 0.304318 0.35108700000000004 0.305362 0.346739 0.306407 0.348913