3 0.456476 0.572826 0.45578 0.575 0.45369099999999996 0.575 0.452646 0.5771740000000001 0.45194999999999996 0.5869570000000001 0.455084 0.594565 0.47667099999999996 0.593478 0.47771600000000003 0.5913039999999999 0.47771600000000003 0.58913 0.47667099999999996 0.58587 0.47667099999999996 0.579348 0.475279 0.576087 0.47249299999999994 0.575 0.471797 0.570652 0.471448 0.56087 0.47005600000000003 0.546739 0.46970799999999996 0.521739 0.467618 0.492391 0.466922 0.48913 0.462744 0.48913 0.461699 0.494565 0.461003 0.507609 0.45891400000000004 0.527174 0.456476 0.572826
3 0.46970799999999996 0.481522 0.470404 0.483696 0.48502799999999996 0.483696 0.48433099999999996 0.481522 0.48433099999999996 0.478261 0.48259100000000005 0.476087 0.48189399999999993 0.47282599999999997 0.481198 0.457609 0.48015299999999994 0.44782599999999995 0.479805 0.43478300000000003 0.47910899999999995 0.430435 0.47910899999999995 0.42391300000000004 0.47876 0.421739 0.47597500000000004 0.421739 0.473538 0.468478 0.472145 0.475 0.46970799999999996 0.47717400000000004 0.46970799999999996 0.481522
3 0.46483299999999994 0.433696 0.47423400000000004 0.433696 0.472841 0.430435 0.471448 0.392391 0.468663 0.392391 0.467618 0.417391 0.46657400000000004 0.428261 0.465181 0.430435 0.46483299999999994 0.433696
3 0.454039 0.41413 0.46344 0.41413 0.46309199999999995 0.411957 0.46135099999999996 0.409783 0.46135099999999996 0.40543500000000005 0.459958 0.395652 0.459262 0.379348 0.456825 0.379348 0.456128 0.4 0.45543199999999995 0.40869600000000006 0.454039 0.41086999999999996 0.454039 0.41413
3 0.450557 0.390217 0.450557 0.392391 0.456128 0.392391 0.456476 0.378261 0.455084 0.365217 0.45369099999999996 0.365217 0.452298 0.386957 0.451602 0.390217 0.450557 0.390217
3 0.503134 0.384783 0.502437 0.38260900000000003 0.502437 0.371739 0.501741 0.363043 0.500348 0.361957 0.49895500000000004 0.375 0.49895500000000004 0.38043499999999997 0.49791100000000005 0.384783 0.503134 0.384783
3 0.5560579999999999 0.378261 0.5553619999999999 0.36086999999999997 0.553969 0.36086999999999997 0.552577 0.378261 0.551532 0.383696 0.557451 0.383696 0.5560579999999999 0.378261
1 0.5745129999999999 0.39891299999999996 0.581476 0.39891299999999996 0.580432 0.394565 0.579387 0.371739 0.577298 0.371739 0.576253 0.38043499999999997 0.575905 0.392391 0.5745129999999999 0.396739 0.5745129999999999 0.39891299999999996
1 0.587396 0.41630399999999995 0.596797 0.41630399999999995 0.5961000000000001 0.41304299999999994 0.594708 0.41086999999999996 0.592967 0.383696 0.591574 0.383696 0.589485 0.409783 0.5884400000000001 0.41304299999999994 0.587744 0.41304299999999994 0.587396 0.41630399999999995
3 0.604109 0.383696 0.610028 0.383696 0.608635 0.377174 0.608635 0.36956500000000003 0.607939 0.363043 0.606546 0.363043 0.6055010000000001 0.370652 0.6051529999999999 0.379348 0.604109 0.38152200000000003 0.604109 0.383696
1 0.6371870000000001 0.395652 0.635794 0.390217 0.635097 0.371739 0.633357 0.370652 0.63266 0.375 0.631964 0.391304 0.630571 0.395652 0.6371870000000001 0.395652
1 0.632312 0.43695700000000004 0.631616 0.441304 0.642409 0.441304 0.641713 0.43804299999999996 0.64032 0.43587 0.638928 0.40108699999999997 0.63649 0.4 0.6354460000000001 0.40869600000000006 0.634053 0.43478300000000003 0.633357 0.43695700000000004 0.632312 0.43695700000000004
1 0.685585 0.46956499999999995 0.683496 0.471739 0.682103 0.47717400000000004 0.697423 0.478261 0.6963790000000001 0.47717400000000004 0.696031 0.47282599999999997 0.694986 0.471739 0.6939420000000001 0.467391 0.692549 0.45 0.691852 0.428261 0.691156 0.425 0.689067 0.425 0.68837 0.428261 0.687674 0.44239100000000003 0.6862809999999999 0.453261 0.685585 0.46956499999999995
1 0.704387 0.394565 0.703691 0.376087 0.70195 0.376087 0.700905 0.395652 0.6998610000000001 0.4 0.705432 0.4 0.704387 0.394565
1 0.773677 0.407609 0.772284 0.40217400000000003 0.7712399999999999 0.38260900000000003 0.7694989999999999 0.38260900000000003 0.768454 0.392391 0.7681060000000001 0.403261 0.766713 0.407609 0.773677 0.407609
1 0.834958 0.418478 0.834958 0.41630399999999995 0.8335649999999999 0.411957 0.832173 0.38913000000000003 0.8304320000000001 0.38913000000000003 0.829387 0.397826 0.8290390000000001 0.41086999999999996 0.827646 0.418478 0.834958 0.418478
1 0.779944 0.556522 0.7788999999999999 0.559783 0.776114 0.56087 0.776114 0.56413 0.774373 0.5663039999999999 0.778552 0.573913 0.781337 0.576087 0.799095 0.578261 0.796657 0.572826 0.796657 0.567391 0.793872 0.56413 0.792131 0.556522 0.792131 0.536957 0.790042 0.49130399999999996 0.788997 0.48913 0.785864 0.48913 0.784123 0.504348 0.783774 0.5130429999999999 0.782382 0.522826 0.779944 0.556522
1 0.939415 0.761957 0.937674 0.786957 0.935585 0.8021739999999999 0.9352370000000001 0.809783 0.9345399999999999 0.8119569999999999 0.928969 0.8119569999999999 0.927228 0.815217 0.9265319999999999 0.8195650000000001 0.923398 0.8206519999999999 0.9296659999999999 0.846739 0.950905 0.846739 0.950905 0.669565 0.9488160000000001 0.670652 0.946031 0.708696 0.942897 0.7369570000000001 0.939415 0.761957
1 0.9387190000000001 0.467391 0.9380219999999999 0.470652 0.942897 0.47391300000000003 0.9502090000000001 0.47391300000000003 0.950905 0.47282599999999997 0.950905 0.467391 0.9495129999999999 0.463043 0.9470750000000001 0.42717400000000005 0.94429 0.426087 0.9422010000000001 0.446739 0.941156 0.46413000000000004 0.9404600000000001 0.46630399999999994 0.9387190000000001 0.467391
3 0.910515 0.411957 0.9094709999999999 0.390217 0.9073819999999999 0.38913000000000003 0.9056409999999999 0.41086999999999996 0.9038999999999999 0.41630399999999995 0.912256 0.41630399999999995 0.910515 0.411957
1 0.883357 0.44239100000000003 0.884053 0.444565 0.89415 0.444565 0.893454 0.44021699999999997 0.891713 0.43913 0.8913650000000001 0.42717400000000005 0.8896240000000001 0.406522 0.8878830000000001 0.406522 0.886838 0.41086999999999996 0.885097 0.428261 0.885097 0.43695700000000004 0.883357 0.44239100000000003
3 0.841226 0.397826 0.8398329999999999 0.378261 0.83844 0.378261 0.837396 0.393478 0.836003 0.40108699999999997 0.841922 0.40108699999999997 0.841226 0.397826
3 0.735376 0.386957 0.734331 0.370652 0.732939 0.370652 0.7318939999999999 0.386957 0.73085 0.390217 0.736421 0.390217 0.735376 0.386957
3 0.666086 0.38587 0.665042 0.38043499999999997 0.664345 0.366304 0.6633009999999999 0.366304 0.662256 0.373913 0.662256 0.38260900000000003 0.6615599999999999 0.38587 0.666086 0.38587