3 0.8077989999999999 0.459783 0.8029249999999999 0.463043 0.802577 0.46956499999999995 0.8015319999999999 0.47282599999999997 0.798747 0.47391300000000003 0.7983979999999999 0.47717400000000004 0.8133699999999999 0.48586999999999997 0.8269500000000001 0.48586999999999997 0.8307800000000001 0.481522 0.836351 0.479348 0.835655 0.476087 0.831128 0.47282599999999997 0.8304320000000001 0.467391 0.8269500000000001 0.46413000000000004 0.8255570000000001 0.46087 0.8255570000000001 0.452174 0.8234680000000001 0.430435 0.82312 0.41413 0.822423 0.411957 0.822423 0.40543500000000005 0.820682 0.384783 0.8199859999999999 0.36413 0.814415 0.363043 0.8133699999999999 0.373913 0.8133699999999999 0.38260900000000003 0.810585 0.411957 0.8077989999999999 0.459783
3 0.793524 0.192391 0.7942199999999999 0.183696 0.793175 0.176087 0.792131 0.177174 0.791435 0.18804300000000002 0.79039 0.192391 0.793524 0.192391
3 0.7775070000000001 0.19456500000000002 0.776811 0.18152200000000002 0.77507 0.18152200000000002 0.774373 0.19456500000000002 0.7729809999999999 0.2 0.7788999999999999 0.2 0.7775070000000001 0.19456500000000002
3 0.797702 0.20434800000000003 0.797006 0.20108700000000002 0.796657 0.191304 0.795613 0.183696 0.7942199999999999 0.18587 0.793872 0.202174 0.792131 0.20434800000000003 0.797702 0.20434800000000003
3 0.8586349999999999 0.21086999999999997 0.8638579999999999 0.21086999999999997 0.864206 0.208696 0.863162 0.20108700000000002 0.8621169999999999 0.184783 0.8610720000000001 0.184783 0.860028 0.19347799999999998 0.85968 0.206522 0.8586349999999999 0.208696 0.8586349999999999 0.21086999999999997
3 0.895891 0.184783 0.9004179999999999 0.184783 0.898677 0.167391 0.897981 0.167391 0.896936 0.171739 0.896936 0.179348 0.895891 0.182609 0.895891 0.184783
1 0.8607239999999999 0.184783 0.861421 0.182609 0.862465 0.183696 0.8621169999999999 0.182609 0.862465 0.179348 0.8610720000000001 0.176087 0.8603759999999999 0.18587 0.8586349999999999 0.195652 0.85968 0.195652 0.8607239999999999 0.184783
1 0.862465 0.183696 0.863162 0.195652 0.8638579999999999 0.195652 0.862813 0.184783 0.862465 0.183696
1 0.8690810000000001 0.17282599999999998 0.868384 0.17282599999999998 0.868036 0.18152200000000002 0.866643 0.191304 0.87117 0.191304 0.8690810000000001 0.17282599999999998
1 0.881964 0.198913 0.881964 0.196739 0.880223 0.191304 0.8791779999999999 0.177174 0.878482 0.177174 0.8777860000000001 0.18043499999999998 0.8774369999999999 0.190217 0.8756959999999999 0.198913 0.881964 0.198913
1 0.8913650000000001 0.179348 0.8913650000000001 0.175 0.8906689999999999 0.171739 0.889972 0.171739 0.889972 0.176087 0.888231 0.18913 0.892758 0.18913 0.8913650000000001 0.179348
1 0.91539 0.191304 0.915042 0.18043499999999998 0.914345 0.177174 0.913301 0.177174 0.912256 0.192391 0.910515 0.2 0.916783 0.2 0.91539 0.191304
1 0.9345399999999999 0.184783 0.9334960000000001 0.18152200000000002 0.9327989999999999 0.168478 0.9317550000000001 0.168478 0.930362 0.182609 0.929318 0.18695699999999998 0.9345399999999999 0.18695699999999998 0.9345399999999999 0.184783
4 0.123607 0.3 0.123607 0.29782600000000004 0.122563 0.29782600000000004 0.121866 0.294565 0.120474 0.27391299999999996 0.119777 0.271739 0.118384 0.271739 0.11734 0.280435 0.11699200000000001 0.29565199999999997 0.11525099999999999 0.3 0.123607 0.3
4 0.147284 0.27391299999999996 0.14623999999999998 0.258696 0.144499 0.25760900000000003 0.143802 0.272826 0.142758 0.280435 0.148677 0.280435 0.147284 0.27391299999999996
4 0.182451 0.24021699999999999 0.18070999999999998 0.25652200000000003 0.184889 0.25652200000000003 0.183496 0.24130400000000002 0.182451 0.24021699999999999
4 0.222493 0.263043 0.2211 0.24673899999999999 0.22005599999999997 0.24673899999999999 0.21901099999999998 0.253261 0.21831499999999998 0.267391 0.22353800000000001 0.267391 0.222493 0.263043
4 0.28064100000000003 0.270652 0.286908 0.270652 0.286908 0.268478 0.285864 0.267391 0.28447100000000003 0.25652200000000003 0.284123 0.24673899999999999 0.283078 0.24565199999999998 0.282382 0.25 0.281685 0.267391 0.28064100000000003 0.268478 0.28064100000000003 0.270652
4 0.261142 0.24673899999999999 0.260794 0.23913 0.259401 0.238043 0.259401 0.24565199999999998 0.258357 0.25760900000000003 0.262883 0.25760900000000003 0.261142 0.24673899999999999
4 0.254526 0.236957 0.253134 0.23586999999999997 0.253134 0.24239099999999997 0.252089 0.253261 0.25626699999999997 0.253261 0.254526 0.236957
4 0.33286899999999997 0.22391299999999997 0.331825 0.22282600000000002 0.330432 0.23913 0.334958 0.23913 0.333565 0.233696 0.33286899999999997 0.22391299999999997
3 0.83844 0.179348 0.837396 0.17282599999999998 0.836699 0.17282599999999998 0.836003 0.175 0.834958 0.18804300000000002 0.8391360000000001 0.18804300000000002 0.83844 0.179348
4 0.360376 0.228261 0.35933099999999996 0.227174 0.357939 0.24673899999999999 0.362117 0.24673899999999999 0.360724 0.23586999999999997 0.360376 0.228261
3 0.343663 0.678261 0.342618 0.706522 0.341922 0.7119570000000001 0.34226999999999996 0.717391 0.341574 0.722826 0.341574 0.743478 0.339833 0.7836960000000001 0.332521 0.794565 0.32903899999999997 0.808696 0.323816 0.8130430000000001 0.323468 0.818478 0.336351 0.846739 0.362465 0.846739 0.363858 0.844565 0.369081 0.8423909999999999 0.371866 0.8380430000000001 0.375 0.836957 0.380919 0.8304349999999999 0.38509699999999997 0.8293480000000001 0.388579 0.825 0.389276 0.8228260000000001 0.389276 0.8195650000000001 0.388231 0.818478 0.38649 0.8119569999999999 0.38126699999999997 0.8021739999999999 0.38126699999999997 0.790217 0.379875 0.78587 0.373259 0.778261 0.371866 0.778261 0.370474 0.772826 0.370125 0.761957 0.367688 0.7369570000000001 0.367688 0.727174 0.36594699999999997 0.71087 0.36594699999999997 0.705435 0.362117 0.670652 0.362117 0.665217 0.360724 0.6543479999999999 0.360724 0.646739 0.358983 0.634783 0.358635 0.622826 0.357591 0.615217 0.357939 0.6054350000000001 0.356546 0.603261 0.350279 0.603261 0.34784099999999996 0.6054350000000001 0.346797 0.61087 0.345056 0.66413 0.34435899999999997 0.675 0.343663 0.678261