1 0.929318 0.771739 0.928621 0.7739130000000001 0.9279249999999999 0.786957 0.927228 0.7880429999999999 0.9254870000000001 0.816304 0.924095 0.826087 0.9230499999999999 0.846739 0.950905 0.846739 0.950905 0.8228260000000001 0.9495129999999999 0.8021739999999999 0.9495129999999999 0.790217 0.9488160000000001 0.7836960000000001 0.9484680000000001 0.767391 0.9467269999999999 0.747826 0.946031 0.732609 0.94429 0.728261 0.9415039999999999 0.7260869999999999 0.933844 0.7260869999999999 0.9327989999999999 0.728261 0.9317550000000001 0.7445649999999999 0.9296659999999999 0.759783 0.929318 0.771739
1 0.685585 0.520652 0.685237 0.5380429999999999 0.6845399999999999 0.541304 0.6845399999999999 0.5478259999999999 0.683148 0.5586960000000001 0.68071 0.559783 0.679666 0.561957 0.679666 0.569565 0.700905 0.570652 0.701253 0.56413 0.6998610000000001 0.56087 0.697075 0.56087 0.696727 0.555435 0.696031 0.553261 0.696031 0.546739 0.695334 0.543478 0.695334 0.527174 0.69429 0.5130429999999999 0.693593 0.509783 0.692897 0.483696 0.691852 0.481522 0.689067 0.481522 0.6887190000000001 0.483696 0.6880219999999999 0.483696 0.687674 0.502174 0.685585 0.520652
1 0.616295 0.46630399999999994 0.614903 0.46956499999999995 0.613858 0.46956499999999995 0.61351 0.475 0.626393 0.475 0.626393 0.470652 0.624304 0.468478 0.624304 0.46195700000000006 0.623607 0.459783 0.622911 0.452174 0.622911 0.443478 0.621518 0.421739 0.619777 0.420652 0.618733 0.426087 0.617688 0.452174 0.616643 0.457609 0.616295 0.46630399999999994
1 0.594011 0.428261 0.602716 0.428261 0.602716 0.426087 0.601323 0.425 0.600975 0.41086999999999996 0.59993 0.403261 0.59993 0.393478 0.599234 0.390217 0.5978410000000001 0.390217 0.597145 0.394565 0.597145 0.403261 0.595752 0.42391300000000004 0.594011 0.428261
1 0.5884400000000001 0.406522 0.588788 0.40869600000000006 0.595404 0.40869600000000006 0.595404 0.406522 0.5943590000000001 0.404348 0.594011 0.38587 0.592967 0.376087 0.59227 0.376087 0.591574 0.379348 0.5901810000000001 0.403261 0.5884400000000001 0.406522
1 0.588092 0.392391 0.5901810000000001 0.392391 0.591574 0.378261 0.591226 0.366304 0.5898329999999999 0.36739099999999997 0.588788 0.386957 0.587744 0.390217 0.588092 0.392391
1 0.591574 0.366304 0.591574 0.372826 0.5919220000000001 0.375 0.594011 0.375 0.593315 0.370652 0.592618 0.355435 0.591574 0.355435 0.591574 0.358696 0.590877 0.36086999999999997 0.590877 0.365217 0.591574 0.366304
1 0.589136 0.356522 0.5884400000000001 0.35108700000000004 0.587396 0.35108700000000004 0.5866990000000001 0.36413 0.586003 0.36739099999999997 0.589485 0.36739099999999997 0.589136 0.356522
3 0.153203 0.680435 0.152507 0.681522 0.152507 0.686957 0.151811 0.68913 0.151811 0.696739 0.151114 0.698913 0.151114 0.706522 0.150418 0.709783 0.15006999999999998 0.718478 0.148677 0.721739 0.148677 0.7554350000000001 0.147632 0.761957 0.14623999999999998 0.781522 0.144847 0.78913 0.144499 0.8010870000000001 0.143454 0.806522 0.138231 0.8108700000000001 0.135446 0.8195650000000001 0.134749 0.825 0.135097 0.836957 0.138579 0.846739 0.163649 0.846739 0.174791 0.8380430000000001 0.177925 0.833696 0.181058 0.832609 0.18453999999999998 0.821739 0.18453999999999998 0.808696 0.182451 0.8010870000000001 0.180362 0.798913 0.175836 0.798913 0.174791 0.794565 0.173747 0.784783 0.173398 0.7739130000000001 0.172702 0.770652 0.172006 0.746739 0.170265 0.7304350000000001 0.169916 0.71413 0.168872 0.7076089999999999 0.16817500000000002 0.694565 0.167131 0.686957 0.165738 0.66087 0.165042 0.657609 0.165042 0.6445649999999999 0.16434500000000002 0.642391 0.159819 0.642391 0.155641 0.6445649999999999 0.15389999999999998 0.651087 0.153203 0.680435
3 0.357939 0.53913 0.356546 0.545652 0.354805 0.545652 0.354109 0.5478259999999999 0.35375999999999996 0.556522 0.374652 0.556522 0.374652 0.5478259999999999 0.373259 0.544565 0.371518 0.544565 0.370474 0.53913 0.370474 0.5336960000000001 0.36977699999999997 0.532609 0.369429 0.517391 0.36734 0.490217 0.366643 0.47282599999999997 0.362465 0.471739 0.360724 0.49130399999999996 0.360724 0.49891300000000005 0.357939 0.525 0.357939 0.53913
3 0.418524 0.467391 0.41713100000000003 0.467391 0.41713100000000003 0.471739 0.431058 0.471739 0.43071000000000004 0.46630399999999994 0.428273 0.465217 0.425836 0.418478 0.422702 0.417391 0.421657 0.43478300000000003 0.420613 0.441304 0.41956800000000005 0.463043 0.418524 0.467391
3 0.45578 0.420652 0.454039 0.42391300000000004 0.454039 0.42717400000000005 0.46344 0.42717400000000005 0.463788 0.42391300000000004 0.462047 0.41956499999999997 0.46135099999999996 0.41413 0.460306 0.388043 0.458217 0.386957 0.457521 0.391304 0.456825 0.41086999999999996 0.45578 0.41630399999999995 0.45578 0.420652
3 0.48468 0.403261 0.48468 0.40108699999999997 0.48328699999999997 0.39891299999999996 0.482939 0.392391 0.482242 0.390217 0.48189399999999993 0.372826 0.48015299999999994 0.371739 0.47841199999999995 0.39891299999999996 0.47736799999999996 0.4 0.477019 0.403261 0.48468 0.403261
3 0.51532 0.373913 0.514624 0.356522 0.513579 0.356522 0.5121870000000001 0.375 0.511142 0.379348 0.516713 0.379348 0.51532 0.373913
3 0.525766 0.365217 0.5254179999999999 0.353261 0.524373 0.352174 0.523677 0.366304 0.522284 0.371739 0.526811 0.371739 0.525766 0.365217
3 0.523329 0.366304 0.524025 0.35 0.5229809999999999 0.35 0.522632 0.358696 0.5212399999999999 0.36739099999999997 0.523329 0.366304
1 0.552228 0.346739 0.550836 0.34565199999999996 0.5501389999999999 0.357609 0.549443 0.36086999999999997 0.552577 0.36086999999999997 0.552228 0.346739
3 0.495822 0.38260900000000003 0.49442899999999995 0.388043 0.500348 0.388043 0.500348 0.38587 0.49930399999999997 0.384783 0.49860699999999997 0.36413 0.49721399999999993 0.363043 0.496518 0.36739099999999997 0.496518 0.376087 0.495822 0.378261 0.495822 0.38260900000000003