1 0.944638 0.44565200000000005 0.9439420000000001 0.441304 0.942549 0.44021699999999997 0.9415039999999999 0.43695700000000004 0.9404600000000001 0.404348 0.937674 0.403261 0.9348890000000001 0.43587 0.9314069999999999 0.44021699999999997 0.9310579999999999 0.44239100000000003 0.944638 0.44565200000000005
1 0.881267 0.41086999999999996 0.8896240000000001 0.41086999999999996 0.8896240000000001 0.40869600000000006 0.887535 0.404348 0.887187 0.379348 0.885097 0.378261 0.883705 0.386957 0.8826599999999999 0.403261 0.880223 0.407609 0.881267 0.41086999999999996
1 0.925836 0.38913000000000003 0.9261839999999999 0.391304 0.932451 0.391304 0.932451 0.38913000000000003 0.9314069999999999 0.38587 0.9314069999999999 0.375 0.93071 0.36739099999999997 0.929318 0.36739099999999997 0.9279249999999999 0.378261 0.927577 0.38587 0.925836 0.38913000000000003
1 0.9484680000000001 0.352174 0.947423 0.35108700000000004 0.945682 0.366304 0.9495129999999999 0.366304 0.9484680000000001 0.358696 0.9484680000000001 0.352174
1 0.880571 0.392391 0.878482 0.38913000000000003 0.8777860000000001 0.36739099999999997 0.877089 0.365217 0.8760450000000001 0.365217 0.8756959999999999 0.371739 0.873607 0.386957 0.8722139999999999 0.392391 0.880571 0.392391
1 0.756964 0.846739 0.757312 0.834783 0.755919 0.803261 0.755919 0.78587 0.754526 0.782609 0.7472139999999999 0.778261 0.744777 0.778261 0.743384 0.780435 0.740947 0.808696 0.737117 0.840217 0.737117 0.845652 0.756964 0.846739
1 0.392758 0.403261 0.392061 0.40543500000000005 0.389972 0.406522 0.386838 0.415217 0.388231 0.418478 0.39449900000000004 0.417391 0.40250700000000006 0.420652 0.40703300000000003 0.420652 0.40773000000000004 0.41956499999999997 0.40773000000000004 0.417391 0.406337 0.41413 0.40529200000000004 0.40869600000000006 0.403203 0.40543500000000005 0.402855 0.397826 0.401462 0.388043 0.40076599999999996 0.370652 0.40076599999999996 0.35 0.399721 0.346739 0.396936 0.346739 0.395891 0.355435 0.395543 0.36956500000000003 0.39415 0.38152200000000003 0.392758 0.403261
1 0.29805000000000004 0.346739 0.297006 0.346739 0.295265 0.354348 0.299095 0.354348 0.300139 0.356522 0.30188000000000004 0.354348 0.30988899999999997 0.354348 0.30954000000000004 0.35108700000000004 0.307799 0.346739 0.307103 0.33587 0.306058 0.331522 0.30571000000000004 0.303261 0.305014 0.301087 0.302925 0.3 0.30188000000000004 0.302174 0.299443 0.340217 0.29805000000000004 0.346739
1 0.21901099999999998 0.30978300000000003 0.217618 0.31521699999999997 0.22980499999999998 0.31630400000000003 0.230153 0.31521699999999997 0.228064 0.30869599999999997 0.225279 0.269565 0.22284099999999998 0.268478 0.22214499999999998 0.27391299999999996 0.220752 0.307609 0.22005599999999997 0.30978300000000003 0.21901099999999998 0.30978300000000003
3 0.892409 0.336957 0.891713 0.338043 0.8906689999999999 0.348913 0.8931060000000001 0.348913 0.892409 0.336957
1 0.8690810000000001 0.340217 0.868036 0.334783 0.8655989999999999 0.347826 0.8690810000000001 0.347826 0.868384 0.34565199999999996 0.8690810000000001 0.340217
3 0.8387879999999999 0.336957 0.837744 0.326087 0.8370469999999999 0.326087 0.836351 0.334783 0.835655 0.336957 0.83844 0.338043 0.8387879999999999 0.336957
1 0.81929 0.33587 0.819638 0.330435 0.8189420000000001 0.323913 0.8182449999999999 0.325 0.816156 0.338043 0.8199859999999999 0.338043 0.81929 0.33587
1 0.7865599999999999 0.331522 0.785864 0.32934800000000003 0.786212 0.322826 0.785515 0.318478 0.7848189999999999 0.319565 0.783426 0.331522 0.784123 0.33260900000000004 0.7865599999999999 0.331522
3 0.790042 0.323913 0.789694 0.31630400000000003 0.787953 0.32717399999999996 0.7883009999999999 0.328261 0.7907379999999999 0.32717399999999996 0.790042 0.323913
3 0.761838 0.319565 0.76149 0.30978300000000003 0.760794 0.30978300000000003 0.759401 0.322826 0.762535 0.321739 0.761838 0.319565
1 0.759401 0.326087 0.758705 0.322826 0.758357 0.311957 0.756964 0.31413 0.756964 0.318478 0.755571 0.326087 0.759401 0.326087
1 0.7245820000000001 0.318478 0.723886 0.31630400000000003 0.724234 0.31087 0.723538 0.304348 0.722145 0.30869599999999997 0.722145 0.31630400000000003 0.721448 0.318478 0.7245820000000001 0.318478
1 0.6845399999999999 0.305435 0.6845399999999999 0.298913 0.683496 0.29565199999999997 0.682451 0.302174 0.682103 0.30978300000000003 0.685237 0.30978300000000003 0.6845399999999999 0.305435
1 0.6462399999999999 0.301087 0.645195 0.29565199999999997 0.6448470000000001 0.286957 0.64415 0.288043 0.643454 0.298913 0.6427579999999999 0.301087 0.6462399999999999 0.301087
1 0.613162 0.281522 0.612465 0.282609 0.611421 0.29239099999999996 0.614206 0.29239099999999996 0.613162 0.281522
3 0.614206 0.278261 0.61351 0.282609 0.614206 0.290217 0.615251 0.291304 0.614206 0.278261
3 0.6371870000000001 0.283696 0.63649 0.284783 0.6354460000000001 0.29565199999999997 0.637535 0.29565199999999997 0.6371870000000001 0.283696
3 0.685585 0.306522 0.6880219999999999 0.306522 0.6869780000000001 0.294565 0.685585 0.306522
3 0.713788 0.311957 0.712744 0.3 0.712047 0.301087 0.712047 0.306522 0.711003 0.311957 0.713788 0.311957
3 0.737465 0.317391 0.740251 0.317391 0.739206 0.305435 0.737465 0.317391
3 0.658774 0.288043 0.65773 0.291304 0.657033 0.301087 0.659471 0.301087 0.658774 0.288043
1 0.5821729999999999 0.283696 0.581476 0.272826 0.579387 0.28586999999999996 0.580084 0.286957 0.582869 0.28586999999999996 0.5821729999999999 0.283696
1 0.465181 0.48913 0.464136 0.492391 0.46135099999999996 0.49347799999999997 0.460306 0.49891300000000005 0.45717299999999994 0.5 0.456825 0.504348 0.461003 0.508696 0.466922 0.5108699999999999 0.46831500000000004 0.5130429999999999 0.47667099999999996 0.511957 0.48433099999999996 0.515217 0.48607199999999995 0.5108699999999999 0.48363500000000004 0.5054350000000001 0.48259100000000005 0.496739 0.48085000000000006 0.49565200000000004 0.479457 0.49130399999999996 0.479457 0.484783 0.477019 0.45 0.476323 0.415217 0.475279 0.411957 0.471448 0.411957 0.46970799999999996 0.430435 0.469359 0.441304 0.466922 0.46195700000000006 0.465181 0.48913
1 0.132312 0.283696 0.13370500000000002 0.28586999999999996 0.143106 0.28586999999999996 0.143802 0.284783 0.143454 0.281522 0.142409 0.278261 0.141713 0.278261 0.141017 0.27391299999999996 0.139972 0.244565 0.138928 0.24239099999999997 0.137187 0.24239099999999997 0.136142 0.248913 0.135097 0.276087 0.133008 0.27934800000000004 0.132312 0.283696
1 0.888579 0.38587 0.888579 0.388043 0.8948470000000001 0.388043 0.893802 0.38587 0.893454 0.38152200000000003 0.893454 0.363043 0.891713 0.363043 0.8906689999999999 0.371739 0.89032 0.38152200000000003 0.888579 0.38587
1 0.063022 0.259783 0.061978 0.259783 0.06163 0.261957 0.06337000000000001 0.26413000000000003 0.071727 0.26413000000000003 0.072075 0.261957 0.071031 0.259783 0.06928999999999999 0.244565 0.068942 0.22934800000000002 0.068245 0.226087 0.066156 0.226087 0.06545999999999999 0.228261 0.064415 0.24130400000000002 0.063719 0.25760900000000003 0.063022 0.259783
3 0.588092 0.282609 0.587396 0.271739 0.5866990000000001 0.272826 0.586003 0.278261 0.586003 0.283696 0.588092 0.282609
3 0.597145 0.284783 0.5961000000000001 0.27391299999999996 0.595404 0.282609 0.594708 0.284783 0.595056 0.28586999999999996 0.597145 0.284783
3 0.564067 0.26413000000000003 0.56337 0.271739 0.562674 0.27391299999999996 0.565111 0.27391299999999996 0.564067 0.26413000000000003
1 0.552577 0.267391 0.551532 0.278261 0.553969 0.278261 0.553273 0.268478 0.552577 0.267391
1 0.541435 0.275 0.541086 0.267391 0.54039 0.26413000000000003 0.539694 0.266304 0.539694 0.271739 0.538997 0.275 0.541435 0.275
1 0.536212 0.270652 0.535515 0.268478 0.535515 0.26413000000000003 0.5348189999999999 0.26087 0.534123 0.263043 0.534123 0.268478 0.533426 0.270652 0.536212 0.270652
1 0.5271589999999999 0.268478 0.529248 0.268478 0.528203 0.258696 0.5271589999999999 0.268478
1 0.912604 0.357609 0.911908 0.344565 0.9112120000000001 0.344565 0.9101670000000001 0.355435 0.9094709999999999 0.357609 0.912604 0.357609