3 0.746518 0.42391300000000004 0.746518 0.421739 0.745125 0.417391 0.743384 0.394565 0.741643 0.394565 0.740251 0.417391 0.738858 0.421739 0.738858 0.42391300000000004 0.746518 0.42391300000000004
3 0.534123 0.622826 0.53273 0.626087 0.531685 0.626087 0.531337 0.628261 0.547702 0.63913 0.552577 0.63913 0.5637190000000001 0.6304350000000001 0.56337 0.628261 0.560585 0.625 0.558496 0.618478 0.556755 0.617391 0.5560579999999999 0.613043 0.551532 0.521739 0.5504870000000001 0.5195649999999999 0.5459609999999999 0.520652 0.539345 0.61087 0.5383009999999999 0.6141300000000001 0.534471 0.618478 0.534123 0.622826
3 0.054318 0.833696 0.083565 0.807609 0.083217 0.8054349999999999 0.077994 0.8 0.076602 0.793478 0.075905 0.784783 0.067897 0.780435 0.067201 0.777174 0.056058 0.625 0.049443 0.626087 0.049791 0.836957 0.053273 0.8358700000000001 0.054318 0.833696
3 0.876393 0.53587 0.882312 0.53913 0.8948470000000001 0.53913 0.8948470000000001 0.53587 0.893802 0.531522 0.891713 0.531522 0.8910170000000001 0.528261 0.887187 0.471739 0.883705 0.470652 0.879526 0.5239130000000001 0.87883 0.527174 0.877089 0.528261 0.876393 0.53587
3 0.749652 0.56087 0.747911 0.56413 0.756964 0.568478 0.766017 0.568478 0.7712399999999999 0.5663039999999999 0.7694989999999999 0.56087 0.766713 0.559783 0.765669 0.557609 0.761838 0.48804299999999995 0.758008 0.48804299999999995 0.753134 0.548913 0.752089 0.553261 0.750348 0.554348 0.749652 0.56087
3 0.63266 0.428261 0.64032 0.428261 0.64032 0.42391300000000004 0.638928 0.41956499999999997 0.6371870000000001 0.393478 0.635794 0.393478 0.634401 0.418478 0.633357 0.422826 0.63266 0.422826 0.63266 0.428261
3 0.48328699999999997 0.425 0.48328699999999997 0.421739 0.482242 0.420652 0.481546 0.41630399999999995 0.480501 0.388043 0.47841199999999995 0.386957 0.47667099999999996 0.415217 0.47492999999999996 0.420652 0.47492999999999996 0.425 0.48328699999999997 0.425
3 0.357242 0.406522 0.357242 0.41086999999999996 0.36594699999999997 0.41086999999999996 0.36594699999999997 0.40869600000000006 0.36490300000000003 0.407609 0.364206 0.404348 0.362813 0.38043499999999997 0.361769 0.376087 0.360724 0.376087 0.360724 0.38260900000000003 0.358983 0.403261 0.357939 0.406522 0.357242 0.406522
3 0.299095 0.40108699999999997 0.299095 0.397826 0.297702 0.393478 0.296309 0.371739 0.295613 0.36847799999999997 0.294568 0.36847799999999997 0.293175 0.392391 0.291783 0.396739 0.291783 0.40108699999999997 0.299095 0.40108699999999997
3 0.177228 0.378261 0.176532 0.359783 0.175836 0.357609 0.174791 0.357609 0.17304999999999998 0.38260900000000003 0.171657 0.38587 0.178621 0.38587 0.177228 0.378261
3 0.173398 0.356522 0.172354 0.356522 0.169916 0.378261 0.17304999999999998 0.378261 0.173398 0.356522
3 0.5 0.370652 0.49860699999999997 0.370652 0.497563 0.386957 0.500696 0.386957 0.500348 0.372826 0.5 0.370652
3 0.772632 0.418478 0.779248 0.418478 0.779248 0.41630399999999995 0.778203 0.41413 0.776114 0.390217 0.77507 0.390217 0.774721 0.40217400000000003 0.773677 0.411957 0.772632 0.41413 0.772632 0.418478
3 0.804318 0.40108699999999997 0.8046659999999999 0.394565 0.803621 0.391304 0.8029249999999999 0.38043499999999997 0.80188 0.38043499999999997 0.8011839999999999 0.391304 0.800139 0.396739 0.800139 0.40108699999999997 0.804318 0.40108699999999997
3 0.8168519999999999 0.38260900000000003 0.8151109999999999 0.4 0.81929 0.4 0.817897 0.38260900000000003 0.8168519999999999 0.38260900000000003
3 0.23468 0.376087 0.23502800000000001 0.371739 0.23433099999999998 0.36956500000000003 0.233983 0.361957 0.232591 0.361957 0.231894 0.371739 0.23085 0.372826 0.23085 0.376087 0.23468 0.376087
3 0.289694 0.375 0.289694 0.378261 0.293524 0.377174 0.293524 0.366304 0.292827 0.363043 0.291783 0.363043 0.291435 0.370652 0.29039000000000004 0.375 0.289694 0.375
3 0.901811 0.394565 0.9014620000000001 0.384783 0.9004179999999999 0.384783 0.899025 0.40217400000000003 0.902855 0.403261 0.902855 0.39891299999999996 0.901811 0.394565
1 0.358287 0.38152200000000003 0.358287 0.384783 0.360028 0.384783 0.360376 0.376087 0.361072 0.375 0.360724 0.366304 0.35968 0.366304 0.35933099999999996 0.36847799999999997 0.35933099999999996 0.377174 0.358287 0.38152200000000003
1 0.431058 0.39891299999999996 0.437674 0.39891299999999996 0.437674 0.395652 0.436281 0.391304 0.435237 0.371739 0.433496 0.371739 0.43245100000000003 0.392391 0.431755 0.395652 0.431058 0.395652 0.431058 0.39891299999999996
1 0.503134 0.372826 0.502089 0.390217 0.505571 0.390217 0.504178 0.372826 0.503134 0.372826
1 0.640669 0.397826 0.639972 0.395652 0.639276 0.38152200000000003 0.638231 0.38152200000000003 0.637883 0.397826 0.638579 0.407609 0.641365 0.407609 0.640669 0.397826
1 0.683844 0.40217400000000003 0.683148 0.393478 0.681755 0.386957 0.681407 0.379348 0.6803619999999999 0.379348 0.679666 0.397826 0.6786209999999999 0.39891299999999996 0.6786209999999999 0.40217400000000003 0.683844 0.40217400000000003
1 0.6887190000000001 0.39891299999999996 0.692897 0.39891299999999996 0.692897 0.392391 0.691504 0.378261 0.6904600000000001 0.378261 0.689763 0.38587 0.689763 0.394565 0.6887190000000001 0.395652 0.6887190000000001 0.39891299999999996
1 0.70195 0.396739 0.7057800000000001 0.396739 0.704735 0.390217 0.704735 0.38043499999999997 0.704387 0.378261 0.703343 0.378261 0.702646 0.383696 0.702646 0.392391 0.70195 0.393478 0.70195 0.396739
1 0.30188000000000004 0.383696 0.30188000000000004 0.38043499999999997 0.301184 0.379348 0.301184 0.373913 0.300139 0.36847799999999997 0.300139 0.36413 0.298747 0.363043 0.29805000000000004 0.379348 0.297354 0.38043499999999997 0.297354 0.383696 0.30188000000000004 0.383696
1 0.355153 0.390217 0.355153 0.38587 0.35375999999999996 0.377174 0.35375999999999996 0.36956500000000003 0.353412 0.36739099999999997 0.35201899999999997 0.36739099999999997 0.351323 0.38587 0.350279 0.386957 0.350279 0.390217 0.355153 0.390217
1 0.443245 0.36956500000000003 0.442201 0.388043 0.44603099999999996 0.38913000000000003 0.44463800000000003 0.370652 0.443245 0.36956500000000003
1 0.5501389999999999 0.397826 0.549443 0.40217400000000003 0.5483979999999999 0.40217400000000003 0.5483979999999999 0.40543500000000005 0.555014 0.404348 0.555014 0.4 0.5536209999999999 0.394565 0.552925 0.377174 0.5518799999999999 0.377174 0.551184 0.379348 0.5504870000000001 0.384783 0.5501389999999999 0.397826
3 0.196379 0.36086999999999997 0.195682 0.356522 0.194638 0.356522 0.194638 0.363043 0.191852 0.38152200000000003 0.197772 0.38152200000000003 0.196379 0.36086999999999997
3 0.19046000000000002 0.375 0.192201 0.375 0.193593 0.36847799999999997 0.193245 0.356522 0.192201 0.356522 0.192201 0.363043 0.19046000000000002 0.371739 0.19046000000000002 0.375