1 0.56337 0.6586960000000001 0.560585 0.6630429999999999 0.560585 0.665217 0.558844 0.668478 0.5595399999999999 0.675 0.566504 0.675 0.5672010000000001 0.6673910000000001 0.568593 0.665217 0.5689420000000001 0.659783 0.5706819999999999 0.653261 0.571727 0.652174 0.585306 0.651087 0.585306 0.641304 0.580084 0.5478259999999999 0.573468 0.548913 0.566504 0.655435 0.565808 0.6586960000000001 0.56337 0.6586960000000001
1 0.5766020000000001 0.525 0.5748610000000001 0.527174 0.5748610000000001 0.530435 0.5825210000000001 0.532609 0.59227 0.532609 0.596797 0.528261 0.5943590000000001 0.520652 0.59227 0.520652 0.591574 0.518478 0.587744 0.454348 0.5842620000000001 0.454348 0.580084 0.516304 0.579387 0.518478 0.57695 0.5195649999999999 0.5766020000000001 0.525
1 0.5553619999999999 0.448913 0.568593 0.448913 0.565808 0.44021699999999997 0.56337 0.403261 0.560933 0.403261 0.558496 0.441304 0.556755 0.443478 0.556755 0.44565200000000005 0.5553619999999999 0.448913
1 0.5177579999999999 0.431522 0.5177579999999999 0.42934799999999995 0.51532 0.425 0.513579 0.393478 0.511142 0.393478 0.509053 0.425 0.50766 0.42717400000000005 0.506616 0.431522 0.5177579999999999 0.431522
1 0.5271589999999999 0.4 0.526462 0.38152200000000003 0.524721 0.38152200000000003 0.523677 0.40108699999999997 0.521936 0.407609 0.5288999999999999 0.407609 0.5271589999999999 0.4
1 0.072772 0.421739 0.071727 0.420652 0.071031 0.417391 0.069638 0.392391 0.067549 0.392391 0.065808 0.417391 0.064067 0.425 0.072772 0.425 0.072772 0.421739
1 0.179318 0.418478 0.179318 0.415217 0.178621 0.41413 0.177577 0.404348 0.17687999999999998 0.392391 0.174791 0.391304 0.173398 0.411957 0.172006 0.41630399999999995 0.172006 0.418478 0.179318 0.418478
1 0.21448499999999998 0.422826 0.212744 0.420652 0.211003 0.392391 0.208914 0.392391 0.207173 0.417391 0.205084 0.425 0.21448499999999998 0.425 0.21448499999999998 0.422826
1 0.274025 0.40543500000000005 0.27298100000000003 0.38587 0.271588 0.38587 0.270195 0.40543500000000005 0.26915 0.411957 0.275418 0.411957 0.274025 0.40543500000000005
1 0.298398 0.421739 0.306407 0.421739 0.306407 0.418478 0.305362 0.41413 0.303969 0.391304 0.302228 0.391304 0.300487 0.415217 0.29979100000000003 0.418478 0.298747 0.418478 0.298398 0.421739
1 0.360724 0.409783 0.358983 0.38587 0.357242 0.38587 0.356198 0.403261 0.355153 0.406522 0.355153 0.409783 0.360724 0.409783
1 0.375 0.421739 0.375 0.418478 0.374304 0.418478 0.37360699999999997 0.415217 0.371866 0.390217 0.370125 0.390217 0.36873300000000003 0.415217 0.36734 0.41956499999999997 0.36734 0.421739 0.375 0.421739
1 0.451253 0.425 0.45960999999999996 0.425 0.45960999999999996 0.420652 0.458565 0.41956499999999997 0.45786899999999997 0.41630399999999995 0.456476 0.391304 0.454387 0.391304 0.452994 0.417391 0.452298 0.420652 0.451253 0.421739 0.451253 0.425
1 0.450557 0.406522 0.44951299999999994 0.4 0.448468 0.38260900000000003 0.447075 0.38260900000000003 0.44603099999999996 0.403261 0.444986 0.404348 0.444986 0.406522 0.450557 0.406522
1 0.587744 0.409783 0.594011 0.409783 0.592967 0.40217400000000003 0.5919220000000001 0.38260900000000003 0.5901810000000001 0.38260900000000003 0.589136 0.403261 0.5884400000000001 0.406522 0.587744 0.406522 0.587744 0.409783
1 0.661212 0.41413 0.6598189999999999 0.38913000000000003 0.65773 0.38913000000000003 0.656337 0.41413 0.654248 0.420652 0.6633009999999999 0.420652 0.661212 0.41413
1 0.676532 0.443478 0.6887190000000001 0.443478 0.68837 0.43804299999999996 0.68663 0.43804299999999996 0.685933 0.43478300000000003 0.683844 0.4 0.681407 0.4 0.6793180000000001 0.43478300000000003 0.6786209999999999 0.43804299999999996 0.677228 0.43913 0.676532 0.443478
1 0.748259 0.483696 0.748259 0.48586999999999997 0.75 0.48913 0.765669 0.48913 0.764624 0.48586999999999997 0.764624 0.48043500000000006 0.761838 0.478261 0.759053 0.428261 0.755223 0.428261 0.752437 0.478261 0.749304 0.479348 0.749304 0.48260899999999995 0.748259 0.483696
1 0.887187 0.556522 0.886838 0.561957 0.884053 0.56413 0.891713 0.572826 0.9146940000000001 0.572826 0.91156 0.567391 0.9108639999999999 0.559783 0.9077299999999999 0.5586960000000001 0.907033 0.555435 0.901811 0.478261 0.897284 0.478261 0.89624 0.48695700000000003 0.891713 0.553261 0.8910170000000001 0.556522 0.887187 0.556522
3 0.9195679999999999 0.467391 0.922354 0.471739 0.9369780000000001 0.471739 0.935585 0.465217 0.933844 0.46413000000000004 0.9327989999999999 0.459783 0.9296659999999999 0.417391 0.9265319999999999 0.417391 0.9227019999999999 0.46087 0.922006 0.46413000000000004 0.920265 0.46413000000000004 0.9195679999999999 0.467391
3 0.8304320000000001 0.42934799999999995 0.8304320000000001 0.425 0.8290390000000001 0.420652 0.8269500000000001 0.391304 0.8238160000000001 0.391304 0.8217269999999999 0.42391300000000004 0.8203340000000001 0.425 0.819638 0.42934799999999995 0.8304320000000001 0.42934799999999995
3 0.7942199999999999 0.409783 0.7942199999999999 0.406522 0.793175 0.403261 0.791435 0.38043499999999997 0.789345 0.38043499999999997 0.787953 0.403261 0.786908 0.406522 0.786908 0.409783 0.7942199999999999 0.409783
3 0.7395539999999999 0.40217400000000003 0.7378129999999999 0.376087 0.735724 0.375 0.734331 0.395652 0.733287 0.39891299999999996 0.733287 0.40217400000000003 0.7395539999999999 0.40217400000000003
3 0.651462 0.377174 0.649721 0.4 0.654944 0.4 0.653552 0.378261 0.651462 0.377174
3 0.564067 0.378261 0.562326 0.377174 0.560585 0.39891299999999996 0.565808 0.39891299999999996 0.564763 0.394565 0.564067 0.378261
3 0.46901099999999996 0.4 0.467618 0.392391 0.467618 0.38587 0.46657400000000004 0.379348 0.465877 0.38043499999999997 0.465181 0.393478 0.464136 0.39891299999999996 0.46901099999999996 0.4
3 0.366643 0.40217400000000003 0.369081 0.40217400000000003 0.36977699999999997 0.392391 0.369081 0.38260900000000003 0.368036 0.38260900000000003 0.366992 0.39891299999999996 0.36594699999999997 0.4 0.366643 0.40217400000000003
3 0.357939 0.448913 0.36977699999999997 0.45 0.36977699999999997 0.443478 0.368036 0.44239100000000003 0.36734 0.43913 0.364554 0.40217400000000003 0.362117 0.40217400000000003 0.360028 0.43804299999999996 0.35933099999999996 0.44239100000000003 0.357939 0.44239100000000003 0.357939 0.448913
3 0.306407 0.490217 0.304666 0.494565 0.321727 0.49565200000000004 0.324513 0.49347799999999997 0.32311999999999996 0.49130399999999996 0.321727 0.484783 0.320334 0.484783 0.319638 0.481522 0.316156 0.430435 0.312674 0.430435 0.30954000000000004 0.48260899999999995 0.308844 0.48586999999999997 0.306407 0.48804299999999995 0.306407 0.490217
3 0.326602 0.44021699999999997 0.326602 0.43587 0.325905 0.43587 0.324861 0.431522 0.322772 0.397826 0.319986 0.397826 0.318245 0.433696 0.317201 0.43587 0.317201 0.44021699999999997 0.326602 0.44021699999999997
3 0.23851 0.43913 0.24930400000000003 0.43913 0.24930400000000003 0.433696 0.247911 0.43260899999999997 0.247214 0.42934799999999995 0.24547400000000003 0.397826 0.24234 0.397826 0.240251 0.430435 0.239554 0.433696 0.23885800000000001 0.433696 0.23851 0.43913
3 0.162953 0.573913 0.162604 0.588043 0.186978 0.5869570000000001 0.190111 0.5771740000000001 0.190111 0.575 0.188022 0.567391 0.18453999999999998 0.567391 0.183844 0.56413 0.177925 0.484783 0.17304999999999998 0.484783 0.167479 0.565217 0.166783 0.568478 0.165042 0.569565 0.162953 0.573913
3 0.10585 0.453261 0.118733 0.453261 0.11908099999999999 0.446739 0.11768799999999999 0.44565200000000005 0.11664300000000001 0.441304 0.114554 0.40543500000000005 0.11142099999999999 0.40543500000000005 0.108287 0.44565200000000005 0.10759099999999999 0.44782599999999995 0.10585 0.44782599999999995 0.10585 0.453261
3 0.090181 0.415217 0.098538 0.41630399999999995 0.098538 0.411957 0.09714500000000001 0.40869600000000006 0.095752 0.390217 0.094011 0.38913000000000003 0.091922 0.407609 0.090877 0.411957 0.090181 0.411957 0.090181 0.415217