3 0.49965200000000004 0.45869600000000005 0.49965200000000004 0.465217 0.49860699999999997 0.47717400000000004 0.49860699999999997 0.48913 0.49791100000000005 0.492391 0.496866 0.521739 0.495822 0.5293479999999999 0.49129500000000004 0.5336960000000001 0.49094699999999997 0.5423910000000001 0.49025100000000005 0.546739 0.488858 0.55 0.48955399999999993 0.554348 0.513579 0.555435 0.5177579999999999 0.554348 0.5198470000000001 0.548913 0.520195 0.532609 0.5194989999999999 0.5293479999999999 0.51532 0.5293479999999999 0.514624 0.527174 0.514276 0.515217 0.512535 0.502174 0.5121870000000001 0.48804299999999995 0.510097 0.465217 0.5104460000000001 0.46087 0.507312 0.42934799999999995 0.507312 0.41956499999999997 0.50383 0.418478 0.501393 0.420652 0.500696 0.45 0.49965200000000004 0.45869600000000005
3 0.45543199999999995 0.338043 0.455084 0.344565 0.466922 0.343478 0.467618 0.341304 0.467618 0.336957 0.46657400000000004 0.336957 0.46552899999999997 0.33260900000000004 0.465877 0.330435 0.464485 0.321739 0.462047 0.286957 0.460306 0.286957 0.458217 0.313043 0.45786899999999997 0.32717399999999996 0.456825 0.336957 0.45543199999999995 0.338043
3 0.558844 0.261957 0.559192 0.259783 0.5577989999999999 0.254348 0.5560579999999999 0.231522 0.555014 0.230435 0.5543180000000001 0.232609 0.5536209999999999 0.252174 0.5518799999999999 0.261957 0.558844 0.261957
3 0.48676899999999995 0.293478 0.487465 0.290217 0.486421 0.28913 0.48502799999999996 0.283696 0.48363500000000004 0.25652200000000003 0.482939 0.254348 0.48189399999999993 0.254348 0.48015299999999994 0.275 0.48015299999999994 0.284783 0.47841199999999995 0.294565 0.48676899999999995 0.293478
3 0.645195 0.24239099999999997 0.6521589999999999 0.24239099999999997 0.6525070000000001 0.24021699999999999 0.650766 0.236957 0.649025 0.213043 0.6479809999999999 0.213043 0.646588 0.228261 0.646588 0.23586999999999997 0.645195 0.24021699999999999 0.645195 0.24239099999999997
3 0.763928 0.225 0.762535 0.22391299999999997 0.7604460000000001 0.20108700000000002 0.759053 0.20108700000000002 0.758008 0.22282600000000002 0.756267 0.228261 0.763579 0.228261 0.763928 0.225
3 0.889972 0.220652 0.889972 0.218478 0.8889279999999999 0.21739099999999997 0.888231 0.21413000000000001 0.88649 0.192391 0.885446 0.191304 0.884749 0.19456500000000002 0.884749 0.202174 0.882312 0.220652 0.889972 0.220652
1 0.6615599999999999 0.286957 0.6674789999999999 0.286957 0.671309 0.283696 0.671309 0.281522 0.670265 0.281522 0.668872 0.278261 0.666783 0.24021699999999999 0.665042 0.24130400000000002 0.6633009999999999 0.277174 0.661212 0.283696 0.6615599999999999 0.286957
1 0.807103 0.24565199999999998 0.8081480000000001 0.243478 0.8081480000000001 0.24130400000000002 0.807103 0.23913 0.807103 0.23586999999999997 0.8060579999999999 0.231522 0.8050140000000001 0.21086999999999997 0.8032730000000001 0.209783 0.802228 0.221739 0.80188 0.236957 0.799791 0.24565199999999998 0.807103 0.24565199999999998
1 0.895543 0.23586999999999997 0.895195 0.24021699999999999 0.895891 0.24130400000000002 0.902507 0.24130400000000002 0.904596 0.23913 0.904596 0.236957 0.902855 0.232609 0.900766 0.206522 0.90007 0.203261 0.898677 0.206522 0.897284 0.232609 0.896588 0.23586999999999997 0.895543 0.23586999999999997
3 0.510097 0.425 0.508705 0.42934799999999995 0.508008 0.42934799999999995 0.508705 0.44021699999999997 0.509401 0.441304 0.509401 0.444565 0.526462 0.443478 0.5275070000000001 0.441304 0.5275070000000001 0.43695700000000004 0.526462 0.42934799999999995 0.524373 0.42934799999999995 0.5229809999999999 0.42391300000000004 0.520543 0.38587 0.518454 0.36739099999999997 0.518454 0.36086999999999997 0.517409 0.354348 0.517409 0.348913 0.513579 0.348913 0.511142 0.392391 0.51149 0.404348 0.510794 0.40543500000000005 0.510097 0.425
3 0.331825 0.7119570000000001 0.33077999999999996 0.748913 0.329735 0.766304 0.330084 0.775 0.32903899999999997 0.798913 0.328343 0.803261 0.328343 0.8108700000000001 0.32694999999999996 0.8195650000000001 0.325905 0.8195650000000001 0.32137899999999997 0.826087 0.318593 0.834783 0.318593 0.846739 0.376741 0.845652 0.38022300000000003 0.8380430000000001 0.38022300000000003 0.832609 0.379526 0.8304349999999999 0.373259 0.8293480000000001 0.370822 0.827174 0.368384 0.815217 0.362813 0.806522 0.360724 0.806522 0.35968 0.803261 0.358635 0.78587 0.356198 0.76413 0.35550099999999996 0.746739 0.35167099999999996 0.71413 0.351323 0.703261 0.348886 0.686957 0.348886 0.678261 0.345752 0.646739 0.34609999999999996 0.632609 0.34401099999999996 0.6304350000000001 0.338092 0.6304350000000001 0.335306 0.633696 0.33460999999999996 0.66413 0.33286899999999997 0.693478 0.33286899999999997 0.701087 0.331825 0.7119570000000001
1 0.740251 0.248913 0.739903 0.252174 0.7472139999999999 0.252174 0.747911 0.251087 0.747911 0.248913 0.746518 0.24673899999999999 0.745822 0.24021699999999999 0.744777 0.21739099999999997 0.743036 0.21739099999999997 0.74234 0.22391299999999997 0.741992 0.24021699999999999 0.741295 0.24673899999999999 0.740251 0.248913
1 0.8603759999999999 0.357609 0.85968 0.359783 0.857939 0.359783 0.856198 0.36739099999999997 0.858287 0.372826 0.861421 0.372826 0.864206 0.375 0.869429 0.375 0.876741 0.370652 0.876393 0.363043 0.8739549999999999 0.36086999999999997 0.872911 0.357609 0.872911 0.354348 0.8722139999999999 0.353261 0.8722139999999999 0.344565 0.8708220000000001 0.32934800000000003 0.870474 0.31630400000000003 0.869777 0.31521699999999997 0.8690810000000001 0.29239099999999996 0.865251 0.29239099999999996 0.86351 0.307609 0.8621169999999999 0.32934800000000003 0.8610720000000001 0.33587 0.8603759999999999 0.357609
1 0.684192 0.301087 0.683496 0.306522 0.693593 0.306522 0.696031 0.304348 0.696031 0.3 0.69429 0.3 0.692897 0.291304 0.692897 0.281522 0.691156 0.254348 0.6887190000000001 0.254348 0.68663 0.29565199999999997 0.685933 0.3 0.684192 0.301087
1 0.6869780000000001 0.25652200000000003 0.6869780000000001 0.26087 0.685237 0.263043 0.6845399999999999 0.266304 0.687326 0.265217 0.6880219999999999 0.261957 0.68837 0.254348 0.689415 0.252174 0.690808 0.253261 0.690808 0.251087 0.6917655265625 0.24909306875 0.691695675 0.24720398124999998 0.691156 0.24130400000000002 0.691156 0.2374587046875 0.689763 0.226087 0.689067 0.226087 0.68837 0.22934800000000002 0.687674 0.24239099999999997 0.6880219999999999 0.248913 0.6869780000000001 0.25652200000000003
1 0.6914128625 0.23955559062499998 0.691695675 0.24720398124999998 0.691852 0.248913 0.6917655265625 0.24909306875 0.6922010000000001 0.26087 0.692549 0.265217 0.69429 0.265217 0.69429 0.263043 0.6914128625 0.23955559062499998