3 0.344708 0.747826 0.34401099999999996 0.752174 0.343663 0.761957 0.341226 0.7695649999999999 0.340877 0.772826 0.343315 0.775 0.35167099999999996 0.776087 0.354109 0.778261 0.37883 0.780435 0.38126699999999997 0.775 0.384401 0.7630429999999999 0.386142 0.759783 0.38649 0.754348 0.38405300000000003 0.753261 0.38266 0.7445649999999999 0.37883 0.741304 0.37639300000000003 0.7369570000000001 0.369081 0.602174 0.361072 0.603261 0.35167099999999996 0.734783 0.350975 0.738043 0.347493 0.741304 0.344708 0.747826
3 0.5807800000000001 0.584783 0.591574 0.588043 0.5995820000000001 0.588043 0.602368 0.584783 0.602716 0.581522 0.600627 0.575 0.5995820000000001 0.573913 0.598886 0.569565 0.594708 0.49565200000000004 0.590529 0.49565200000000004 0.585306 0.567391 0.5842620000000001 0.571739 0.581825 0.573913 0.5807800000000001 0.584783
3 0.706476 0.518478 0.7193590000000001 0.518478 0.7193590000000001 0.51413 0.71727 0.509783 0.714485 0.454348 0.711003 0.454348 0.706476 0.507609 0.704387 0.5108699999999999 0.704387 0.516304 0.706476 0.518478
3 0.7907379999999999 0.48695700000000003 0.7907379999999999 0.483696 0.789345 0.48043500000000006 0.786908 0.43695700000000004 0.784123 0.43695700000000004 0.781337 0.476087 0.779248 0.48260899999999995 0.779248 0.48695700000000003 0.7907379999999999 0.48695700000000003
3 0.841922 0.46087 0.8408770000000001 0.452174 0.839485 0.422826 0.8370469999999999 0.422826 0.83461 0.45543500000000003 0.8335649999999999 0.457609 0.8335649999999999 0.46087 0.841922 0.46087
3 0.8739549999999999 0.44782599999999995 0.880223 0.44782599999999995 0.8809189999999999 0.446739 0.8809189999999999 0.444565 0.880223 0.44239100000000003 0.878134 0.41304299999999994 0.875348 0.41304299999999994 0.873607 0.441304 0.8725630000000001 0.443478 0.8725630000000001 0.44565200000000005 0.8739549999999999 0.44782599999999995
3 0.923398 0.411957 0.9216570000000001 0.411957 0.9192199999999999 0.44021699999999997 0.9261839999999999 0.44021699999999997 0.925139 0.433696 0.923398 0.411957
3 0.857591 0.417391 0.855501 0.397826 0.853412 0.396739 0.852019 0.41413 0.852019 0.421739 0.857591 0.421739 0.857591 0.417391
3 0.781337 0.386957 0.779248 0.38587 0.7771589999999999 0.409783 0.7830779999999999 0.409783 0.782382 0.406522 0.781337 0.386957
3 0.7169220000000001 0.393478 0.715877 0.388043 0.715529 0.376087 0.713092 0.376087 0.712396 0.392391 0.7116990000000001 0.396739 0.7169220000000001 0.396739 0.7169220000000001 0.393478
3 0.677577 0.36956500000000003 0.6751389999999999 0.36847799999999997 0.674443 0.377174 0.674443 0.386957 0.678273 0.386957 0.677577 0.36956500000000003
3 0.651462 0.378261 0.650766 0.377174 0.65007 0.363043 0.649025 0.363043 0.6479809999999999 0.373913 0.646588 0.379348 0.651462 0.38043499999999997 0.651462 0.378261
3 0.589485 0.361957 0.5884400000000001 0.376087 0.59227 0.376087 0.591226 0.363043 0.589485 0.361957
3 0.564415 0.359783 0.562674 0.378261 0.567549 0.378261 0.566504 0.359783 0.564415 0.359783
3 0.548747 0.39891299999999996 0.5459609999999999 0.373913 0.543872 0.373913 0.5428270000000001 0.390217 0.541435 0.394565 0.541086 0.39891299999999996 0.548747 0.39891299999999996
3 0.541086 0.36739099999999997 0.539694 0.36739099999999997 0.537256 0.386957 0.5424789999999999 0.386957 0.541783 0.38260900000000003 0.541086 0.36739099999999997
3 0.501045 0.377174 0.498259 0.376087 0.496866 0.4 0.495822 0.407609 0.503482 0.407609 0.501045 0.377174
3 0.403203 0.411957 0.403203 0.41413 0.41260399999999997 0.415217 0.412953 0.411957 0.41156 0.40869600000000006 0.409819 0.379348 0.409123 0.376087 0.40703300000000003 0.376087 0.406337 0.38043499999999997 0.40529200000000004 0.406522 0.404596 0.41086999999999996 0.403203 0.411957
3 0.21970800000000001 0.41630399999999995 0.23050099999999998 0.41630399999999995 0.23085 0.41413 0.22980499999999998 0.41304299999999994 0.229109 0.406522 0.22736800000000001 0.371739 0.224582 0.371739 0.22388599999999997 0.375 0.22179700000000002 0.41086999999999996 0.220404 0.41304299999999994 0.21970800000000001 0.41630399999999995
3 0.058496000000000006 0.40217400000000003 0.058496000000000006 0.40543500000000005 0.069986 0.40543500000000005 0.070334 0.40217400000000003 0.068593 0.396739 0.065808 0.359783 0.062674 0.359783 0.061280999999999995 0.390217 0.060237 0.39891299999999996 0.059192 0.40217400000000003 0.058496000000000006 0.40217400000000003
3 0.947423 0.395652 0.945682 0.394565 0.94429 0.40543500000000005 0.94429 0.411957 0.9484680000000001 0.411957 0.947423 0.395652
1 0.950905 0.428261 0.950905 0.404348 0.949861 0.404348 0.9488160000000001 0.421739 0.947423 0.428261 0.950905 0.428261
1 0.8896240000000001 0.407609 0.8889279999999999 0.404348 0.888231 0.391304 0.88649 0.390217 0.885097 0.395652 0.885097 0.404348 0.8844010000000001 0.407609 0.8896240000000001 0.407609
1 0.8725630000000001 0.409783 0.871866 0.393478 0.869429 0.393478 0.868733 0.40869600000000006 0.868036 0.41304299999999994 0.873259 0.41304299999999994 0.8725630000000001 0.409783
1 0.166086 0.379348 0.164694 0.352174 0.16155999999999998 0.352174 0.16051500000000002 0.379348 0.159471 0.383696 0.167131 0.383696 0.166086 0.379348
1 0.172006 0.346739 0.169568 0.346739 0.16921999999999998 0.366304 0.172702 0.366304 0.172354 0.348913 0.172006 0.346739
1 0.23990300000000003 0.35 0.237813 0.35 0.23746499999999998 0.36739099999999997 0.24129499999999998 0.36739099999999997 0.240599 0.36413 0.23990300000000003 0.35
3 0.24234 0.34565199999999996 0.241643 0.363043 0.24547400000000003 0.363043 0.244429 0.346739 0.24234 0.34565199999999996
3 0.306755 0.355435 0.306058 0.347826 0.304666 0.347826 0.302577 0.36413 0.306755 0.36413 0.306755 0.355435
1 0.293175 0.35108700000000004 0.291783 0.35108700000000004 0.291086 0.36739099999999997 0.293872 0.36739099999999997 0.293524 0.353261 0.293175 0.35108700000000004
1 0.317201 0.361957 0.31545999999999996 0.361957 0.312674 0.390217 0.319638 0.390217 0.318942 0.388043 0.317201 0.361957
1 0.348538 0.353261 0.34784099999999996 0.36956500000000003 0.351323 0.36956500000000003 0.350279 0.353261 0.348538 0.353261
3 0.365599 0.353261 0.36351 0.352174 0.362813 0.363043 0.362117 0.366304 0.366295 0.366304 0.365599 0.353261
1 0.405641 0.390217 0.40598900000000004 0.38260900000000003 0.404596 0.36413 0.402855 0.365217 0.401462 0.383696 0.400418 0.390217 0.405641 0.390217
1 0.43697800000000003 0.361957 0.435237 0.361957 0.433844 0.383696 0.438719 0.383696 0.43802199999999997 0.38043499999999997 0.43697800000000003 0.361957