3 0.452646 0.46087 0.452298 0.475 0.44951299999999994 0.47717400000000004 0.44777199999999995 0.48260899999999995 0.44777199999999995 0.49130399999999996 0.449164 0.494565 0.470404 0.492391 0.471448 0.48695700000000003 0.471448 0.481522 0.470404 0.47717400000000004 0.466922 0.475 0.46483299999999994 0.46413000000000004 0.464136 0.453261 0.46344 0.45 0.462047 0.42717400000000005 0.462047 0.41304299999999994 0.459958 0.391304 0.45578 0.391304 0.454735 0.422826 0.453343 0.43913 0.453343 0.454348 0.452646 0.46087
3 0.41434499999999996 0.393478 0.41260399999999997 0.394565 0.41016700000000006 0.40217400000000003 0.41156 0.40217400000000003 0.41260399999999997 0.404348 0.41922 0.404348 0.428273 0.40108699999999997 0.428273 0.39891299999999996 0.426532 0.393478 0.424443 0.393478 0.423747 0.391304 0.419916 0.33587 0.41713100000000003 0.33587 0.416435 0.352174 0.415042 0.363043 0.415042 0.379348 0.41434499999999996 0.393478
3 0.337047 0.36086999999999997 0.33669899999999997 0.36413 0.33460999999999996 0.36847799999999997 0.333914 0.372826 0.341226 0.373913 0.342967 0.371739 0.34609999999999996 0.371739 0.34609999999999996 0.366304 0.34435899999999997 0.365217 0.343663 0.361957 0.34052899999999997 0.320652 0.338788 0.320652 0.337744 0.32717399999999996 0.337744 0.33587 0.337047 0.336957 0.337047 0.36086999999999997
3 0.23468 0.366304 0.23468 0.370652 0.244081 0.370652 0.24477699999999997 0.36956500000000003 0.24477699999999997 0.365217 0.244081 0.365217 0.24303599999999997 0.361957 0.240599 0.328261 0.23816199999999998 0.32717399999999996 0.237813 0.33587 0.236769 0.340217 0.236769 0.36413 0.23468 0.366304
3 0.100627 0.38260900000000003 0.09992999999999999 0.388043 0.10619799999999999 0.388043 0.10793900000000001 0.38587 0.11107199999999999 0.38587 0.11107199999999999 0.38260900000000003 0.10898300000000001 0.378261 0.10619799999999999 0.346739 0.10376 0.34565199999999996 0.103064 0.357609 0.10236799999999999 0.359783 0.10236799999999999 0.38043499999999997 0.100627 0.38260900000000003
1 0.759749 0.42391300000000004 0.762883 0.428261 0.774721 0.428261 0.780292 0.425 0.781337 0.420652 0.781337 0.415217 0.778203 0.41413 0.7775070000000001 0.41086999999999996 0.772284 0.334783 0.767409 0.334783 0.763579 0.40869600000000006 0.762883 0.41304299999999994 0.759749 0.415217 0.759749 0.42391300000000004
1 0.5943590000000001 0.34565199999999996 0.6068939999999999 0.346739 0.6068939999999999 0.340217 0.6051529999999999 0.338043 0.604109 0.333696 0.601671 0.291304 0.598538 0.291304 0.596448 0.33587 0.595752 0.340217 0.5943590000000001 0.341304 0.5943590000000001 0.34565199999999996
1 0.465877 0.326087 0.465877 0.321739 0.46483299999999994 0.320652 0.464136 0.31630400000000003 0.462047 0.284783 0.45960999999999996 0.284783 0.458217 0.320652 0.456825 0.322826 0.456825 0.326087 0.465877 0.326087
1 0.333217 0.32934800000000003 0.333217 0.326087 0.332173 0.325 0.331476 0.321739 0.330084 0.29565199999999997 0.327298 0.29565199999999997 0.325905 0.325 0.324513 0.32717399999999996 0.324513 0.32934800000000003 0.333217 0.32934800000000003
0 0.052925 0.372826 0.05118399999999999 0.36739099999999997 0.049443 0.346739 0.048747 0.34565199999999996 0.048747 0.376087 0.052228 0.376087 0.052925 0.375 0.052925 0.372826
1 0.131964 0.352174 0.131964 0.354348 0.14032 0.354348 0.140669 0.35 0.139276 0.346739 0.137883 0.331522 0.137883 0.321739 0.135446 0.321739 0.134749 0.32717399999999996 0.134053 0.346739 0.133357 0.35 0.131964 0.352174
1 0.22353800000000001 0.328261 0.224234 0.32717399999999996 0.224234 0.323913 0.223189 0.320652 0.22179700000000002 0.3 0.21970800000000001 0.3 0.218663 0.323913 0.21727 0.326087 0.21727 0.328261 0.22353800000000001 0.328261
1 0.267409 0.305435 0.267409 0.301087 0.266017 0.294565 0.266017 0.284783 0.263579 0.284783 0.263579 0.3 0.262187 0.30869599999999997 0.268454 0.30869599999999997 0.267409 0.305435
1 0.268106 0.3 0.27298100000000003 0.3 0.27298100000000003 0.296739 0.271936 0.291304 0.271588 0.278261 0.269847 0.277174 0.26915 0.27934800000000004 0.26915 0.29239099999999996 0.268106 0.296739 0.268106 0.3
1 0.251741 0.29782600000000004 0.25243699999999997 0.296739 0.25243699999999997 0.294565 0.25139300000000003 0.290217 0.25139300000000003 0.278261 0.24965199999999999 0.277174 0.24895499999999998 0.278261 0.24895499999999998 0.290217 0.247911 0.29782600000000004 0.251741 0.29782600000000004
1 0.213788 0.288043 0.213788 0.282609 0.211699 0.282609 0.211699 0.294565 0.21030600000000002 0.301087 0.215529 0.3 0.213788 0.288043
1 0.165738 0.306522 0.16434500000000002 0.3 0.163997 0.290217 0.162604 0.28913 0.16155999999999998 0.305435 0.160864 0.30869599999999997 0.165042 0.30869599999999997 0.165738 0.306522
1 0.10027900000000001 0.320652 0.103064 0.320652 0.105501 0.318478 0.104457 0.31413 0.10341199999999999 0.301087 0.102019 0.302174 0.10132300000000001 0.31630400000000003 0.10027900000000001 0.318478 0.10027900000000001 0.320652
3 0.11002799999999999 0.31413 0.114206 0.313043 0.11385799999999999 0.307609 0.11316200000000001 0.305435 0.11351 0.301087 0.112465 0.29565199999999997 0.11176900000000001 0.29565199999999997 0.110724 0.3 0.110724 0.30869599999999997 0.11002799999999999 0.31413
3 0.30954000000000004 0.282609 0.313022 0.282609 0.31162999999999996 0.269565 0.31162999999999996 0.263043 0.310585 0.263043 0.310585 0.267391 0.30988899999999997 0.269565 0.310237 0.278261 0.30954000000000004 0.282609
3 0.306755 0.31630400000000003 0.312674 0.31630400000000003 0.31337000000000004 0.31413 0.31162999999999996 0.30869599999999997 0.310237 0.286957 0.308496 0.286957 0.307799 0.296739 0.307799 0.311957 0.306755 0.31413 0.306755 0.31630400000000003
3 0.350627 0.288043 0.349582 0.294565 0.354805 0.294565 0.355153 0.29239099999999996 0.354109 0.28913 0.352716 0.270652 0.35167099999999996 0.268478 0.350975 0.270652 0.350975 0.276087 0.350279 0.278261 0.350627 0.288043
3 0.344708 0.281522 0.344708 0.283696 0.34818899999999997 0.283696 0.348538 0.281522 0.34784099999999996 0.27391299999999996 0.347145 0.271739 0.347145 0.263043 0.34609999999999996 0.261957 0.345752 0.267391 0.345056 0.269565 0.345404 0.280435 0.344708 0.281522
4 0.590877 0.253261 0.589485 0.231522 0.5884400000000001 0.233696 0.588092 0.248913 0.587396 0.253261 0.590877 0.253261
4 0.625696 0.219565 0.624652 0.236957 0.627089 0.238043 0.626393 0.219565 0.625696 0.219565
4 0.660864 0.248913 0.6598189999999999 0.243478 0.659123 0.227174 0.6580779999999999 0.227174 0.657033 0.24782600000000002 0.655989 0.25 0.660515 0.251087 0.660864 0.248913
4 0.695334 0.211957 0.6946380000000001 0.230435 0.697423 0.230435 0.696727 0.211957 0.695334 0.211957
0 0.560237 0.276087 0.560585 0.27391299999999996 0.5595399999999999 0.271739 0.558844 0.265217 0.5577989999999999 0.24565199999999998 0.5560579999999999 0.24565199999999998 0.555014 0.270652 0.5536209999999999 0.272826 0.5536209999999999 0.276087 0.560237 0.276087
0 0.504178 0.27391299999999996 0.50766 0.27391299999999996 0.509749 0.271739 0.508705 0.267391 0.50766 0.248913 0.506964 0.24565199999999998 0.505919 0.24673899999999999 0.504875 0.267391 0.50383 0.271739 0.504178 0.27391299999999996
0 0.44463800000000003 0.29782600000000004 0.443593 0.302174 0.451253 0.302174 0.45194999999999996 0.301087 0.45194999999999996 0.298913 0.450557 0.296739 0.448816 0.272826 0.44777199999999995 0.268478 0.446727 0.268478 0.446379 0.27934800000000004 0.44568199999999997 0.282609 0.44568199999999997 0.296739 0.44463800000000003 0.29782600000000004
0 0.40703300000000003 0.294565 0.409123 0.29565199999999997 0.41016700000000006 0.293478 0.412953 0.293478 0.413301 0.291304 0.41190800000000005 0.288043 0.41016700000000006 0.266304 0.408774 0.266304 0.408774 0.271739 0.408078 0.276087 0.408078 0.288043 0.40703300000000003 0.294565
3 0.34226999999999996 0.640217 0.340877 0.647826 0.340877 0.6673910000000001 0.34018099999999996 0.669565 0.339833 0.679348 0.34018099999999996 0.7021740000000001 0.339136 0.7369570000000001 0.338092 0.740217 0.335306 0.742391 0.334262 0.745652 0.332521 0.745652 0.331128 0.75 0.330432 0.754348 0.33077999999999996 0.7630429999999999 0.328691 0.766304 0.326602 0.772826 0.326602 0.778261 0.327994 0.782609 0.33843999999999996 0.7836960000000001 0.34052899999999997 0.78587 0.36351 0.7880429999999999 0.36873300000000003 0.7739130000000001 0.376741 0.759783 0.378134 0.754348 0.378134 0.751087 0.377089 0.747826 0.374304 0.745652 0.371866 0.73587 0.366295 0.731522 0.36490300000000003 0.725 0.364554 0.715217 0.363162 0.706522 0.363162 0.701087 0.361421 0.6913039999999999 0.361421 0.682609 0.360376 0.676087 0.360376 0.6673910000000001 0.358287 0.655435 0.357939 0.641304 0.357242 0.633696 0.356546 0.631522 0.356546 0.626087 0.355153 0.618478 0.355153 0.609783 0.354109 0.604348 0.354109 0.597826 0.353064 0.590217 0.353064 0.5826089999999999 0.35201899999999997 0.579348 0.345056 0.581522 0.34401099999999996 0.584783 0.343315 0.621739 0.34226999999999996 0.640217
3 0.191504 0.298913 0.190808 0.281522 0.189415 0.281522 0.18836999999999998 0.286957 0.188719 0.294565 0.188022 0.298913 0.191504 0.298913
3 0.258705 0.288043 0.25766 0.280435 0.25766 0.270652 0.256616 0.269565 0.255571 0.276087 0.255919 0.284783 0.254875 0.288043 0.258705 0.288043