3 0.331128 0.592391 0.329387 0.6 0.327298 0.602174 0.327298 0.6054350000000001 0.331128 0.609783 0.338092 0.6141300000000001 0.348538 0.6141300000000001 0.352368 0.61087 0.360724 0.608696 0.363162 0.6054350000000001 0.362465 0.603261 0.360028 0.6010869999999999 0.358983 0.592391 0.357242 0.590217 0.354109 0.590217 0.353412 0.588043 0.34818899999999997 0.48913 0.341922 0.48913 0.336003 0.5869570000000001 0.335306 0.58913 0.333565 0.58913 0.331128 0.592391
3 0.5630219999999999 0.49347799999999997 0.5619780000000001 0.494565 0.5619780000000001 0.497826 0.5689420000000001 0.502174 0.5748610000000001 0.502174 0.580084 0.5 0.580432 0.496739 0.5790390000000001 0.492391 0.57695 0.490217 0.575905 0.484783 0.573468 0.430435 0.569986 0.430435 0.566156 0.48804299999999995 0.5654600000000001 0.490217 0.5637190000000001 0.490217 0.5630219999999999 0.49347799999999997
3 0.687674 0.463043 0.697423 0.463043 0.697423 0.457609 0.694986 0.454348 0.692897 0.41086999999999996 0.6904600000000001 0.41086999999999996 0.687326 0.452174 0.685237 0.454348 0.685237 0.45869600000000005 0.687674 0.463043
3 0.753482 0.391304 0.7527860000000001 0.38913000000000003 0.7527860000000001 0.383696 0.751393 0.36956500000000003 0.750696 0.36956500000000003 0.749304 0.38260900000000003 0.749304 0.38913000000000003 0.748607 0.391304 0.753482 0.391304
1 0.8252090000000001 0.643478 0.822772 0.6445649999999999 0.822772 0.647826 0.824861 0.6543479999999999 0.830084 0.6630429999999999 0.847493 0.666304 0.8568939999999999 0.666304 0.8568939999999999 0.66413 0.854109 0.657609 0.854109 0.6489130000000001 0.848886 0.641304 0.8450559999999999 0.546739 0.8391360000000001 0.545652 0.8304320000000001 0.6358699999999999 0.829735 0.6380429999999999 0.826602 0.6380429999999999 0.8252090000000001 0.643478
1 0.8621169999999999 0.536957 0.870125 0.543478 0.883008 0.543478 0.881964 0.53587 0.879875 0.5336960000000001 0.87883 0.5293479999999999 0.8756959999999999 0.46956499999999995 0.871866 0.46956499999999995 0.866643 0.528261 0.86351 0.530435 0.86351 0.5336960000000001 0.8621169999999999 0.536957
1 0.8861420000000001 0.48695700000000003 0.8906689999999999 0.490217 0.898677 0.490217 0.898677 0.48586999999999997 0.895891 0.481522 0.894499 0.43695700000000004 0.8913650000000001 0.43587 0.888231 0.478261 0.887535 0.48043500000000006 0.8861420000000001 0.48043500000000006 0.8861420000000001 0.48695700000000003
1 0.8655989999999999 0.45 0.874652 0.45 0.874652 0.446739 0.8725630000000001 0.441304 0.870474 0.41086999999999996 0.868036 0.41086999999999996 0.866295 0.43913 0.864554 0.444565 0.864554 0.44782599999999995 0.8655989999999999 0.45
1 0.848189 0.42934799999999995 0.848189 0.426087 0.8467969999999999 0.42391300000000004 0.8457520000000001 0.396739 0.8433149999999999 0.396739 0.8415739999999999 0.42391300000000004 0.8405290000000001 0.425 0.8405290000000001 0.428261 0.848189 0.42934799999999995
1 0.8168519999999999 0.41304299999999994 0.8220750000000001 0.41304299999999994 0.8220750000000001 0.409783 0.821379 0.40869600000000006 0.8203340000000001 0.388043 0.81929 0.388043 0.8182449999999999 0.396739 0.817897 0.406522 0.8168519999999999 0.409783 0.8168519999999999 0.41304299999999994
1 0.816156 0.38043499999999997 0.814415 0.379348 0.814067 0.392391 0.8130219999999999 0.403261 0.8172010000000001 0.403261 0.816156 0.38043499999999997
1 0.8739549999999999 0.404348 0.8739549999999999 0.40108699999999997 0.872911 0.39891299999999996 0.8722139999999999 0.383696 0.870474 0.383696 0.869777 0.396739 0.868384 0.40108699999999997 0.868384 0.404348 0.8739549999999999 0.404348
1 0.945682 0.392391 0.9435930000000001 0.392391 0.9418519999999999 0.41413 0.9470750000000001 0.41413 0.946031 0.407609 0.945682 0.392391
3 0.9146940000000001 0.39891299999999996 0.913649 0.395652 0.912604 0.38043499999999997 0.91156 0.38043499999999997 0.9101670000000001 0.394565 0.908774 0.40108699999999997 0.9146940000000001 0.40108699999999997 0.9146940000000001 0.39891299999999996
3 0.85376 0.378261 0.852716 0.373913 0.851671 0.379348 0.8502789999999999 0.394565 0.855501 0.394565 0.85376 0.378261
3 0.8015319999999999 0.373913 0.8004870000000001 0.370652 0.799791 0.372826 0.7983979999999999 0.391304 0.8029249999999999 0.391304 0.8015319999999999 0.373913
3 0.706825 0.431522 0.715529 0.43260899999999997 0.715529 0.42934799999999995 0.714136 0.42934799999999995 0.7134400000000001 0.425 0.712047 0.39891299999999996 0.710306 0.397826 0.708565 0.42391300000000004 0.7075210000000001 0.428261 0.706825 0.428261 0.706825 0.431522
3 0.706128 0.403261 0.70961 0.403261 0.709958 0.397826 0.7116990000000001 0.396739 0.710655 0.392391 0.709958 0.377174 0.708914 0.377174 0.708217 0.392391 0.7075210000000001 0.39891299999999996 0.706128 0.403261
3 0.717618 0.41086999999999996 0.716226 0.40869600000000006 0.7151810000000001 0.38260900000000003 0.7134400000000001 0.38260900000000003 0.712396 0.393478 0.713092 0.41304299999999994 0.717618 0.41413 0.717618 0.41086999999999996