1 0.511838 0.6913039999999999 0.509749 0.692391 0.506267 0.697826 0.505919 0.703261 0.504875 0.7076089999999999 0.50383 0.7076089999999999 0.49965200000000004 0.715217 0.49965200000000004 0.717391 0.506267 0.722826 0.509053 0.722826 0.513579 0.703261 0.52507 0.682609 0.5288999999999999 0.677174 0.534123 0.6728259999999999 0.534123 0.6630429999999999 0.53273 0.646739 0.528552 0.573913 0.527855 0.569565 0.520195 0.569565 0.5194989999999999 0.571739 0.512535 0.688043 0.511838 0.6913039999999999
1 0.073468 0.520652 0.07311999999999999 0.525 0.071031 0.527174 0.070682 0.5293479999999999 0.076602 0.532609 0.089136 0.532609 0.099234 0.526087 0.098886 0.5239130000000001 0.096797 0.522826 0.09609999999999999 0.518478 0.09226999999999999 0.515217 0.091574 0.511957 0.088092 0.44565200000000005 0.082521 0.446739 0.08182500000000001 0.45108699999999996 0.077994 0.515217 0.07694999999999999 0.518478 0.073468 0.520652
1 0.264276 0.565217 0.263579 0.567391 0.263579 0.572826 0.262535 0.575 0.261142 0.575 0.260446 0.5771740000000001 0.263928 0.581522 0.270891 0.583696 0.278552 0.583696 0.291435 0.575 0.291435 0.570652 0.287256 0.570652 0.286212 0.56413 0.28273000000000004 0.561957 0.278203 0.479348 0.273677 0.479348 0.27298100000000003 0.483696 0.26915 0.5586960000000001 0.268106 0.563043 0.264276 0.565217
1 0.659471 0.508696 0.662953 0.511957 0.6786209999999999 0.511957 0.677577 0.508696 0.677228 0.503261 0.674443 0.501087 0.673747 0.496739 0.6709609999999999 0.43804299999999996 0.666783 0.43804299999999996 0.663997 0.497826 0.6633009999999999 0.5 0.6598189999999999 0.5 0.659471 0.508696
1 0.47562699999999997 0.47391300000000003 0.47597500000000004 0.46630399999999994 0.473886 0.465217 0.472841 0.459783 0.47075199999999995 0.411957 0.46657400000000004 0.411957 0.46344 0.46413000000000004 0.461003 0.465217 0.45960999999999996 0.47391300000000003 0.47562699999999997 0.47391300000000003
1 0.368036 0.431522 0.379875 0.431522 0.379875 0.426087 0.377089 0.42391300000000004 0.375696 0.38587 0.372214 0.38587 0.370474 0.420652 0.369429 0.425 0.368036 0.42717400000000005 0.368036 0.431522
1 0.325557 0.390217 0.324861 0.40108699999999997 0.324164 0.403261 0.322772 0.403261 0.322423 0.407609 0.33286899999999997 0.40869600000000006 0.332521 0.40217400000000003 0.330084 0.40108699999999997 0.32903899999999997 0.370652 0.326602 0.370652 0.325905 0.376087 0.325905 0.38260900000000003 0.32520899999999997 0.38587 0.325557 0.390217
1 0.285167 0.390217 0.285167 0.395652 0.294568 0.395652 0.294568 0.390217 0.292827 0.38913000000000003 0.291783 0.38043499999999997 0.291435 0.363043 0.288649 0.363043 0.287604 0.371739 0.286908 0.388043 0.286212 0.390217 0.285167 0.390217
1 0.254526 0.379348 0.25383 0.366304 0.25243699999999997 0.354348 0.250696 0.354348 0.24930400000000003 0.373913 0.247911 0.38260900000000003 0.255919 0.38260900000000003 0.254526 0.379348
3 0.738858 0.454348 0.752437 0.454348 0.752437 0.44782599999999995 0.750348 0.446739 0.749652 0.441304 0.748259 0.40108699999999997 0.743036 0.40217400000000003 0.741643 0.44239100000000003 0.740599 0.44782599999999995 0.738858 0.44782599999999995 0.738858 0.454348
3 0.542131 0.433696 0.545613 0.43587 0.5536209999999999 0.43587 0.553969 0.42934799999999995 0.551532 0.42391300000000004 0.5504870000000001 0.386957 0.546657 0.386957 0.544916 0.422826 0.5442199999999999 0.42717400000000005 0.542131 0.428261 0.542131 0.433696
3 0.506267 0.407609 0.506267 0.40108699999999997 0.504178 0.39891299999999996 0.503134 0.36739099999999997 0.500348 0.36739099999999997 0.49860699999999997 0.39891299999999996 0.49721399999999993 0.40108699999999997 0.49721399999999993 0.406522 0.506267 0.407609
3 0.42305000000000004 0.38587 0.42305000000000004 0.391304 0.43245100000000003 0.391304 0.43245100000000003 0.38587 0.43036199999999997 0.383696 0.429666 0.356522 0.42722800000000005 0.355435 0.426184 0.358696 0.425139 0.38152200000000003 0.424443 0.384783 0.42305000000000004 0.38587
3 0.354109 0.375 0.361072 0.375 0.361072 0.371739 0.360028 0.36739099999999997 0.358983 0.35 0.356894 0.35 0.35585 0.36739099999999997 0.355153 0.370652 0.354109 0.371739 0.354109 0.375
3 0.33077999999999996 0.36739099999999997 0.33077999999999996 0.363043 0.330084 0.361957 0.329387 0.34565199999999996 0.32903899999999997 0.343478 0.327298 0.343478 0.325905 0.36086999999999997 0.32520899999999997 0.361957 0.324513 0.36739099999999997 0.33077999999999996 0.36739099999999997
3 0.28481900000000004 0.359783 0.28481900000000004 0.356522 0.283426 0.353261 0.283078 0.33913000000000004 0.28098900000000004 0.338043 0.279944 0.354348 0.27890000000000004 0.356522 0.27890000000000004 0.359783 0.28481900000000004 0.359783
3 0.211351 0.354348 0.211351 0.35 0.209958 0.346739 0.208914 0.33260900000000004 0.207173 0.33260900000000004 0.20578 0.348913 0.205084 0.35 0.205084 0.354348 0.211351 0.354348
3 0.137187 0.356522 0.135097 0.334783 0.133008 0.334783 0.132312 0.347826 0.130919 0.352174 0.130919 0.356522 0.137187 0.356522
3 0.060585 0.355435 0.060585 0.348913 0.05954 0.33913000000000004 0.058148 0.33913000000000004 0.056755 0.354348 0.055362 0.359783 0.06163 0.359783 0.060585 0.355435
1 0.14902500000000002 0.361957 0.14902500000000002 0.36413 0.154944 0.363043 0.15389999999999998 0.356522 0.153203 0.341304 0.152159 0.341304 0.151462 0.343478 0.150766 0.357609 0.14902500000000002 0.361957
1 0.22493 0.370652 0.22493 0.36739099999999997 0.22353800000000001 0.36086999999999997 0.22284099999999998 0.347826 0.220752 0.347826 0.219359 0.365217 0.21796700000000002 0.36847799999999997 0.21796700000000002 0.370652 0.22493 0.370652