3 0.079735 0.5423910000000001 0.079735 0.545652 0.078343 0.5478259999999999 0.078343 0.55 0.081476 0.553261 0.106894 0.552174 0.106894 0.5478259999999999 0.10585 0.544565 0.105501 0.536957 0.102716 0.53587 0.102019 0.532609 0.096448 0.456522 0.090877 0.456522 0.085306 0.534783 0.083914 0.53913 0.080432 0.540217 0.079735 0.5423910000000001
3 0.296309 0.6380429999999999 0.29596100000000003 0.6445649999999999 0.291435 0.647826 0.291435 0.65 0.306058 0.6586960000000001 0.31545999999999996 0.659783 0.318245 0.656522 0.322772 0.655435 0.32520899999999997 0.652174 0.331825 0.647826 0.331825 0.642391 0.328343 0.642391 0.326602 0.6380429999999999 0.325557 0.631522 0.321727 0.629348 0.314415 0.5239130000000001 0.308844 0.5239130000000001 0.30188000000000004 0.6304350000000001 0.301184 0.633696 0.297354 0.634783 0.296309 0.6380429999999999
3 0.296309 0.47391300000000003 0.294916 0.47391300000000003 0.294916 0.47717400000000004 0.312674 0.47717400000000004 0.31337000000000004 0.476087 0.313022 0.468478 0.310585 0.467391 0.30988899999999997 0.46413000000000004 0.306407 0.41304299999999994 0.30362100000000003 0.41304299999999994 0.29979100000000003 0.465217 0.298747 0.468478 0.297354 0.468478 0.296309 0.47391300000000003
3 0.5348189999999999 0.532609 0.53273 0.53587 0.53273 0.540217 0.5504870000000001 0.541304 0.557103 0.536957 0.556755 0.5336960000000001 0.555014 0.5336960000000001 0.5536209999999999 0.527174 0.551184 0.526087 0.547006 0.456522 0.543175 0.456522 0.538997 0.522826 0.5383009999999999 0.526087 0.535515 0.527174 0.5348189999999999 0.532609
3 0.41364900000000004 0.43587 0.42479100000000003 0.43587 0.42479100000000003 0.430435 0.423398 0.42934799999999995 0.422702 0.426087 0.420613 0.38913000000000003 0.418175 0.38913000000000003 0.415738 0.426087 0.415042 0.42934799999999995 0.41364900000000004 0.430435 0.41364900000000004 0.43587
3 0.48955399999999993 0.41086999999999996 0.48955399999999993 0.406522 0.488162 0.40217400000000003 0.48676899999999995 0.376087 0.48502799999999996 0.376087 0.48328699999999997 0.40543500000000005 0.48189399999999993 0.407609 0.48189399999999993 0.41086999999999996 0.48955399999999993 0.41086999999999996
3 0.527855 0.396739 0.527855 0.393478 0.5271589999999999 0.393478 0.526462 0.38913000000000003 0.5254179999999999 0.36739099999999997 0.524025 0.36739099999999997 0.5229809999999999 0.38913000000000003 0.521588 0.393478 0.521588 0.396739 0.527855 0.396739
3 0.559889 0.379348 0.559192 0.359783 0.5577989999999999 0.359783 0.557103 0.376087 0.5560579999999999 0.383696 0.560933 0.383696 0.559889 0.379348
3 0.615599 0.372826 0.614903 0.356522 0.614206 0.356522 0.613162 0.376087 0.611769 0.379348 0.616992 0.38043499999999997 0.615599 0.372826
3 0.6827989999999999 0.38260900000000003 0.682103 0.38152200000000003 0.6810579999999999 0.36086999999999997 0.6803619999999999 0.36086999999999997 0.6793180000000001 0.378261 0.678273 0.384783 0.6827989999999999 0.384783 0.6827989999999999 0.38260900000000003
3 0.72493 0.397826 0.7228410000000001 0.36956500000000003 0.721448 0.370652 0.720404 0.386957 0.718663 0.397826 0.72493 0.397826
3 0.750348 0.417391 0.758705 0.417391 0.758705 0.415217 0.756964 0.41304299999999994 0.755571 0.383696 0.75383 0.383696 0.752437 0.40869600000000006 0.751741 0.41304299999999994 0.750348 0.41413 0.750348 0.417391
3 0.784471 0.44565200000000005 0.794916 0.44565200000000005 0.793524 0.43804299999999996 0.791086 0.40217400000000003 0.788997 0.40217400000000003 0.786908 0.43587 0.785864 0.44021699999999997 0.784471 0.441304 0.784471 0.44565200000000005
3 0.73085 0.48804299999999995 0.745822 0.48804299999999995 0.745822 0.48043500000000006 0.744429 0.479348 0.743384 0.47391300000000003 0.740947 0.42717400000000005 0.738162 0.42717400000000005 0.734331 0.476087 0.733287 0.479348 0.731198 0.481522 0.73085 0.48804299999999995
1 0.16817500000000002 0.444565 0.181755 0.444565 0.181407 0.43804299999999996 0.179318 0.43587 0.178621 0.431522 0.176184 0.390217 0.17304999999999998 0.390217 0.171309 0.43587 0.169916 0.43913 0.168524 0.43804299999999996 0.16817500000000002 0.444565
1 0.302925 0.417391 0.302925 0.41304299999999994 0.30188000000000004 0.40869600000000006 0.300139 0.377174 0.297702 0.377174 0.29596100000000003 0.411957 0.294916 0.41304299999999994 0.294916 0.417391 0.302925 0.417391
1 0.374304 0.396739 0.374304 0.4 0.383008 0.4 0.38126699999999997 0.395652 0.379178 0.36739099999999997 0.377786 0.36739099999999997 0.37639300000000003 0.38043499999999997 0.37639300000000003 0.391304 0.375348 0.396739 0.374304 0.396739
1 0.435933 0.38913000000000003 0.435933 0.386957 0.43454 0.38260900000000003 0.433844 0.359783 0.431755 0.359783 0.43071000000000004 0.383696 0.42931800000000003 0.38587 0.42931800000000003 0.388043 0.435933 0.38913000000000003
1 0.482939 0.375 0.48189399999999993 0.373913 0.48085000000000006 0.354348 0.479805 0.354348 0.47876 0.372826 0.47736799999999996 0.376087 0.482939 0.377174 0.482939 0.375
1 0.521936 0.370652 0.520891 0.36956500000000003 0.5194989999999999 0.35108700000000004 0.518454 0.35108700000000004 0.5177579999999999 0.365217 0.516365 0.372826 0.521936 0.372826 0.521936 0.370652
1 0.572423 0.366304 0.5713790000000001 0.35108700000000004 0.569986 0.35108700000000004 0.5689420000000001 0.366304 0.567897 0.36956500000000003 0.573468 0.370652 0.572423 0.366304
1 0.631964 0.371739 0.636838 0.371739 0.6354460000000001 0.36413 0.635097 0.353261 0.633705 0.353261 0.633705 0.359783 0.633008 0.36086999999999997 0.63266 0.36956500000000003 0.631964 0.371739
1 0.683496 0.375 0.68837 0.375 0.6869780000000001 0.36739099999999997 0.68663 0.357609 0.685585 0.354348 0.685585 0.356522 0.684889 0.357609 0.684192 0.372826 0.683496 0.375
1 0.749304 0.383696 0.747563 0.375 0.746866 0.361957 0.745822 0.36086999999999997 0.744777 0.36739099999999997 0.744429 0.379348 0.743384 0.383696 0.749304 0.383696
1 0.793872 0.38913000000000003 0.7928270000000001 0.38587 0.791783 0.36956500000000003 0.789694 0.36956500000000003 0.788997 0.384783 0.787604 0.392391 0.793872 0.392391 0.793872 0.38913000000000003
1 0.8440110000000001 0.406522 0.8440110000000001 0.403261 0.8426180000000001 0.40108699999999997 0.8415739999999999 0.379348 0.8398329999999999 0.378261 0.838092 0.40108699999999997 0.836699 0.406522 0.8433149999999999 0.407609 0.8440110000000001 0.406522
1 0.875348 0.42934799999999995 0.884749 0.42934799999999995 0.884749 0.426087 0.883008 0.425 0.882312 0.421739 0.8809189999999999 0.394565 0.87883 0.394565 0.8774369999999999 0.406522 0.876393 0.425 0.875348 0.426087 0.875348 0.42934799999999995
1 0.933844 0.46087 0.9362809999999999 0.46413000000000004 0.9467269999999999 0.46413000000000004 0.9467269999999999 0.45869600000000005 0.9449859999999999 0.457609 0.94429 0.454348 0.9422010000000001 0.41630399999999995 0.939415 0.41630399999999995 0.937326 0.45108699999999996 0.9362809999999999 0.45543500000000003 0.934192 0.456522 0.933844 0.46087
1 0.941156 0.578261 0.940808 0.581522 0.9387190000000001 0.583696 0.939415 0.5869570000000001 0.94429 0.5956520000000001 0.950905 0.5956520000000001 0.950905 0.517391 0.949861 0.521739 0.946031 0.575 0.9422010000000001 0.576087 0.941156 0.578261