1 0.862465 0.36413 0.8621169999999999 0.352174 0.8603759999999999 0.35108700000000004 0.85968 0.363043 0.8586349999999999 0.370652 0.86351 0.370652 0.862465 0.36413
1 0.8238160000000001 0.373913 0.82312 0.359783 0.8220750000000001 0.359783 0.821379 0.373913 0.81929 0.38260900000000003 0.8252090000000001 0.38260900000000003 0.8238160000000001 0.373913
1 0.821031 0.373913 0.821379 0.366304 0.8203340000000001 0.353261 0.8189420000000001 0.354348 0.8185930000000001 0.366304 0.8172010000000001 0.375 0.821031 0.373913
3 0.773329 0.355435 0.773329 0.346739 0.7729809999999999 0.344565 0.771936 0.344565 0.770891 0.359783 0.7698470000000001 0.363043 0.774721 0.363043 0.773329 0.355435
3 0.816156 0.359783 0.8151109999999999 0.343478 0.814415 0.343478 0.8137190000000001 0.346739 0.812674 0.359783 0.816156 0.359783
3 0.8255570000000001 0.357609 0.8245129999999999 0.343478 0.8234680000000001 0.342391 0.822772 0.34565199999999996 0.822772 0.353261 0.8220750000000001 0.357609 0.8255570000000001 0.357609
3 0.7092620000000001 0.372826 0.708217 0.36847799999999997 0.708217 0.36086999999999997 0.7075210000000001 0.356522 0.7075210000000001 0.35108700000000004 0.706825 0.348913 0.705432 0.352174 0.705084 0.36413 0.703343 0.372826 0.7092620000000001 0.372826
3 0.7211000000000001 0.384783 0.727368 0.384783 0.726671 0.38260900000000003 0.725627 0.36086999999999997 0.72493 0.358696 0.724234 0.358696 0.723538 0.361957 0.7224929999999999 0.38260900000000003 0.7211000000000001 0.384783
3 0.719708 0.365217 0.723189 0.365217 0.723538 0.358696 0.7228410000000001 0.344565 0.721797 0.344565 0.7211000000000001 0.347826 0.720752 0.357609 0.719708 0.365217
3 0.792131 0.40543500000000005 0.792131 0.407609 0.8004870000000001 0.407609 0.799443 0.40543500000000005 0.799443 0.4 0.7983979999999999 0.394565 0.797702 0.375 0.795613 0.373913 0.794916 0.384783 0.7942199999999999 0.388043 0.793872 0.404348 0.792131 0.40543500000000005
1 0.8739549999999999 0.40108699999999997 0.871518 0.388043 0.871518 0.372826 0.8708220000000001 0.36956500000000003 0.869777 0.36956500000000003 0.868384 0.375 0.867688 0.38913000000000003 0.865947 0.40108699999999997 0.8739549999999999 0.40108699999999997
1 0.89624 0.36413 0.895195 0.36086999999999997 0.894499 0.35 0.893802 0.35 0.8931060000000001 0.36086999999999997 0.891713 0.366304 0.895891 0.36739099999999997 0.89624 0.36413
3 0.8889279999999999 0.42717400000000005 0.8878830000000001 0.43260899999999997 0.88649 0.43260899999999997 0.88649 0.43587 0.887187 0.43804299999999996 0.897632 0.43804299999999996 0.897981 0.43587 0.89624 0.431522 0.89624 0.428261 0.8948470000000001 0.420652 0.89415 0.396739 0.8931060000000001 0.393478 0.8913650000000001 0.393478 0.89032 0.4 0.89032 0.406522 0.8892760000000001 0.41086999999999996 0.8889279999999999 0.42717400000000005
3 0.862465 0.48913 0.861769 0.492391 0.860028 0.492391 0.8589829999999999 0.49565200000000004 0.8589829999999999 0.497826 0.85968 0.5 0.8673400000000001 0.504348 0.876741 0.503261 0.8774369999999999 0.502174 0.8774369999999999 0.5 0.8743040000000001 0.49347799999999997 0.8739549999999999 0.48260899999999995 0.8722139999999999 0.47391300000000003 0.8708220000000001 0.43913 0.869777 0.43587 0.866643 0.43587 0.8655989999999999 0.44239100000000003 0.864903 0.459783 0.864206 0.463043 0.862465 0.48913
3 0.649373 0.532609 0.647632 0.5380429999999999 0.645195 0.5380429999999999 0.6444989999999999 0.540217 0.6444989999999999 0.545652 0.646936 0.55 0.651114 0.552174 0.663649 0.552174 0.6657379999999999 0.548913 0.666086 0.543478 0.66539 0.540217 0.662256 0.536957 0.6615599999999999 0.517391 0.660864 0.51413 0.660515 0.501087 0.6598189999999999 0.49891300000000005 0.65773 0.46195700000000006 0.656685 0.459783 0.6538999999999999 0.459783 0.653203 0.46087 0.6521589999999999 0.481522 0.650766 0.48913 0.649373 0.532609
3 0.23468 0.6304350000000001 0.233983 0.634783 0.232242 0.668478 0.23119800000000001 0.675 0.229109 0.717391 0.228412 0.719565 0.22736800000000001 0.742391 0.226323 0.751087 0.226323 0.759783 0.21831499999999998 0.770652 0.217618 0.7739130000000001 0.217618 0.786957 0.220404 0.795652 0.22876 0.8010870000000001 0.24686599999999997 0.8010870000000001 0.248259 0.798913 0.25383 0.796739 0.257312 0.791304 0.258357 0.791304 0.26149 0.78587 0.262883 0.781522 0.262883 0.76413 0.262187 0.7608699999999999 0.259749 0.756522 0.254526 0.754348 0.253134 0.719565 0.252089 0.71413 0.252089 0.704348 0.251045 0.696739 0.250696 0.684783 0.24860699999999997 0.671739 0.24860699999999997 0.66087 0.24512499999999998 0.606522 0.236769 0.6054350000000001 0.235724 0.608696 0.23537599999999997 0.6195649999999999 0.23468 0.623913 0.23468 0.6304350000000001