3 0.178273 0.617391 0.17687999999999998 0.623913 0.174443 0.625 0.174443 0.627174 0.179318 0.631522 0.186281 0.634783 0.194638 0.634783 0.201253 0.631522 0.20578 0.627174 0.20856499999999997 0.627174 0.209958 0.623913 0.211003 0.623913 0.211003 0.620652 0.20682499999999998 0.618478 0.205432 0.609783 0.203343 0.609783 0.201602 0.607609 0.194638 0.51413 0.189415 0.51413 0.183496 0.609783 0.182799 0.613043 0.181407 0.613043 0.178273 0.617391
3 0.22353800000000001 0.5195649999999999 0.23885800000000001 0.520652 0.24199199999999998 0.517391 0.24373300000000003 0.517391 0.24373300000000003 0.515217 0.24234 0.5130429999999999 0.24234 0.509783 0.23920599999999997 0.507609 0.23468 0.443478 0.23119800000000001 0.443478 0.22736800000000001 0.5054350000000001 0.226323 0.509783 0.22388599999999997 0.511957 0.22353800000000001 0.5195649999999999
3 0.281685 0.443478 0.281685 0.43695700000000004 0.279944 0.43695700000000004 0.279248 0.433696 0.27715900000000004 0.395652 0.274721 0.395652 0.272284 0.43695700000000004 0.270543 0.43804299999999996 0.270195 0.443478 0.281685 0.443478
3 0.370125 0.418478 0.370125 0.415217 0.36873300000000003 0.41413 0.368036 0.41086999999999996 0.366295 0.38152200000000003 0.364206 0.38152200000000003 0.362465 0.41304299999999994 0.361072 0.415217 0.361072 0.418478 0.370125 0.418478
3 0.44812 0.407609 0.45578 0.407609 0.45578 0.404348 0.454039 0.40217400000000003 0.452646 0.373913 0.450905 0.373913 0.449861 0.39891299999999996 0.449164 0.403261 0.44812 0.403261 0.44812 0.407609
3 0.531685 0.40108699999999997 0.530292 0.392391 0.529596 0.371739 0.527855 0.370652 0.526462 0.396739 0.52507 0.397826 0.524721 0.4 0.531685 0.40108699999999997
3 0.613162 0.40108699999999997 0.613162 0.39891299999999996 0.612117 0.397826 0.611421 0.394565 0.610376 0.372826 0.608635 0.372826 0.6072420000000001 0.396739 0.606198 0.397826 0.606198 0.40108699999999997 0.613162 0.40108699999999997
3 0.700905 0.40217400000000003 0.707869 0.40217400000000003 0.706476 0.394565 0.705432 0.372826 0.7040390000000001 0.372826 0.703343 0.377174 0.702298 0.396739 0.700905 0.39891299999999996 0.700905 0.40217400000000003
3 0.8760450000000001 0.415217 0.873607 0.40108699999999997 0.8725630000000001 0.38043499999999997 0.87117 0.38043499999999997 0.869429 0.406522 0.871518 0.406522 0.872911 0.415217 0.8760450000000001 0.415217
1 0.7092620000000001 0.647826 0.708914 0.661957 0.711003 0.669565 0.712396 0.670652 0.740947 0.671739 0.740947 0.666304 0.7395539999999999 0.659783 0.7395539999999999 0.653261 0.736769 0.647826 0.73468 0.646739 0.733635 0.641304 0.728412 0.5423910000000001 0.727716 0.53913 0.7228410000000001 0.53913 0.720752 0.559783 0.714485 0.643478 0.711003 0.6445649999999999 0.7092620000000001 0.647826
1 0.541435 0.5293479999999999 0.540042 0.531522 0.540042 0.5336960000000001 0.545265 0.5380429999999999 0.5619780000000001 0.536957 0.559889 0.531522 0.5595399999999999 0.527174 0.5560579999999999 0.5239130000000001 0.5518799999999999 0.45543500000000003 0.548747 0.45543500000000003 0.544916 0.520652 0.543872 0.525 0.541435 0.526087 0.541435 0.5293479999999999
1 0.483983 0.481522 0.487465 0.484783 0.49930399999999997 0.484783 0.5 0.483696 0.5 0.481522 0.498259 0.476087 0.496866 0.476087 0.495822 0.471739 0.49303600000000003 0.425 0.49025100000000005 0.425 0.487465 0.47282599999999997 0.48676899999999995 0.475 0.48468 0.475 0.483983 0.481522
1 0.479805 0.443478 0.488858 0.444565 0.488858 0.428261 0.487117 0.41304299999999994 0.486421 0.39891299999999996 0.48433099999999996 0.39891299999999996 0.48259100000000005 0.422826 0.482242 0.43695700000000004 0.480501 0.43804299999999996 0.479805 0.443478
1 0.569986 0.42717400000000005 0.578691 0.42717400000000005 0.578691 0.42391300000000004 0.577646 0.422826 0.57695 0.418478 0.575209 0.38913000000000003 0.573468 0.38913000000000003 0.572075 0.417391 0.5713790000000001 0.421739 0.569986 0.422826 0.569986 0.42717400000000005
1 0.6803619999999999 0.426087 0.6793180000000001 0.421739 0.677577 0.420652 0.676184 0.388043 0.674095 0.388043 0.672006 0.41956499999999997 0.670613 0.421739 0.670613 0.425 0.6803619999999999 0.426087
1 0.775766 0.433696 0.777855 0.43587 0.786212 0.43478300000000003 0.785515 0.430435 0.784123 0.42934799999999995 0.781685 0.395652 0.779944 0.394565 0.779248 0.397826 0.777855 0.42934799999999995 0.776114 0.430435 0.775766 0.433696
1 0.864206 0.453261 0.864206 0.456522 0.8655989999999999 0.45869600000000005 0.8760450000000001 0.45869600000000005 0.8760450000000001 0.454348 0.8743040000000001 0.452174 0.873607 0.448913 0.871518 0.409783 0.8690810000000001 0.409783 0.866992 0.42934799999999995 0.866643 0.446739 0.8655989999999999 0.452174 0.864206 0.453261
0 0.23746499999999998 0.352174 0.236769 0.348913 0.236072 0.336957 0.23502800000000001 0.336957 0.23468 0.346739 0.23363499999999998 0.35 0.23363499999999998 0.352174 0.23746499999999998 0.352174
0 0.45020899999999997 0.365217 0.448816 0.358696 0.448468 0.346739 0.447423 0.346739 0.446727 0.356522 0.447075 0.358696 0.44568199999999997 0.365217 0.45020899999999997 0.365217
0 0.395891 0.358696 0.395891 0.35108700000000004 0.395195 0.35 0.395195 0.34565199999999996 0.39415 0.34565199999999996 0.393802 0.356522 0.392409 0.36739099999999997 0.396936 0.36739099999999997 0.395891 0.358696
0 0.287953 0.342391 0.286212 0.359783 0.290042 0.359783 0.288997 0.34565199999999996 0.287953 0.342391