3 0.462744 0.453261 0.461699 0.454348 0.461699 0.46087 0.461003 0.46195700000000006 0.460306 0.484783 0.45960999999999996 0.48586999999999997 0.459262 0.5 0.45578 0.503261 0.45543199999999995 0.507609 0.453343 0.509783 0.452994 0.511957 0.45717299999999994 0.51413 0.457521 0.516304 0.459958 0.516304 0.460306 0.518478 0.47910899999999995 0.517391 0.47910899999999995 0.515217 0.47841199999999995 0.515217 0.478064 0.5130429999999999 0.47667099999999996 0.5130429999999999 0.47597500000000004 0.5108699999999999 0.47562699999999997 0.503261 0.47249299999999994 0.501087 0.47249299999999994 0.49130399999999996 0.471797 0.490217 0.4711 0.45869600000000005 0.47075199999999995 0.454348 0.46970799999999996 0.452174 0.46901099999999996 0.428261 0.464485 0.428261 0.463788 0.430435 0.463788 0.443478 0.462744 0.44782599999999995 0.462744 0.453261
3 0.787604 0.406522 0.7942199999999999 0.406522 0.7942199999999999 0.404348 0.793175 0.403261 0.7924789999999999 0.388043 0.791435 0.38260900000000003 0.791435 0.379348 0.79039 0.379348 0.790042 0.384783 0.789345 0.386957 0.789345 0.397826 0.787604 0.406522
1 0.918524 0.42717400000000005 0.919916 0.42934799999999995 0.9265319999999999 0.42934799999999995 0.92688 0.42717400000000005 0.925836 0.426087 0.925836 0.421739 0.9247909999999999 0.415217 0.9244429999999999 0.4 0.923747 0.397826 0.922006 0.397826 0.9216570000000001 0.406522 0.920613 0.40869600000000006 0.920265 0.422826 0.918524 0.42717400000000005
1 0.9397629999999999 0.44239100000000003 0.937674 0.44565200000000005 0.9401109999999999 0.448913 0.947423 0.45 0.947772 0.44782599999999995 0.9467269999999999 0.44565200000000005 0.9467269999999999 0.43913 0.9449859999999999 0.433696 0.94429 0.411957 0.9422010000000001 0.41086999999999996 0.9415039999999999 0.41413 0.941156 0.421739 0.9397629999999999 0.426087 0.9397629999999999 0.44239100000000003
3 0.222493 0.58587 0.222493 0.603261 0.221448 0.6054350000000001 0.2211 0.623913 0.220404 0.627174 0.22005599999999997 0.641304 0.219359 0.643478 0.21901099999999998 0.6543479999999999 0.21831499999999998 0.6586960000000001 0.21727 0.677174 0.217618 0.682609 0.216922 0.68587 0.21518099999999998 0.68587 0.209958 0.692391 0.209262 0.701087 0.204387 0.703261 0.203343 0.706522 0.20578 0.7119570000000001 0.207869 0.71413 0.21344 0.727174 0.21413600000000002 0.727174 0.214833 0.7304350000000001 0.21970800000000001 0.7304350000000001 0.2211 0.728261 0.237813 0.723913 0.24582199999999998 0.718478 0.254178 0.717391 0.255571 0.7119570000000001 0.25626699999999997 0.7119570000000001 0.25626699999999997 0.708696 0.254526 0.7076089999999999 0.250696 0.7 0.250696 0.692391 0.24930400000000003 0.68587 0.24268800000000001 0.6836960000000001 0.241643 0.6586960000000001 0.241643 0.6445649999999999 0.24303599999999997 0.642391 0.24303599999999997 0.63913 0.24234 0.6380429999999999 0.24199199999999998 0.6304350000000001 0.240251 0.628261 0.23990300000000003 0.6141300000000001 0.23920599999999997 0.607609 0.239554 0.596739 0.237813 0.596739 0.236769 0.593478 0.235724 0.58587 0.235724 0.576087 0.23433099999999998 0.5586960000000001 0.23468 0.544565 0.22667099999999998 0.543478 0.22562700000000002 0.5478259999999999 0.224582 0.571739 0.22353800000000001 0.581522 0.222493 0.58587
3 0.64032 0.44239100000000003 0.639276 0.44565200000000005 0.638928 0.452174 0.636838 0.456522 0.63649 0.459783 0.637883 0.46195700000000006 0.649721 0.46195700000000006 0.649721 0.457609 0.648329 0.456522 0.648329 0.452174 0.647632 0.45108699999999996 0.647284 0.43913 0.646588 0.43804299999999996 0.6462399999999999 0.41304299999999994 0.645543 0.411957 0.645543 0.40543500000000005 0.643454 0.404348 0.642409 0.406522 0.641365 0.431522 0.64032 0.43695700000000004 0.64032 0.44239100000000003
3 0.754178 0.43260899999999997 0.753482 0.433696 0.753482 0.43695700000000004 0.751393 0.441304 0.752089 0.443478 0.754178 0.444565 0.760794 0.444565 0.761838 0.443478 0.762535 0.44021699999999997 0.760794 0.43804299999999996 0.758705 0.39891299999999996 0.756964 0.397826 0.756267 0.4 0.756267 0.407609 0.754526 0.41413 0.754178 0.43260899999999997
3 0.779944 0.415217 0.778552 0.418478 0.778552 0.420652 0.779944 0.422826 0.786908 0.422826 0.787256 0.420652 0.785515 0.417391 0.785515 0.41304299999999994 0.784471 0.407609 0.784123 0.38913000000000003 0.783774 0.386957 0.782382 0.386957 0.781685 0.38913000000000003 0.781337 0.4 0.780292 0.40543500000000005 0.779944 0.415217
3 0.838092 0.38913000000000003 0.836699 0.38043499999999997 0.836351 0.370652 0.8353059999999999 0.36739099999999997 0.8342620000000001 0.373913 0.8342620000000001 0.38152200000000003 0.832869 0.388043 0.838092 0.38913000000000003
3 0.88649 0.390217 0.885446 0.392391 0.8913650000000001 0.392391 0.8906689999999999 0.390217 0.8906689999999999 0.384783 0.889972 0.38260900000000003 0.889972 0.377174 0.8892760000000001 0.375 0.888231 0.376087 0.888231 0.38152200000000003 0.886838 0.38260900000000003 0.88649 0.390217
1 0.8461000000000001 0.521739 0.8436629999999999 0.540217 0.8433149999999999 0.551087 0.8426180000000001 0.552174 0.8426180000000001 0.557609 0.8415739999999999 0.56087 0.8408770000000001 0.571739 0.837744 0.572826 0.834958 0.579348 0.8370469999999999 0.5869570000000001 0.83844 0.58913 0.8440110000000001 0.5913039999999999 0.852019 0.5913039999999999 0.85376 0.593478 0.856198 0.593478 0.856546 0.5956520000000001 0.8607239999999999 0.5956520000000001 0.8593310000000001 0.580435 0.857591 0.579348 0.855501 0.575 0.855501 0.5663039999999999 0.854805 0.565217 0.854805 0.556522 0.85376 0.553261 0.852716 0.501087 0.851323 0.49891300000000005 0.848189 0.49891300000000005 0.847493 0.502174 0.847493 0.507609 0.8467969999999999 0.5108699999999999 0.8461000000000001 0.521739
1 0.910515 0.478261 0.9101670000000001 0.48695700000000003 0.9091229999999999 0.49130399999999996 0.9084260000000001 0.503261 0.907033 0.508696 0.905292 0.508696 0.9049440000000001 0.511957 0.902855 0.516304 0.910515 0.517391 0.9108639999999999 0.5195649999999999 0.912256 0.520652 0.922006 0.520652 0.9213089999999999 0.51413 0.918872 0.511957 0.918175 0.507609 0.916086 0.456522 0.9129530000000001 0.456522 0.912256 0.46413000000000004 0.912256 0.47391300000000003 0.9112120000000001 0.475 0.910515 0.478261
1 0.945682 0.475 0.9449859999999999 0.481522 0.950905 0.481522 0.950905 0.45 0.949861 0.45108699999999996 0.9488160000000001 0.457609 0.947772 0.47391300000000003 0.945682 0.475
3 0.9488160000000001 0.40108699999999997 0.94812 0.38260900000000003 0.947423 0.38043499999999997 0.946031 0.38260900000000003 0.9453340000000001 0.393478 0.9439420000000001 0.4 0.9488160000000001 0.40108699999999997
1 0.9042479999999999 0.41304299999999994 0.903552 0.41086999999999996 0.9021589999999999 0.395652 0.9021589999999999 0.390217 0.900766 0.38913000000000003 0.8997210000000001 0.393478 0.899373 0.406522 0.897632 0.41304299999999994 0.9042479999999999 0.41304299999999994
3 0.7865599999999999 0.392391 0.785515 0.394565 0.785515 0.396739 0.788997 0.396739 0.788997 0.386957 0.789694 0.384783 0.788997 0.371739 0.787604 0.372826 0.787256 0.38587 0.7865599999999999 0.386957 0.7865599999999999 0.392391
3 0.7942199999999999 0.386957 0.793872 0.379348 0.793175 0.378261 0.7928270000000001 0.366304 0.791435 0.366304 0.79039 0.378261 0.791783 0.379348 0.7924789999999999 0.386957 0.7942199999999999 0.386957
1 0.8997210000000001 0.383696 0.8997210000000001 0.392120225 0.900766 0.388043 0.901811 0.388043 0.901114 0.38152200000000003 0.8997210000000001 0.383696
1 0.896936 0.403261 0.899025 0.403261 0.8993617953124999 0.3937929953125 0.896936 0.403261