3 0.20473499999999997 0.344565 0.203343 0.348913 0.20195 0.379348 0.200209 0.388043 0.199164 0.388043 0.197423 0.394565 0.195682 0.396739 0.196031 0.39891299999999996 0.196379 0.397826 0.197423 0.4 0.21413600000000002 0.4 0.216922 0.397826 0.215877 0.391304 0.21344 0.388043 0.212047 0.38043499999999997 0.21065499999999998 0.336957 0.209262 0.325 0.206128 0.326087 0.205084 0.334783 0.205432 0.33587 0.20473499999999997 0.344565
3 0.304666 0.357609 0.303969 0.359783 0.302925 0.359783 0.30188000000000004 0.36413 0.302228 0.366304 0.305014 0.36847799999999997 0.31545999999999996 0.36847799999999997 0.316852 0.366304 0.31545999999999996 0.36086999999999997 0.314415 0.36086999999999997 0.31337000000000004 0.356522 0.311978 0.328261 0.311978 0.31521699999999997 0.31128100000000003 0.30869599999999997 0.30954000000000004 0.307609 0.306755 0.323913 0.305362 0.336957 0.305362 0.352174 0.304666 0.357609
3 0.30188000000000004 0.307609 0.30188000000000004 0.30978300000000003 0.308496 0.30978300000000003 0.30954000000000004 0.306522 0.308496 0.28913 0.308496 0.275 0.307799 0.272826 0.306058 0.272826 0.304318 0.288043 0.303969 0.301087 0.30188000000000004 0.307609
3 0.28273000000000004 0.290217 0.28098900000000004 0.294565 0.28098900000000004 0.296739 0.288649 0.29565199999999997 0.287604 0.291304 0.286908 0.268478 0.285864 0.261957 0.28481900000000004 0.261957 0.284123 0.26413000000000003 0.283078 0.27391299999999996 0.28273000000000004 0.290217
3 0.248259 0.27391299999999996 0.248259 0.277174 0.247214 0.278261 0.24651800000000001 0.281522 0.254526 0.281522 0.253134 0.277174 0.252089 0.251087 0.251045 0.251087 0.24930400000000003 0.259783 0.24895499999999998 0.271739 0.248259 0.27391299999999996
3 0.215529 0.269565 0.215529 0.271739 0.222493 0.271739 0.220752 0.253261 0.220752 0.24239099999999997 0.218663 0.24130400000000002 0.21796700000000002 0.243478 0.21727 0.253261 0.21727 0.26413000000000003 0.215529 0.269565
3 0.183844 0.26087 0.182451 0.252174 0.181755 0.233696 0.180014 0.232609 0.178621 0.243478 0.178621 0.25543499999999997 0.17687999999999998 0.26087 0.183844 0.26087
3 0.14415 0.24782600000000002 0.143454 0.252174 0.150418 0.252174 0.149373 0.24782600000000002 0.149373 0.24021699999999999 0.148329 0.226087 0.146936 0.226087 0.145543 0.232609 0.14519500000000002 0.24565199999999998 0.14415 0.24782600000000002
3 0.10759099999999999 0.24239099999999997 0.10793900000000001 0.24130400000000002 0.106894 0.233696 0.106546 0.221739 0.105501 0.21739099999999997 0.104457 0.21739099999999997 0.10341199999999999 0.220652 0.103064 0.238043 0.102019 0.24130400000000002 0.10759099999999999 0.24239099999999997
3 0.054318 0.20760900000000002 0.053273 0.191304 0.052577 0.191304 0.051532 0.19456500000000002 0.050836000000000006 0.20760900000000002 0.054318 0.20760900000000002
1 0.558148 0.406522 0.556407 0.407609 0.555014 0.41413 0.557451 0.417391 0.56337 0.417391 0.566504 0.41956499999999997 0.568593 0.415217 0.5689420000000001 0.41086999999999996 0.568245 0.41086999999999996 0.5672010000000001 0.407609 0.565808 0.386957 0.5654600000000001 0.359783 0.564763 0.356522 0.5619780000000001 0.356522 0.560237 0.376087 0.560237 0.383696 0.5577989999999999 0.404348 0.558148 0.406522
1 0.487465 0.546739 0.487465 0.552174 0.48607199999999995 0.559783 0.48607199999999995 0.56413 0.483983 0.583696 0.48085000000000006 0.596739 0.48015299999999994 0.613043 0.48328699999999997 0.615217 0.48468 0.618478 0.49025100000000005 0.618478 0.49930399999999997 0.6141300000000001 0.50383 0.617391 0.506964 0.617391 0.508705 0.613043 0.509053 0.6010869999999999 0.506964 0.594565 0.503482 0.593478 0.502437 0.5869570000000001 0.49930399999999997 0.536957 0.49895500000000004 0.508696 0.49791100000000005 0.494565 0.49791100000000005 0.48260899999999995 0.497563 0.48043500000000006 0.49234 0.48043500000000006 0.491643 0.48260899999999995 0.489206 0.51413 0.489206 0.526087 0.487465 0.546739
1 0.506616 0.448913 0.505223 0.456522 0.504178 0.475 0.503134 0.479348 0.500348 0.48260899999999995 0.49895500000000004 0.48804299999999995 0.498259 0.48804299999999995 0.49860699999999997 0.49565200000000004 0.5 0.49565200000000004 0.502437 0.49891300000000005 0.5194989999999999 0.5 0.521936 0.490217 0.5198470000000001 0.48586999999999997 0.5177579999999999 0.484783 0.516713 0.479348 0.51532 0.45869600000000005 0.515669 0.45108699999999996 0.514972 0.444565 0.514972 0.41956499999999997 0.514276 0.409783 0.513231 0.40543500000000005 0.509749 0.40543500000000005 0.508705 0.41086999999999996 0.507312 0.430435 0.507312 0.44021699999999997 0.506616 0.448913
1 0.54805 0.370652 0.546309 0.371739 0.545613 0.376087 0.547006 0.379348 0.549095 0.38043499999999997 0.557451 0.379348 0.557103 0.373913 0.5560579999999999 0.372826 0.555014 0.36739099999999997 0.553969 0.33260900000000004 0.551532 0.330435 0.5504870000000001 0.33587 0.5501389999999999 0.35 0.548747 0.36739099999999997 0.54805 0.370652
1 0.446727 0.31630400000000003 0.446727 0.318478 0.44812 0.321739 0.454039 0.320652 0.454387 0.317391 0.453343 0.31413 0.452646 0.307609 0.452646 0.294565 0.45194999999999996 0.286957 0.45020899999999997 0.28586999999999996 0.44951299999999994 0.286957 0.449164 0.301087 0.44812 0.311957 0.446727 0.31630400000000003
1 0.493384 0.33587 0.49129500000000004 0.341304 0.49129500000000004 0.343478 0.49234 0.34565199999999996 0.501045 0.34565199999999996 0.500696 0.340217 0.49930399999999997 0.336957 0.49860699999999997 0.32934800000000003 0.498259 0.30869599999999997 0.497563 0.305435 0.49617000000000006 0.304348 0.494777 0.30869599999999997 0.49442899999999995 0.326087 0.493384 0.330435 0.493384 0.33587
1 0.412953 0.304348 0.413301 0.302174 0.41190800000000005 0.298913 0.411212 0.276087 0.410515 0.27391299999999996 0.409123 0.27391299999999996 0.40773000000000004 0.286957 0.407382 0.298913 0.405641 0.303261 0.412953 0.304348
1 0.34018099999999996 0.233696 0.33843999999999996 0.232609 0.338092 0.24130400000000002 0.337047 0.24782600000000002 0.34052899999999997 0.24782600000000002 0.34018099999999996 0.233696
1 0.313022 0.269565 0.311978 0.270652 0.311978 0.272826 0.312674 0.275 0.318245 0.27391299999999996 0.316852 0.266304 0.316852 0.252174 0.315808 0.248913 0.314415 0.248913 0.31371899999999997 0.253261 0.31371899999999997 0.26087 0.313022 0.263043 0.313022 0.269565
1 0.266017 0.261957 0.27124000000000004 0.261957 0.27124000000000004 0.25652200000000003 0.270195 0.252174 0.270195 0.24130400000000002 0.269847 0.23913 0.268106 0.238043 0.267409 0.24239099999999997 0.267409 0.252174 0.266017 0.258696 0.266017 0.261957
1 0.23537599999999997 0.232609 0.23363499999999998 0.231522 0.23154599999999997 0.254348 0.23711700000000002 0.254348 0.235724 0.248913 0.23537599999999997 0.232609
1 0.150418 0.220652 0.150766 0.221739 0.154596 0.221739 0.15389999999999998 0.216304 0.15389999999999998 0.206522 0.153203 0.20434800000000003 0.152159 0.20543499999999998 0.151462 0.208696 0.151462 0.216304 0.150418 0.220652
1 0.131616 0.230435 0.137187 0.232609 0.13649 0.230435 0.135794 0.21086999999999997 0.13370500000000002 0.209783 0.133357 0.221739 0.13266 0.22282600000000002 0.132312 0.228261 0.131616 0.230435
1 0.123955 0.220652 0.12325900000000001 0.20434800000000003 0.122563 0.202174 0.12151799999999999 0.202174 0.120125 0.209783 0.120125 0.216304 0.11908099999999999 0.219565 0.123955 0.220652
1 0.108635 0.220652 0.10968 0.218478 0.10898300000000001 0.206522 0.10759099999999999 0.20108700000000002 0.10619799999999999 0.20434800000000003 0.105501 0.216304 0.106546 0.220652 0.108635 0.220652
1 0.281337 0.22391299999999997 0.279944 0.22391299999999997 0.278552 0.238043 0.28273000000000004 0.23913 0.282033 0.236957 0.281337 0.22391299999999997
1 0.196031 0.24565199999999998 0.194638 0.23913 0.194638 0.225 0.192897 0.22282600000000002 0.191156 0.230435 0.191156 0.238043 0.190111 0.244565 0.196031 0.24565199999999998
1 0.229109 0.230435 0.229109 0.228261 0.228412 0.227174 0.228412 0.216304 0.227019 0.21413000000000001 0.22597499999999998 0.218478 0.22597499999999998 0.225 0.225279 0.230435 0.229109 0.230435
1 0.18836999999999998 0.226087 0.192201 0.225 0.191852 0.21413000000000001 0.191156 0.21086999999999997 0.189763 0.211957 0.189067 0.22282600000000002 0.18836999999999998 0.22391299999999997 0.18836999999999998 0.226087
2 0.397284 0.24673899999999999 0.397284 0.238043 0.396936 0.23478300000000002 0.395891 0.233696 0.395543 0.244565 0.39415 0.25760900000000003 0.39832900000000004 0.25760900000000003 0.397284 0.24673899999999999
1 0.358635 0.282609 0.358635 0.28586999999999996 0.35933099999999996 0.288043 0.363858 0.286957 0.362813 0.276087 0.362813 0.26087 0.361769 0.258696 0.360376 0.259783 0.360028 0.263043 0.360028 0.271739 0.358635 0.282609
1 0.393106 0.253261 0.392061 0.248913 0.391713 0.24130400000000002 0.39066900000000004 0.24130400000000002 0.39032 0.25 0.389276 0.25543499999999997 0.392758 0.25652200000000003 0.393106 0.253261
2 0.389276 0.252174 0.389972 0.25 0.388928 0.231522 0.388231 0.22934800000000002 0.387187 0.23478300000000002 0.387187 0.24673899999999999 0.387883 0.252174 0.389276 0.252174
1 0.721797 0.846739 0.739903 0.846739 0.73851 0.825 0.738858 0.809783 0.73468 0.803261 0.73085 0.8010870000000001 0.726671 0.8021739999999999 0.725975 0.8054349999999999 0.725279 0.818478 0.723189 0.8380430000000001 0.721797 0.846739
1 0.452298 0.251087 0.451253 0.267391 0.454387 0.267391 0.453343 0.251087 0.452298 0.251087
3 0.170613 0.20543499999999998 0.169568 0.20543499999999998 0.168872 0.208696 0.168524 0.218478 0.171309 0.218478 0.170613 0.20543499999999998
3 0.34435899999999997 0.230435 0.342967 0.23478300000000002 0.342618 0.244565 0.345056 0.244565 0.34435899999999997 0.230435
1 0.49199200000000004 0.272826 0.495474 0.272826 0.494777 0.268478 0.494777 0.258696 0.493384 0.258696 0.49303600000000003 0.267391 0.49199200000000004 0.270652 0.49199200000000004 0.272826
3 0.477019 0.26413000000000003 0.477019 0.25760900000000003 0.476323 0.252174 0.475279 0.254348 0.47423400000000004 0.266304 0.47771600000000003 0.266304 0.477019 0.26413000000000003
1 0.529944 0.26413000000000003 0.528552 0.27934800000000004 0.532033 0.27934800000000004 0.5306409999999999 0.26413000000000003 0.529944 0.26413000000000003
3 0.45020899999999997 0.261957 0.44951299999999994 0.24782600000000002 0.448816 0.24782600000000002 0.44777199999999995 0.253261 0.447423 0.261957 0.45020899999999997 0.261957
3 0.9432449999999999 0.353261 0.942897 0.340217 0.9418519999999999 0.340217 0.940808 0.343478 0.9397629999999999 0.353261 0.9432449999999999 0.353261
1 0.934192 0.348913 0.934192 0.340217 0.932451 0.340217 0.932103 0.348913 0.930362 0.355435 0.935585 0.356522 0.934192 0.348913
3 0.916783 0.348913 0.916086 0.336957 0.9146940000000001 0.334783 0.913649 0.33913000000000004 0.913649 0.34565199999999996 0.9129530000000001 0.348913 0.916783 0.348913
1 0.892061 0.342391 0.891713 0.33260900000000004 0.8906689999999999 0.33260900000000004 0.89032 0.338043 0.888579 0.346739 0.8931060000000001 0.346739 0.892061 0.342391
3 0.8878830000000001 0.330435 0.887187 0.328261 0.8861420000000001 0.330435 0.884749 0.342391 0.888579 0.342391 0.8878830000000001 0.330435
3 0.856198 0.331522 0.85585 0.322826 0.854805 0.322826 0.853412 0.334783 0.856546 0.33587 0.8568939999999999 0.334783 0.856198 0.331522
3 0.832173 0.317391 0.8304320000000001 0.330435 0.8342620000000001 0.330435 0.833914 0.322826 0.832173 0.317391
1 0.851671 0.33587 0.850627 0.333696 0.850627 0.322826 0.848886 0.322826 0.848886 0.32717399999999996 0.847493 0.336957 0.851671 0.338043 0.851671 0.33587
1 0.8060579999999999 0.328261 0.80571 0.31630400000000003 0.8050140000000001 0.31413 0.803969 0.31413 0.803621 0.322826 0.802577 0.326087 0.802577 0.328261 0.8060579999999999 0.328261
1 0.564415 0.268478 0.5630219999999999 0.282609 0.566156 0.283696 0.565808 0.268478 0.564415 0.268478
3 0.326253 0.29782600000000004 0.325905 0.317391 0.32520899999999997 0.320652 0.323468 0.321739 0.32311999999999996 0.325 0.323816 0.328261 0.32694999999999996 0.328261 0.327298 0.319565 0.32903899999999997 0.307609 0.32903899999999997 0.304348 0.330432 0.298913 0.330432 0.286957 0.329387 0.284783 0.327994 0.284783 0.327298 0.28913 0.327298 0.29239099999999996 0.326253 0.29782600000000004
2 0.386838 0.24673899999999999 0.386838 0.23478300000000002 0.385794 0.231522 0.384401 0.236957 0.385446 0.25543499999999997 0.387883 0.25543499999999997 0.386838 0.24673899999999999
1 0.108287 0.225 0.114206 0.225 0.11316200000000001 0.218478 0.112465 0.20434800000000003 0.110376 0.20543499999999998 0.11002799999999999 0.218478 0.108287 0.221739 0.108287 0.225
3 0.327646 0.319565 0.32694999999999996 0.336957 0.326253 0.341304 0.324861 0.342391 0.324164 0.346739 0.324513 0.35 0.336351 0.348913 0.336351 0.34565199999999996 0.334262 0.342391 0.333914 0.330435 0.333217 0.328261 0.33286899999999997 0.302174 0.331476 0.298913 0.330084 0.3 0.329387 0.304348 0.329387 0.307609 0.327646 0.319565