1 0.9401109999999999 0.6836960000000001 0.939067 0.7 0.937326 0.71087 0.9366300000000001 0.722826 0.9345399999999999 0.738043 0.934192 0.751087 0.9327989999999999 0.7695649999999999 0.930362 0.786957 0.9296659999999999 0.808696 0.9244429999999999 0.808696 0.922006 0.8108700000000001 0.920613 0.8141299999999999 0.919916 0.8293480000000001 0.917827 0.836957 0.917827 0.840217 0.918872 0.843478 0.9227019999999999 0.846739 0.950905 0.846739 0.9505570000000001 0.6630429999999999 0.945682 0.66087 0.942549 0.661957 0.941156 0.678261 0.9401109999999999 0.6836960000000001
1 0.9331480000000001 0.490217 0.9310579999999999 0.5108699999999999 0.93071 0.520652 0.929318 0.522826 0.927577 0.522826 0.9265319999999999 0.532609 0.9345399999999999 0.532609 0.9362809999999999 0.534783 0.9418519999999999 0.53587 0.9467269999999999 0.534783 0.9467269999999999 0.527174 0.945682 0.525 0.9435930000000001 0.525 0.942549 0.521739 0.9415039999999999 0.509783 0.940808 0.48913 0.939415 0.475 0.939415 0.467391 0.9383699999999999 0.463043 0.9352370000000001 0.463043 0.933844 0.475 0.933844 0.481522 0.9331480000000001 0.484783 0.9331480000000001 0.490217
1 0.8638579999999999 0.47717400000000004 0.864554 0.47391300000000003 0.8621169999999999 0.47282599999999997 0.861421 0.46956499999999995 0.8593310000000001 0.43260899999999997 0.8586349999999999 0.42934799999999995 0.8568939999999999 0.42934799999999995 0.854109 0.46956499999999995 0.851671 0.476087 0.857939 0.478261 0.8638579999999999 0.47717400000000004
1 0.840181 0.453261 0.83844 0.44782599999999995 0.838092 0.43478300000000003 0.836699 0.417391 0.834958 0.41630399999999995 0.832869 0.441304 0.832869 0.44782599999999995 0.8307800000000001 0.453261 0.840181 0.453261
1 0.739903 0.528261 0.738162 0.528261 0.738162 0.530435 0.740599 0.530435 0.747563 0.534783 0.760097 0.532609 0.758008 0.530435 0.757312 0.525 0.756267 0.525 0.754875 0.521739 0.753482 0.492391 0.752089 0.483696 0.751393 0.463043 0.750696 0.459783 0.748259 0.459783 0.745474 0.494565 0.744081 0.521739 0.740947 0.522826 0.739903 0.528261
1 0.649721 0.479348 0.649025 0.48260899999999995 0.6479809999999999 0.48260899999999995 0.6479809999999999 0.484783 0.651811 0.484783 0.6538999999999999 0.48695700000000003 0.664345 0.48586999999999997 0.6633009999999999 0.484783 0.662256 0.479348 0.6601670000000001 0.47717400000000004 0.6601670000000001 0.46956499999999995 0.658426 0.448913 0.6580779999999999 0.43478300000000003 0.657382 0.430435 0.6556409999999999 0.42934799999999995 0.654944 0.43260899999999997 0.654596 0.443478 0.651811 0.47717400000000004 0.649721 0.479348
1 0.654596 0.43478300000000003 0.654944 0.430435 0.654248 0.425 0.6538999999999999 0.411957 0.653203 0.404348 0.6525070000000001 0.40217400000000003 0.651114 0.409783 0.65007 0.431522 0.648677 0.43478300000000003 0.654596 0.43478300000000003
1 0.736072 0.444565 0.744429 0.444565 0.744429 0.44239100000000003 0.742688 0.43913 0.741295 0.409783 0.739903 0.40869600000000006 0.739206 0.41086999999999996 0.73851 0.418478 0.7378129999999999 0.43695700000000004 0.736072 0.444565
1 0.566852 0.459783 0.566156 0.46195700000000006 0.566156 0.465217 0.577298 0.465217 0.577298 0.46195700000000006 0.5766020000000001 0.459783 0.5748610000000001 0.45869600000000005 0.5748610000000001 0.448913 0.572772 0.420652 0.5713790000000001 0.41956499999999997 0.570334 0.425 0.569986 0.43695700000000004 0.568245 0.45869600000000005 0.566852 0.459783
1 0.557451 0.42934799999999995 0.558148 0.42717400000000005 0.556755 0.426087 0.5553619999999999 0.4 0.554666 0.4 0.553273 0.420652 0.552577 0.426087 0.551532 0.428261 0.557451 0.42934799999999995
1 0.464485 0.452174 0.464136 0.448913 0.46239600000000003 0.446739 0.460306 0.41304299999999994 0.45891400000000004 0.41086999999999996 0.45786899999999997 0.420652 0.456476 0.44565200000000005 0.454039 0.452174 0.464485 0.452174
1 0.448816 0.42717400000000005 0.44777199999999995 0.42391300000000004 0.446379 0.397826 0.44568199999999997 0.396739 0.444986 0.39891299999999996 0.443593 0.421739 0.441852 0.42717400000000005 0.448816 0.42717400000000005
1 0.368384 0.44565200000000005 0.379178 0.44565200000000005 0.376741 0.44021699999999997 0.375348 0.409783 0.374652 0.406522 0.37360699999999997 0.40543500000000005 0.372911 0.407609 0.370822 0.44021699999999997 0.369429 0.441304 0.368384 0.44565200000000005
1 0.347145 0.425 0.345752 0.420652 0.344708 0.395652 0.343315 0.394565 0.342618 0.396739 0.341226 0.420652 0.339485 0.42391300000000004 0.347145 0.425
1 0.255919 0.43587 0.253482 0.44239100000000003 0.263928 0.443478 0.263928 0.441304 0.262535 0.44021699999999997 0.260794 0.42391300000000004 0.26009699999999997 0.403261 0.258357 0.40217400000000003 0.25766 0.406522 0.256616 0.426087 0.255919 0.42934799999999995 0.255919 0.43587
1 0.23119800000000001 0.42934799999999995 0.23154599999999997 0.42717400000000005 0.23050099999999998 0.425 0.22980499999999998 0.415217 0.22980499999999998 0.403261 0.229109 0.395652 0.22736800000000001 0.394565 0.22493 0.425 0.22388599999999997 0.426087 0.22388599999999997 0.428261 0.23119800000000001 0.42934799999999995
1 0.129178 0.446739 0.141017 0.44782599999999995 0.141713 0.44565200000000005 0.139276 0.44021699999999997 0.13753500000000002 0.40543500000000005 0.136838 0.403261 0.135097 0.403261 0.132312 0.43913 0.131616 0.44239100000000003 0.130571 0.44239100000000003 0.129178 0.446739
1 0.099234 0.430435 0.10759099999999999 0.430435 0.10759099999999999 0.428261 0.10585 0.422826 0.104805 0.397826 0.10410900000000001 0.393478 0.102716 0.392391 0.101671 0.395652 0.10027900000000001 0.418478 0.098886 0.428261 0.099234 0.430435
3 0.072423 0.409783 0.080432 0.41086999999999996 0.078691 0.40108699999999997 0.077994 0.383696 0.076253 0.38260900000000003 0.075557 0.38587 0.074164 0.40543500000000005 0.072423 0.406522 0.072423 0.409783
3 0.089833 0.48586999999999997 0.087744 0.48695700000000003 0.087047 0.48913 0.087047 0.494565 0.104457 0.494565 0.10619799999999999 0.49130399999999996 0.105501 0.48586999999999997 0.10236799999999999 0.483696 0.101671 0.481522 0.10027900000000001 0.45869600000000005 0.10027900000000001 0.446739 0.099582 0.443478 0.098538 0.42717400000000005 0.097493 0.425 0.095056 0.426087 0.094011 0.443478 0.090529 0.483696 0.089833 0.48586999999999997
3 0.149373 0.41413 0.148329 0.41304299999999994 0.146588 0.386957 0.144847 0.386957 0.144499 0.397826 0.142061 0.417391 0.14902500000000002 0.417391 0.149373 0.41413
3 0.24268800000000001 0.41304299999999994 0.24199199999999998 0.411957 0.24129499999999998 0.404348 0.24094699999999997 0.390217 0.240251 0.386957 0.23885800000000001 0.386957 0.23711700000000002 0.409783 0.235724 0.41413 0.24234 0.415217 0.24268800000000001 0.41304299999999994
3 0.28064100000000003 0.468478 0.279596 0.470652 0.278203 0.470652 0.278203 0.475 0.291783 0.476087 0.291783 0.46956499999999995 0.289345 0.46630399999999994 0.288649 0.443478 0.287604 0.43587 0.286908 0.420652 0.285515 0.418478 0.284123 0.41956499999999997 0.283078 0.428261 0.28273000000000004 0.44239100000000003 0.28098900000000004 0.456522 0.28064100000000003 0.468478
3 0.347145 0.415217 0.352716 0.41413 0.352716 0.411957 0.35167099999999996 0.409783 0.351323 0.395652 0.350627 0.38913000000000003 0.349234 0.391304 0.34818899999999997 0.407609 0.346448 0.41304299999999994 0.347145 0.415217
3 0.337396 0.580435 0.337047 0.592391 0.336351 0.6010869999999999 0.335655 0.603261 0.335655 0.609783 0.334262 0.622826 0.330432 0.626087 0.329735 0.628261 0.32903899999999997 0.636957 0.324513 0.63913 0.324861 0.642391 0.328343 0.6445649999999999 0.337047 0.645652 0.341574 0.6489130000000001 0.349582 0.647826 0.35167099999999996 0.6445649999999999 0.360376 0.63913 0.361769 0.636957 0.358635 0.634783 0.356894 0.625 0.352716 0.622826 0.35201899999999997 0.616304 0.350975 0.588043 0.350279 0.584783 0.34992999999999996 0.572826 0.348538 0.559783 0.34784099999999996 0.53913 0.346448 0.521739 0.341574 0.521739 0.339485 0.548913 0.338788 0.5663039999999999 0.337396 0.580435
3 0.38022300000000003 0.48586999999999997 0.38405300000000003 0.48804299999999995 0.395543 0.48586999999999997 0.39449900000000004 0.48043500000000006 0.393106 0.48043500000000006 0.392409 0.478261 0.389624 0.433696 0.388928 0.42717400000000005 0.387187 0.426087 0.386142 0.428261 0.383357 0.478261 0.380571 0.481522 0.38022300000000003 0.48586999999999997
3 0.43802199999999997 0.5054350000000001 0.43662999999999996 0.5054350000000001 0.435933 0.507609 0.435933 0.51413 0.452298 0.51413 0.452298 0.507609 0.451602 0.5054350000000001 0.44951299999999994 0.504348 0.44812 0.47391300000000003 0.44603099999999996 0.45 0.44603099999999996 0.444565 0.442897 0.443478 0.441504 0.45869600000000005 0.441156 0.470652 0.439067 0.5 0.43802199999999997 0.5054350000000001
3 0.456128 0.41304299999999994 0.456128 0.415217 0.458217 0.415217 0.458217 0.411957 0.45891400000000004 0.409783 0.45960999999999996 0.409783 0.46065500000000004 0.41304299999999994 0.46065500000000004 0.415217 0.462047 0.415217 0.46239600000000003 0.41304299999999994 0.461699 0.41304299999999994 0.46065500000000004 0.407609 0.459958 0.392391 0.45891400000000004 0.391304 0.458217 0.394565 0.457521 0.409783 0.456825 0.41304299999999994 0.456128 0.41304299999999994
3 0.577646 0.418478 0.5766020000000001 0.411957 0.575557 0.393478 0.5745129999999999 0.393478 0.573816 0.397826 0.573468 0.41086999999999996 0.572075 0.418478 0.577646 0.418478
3 0.696727 0.42391300000000004 0.695334 0.420652 0.6939420000000001 0.397826 0.692897 0.396739 0.6922010000000001 0.40108699999999997 0.691156 0.41956499999999997 0.690111 0.42391300000000004 0.696727 0.42391300000000004
3 0.8130219999999999 0.43260899999999997 0.8137190000000001 0.430435 0.812326 0.428261 0.8112809999999999 0.404348 0.809192 0.40217400000000003 0.8081480000000001 0.41086999999999996 0.807451 0.428261 0.8060579999999999 0.431522 0.8130219999999999 0.43260899999999997
3 0.9366300000000001 0.444565 0.9362809999999999 0.441304 0.9352370000000001 0.44021699999999997 0.934192 0.430435 0.9331480000000001 0.41086999999999996 0.93071 0.41086999999999996 0.929318 0.428261 0.928969 0.44021699999999997 0.927228 0.444565 0.9366300000000001 0.444565