3 0.24234 0.7021740000000001 0.24129499999999998 0.706522 0.24129499999999998 0.7163039999999999 0.236769 0.725 0.236421 0.727174 0.252786 0.729348 0.26949900000000004 0.729348 0.282382 0.706522 0.277855 0.705435 0.27715900000000004 0.703261 0.27681100000000003 0.696739 0.270891 0.695652 0.270195 0.692391 0.267758 0.661957 0.268454 0.651087 0.266713 0.636957 0.26566900000000004 0.616304 0.263928 0.6141300000000001 0.261142 0.578261 0.261142 0.572826 0.257312 0.571739 0.254178 0.573913 0.24756300000000003 0.698913 0.24234 0.7021740000000001
3 0.40842599999999996 0.497826 0.40598900000000004 0.5 0.40598900000000004 0.507609 0.422006 0.507609 0.42479100000000003 0.502174 0.423747 0.501087 0.422702 0.496739 0.42130900000000004 0.496739 0.420265 0.494565 0.416435 0.43587 0.415738 0.43260899999999997 0.412953 0.43260899999999997 0.412256 0.43478300000000003 0.412256 0.44239100000000003 0.409123 0.494565 0.40842599999999996 0.497826
3 0.458217 0.44021699999999997 0.46901099999999996 0.44021699999999997 0.46970799999999996 0.43804299999999996 0.46970799999999996 0.43478300000000003 0.46796699999999997 0.433696 0.46657400000000004 0.40543500000000005 0.465877 0.404348 0.465181 0.391304 0.462744 0.390217 0.459958 0.433696 0.458217 0.43478300000000003 0.45786899999999997 0.43804299999999996 0.458217 0.44021699999999997
3 0.48189399999999993 0.40543500000000005 0.490599 0.40543500000000005 0.49094699999999997 0.40217400000000003 0.49025100000000005 0.40217400000000003 0.488858 0.395652 0.487465 0.36847799999999997 0.485724 0.36739099999999997 0.483983 0.396739 0.48328699999999997 0.40108699999999997 0.48189399999999993 0.40217400000000003 0.48189399999999993 0.40543500000000005
3 0.49860699999999997 0.38260900000000003 0.505223 0.38260900000000003 0.505571 0.38043499999999997 0.504178 0.377174 0.503134 0.355435 0.502437 0.352174 0.501393 0.352174 0.500696 0.356522 0.49965200000000004 0.377174 0.49860699999999997 0.379348 0.49860699999999997 0.38260900000000003
3 0.512883 0.352174 0.51149 0.342391 0.510794 0.342391 0.508357 0.36739099999999997 0.513928 0.36739099999999997 0.512883 0.36086999999999997 0.512883 0.352174
3 0.516713 0.354348 0.516713 0.356522 0.521588 0.356522 0.520891 0.352174 0.5198470000000001 0.33587 0.518802 0.33587 0.518454 0.346739 0.5177579999999999 0.348913 0.5177579999999999 0.353261 0.516713 0.354348
3 0.526114 0.341304 0.525766 0.330435 0.52507 0.330435 0.524721 0.340217 0.523329 0.347826 0.5271589999999999 0.347826 0.526114 0.341304
3 0.5306409999999999 0.33913000000000004 0.530292 0.326087 0.529248 0.326087 0.5288999999999999 0.333696 0.5275070000000001 0.341304 0.531337 0.341304 0.5306409999999999 0.33913000000000004
1 0.735028 0.53913 0.73468 0.543478 0.732591 0.546739 0.737117 0.555435 0.759401 0.555435 0.759053 0.552174 0.758008 0.552174 0.757312 0.55 0.756964 0.543478 0.754875 0.540217 0.753482 0.540217 0.752437 0.53587 0.752089 0.527174 0.751045 0.520652 0.750696 0.503261 0.747911 0.46195700000000006 0.746866 0.459783 0.742688 0.46087 0.740251 0.5054350000000001 0.739206 0.51413 0.7378129999999999 0.5380429999999999 0.735028 0.53913
1 0.661908 0.43804299999999996 0.659471 0.44021699999999997 0.659471 0.443478 0.660515 0.44565200000000005 0.67305 0.44565200000000005 0.672702 0.441304 0.6709609999999999 0.43913 0.669916 0.433696 0.6674789999999999 0.391304 0.66539 0.391304 0.663997 0.395652 0.663997 0.40869600000000006 0.6633009999999999 0.41304299999999994 0.661908 0.43804299999999996
1 0.633357 0.395652 0.631616 0.39891299999999996 0.631616 0.40108699999999997 0.641365 0.40217400000000003 0.641365 0.39891299999999996 0.639276 0.394565 0.638231 0.383696 0.637535 0.36413 0.6354460000000001 0.36413 0.634749 0.36847799999999997 0.634749 0.376087 0.634053 0.378261 0.633357 0.395652
1 0.616992 0.378261 0.624304 0.379348 0.6222139999999999 0.370652 0.621518 0.35108700000000004 0.619429 0.35108700000000004 0.619081 0.358696 0.618384 0.36086999999999997 0.618036 0.376087 0.616992 0.378261
1 0.609331 0.357609 0.608635 0.341304 0.6072420000000001 0.340217 0.606198 0.355435 0.604805 0.36413 0.610724 0.36413 0.609331 0.357609
1 0.595404 0.32934800000000003 0.5943590000000001 0.32934800000000003 0.593663 0.343478 0.592967 0.34565199999999996 0.597145 0.34565199999999996 0.595404 0.32934800000000003
1 0.666435 0.319565 0.66539 0.333696 0.668872 0.333696 0.6678270000000001 0.320652 0.666435 0.319565
1 0.715529 0.33260900000000004 0.719708 0.33260900000000004 0.717967 0.317391 0.71727 0.318478 0.716226 0.325 0.716226 0.330435 0.715529 0.33260900000000004
1 0.750696 0.38913000000000003 0.759401 0.388043 0.759401 0.38587 0.758357 0.384783 0.757312 0.379348 0.755919 0.354348 0.754178 0.354348 0.753134 0.358696 0.752089 0.38260900000000003 0.750696 0.38587 0.750696 0.38913000000000003
1 0.765669 0.372826 0.765669 0.36956500000000003 0.764972 0.36956500000000003 0.763928 0.366304 0.762883 0.34565199999999996 0.761142 0.344565 0.7604460000000001 0.347826 0.759749 0.365217 0.758008 0.371739 0.765669 0.372826
1 0.775766 0.359783 0.782382 0.359783 0.780989 0.35108700000000004 0.780292 0.33587 0.7788999999999999 0.334783 0.777855 0.341304 0.777855 0.35108700000000004 0.776811 0.357609 0.775766 0.359783
1 0.774373 0.323913 0.7729809999999999 0.318478 0.772284 0.318478 0.770891 0.333696 0.77507 0.333696 0.774373 0.330435 0.774373 0.323913
3 0.777855 0.322826 0.777855 0.31521699999999997 0.776462 0.31521699999999997 0.7754179999999999 0.32934800000000003 0.778552 0.32934800000000003 0.778552 0.323913 0.777855 0.322826
1 0.795613 0.319565 0.7942199999999999 0.336957 0.79805 0.336957 0.797006 0.321739 0.795613 0.319565
1 0.807451 0.35 0.8060579999999999 0.342391 0.805362 0.32934800000000003 0.803969 0.328261 0.8032730000000001 0.33260900000000004 0.8029249999999999 0.343478 0.80188 0.35 0.807451 0.35
1 0.8095399999999999 0.342391 0.8077989999999999 0.32934800000000003 0.8077989999999999 0.325 0.80571 0.323913 0.80571 0.333696 0.8064069999999999 0.336957 0.8064069999999999 0.342391 0.8095399999999999 0.342391
3 0.8255570000000001 0.326087 0.8245129999999999 0.320652 0.8245129999999999 0.31521699999999997 0.82312 0.31521699999999997 0.82312 0.321739 0.8220750000000001 0.330435 0.8255570000000001 0.330435 0.8255570000000001 0.326087
3 0.867688 0.318478 0.866643 0.318478 0.864903 0.33587 0.8690810000000001 0.33587 0.868384 0.321739 0.867688 0.318478
1 0.785864 0.4 0.784471 0.40108699999999997 0.783774 0.40543500000000005 0.794916 0.40543500000000005 0.794568 0.40108699999999997 0.793524 0.4 0.7924789999999999 0.395652 0.791783 0.38913000000000003 0.791783 0.378261 0.7907379999999999 0.375 0.7907379999999999 0.366304 0.79039 0.36413 0.788649 0.36413 0.787604 0.36847799999999997 0.787604 0.376087 0.786908 0.38043499999999997 0.785864 0.4
1 0.8621169999999999 0.417391 0.8603759999999999 0.42391300000000004 0.8589829999999999 0.425 0.8586349999999999 0.42934799999999995 0.8725630000000001 0.42934799999999995 0.8722139999999999 0.425 0.870474 0.422826 0.869777 0.41630399999999995 0.8690810000000001 0.415217 0.8690810000000001 0.40543500000000005 0.868036 0.397826 0.866992 0.38043499999999997 0.864554 0.378261 0.8638579999999999 0.38260900000000003 0.86351 0.394565 0.862465 0.40217400000000003 0.8621169999999999 0.417391
3 0.898677 0.38260900000000003 0.898677 0.384783 0.899373 0.386957 0.9084260000000001 0.386957 0.9084260000000001 0.383696 0.9066850000000001 0.38043499999999997 0.9066850000000001 0.375 0.905292 0.36847799999999997 0.905292 0.356522 0.904596 0.35108700000000004 0.902855 0.35108700000000004 0.9021589999999999 0.354348 0.901114 0.371739 0.8997210000000001 0.38152200000000003 0.898677 0.38260900000000003
3 0.883705 0.371739 0.883705 0.36956500000000003 0.882312 0.36847799999999997 0.8809189999999999 0.357609 0.880571 0.342391 0.878482 0.341304 0.8774369999999999 0.346739 0.877089 0.36086999999999997 0.875348 0.371739 0.883705 0.371739
3 0.888579 0.356522 0.887187 0.347826 0.8861420000000001 0.331522 0.884053 0.331522 0.883357 0.35108700000000004 0.881964 0.354348 0.881964 0.356522 0.888579 0.356522
3 0.902507 0.32717399999999996 0.9004179999999999 0.326087 0.898677 0.347826 0.9038999999999999 0.347826 0.902507 0.336957 0.902507 0.32717399999999996
3 0.91156 0.341304 0.910515 0.323913 0.909819 0.320652 0.9091229999999999 0.320652 0.908078 0.323913 0.908078 0.33260900000000004 0.907033 0.341304 0.91156 0.341304
1 0.601671 0.353261 0.600975 0.35108700000000004 0.600975 0.34565199999999996 0.5995820000000001 0.333696 0.598538 0.333696 0.5978410000000001 0.338043 0.5978410000000001 0.348913 0.596797 0.353261 0.601671 0.353261
1 0.602368 0.331522 0.602368 0.325 0.601671 0.325 0.600627 0.32934800000000003 0.600279 0.33913000000000004 0.603412 0.340217 0.602368 0.331522