3 0.230153 0.7076089999999999 0.22214499999999998 0.7206520000000001 0.22214499999999998 0.7304350000000001 0.220404 0.734783 0.216574 0.740217 0.21622599999999997 0.743478 0.24268800000000001 0.75 0.25139300000000003 0.75 0.25626699999999997 0.7445649999999999 0.268454 0.722826 0.268454 0.719565 0.267758 0.718478 0.262883 0.717391 0.262187 0.7119570000000001 0.26009699999999997 0.7076089999999999 0.255571 0.706522 0.254526 0.7021740000000001 0.247214 0.592391 0.24547400000000003 0.573913 0.240251 0.573913 0.23885800000000001 0.575 0.23711700000000002 0.580435 0.230153 0.7076089999999999
3 0.368036 0.5108699999999999 0.38649 0.509783 0.387187 0.508696 0.387187 0.5054350000000001 0.385794 0.504348 0.385794 0.497826 0.383008 0.496739 0.382312 0.49347799999999997 0.378482 0.43260899999999997 0.374652 0.43260899999999997 0.370474 0.494565 0.36594699999999997 0.504348 0.36594699999999997 0.508696 0.368036 0.5108699999999999
3 0.41190800000000005 0.43478300000000003 0.424095 0.43478300000000003 0.42479100000000003 0.43260899999999997 0.42479100000000003 0.428261 0.422006 0.425 0.42130900000000004 0.403261 0.41956800000000005 0.384783 0.41713100000000003 0.384783 0.415042 0.422826 0.41434499999999996 0.42717400000000005 0.41260399999999997 0.428261 0.41190800000000005 0.43478300000000003
3 0.439067 0.40217400000000003 0.45020899999999997 0.40217400000000003 0.449861 0.39891299999999996 0.447423 0.394565 0.44568199999999997 0.363043 0.443593 0.363043 0.442897 0.36847799999999997 0.441852 0.393478 0.439067 0.397826 0.439067 0.40217400000000003
3 0.47005600000000003 0.36739099999999997 0.47005600000000003 0.363043 0.468663 0.36086999999999997 0.46796699999999997 0.342391 0.466922 0.341304 0.465877 0.36086999999999997 0.464485 0.36413 0.464485 0.36739099999999997 0.47005600000000003 0.36739099999999997
3 0.510794 0.356522 0.509749 0.354348 0.509053 0.33913000000000004 0.508705 0.336957 0.508008 0.336957 0.507312 0.352174 0.505919 0.357609 0.5104460000000001 0.358696 0.510794 0.356522
3 0.552577 0.35108700000000004 0.5518799999999999 0.334783 0.551184 0.333696 0.5504870000000001 0.346739 0.549095 0.353261 0.5536209999999999 0.353261 0.552577 0.35108700000000004
3 0.6020190000000001 0.347826 0.600975 0.343478 0.600627 0.330435 0.59993 0.330435 0.599234 0.343478 0.598189 0.348913 0.601671 0.35 0.6020190000000001 0.347826
1 0.866295 0.675 0.8638579999999999 0.678261 0.862813 0.688043 0.8568939999999999 0.688043 0.8568939999999999 0.6913039999999999 0.8655989999999999 0.704348 0.876741 0.713043 0.895891 0.713043 0.9091229999999999 0.709783 0.9091229999999999 0.7076089999999999 0.908078 0.704348 0.903552 0.7 0.902855 0.697826 0.902855 0.690217 0.9021589999999999 0.688043 0.896936 0.682609 0.895543 0.678261 0.887535 0.556522 0.879526 0.555435 0.8774369999999999 0.5771740000000001 0.870474 0.6728259999999999 0.869777 0.675 0.866295 0.675
1 0.6827989999999999 0.5 0.684192 0.503261 0.7016020000000001 0.503261 0.701253 0.494565 0.6998610000000001 0.49130399999999996 0.698468 0.49130399999999996 0.697772 0.48804299999999995 0.6939420000000001 0.426087 0.690111 0.426087 0.68663 0.48695700000000003 0.685585 0.49130399999999996 0.683148 0.492391 0.6827989999999999 0.5
1 0.618384 0.43260899999999997 0.629875 0.43260899999999997 0.629526 0.42717400000000005 0.6277860000000001 0.425 0.627089 0.421739 0.626741 0.41086999999999996 0.624652 0.384783 0.6222139999999999 0.384783 0.619777 0.42391300000000004 0.61734 0.425 0.616992 0.42934799999999995 0.618384 0.43260899999999997
1 0.600627 0.4 0.600627 0.395652 0.5995820000000001 0.395652 0.598886 0.391304 0.5974929999999999 0.36413 0.595404 0.36413 0.593663 0.394565 0.59227 0.395652 0.59227 0.4 0.600627 0.4
1 0.583914 0.378261 0.583914 0.375 0.583217 0.375 0.5825210000000001 0.371739 0.581476 0.35108700000000004 0.580084 0.35108700000000004 0.5790390000000001 0.372826 0.577646 0.376087 0.577646 0.378261 0.583914 0.378261
1 0.5745129999999999 0.343478 0.573468 0.343478 0.572423 0.363043 0.5713790000000001 0.366304 0.5766020000000001 0.366304 0.5745129999999999 0.343478
1 0.612465 0.353261 0.611769 0.340217 0.610376 0.33913000000000004 0.60968 0.352174 0.608635 0.358696 0.61351 0.358696 0.612465 0.353261
1 0.669916 0.35108700000000004 0.669568 0.342391 0.668524 0.33587 0.6678270000000001 0.35108700000000004 0.666783 0.355435 0.6709609999999999 0.355435 0.669916 0.35108700000000004
1 0.738858 0.356522 0.744429 0.356522 0.743036 0.352174 0.74234 0.346739 0.74234 0.338043 0.741295 0.33587 0.740599 0.33913000000000004 0.740599 0.346739 0.739903 0.353261 0.738858 0.356522
1 0.8077989999999999 0.33913000000000004 0.8067550000000001 0.33913000000000004 0.8050140000000001 0.36086999999999997 0.8095399999999999 0.36086999999999997 0.808844 0.358696 0.8077989999999999 0.33913000000000004
1 0.945682 0.425 0.9435930000000001 0.426087 0.9435930000000001 0.431522 0.950905 0.431522 0.950905 0.38260900000000003 0.949164 0.38260900000000003 0.947423 0.40108699999999997 0.9467269999999999 0.420652 0.945682 0.425
1 0.875348 0.40108699999999997 0.883705 0.40108699999999997 0.883705 0.39891299999999996 0.8826599999999999 0.396739 0.881964 0.392391 0.880223 0.366304 0.87883 0.366304 0.8774369999999999 0.378261 0.876741 0.393478 0.875348 0.397826 0.875348 0.40108699999999997
1 0.861769 0.38043499999999997 0.861769 0.377174 0.8610720000000001 0.377174 0.8603759999999999 0.373913 0.8589829999999999 0.352174 0.857591 0.352174 0.85585 0.377174 0.854805 0.378261 0.854805 0.38043499999999997 0.861769 0.38043499999999997
1 0.856198 0.36847799999999997 0.856546 0.361957 0.85585 0.357609 0.855501 0.343478 0.85376 0.344565 0.852716 0.366304 0.851671 0.36847799999999997 0.856198 0.36847799999999997
3 0.9345399999999999 0.36847799999999997 0.9334960000000001 0.361957 0.9331480000000001 0.35108700000000004 0.932103 0.344565 0.9314069999999999 0.343478 0.93071 0.34565199999999996 0.9296659999999999 0.36413 0.928621 0.36847799999999997 0.9345399999999999 0.36847799999999997
3 0.883357 0.36086999999999997 0.882312 0.354348 0.882312 0.347826 0.881267 0.33587 0.880223 0.338043 0.879526 0.354348 0.878482 0.36086999999999997 0.883357 0.36086999999999997
3 0.45194999999999996 0.373913 0.45194999999999996 0.376087 0.458565 0.376087 0.458565 0.372826 0.457521 0.372826 0.456825 0.370652 0.456128 0.348913 0.455084 0.347826 0.454387 0.348913 0.454039 0.365217 0.452994 0.372826 0.45194999999999996 0.373913
3 0.817897 0.334783 0.815808 0.353261 0.8203340000000001 0.353261 0.8189420000000001 0.33587 0.817897 0.334783