1 0.451253 0.520652 0.450557 0.5239130000000001 0.450557 0.534783 0.448468 0.553261 0.448468 0.5586960000000001 0.447075 0.569565 0.446727 0.580435 0.44428999999999996 0.6054350000000001 0.44254899999999997 0.613043 0.44011100000000003 0.613043 0.438719 0.615217 0.43697800000000003 0.620652 0.436281 0.628261 0.437326 0.6304350000000001 0.437326 0.633696 0.438719 0.641304 0.440808 0.646739 0.4711 0.646739 0.47249299999999994 0.641304 0.47249299999999994 0.631522 0.471797 0.6304350000000001 0.471797 0.625 0.470404 0.6195649999999999 0.46657400000000004 0.616304 0.465181 0.613043 0.46483299999999994 0.6010869999999999 0.46309199999999995 0.584783 0.462047 0.5586960000000001 0.462047 0.5423910000000001 0.45960999999999996 0.504348 0.459958 0.49565200000000004 0.45891400000000004 0.492391 0.453343 0.492391 0.452298 0.49565200000000004 0.45194999999999996 0.507609 0.451253 0.511957 0.451253 0.520652
1 0.47492999999999996 0.420652 0.47492999999999996 0.428261 0.47423400000000004 0.42934799999999995 0.47318899999999997 0.444565 0.472145 0.448913 0.47005600000000003 0.45 0.46901099999999996 0.453261 0.46796699999999997 0.463043 0.473538 0.463043 0.479805 0.46630399999999994 0.487465 0.46630399999999994 0.488858 0.45869600000000005 0.488858 0.45543500000000003 0.48781299999999994 0.452174 0.48607199999999995 0.452174 0.48468 0.44565200000000005 0.483983 0.421739 0.48328699999999997 0.41630399999999995 0.48328699999999997 0.403261 0.48259100000000005 0.39891299999999996 0.482939 0.386957 0.48259100000000005 0.38043499999999997 0.481546 0.377174 0.479457 0.377174 0.47736799999999996 0.38260900000000003 0.47667099999999996 0.403261 0.47492999999999996 0.420652
1 0.551532 0.396739 0.550836 0.39891299999999996 0.549095 0.39891299999999996 0.547702 0.407609 0.559192 0.41086999999999996 0.560933 0.409783 0.5630219999999999 0.404348 0.5630219999999999 0.40217400000000003 0.560585 0.40108699999999997 0.560585 0.388043 0.5595399999999999 0.38043499999999997 0.558844 0.347826 0.555014 0.347826 0.5536209999999999 0.372826 0.5518799999999999 0.384783 0.551532 0.396739
1 0.649721 0.366304 0.648677 0.383696 0.6479809999999999 0.38587 0.646936 0.38587 0.645543 0.390217 0.645543 0.392391 0.650766 0.394565 0.655989 0.394565 0.656685 0.392391 0.6580779999999999 0.392391 0.657382 0.388043 0.655989 0.386957 0.654596 0.343478 0.6525070000000001 0.342391 0.651462 0.344565 0.651114 0.355435 0.649721 0.366304
1 0.754178 0.395652 0.755919 0.39891299999999996 0.764276 0.39891299999999996 0.764276 0.396739 0.762535 0.392391 0.761838 0.354348 0.759401 0.353261 0.756267 0.38152200000000003 0.755919 0.390217 0.754526 0.392391 0.754178 0.395652
1 0.878134 0.411957 0.8777860000000001 0.415217 0.87883 0.418478 0.889972 0.41956499999999997 0.887535 0.411957 0.887187 0.40217400000000003 0.88649 0.40108699999999997 0.886838 0.391304 0.8861420000000001 0.376087 0.883357 0.375 0.881964 0.38260900000000003 0.880571 0.406522 0.8791779999999999 0.411957 0.878134 0.411957
3 0.543524 0.348913 0.5518799999999999 0.348913 0.549791 0.33913000000000004 0.549095 0.307609 0.547006 0.306522 0.544916 0.325 0.544568 0.338043 0.541783 0.346739 0.543524 0.348913
3 0.398677 0.344565 0.396936 0.34565199999999996 0.395891 0.35 0.39415 0.35 0.39415 0.352174 0.409819 0.353261 0.40842599999999996 0.352174 0.40773000000000004 0.347826 0.40598900000000004 0.346739 0.40424800000000005 0.303261 0.402159 0.302174 0.401114 0.313043 0.399373 0.322826 0.399373 0.334783 0.398677 0.344565
3 0.232939 0.343478 0.232939 0.347826 0.232242 0.35108700000000004 0.232242 0.365217 0.23154599999999997 0.36956500000000003 0.23119800000000001 0.38260900000000003 0.23050099999999998 0.384783 0.228412 0.384783 0.227019 0.391304 0.22493 0.391304 0.225279 0.393478 0.24129499999999998 0.396739 0.24373300000000003 0.395652 0.24547400000000003 0.391304 0.24547400000000003 0.386957 0.24234 0.384783 0.240599 0.358696 0.240251 0.343478 0.239554 0.338043 0.239554 0.321739 0.23885800000000001 0.319565 0.23537599999999997 0.320652 0.23468 0.334783 0.233983 0.341304 0.232939 0.343478
4 0.4711 0.28913 0.47075199999999995 0.268478 0.470404 0.265217 0.469359 0.265217 0.46796699999999997 0.282609 0.466922 0.286957 0.46831500000000004 0.28913 0.4711 0.28913
4 0.5330779999999999 0.284783 0.532382 0.282609 0.532382 0.267391 0.530989 0.267391 0.530292 0.271739 0.529596 0.288043 0.53273 0.288043 0.5330779999999999 0.284783
4 0.55571 0.307609 0.556755 0.31087 0.560237 0.31087 0.559192 0.28586999999999996 0.558148 0.286957 0.556755 0.3 0.556755 0.305435 0.55571 0.307609
4 0.610724 0.30978300000000003 0.614206 0.30869599999999997 0.61351 0.288043 0.612465 0.288043 0.611421 0.302174 0.610376 0.305435 0.610724 0.30978300000000003
4 0.643802 0.302174 0.643802 0.28586999999999996 0.642409 0.284783 0.641713 0.29782600000000004 0.641017 0.3 0.641365 0.302174 0.643802 0.302174
4 0.682103 0.296739 0.68071 0.296739 0.68071 0.302174 0.6793180000000001 0.31413 0.682451 0.31413 0.682103 0.296739
4 0.706476 0.31087 0.709958 0.311957 0.709958 0.30978300000000003 0.7092620000000001 0.30869599999999997 0.7092620000000001 0.29565199999999997 0.707869 0.294565 0.707869 0.298913 0.7071729999999999 0.301087 0.7071729999999999 0.306522 0.706476 0.31087
4 0.766365 0.30978300000000003 0.764624 0.30978300000000003 0.764276 0.318478 0.762883 0.326087 0.766713 0.32717399999999996 0.766365 0.30978300000000003
4 0.770543 0.306522 0.76915 0.306522 0.7681060000000001 0.321739 0.771936 0.321739 0.770543 0.320652 0.770543 0.306522
4 0.857939 0.340217 0.857591 0.322826 0.856198 0.322826 0.855501 0.326087 0.854805 0.338043 0.856198 0.340217 0.857939 0.340217
4 0.867688 0.346739 0.87117 0.34565199999999996 0.8708220000000001 0.331522 0.870125 0.32934800000000003 0.869429 0.32934800000000003 0.868036 0.343478 0.8673400000000001 0.344565 0.867688 0.346739
4 0.726671 0.294565 0.725627 0.30978300000000003 0.728412 0.30978300000000003 0.728064 0.294565 0.726671 0.294565
3 0.679666 0.357609 0.6810579999999999 0.359783 0.6887190000000001 0.359783 0.6869780000000001 0.354348 0.6862809999999999 0.323913 0.684192 0.322826 0.682451 0.334783 0.681407 0.352174 0.679666 0.355435 0.679666 0.357609
3 0.8252090000000001 0.379348 0.8252090000000001 0.38152200000000003 0.827646 0.383696 0.8342620000000001 0.383696 0.8325210000000001 0.377174 0.8325210000000001 0.359783 0.831825 0.357609 0.831825 0.35108700000000004 0.831128 0.347826 0.829387 0.347826 0.827994 0.359783 0.8272980000000001 0.373913 0.825905 0.379348 0.8252090000000001 0.379348