1 0.263579 0.31630400000000003 0.263231 0.321739 0.264972 0.323913 0.27507000000000004 0.323913 0.275766 0.321739 0.274373 0.31630400000000003 0.273677 0.31630400000000003 0.272632 0.313043 0.27124000000000004 0.29239099999999996 0.27124000000000004 0.277174 0.26949900000000004 0.27391299999999996 0.268106 0.275 0.266713 0.291304 0.266017 0.313043 0.26532 0.31630400000000003 0.263579 0.31630400000000003
1 0.215877 0.280435 0.22493 0.281522 0.22493 0.277174 0.22353800000000001 0.27391299999999996 0.22179700000000002 0.244565 0.21970800000000001 0.244565 0.21831499999999998 0.26413000000000003 0.21796700000000002 0.275 0.216574 0.276087 0.215877 0.280435
0 0.153203 0.21739099999999997 0.152507 0.215217 0.152159 0.203261 0.150766 0.20108700000000002 0.15006999999999998 0.213043 0.14902500000000002 0.219565 0.15285500000000002 0.220652 0.153203 0.21739099999999997
0 0.143802 0.196739 0.142061 0.213043 0.145891 0.21413000000000001 0.144499 0.196739 0.143802 0.196739
2 0.165738 0.22934800000000002 0.165042 0.225 0.163649 0.197826 0.162604 0.196739 0.16155999999999998 0.20760900000000002 0.161212 0.220652 0.160167 0.228261 0.165738 0.22934800000000002
2 0.159471 0.22282600000000002 0.160167 0.209783 0.16155999999999998 0.206522 0.161908 0.198913 0.161212 0.195652 0.16051500000000002 0.195652 0.159819 0.21413000000000001 0.158426 0.226087 0.159471 0.22282600000000002
1 0.159819 0.228261 0.16051500000000002 0.225 0.161212 0.209783 0.16051500000000002 0.209783 0.16051500000000002 0.216304 0.159123 0.228261 0.159819 0.228261
1 0.17687999999999998 0.24021699999999999 0.177228 0.236957 0.176532 0.233696 0.176184 0.219565 0.175487 0.216304 0.174443 0.216304 0.173747 0.220652 0.173398 0.23586999999999997 0.172354 0.23913 0.17687999999999998 0.24021699999999999
1 0.195682 0.25652200000000003 0.196379 0.254348 0.194638 0.248913 0.193942 0.230435 0.193245 0.227174 0.192201 0.227174 0.190808 0.25 0.189763 0.252174 0.189763 0.25543499999999997 0.195682 0.25652200000000003
1 0.356894 0.40108699999999997 0.357591 0.403261 0.362465 0.407609 0.375 0.407609 0.375696 0.406522 0.375696 0.403261 0.374652 0.40217400000000003 0.37360699999999997 0.396739 0.370822 0.392391 0.370474 0.38043499999999997 0.36873300000000003 0.361957 0.368384 0.334783 0.366992 0.33260900000000004 0.364206 0.333696 0.360724 0.38913000000000003 0.35968 0.393478 0.357591 0.396739 0.356894 0.40108699999999997
1 0.655292 0.5956520000000001 0.654596 0.598913 0.654596 0.604348 0.653203 0.616304 0.651811 0.621739 0.648329 0.622826 0.645891 0.626087 0.64415 0.632609 0.641017 0.636957 0.640669 0.63913 0.645195 0.6445649999999999 0.648677 0.645652 0.653552 0.651087 0.656337 0.652174 0.6580779999999999 0.655435 0.6598189999999999 0.655435 0.662256 0.659783 0.668524 0.659783 0.6733979999999999 0.657609 0.676184 0.6543479999999999 0.680014 0.653261 0.68071 0.651087 0.683496 0.65 0.683844 0.647826 0.683148 0.645652 0.682103 0.645652 0.6810579999999999 0.641304 0.68071 0.642391 0.6803619999999999 0.63913 0.6733979999999999 0.627174 0.672006 0.596739 0.670613 0.58587 0.670613 0.573913 0.669916 0.563043 0.670265 0.544565 0.6692199999999999 0.51413 0.668524 0.509783 0.6674789999999999 0.507609 0.662256 0.507609 0.658774 0.546739 0.658774 0.556522 0.6556409999999999 0.58587 0.655292 0.5956520000000001