1 0.466226 0.575 0.46483299999999994 0.5826089999999999 0.464485 0.593478 0.462744 0.608696 0.459958 0.659783 0.45786899999999997 0.669565 0.454039 0.670652 0.451253 0.676087 0.450905 0.6836960000000001 0.44603099999999996 0.682609 0.445334 0.68913 0.464485 0.713043 0.47736799999999996 0.7119570000000001 0.48015299999999994 0.709783 0.48189399999999993 0.706522 0.48851000000000006 0.706522 0.49234 0.701087 0.49373300000000003 0.701087 0.495125 0.697826 0.495125 0.695652 0.493384 0.693478 0.489206 0.692391 0.48851000000000006 0.690217 0.488162 0.680435 0.487465 0.678261 0.481546 0.669565 0.480501 0.647826 0.479457 0.6380429999999999 0.479457 0.6304350000000001 0.47841199999999995 0.620652 0.478064 0.596739 0.47736799999999996 0.593478 0.47771600000000003 0.5869570000000001 0.477019 0.5826089999999999 0.47667099999999996 0.570652 0.477019 0.565217 0.47562699999999997 0.53913 0.473538 0.536957 0.46901099999999996 0.53587 0.46831500000000004 0.5380429999999999 0.46796699999999997 0.553261 0.466922 0.56087 0.466226 0.575
1 0.25 0.433696 0.248259 0.46087 0.248259 0.470652 0.24617 0.490217 0.24303599999999997 0.49347799999999997 0.24094699999999997 0.49347799999999997 0.24129499999999998 0.497826 0.240251 0.502174 0.23537599999999997 0.502174 0.23502800000000001 0.504348 0.236072 0.504348 0.23885800000000001 0.508696 0.24373300000000003 0.509783 0.247214 0.5130429999999999 0.254526 0.5130429999999999 0.263231 0.508696 0.272284 0.507609 0.272632 0.5054350000000001 0.269847 0.5054350000000001 0.267409 0.501087 0.267409 0.496739 0.266713 0.494565 0.262535 0.490217 0.26149 0.46195700000000006 0.260446 0.45108699999999996 0.260446 0.444565 0.259749 0.44239100000000003 0.259401 0.426087 0.258705 0.42391300000000004 0.258357 0.404348 0.256964 0.397826 0.25383 0.397826 0.252089 0.403261 0.25139300000000003 0.42391300000000004 0.250696 0.431522 0.25 0.433696
1 0.055362 0.376087 0.052577 0.377174 0.051532 0.38043499999999997 0.05118399999999999 0.384783 0.048747 0.384783 0.048747 0.38913000000000003 0.056407 0.390217 0.058496000000000006 0.388043 0.076602 0.388043 0.073468 0.384783 0.072423 0.379348 0.069638 0.377174 0.068593 0.372826 0.068593 0.36413 0.066852 0.348913 0.066852 0.33587 0.066156 0.331522 0.065111 0.30978300000000003 0.062674 0.30978300000000003 0.060585 0.307609 0.058496000000000006 0.326087 0.058496000000000006 0.33587 0.056755 0.35108700000000004 0.055362 0.376087
1 0.119777 0.236957 0.12082200000000001 0.23478300000000002 0.119777 0.231522 0.118733 0.211957 0.11768799999999999 0.211957 0.11664300000000001 0.220652 0.11664300000000001 0.22934800000000002 0.115947 0.23586999999999997 0.119777 0.236957
1 0.20264600000000002 0.24782600000000002 0.201602 0.243478 0.20090499999999997 0.23478300000000002 0.20090499999999997 0.225 0.199861 0.22391299999999997 0.199164 0.226087 0.198468 0.24239099999999997 0.197423 0.24782600000000002 0.20264600000000002 0.24782600000000002
1 0.264972 0.25652200000000003 0.264276 0.252174 0.263231 0.233696 0.261838 0.23586999999999997 0.261142 0.253261 0.259749 0.25652200000000003 0.264972 0.25652200000000003
1 0.325905 0.26413000000000003 0.324861 0.26087 0.324164 0.24130400000000002 0.32311999999999996 0.24239099999999997 0.322075 0.25760900000000003 0.321031 0.26413000000000003 0.325905 0.26413000000000003
1 0.40703300000000003 0.271739 0.40598900000000004 0.268478 0.40529200000000004 0.25543499999999997 0.40424800000000005 0.251087 0.403203 0.268478 0.402159 0.269565 0.402159 0.271739 0.40703300000000003 0.271739
1 0.442201 0.268478 0.441852 0.25652200000000003 0.441156 0.25543499999999997 0.44046 0.258696 0.439763 0.272826 0.442897 0.272826 0.442201 0.268478
3 0.370474 0.25760900000000003 0.369081 0.252174 0.368384 0.23913 0.367688 0.23913 0.366643 0.253261 0.365599 0.25543499999999997 0.365599 0.25760900000000003 0.370474 0.25760900000000003
3 0.343663 0.248913 0.343315 0.23913 0.34226999999999996 0.238043 0.341922 0.24673899999999999 0.34052899999999997 0.25543499999999997 0.344708 0.25543499999999997 0.343663 0.248913
3 0.303969 0.251087 0.303969 0.253261 0.30954000000000004 0.253261 0.308148 0.248913 0.308148 0.24130400000000002 0.307103 0.232609 0.306058 0.233696 0.306058 0.24239099999999997 0.305362 0.24782600000000002 0.303969 0.251087
3 0.268454 0.24565199999999998 0.267758 0.24673899999999999 0.267758 0.248913 0.27298100000000003 0.248913 0.271588 0.23913 0.27124000000000004 0.22934800000000002 0.269847 0.227174 0.26915 0.232609 0.26915 0.24021699999999999 0.268454 0.24130400000000002 0.268454 0.24565199999999998
3 0.22388599999999997 0.23478300000000002 0.22388599999999997 0.226087 0.223189 0.220652 0.22214499999999998 0.220652 0.22179700000000002 0.22934800000000002 0.22005599999999997 0.24021699999999999 0.22493 0.24021699999999999 0.22388599999999997 0.23478300000000002
3 0.138231 0.208696 0.13649 0.20760900000000002 0.135794 0.220652 0.134401 0.228261 0.139276 0.228261 0.138231 0.208696
3 0.382312 0.253261 0.381616 0.24021699999999999 0.380571 0.24021699999999999 0.379875 0.253261 0.379178 0.25652200000000003 0.383008 0.25652200000000003 0.382312 0.253261
3 0.37883 0.233696 0.377786 0.233696 0.377089 0.24565199999999998 0.37639300000000003 0.248913 0.379526 0.248913 0.37883 0.233696
3 0.384749 0.24130400000000002 0.384401 0.238043 0.383357 0.238043 0.38266 0.24130400000000002 0.38266 0.253261 0.384749 0.254348 0.384749 0.24130400000000002
1 0.453343 0.253261 0.452298 0.269565 0.45543199999999995 0.269565 0.454735 0.253261 0.453343 0.253261