3 0.151114 0.795652 0.15006999999999998 0.807609 0.149721 0.826087 0.148677 0.840217 0.147981 0.8423909999999999 0.147981 0.846739 0.178969 0.846739 0.174791 0.8010870000000001 0.172354 0.790217 0.172354 0.784783 0.170265 0.767391 0.170265 0.761957 0.16817500000000002 0.748913 0.167827 0.7369570000000001 0.166435 0.725 0.166435 0.7206520000000001 0.165738 0.718478 0.160167 0.718478 0.159123 0.7206520000000001 0.154248 0.723913 0.152507 0.729348 0.152507 0.75 0.151811 0.758696 0.151114 0.795652
1 0.8502789999999999 0.192391 0.849234 0.192391 0.847145 0.215217 0.853064 0.215217 0.851323 0.20760900000000002 0.8502789999999999 0.192391
1 0.862813 0.211957 0.8607239999999999 0.203261 0.8603759999999999 0.190217 0.8589829999999999 0.190217 0.858287 0.19347799999999998 0.857591 0.208696 0.856546 0.211957 0.862813 0.211957
1 0.9038999999999999 0.215217 0.902507 0.195652 0.9014620000000001 0.195652 0.8997210000000001 0.21739099999999997 0.897632 0.221739 0.9063370000000001 0.221739 0.9038999999999999 0.215217
1 0.923398 0.20434800000000003 0.929318 0.20434800000000003 0.927577 0.19347799999999998 0.92688 0.183696 0.9261839999999999 0.183696 0.9254870000000001 0.18587 0.9244429999999999 0.2 0.923398 0.202174 0.923398 0.20434800000000003
3 0.748955 0.504348 0.747911 0.507609 0.744777 0.508696 0.743733 0.511957 0.743733 0.51413 0.741992 0.518478 0.736769 0.518478 0.736769 0.521739 0.741992 0.525 0.743733 0.5293479999999999 0.753134 0.53587 0.75383 0.5380429999999999 0.768802 0.53587 0.774721 0.531522 0.7788999999999999 0.531522 0.7788999999999999 0.528261 0.77507 0.526087 0.773329 0.5195649999999999 0.7729809999999999 0.51413 0.7712399999999999 0.5108699999999999 0.7698470000000001 0.5108699999999999 0.7677579999999999 0.504348 0.7677579999999999 0.494565 0.766365 0.481522 0.765669 0.453261 0.764624 0.44021699999999997 0.763579 0.43695700000000004 0.763579 0.431522 0.762535 0.425 0.761838 0.40108699999999997 0.759053 0.397826 0.755919 0.39891299999999996 0.754526 0.420652 0.754526 0.428261 0.7527860000000001 0.441304 0.748955 0.504348
3 0.912256 0.24130400000000002 0.9108639999999999 0.243478 0.920613 0.244565 0.918175 0.236957 0.918175 0.226087 0.917131 0.218478 0.916783 0.21086999999999997 0.91539 0.208696 0.914345 0.211957 0.914345 0.216304 0.9129530000000001 0.226087 0.912256 0.24130400000000002
3 0.875348 0.238043 0.872911 0.231522 0.8725630000000001 0.21739099999999997 0.871866 0.21413000000000001 0.871866 0.208696 0.87117 0.206522 0.870125 0.208696 0.868036 0.23478300000000002 0.866295 0.238043 0.875348 0.238043
3 0.744081 0.225 0.742688 0.220652 0.742688 0.211957 0.741295 0.20108700000000002 0.740599 0.202174 0.739206 0.221739 0.7378129999999999 0.225 0.744081 0.225
3 0.727716 0.216304 0.726323 0.197826 0.725279 0.19456500000000002 0.724234 0.203261 0.723886 0.213043 0.7228410000000001 0.215217 0.727716 0.216304
3 0.759749 0.21086999999999997 0.758705 0.20543499999999998 0.758008 0.191304 0.757312 0.191304 0.756616 0.19347799999999998 0.756267 0.20434800000000003 0.755223 0.21086999999999997 0.759749 0.21086999999999997
3 0.847145 0.20108700000000002 0.846448 0.184783 0.844708 0.184783 0.844708 0.18913 0.842967 0.20108700000000002 0.847145 0.20108700000000002
1 0.942897 0.17282599999999998 0.942549 0.170652 0.9418519999999999 0.170652 0.9401109999999999 0.18695699999999998 0.9439420000000001 0.18695699999999998 0.942897 0.18043499999999998 0.942897 0.17282599999999998
3 0.8098890000000001 0.228261 0.8081480000000001 0.233696 0.816156 0.233696 0.814415 0.22934800000000002 0.8130219999999999 0.20760900000000002 0.8116300000000001 0.20543499999999998 0.810933 0.20760900000000002 0.810933 0.213043 0.8102370000000001 0.215217 0.8098890000000001 0.228261
3 0.80571 0.206522 0.80571 0.20434800000000003 0.8050140000000001 0.203261 0.8050140000000001 0.19456500000000002 0.803969 0.18804300000000002 0.8032730000000001 0.18913 0.802228 0.20108700000000002 0.8011839999999999 0.206522 0.80571 0.206522
1 0.866295 0.192391 0.865947 0.183696 0.864554 0.182609 0.8638579999999999 0.195652 0.863162 0.198913 0.8673400000000001 0.198913 0.866295 0.192391
1 0.930362 0.182609 0.9296659999999999 0.171739 0.928969 0.170652 0.9282730000000001 0.179348 0.927228 0.184783 0.9310579999999999 0.184783 0.930362 0.182609
1 0.9327989999999999 0.16956500000000002 0.9317550000000001 0.182609 0.9352370000000001 0.182609 0.9334960000000001 0.16956500000000002 0.9327989999999999 0.16956500000000002
3 0.87883 0.195652 0.8777860000000001 0.179348 0.876393 0.18152200000000002 0.8760450000000001 0.190217 0.875 0.195652 0.87883 0.195652