1 0.49199200000000004 0.476087 0.490599 0.48695700000000003 0.489903 0.502174 0.488858 0.5054350000000001 0.486421 0.504348 0.486421 0.5108699999999999 0.489903 0.5130429999999999 0.5027860000000001 0.5130429999999999 0.504875 0.509783 0.505223 0.504348 0.502089 0.503261 0.501045 0.501087 0.500696 0.48586999999999997 0.49895500000000004 0.470652 0.497563 0.43804299999999996 0.496866 0.43587 0.495125 0.43587 0.49373300000000003 0.43804299999999996 0.493384 0.45108699999999996 0.49268799999999996 0.45543500000000003 0.49199200000000004 0.476087
1 0.40668499999999996 0.43260899999999997 0.406337 0.43804299999999996 0.418524 0.43804299999999996 0.418872 0.43260899999999997 0.416435 0.431522 0.416435 0.426087 0.415738 0.422826 0.413997 0.397826 0.413997 0.386957 0.411212 0.38587 0.409819 0.407609 0.409123 0.430435 0.40842599999999996 0.43260899999999997 0.40668499999999996 0.43260899999999997
1 0.329387 0.40217400000000003 0.32903899999999997 0.406522 0.338788 0.407609 0.339136 0.404348 0.337047 0.4 0.335306 0.370652 0.33460999999999996 0.36739099999999997 0.333217 0.36739099999999997 0.332173 0.371739 0.331476 0.4 0.33077999999999996 0.40217400000000003 0.329387 0.40217400000000003
1 0.264972 0.390217 0.264972 0.392391 0.274373 0.393478 0.274721 0.391304 0.272284 0.386957 0.27124000000000004 0.36739099999999997 0.270195 0.358696 0.268454 0.358696 0.267758 0.365217 0.267409 0.38152200000000003 0.266713 0.388043 0.264972 0.390217
1 0.172006 0.383696 0.172006 0.386957 0.179318 0.386957 0.179666 0.383696 0.178273 0.38152200000000003 0.177925 0.375 0.17687999999999998 0.371739 0.176532 0.356522 0.175836 0.353261 0.174095 0.353261 0.173398 0.363043 0.173398 0.378261 0.17304999999999998 0.38152200000000003 0.172006 0.383696
1 0.080084 0.38043499999999997 0.079039 0.38260900000000003 0.078343 0.388043 0.087396 0.38913000000000003 0.087744 0.384783 0.086003 0.38152200000000003 0.085306 0.370652 0.084262 0.365217 0.084262 0.357609 0.083565 0.354348 0.08182500000000001 0.354348 0.081128 0.356522 0.081128 0.365217 0.080432 0.36847799999999997 0.080084 0.38043499999999997
3 0.191504 0.428261 0.190808 0.441304 0.188022 0.44565200000000005 0.188022 0.448913 0.202298 0.45 0.20299399999999998 0.44782599999999995 0.20264600000000002 0.443478 0.199861 0.43913 0.199861 0.42717400000000005 0.200557 0.426087 0.200557 0.422826 0.198468 0.41086999999999996 0.197772 0.39891299999999996 0.196379 0.393478 0.193942 0.393478 0.193593 0.404348 0.192897 0.407609 0.192201 0.425 0.191504 0.428261
3 0.137187 0.40869600000000006 0.13649 0.41304299999999994 0.135446 0.41304299999999994 0.135446 0.41630399999999995 0.145543 0.41630399999999995 0.145543 0.41413 0.14415 0.409783 0.14415 0.39891299999999996 0.143454 0.391304 0.143802 0.38913000000000003 0.142409 0.38043499999999997 0.142409 0.373913 0.139972 0.371739 0.138579 0.377174 0.138579 0.38587 0.137883 0.388043 0.137187 0.40869600000000006
1 0.700209 0.609783 0.698816 0.621739 0.698468 0.636957 0.697772 0.647826 0.697075 0.651087 0.696727 0.661957 0.6956819999999999 0.669565 0.691852 0.671739 0.6904600000000001 0.676087 0.6904600000000001 0.678261 0.689763 0.679348 0.689763 0.686957 0.690111 0.68913 0.692897 0.693478 0.694986 0.693478 0.701253 0.698913 0.719011 0.697826 0.721797 0.694565 0.723189 0.690217 0.723189 0.682609 0.720404 0.670652 0.7169220000000001 0.66413 0.715529 0.655435 0.7151810000000001 0.642391 0.714485 0.636957 0.714485 0.626087 0.712744 0.597826 0.711351 0.58587 0.711003 0.572826 0.710306 0.568478 0.710306 0.552174 0.70961 0.55 0.704387 0.55 0.703343 0.551087 0.7016020000000001 0.588043 0.700905 0.590217 0.700209 0.609783
3 0.24756300000000003 0.641304 0.24651800000000001 0.65 0.24651800000000001 0.657609 0.24547400000000003 0.661957 0.24547400000000003 0.668478 0.244429 0.673913 0.244429 0.681522 0.243384 0.692391 0.243384 0.7021740000000001 0.24268800000000001 0.706522 0.24129499999999998 0.729348 0.240251 0.733696 0.23920599999999997 0.766304 0.23711700000000002 0.770652 0.23154599999999997 0.777174 0.230153 0.78587 0.23050099999999998 0.7978259999999999 0.23328700000000002 0.8054349999999999 0.240599 0.809783 0.243384 0.809783 0.24477699999999997 0.8119569999999999 0.25243699999999997 0.8119569999999999 0.258008 0.808696 0.261142 0.808696 0.271936 0.7978259999999999 0.276462 0.784783 0.276462 0.776087 0.275766 0.772826 0.27507000000000004 0.772826 0.273677 0.768478 0.267758 0.76413 0.266713 0.761957 0.266365 0.734783 0.26566900000000004 0.729348 0.26532 0.7119570000000001 0.263579 0.695652 0.262883 0.679348 0.26149 0.673913 0.260794 0.6586960000000001 0.258357 0.641304 0.257312 0.616304 0.24965199999999999 0.616304 0.24860699999999997 0.6195649999999999 0.24756300000000003 0.632609 0.24756300000000003 0.641304
3 0.21448499999999998 0.518478 0.21344 0.525 0.211351 0.526087 0.21065499999999998 0.528261 0.21030600000000002 0.5336960000000001 0.21344 0.536957 0.22562700000000002 0.536957 0.23119800000000001 0.534783 0.232242 0.532609 0.232591 0.527174 0.232242 0.525 0.229109 0.522826 0.22736800000000001 0.5108699999999999 0.22736800000000001 0.503261 0.22667099999999998 0.501087 0.22667099999999998 0.492391 0.225279 0.478261 0.225279 0.471739 0.224234 0.46195700000000006 0.224234 0.452174 0.223189 0.44782599999999995 0.219359 0.44782599999999995 0.21796700000000002 0.463043 0.216574 0.497826 0.21518099999999998 0.506522 0.21448499999999998 0.518478