3 0.24477699999999997 0.375 0.243384 0.375 0.24129499999999998 0.38152200000000003 0.24268800000000001 0.384783 0.25766 0.384783 0.258357 0.38260900000000003 0.259749 0.38260900000000003 0.258357 0.379348 0.258008 0.376087 0.256964 0.376087 0.255571 0.372826 0.254875 0.363043 0.25522300000000003 0.352174 0.254526 0.347826 0.254526 0.341304 0.253482 0.33587 0.252786 0.319565 0.24930400000000003 0.318478 0.248259 0.336957 0.247214 0.344565 0.24582199999999998 0.372826 0.24477699999999997 0.375
1 0.610376 0.765217 0.60968 0.768478 0.608287 0.78587 0.6068939999999999 0.791304 0.604805 0.825 0.6037600000000001 0.831522 0.603412 0.846739 0.629178 0.846739 0.628482 0.8054349999999999 0.6277860000000001 0.798913 0.6277860000000001 0.790217 0.626045 0.757609 0.625696 0.719565 0.624652 0.717391 0.620822 0.7163039999999999 0.619429 0.71413 0.615251 0.71413 0.61351 0.718478 0.612465 0.740217 0.611072 0.752174 0.610376 0.765217
1 0.639624 0.4 0.639624 0.404348 0.64032 0.406522 0.643802 0.407609 0.653203 0.407609 0.653203 0.404348 0.650766 0.403261 0.649025 0.397826 0.648677 0.36086999999999997 0.647632 0.354348 0.645543 0.354348 0.6444989999999999 0.363043 0.642409 0.395652 0.641365 0.39891299999999996 0.639624 0.4
1 0.869429 0.359783 0.868036 0.35 0.867688 0.33587 0.865947 0.334783 0.864554 0.343478 0.864206 0.353261 0.862813 0.358696 0.869429 0.359783
3 0.8095399999999999 0.33913000000000004 0.8077989999999999 0.318478 0.8067550000000001 0.318478 0.80571 0.326087 0.80571 0.33260900000000004 0.8050140000000001 0.338043 0.8095399999999999 0.33913000000000004
3 0.743733 0.313043 0.744429 0.317391 0.744777 0.331522 0.745822 0.33260900000000004 0.745822 0.330435 0.745125 0.32934800000000003 0.745125 0.318478 0.744429 0.31521699999999997 0.744429 0.31087 0.743384 0.31087 0.740947 0.331522 0.741992 0.330435 0.74234 0.322826 0.743733 0.313043
3 0.691156 0.331522 0.689763 0.32717399999999996 0.689067 0.306522 0.6880219999999999 0.306522 0.685933 0.326087 0.684889 0.328261 0.684889 0.330435 0.691156 0.331522
3 0.628134 0.313043 0.6277860000000001 0.323913 0.626045 0.330435 0.63266 0.331522 0.630919 0.304348 0.629875 0.304348 0.629178 0.306522 0.62883 0.311957 0.628134 0.313043
3 0.553969 0.33260900000000004 0.56163 0.33260900000000004 0.560237 0.328261 0.558844 0.3 0.5577989999999999 0.3 0.556755 0.305435 0.55571 0.322826 0.553969 0.33260900000000004
3 0.875348 0.348913 0.874652 0.344565 0.8739549999999999 0.32934800000000003 0.872911 0.32934800000000003 0.87117 0.344565 0.870125 0.348913 0.875 0.35108700000000004 0.875348 0.348913
3 0.465181 0.334783 0.465181 0.338043 0.47423400000000004 0.338043 0.47423400000000004 0.334783 0.47318899999999997 0.33260900000000004 0.471448 0.3 0.46970799999999996 0.3 0.46796699999999997 0.31413 0.466922 0.331522 0.465181 0.334783
3 0.056755 0.42391300000000004 0.05501399999999999 0.44021699999999997 0.05501399999999999 0.444565 0.054318 0.44782599999999995 0.049095 0.454348 0.048747 0.463043 0.052228 0.465217 0.064415 0.465217 0.067549 0.46413000000000004 0.068593 0.46195700000000006 0.071727 0.46195700000000006 0.075209 0.45869600000000005 0.081128 0.45869600000000005 0.08077999999999999 0.45543500000000003 0.078343 0.454348 0.076253 0.44782599999999995 0.072772 0.44565200000000005 0.071727 0.44239100000000003 0.069986 0.420652 0.06928999999999999 0.394565 0.067897 0.38587 0.067897 0.379348 0.067201 0.377174 0.066504 0.363043 0.065808 0.359783 0.060585 0.359783 0.059889000000000005 0.365217 0.05954 0.38260900000000003 0.057103 0.403261 0.056755 0.42391300000000004
3 0.356546 0.322826 0.355153 0.338043 0.354109 0.342391 0.352368 0.343478 0.352368 0.347826 0.364206 0.347826 0.364206 0.344565 0.362465 0.341304 0.362117 0.333696 0.361072 0.328261 0.361072 0.31521699999999997 0.35968 0.3 0.357591 0.301087 0.357591 0.305435 0.356546 0.313043 0.356546 0.322826
1 0.714485 0.375 0.712396 0.378261 0.712396 0.38043499999999997 0.723189 0.38152200000000003 0.723189 0.379348 0.721448 0.373913 0.721448 0.36847799999999997 0.720404 0.359783 0.720404 0.342391 0.719708 0.340217 0.718315 0.340217 0.717618 0.342391 0.715877 0.36847799999999997 0.714485 0.375
1 0.7729809999999999 0.36413 0.781337 0.365217 0.781337 0.361957 0.780292 0.36086999999999997 0.779596 0.354348 0.779248 0.333696 0.7775070000000001 0.33260900000000004 0.776114 0.33913000000000004 0.77507 0.358696 0.773677 0.36086999999999997 0.7729809999999999 0.36413
1 0.821031 0.357609 0.819638 0.35108700000000004 0.8189420000000001 0.331522 0.8172010000000001 0.330435 0.816156 0.33587 0.8154600000000001 0.35 0.8137190000000001 0.356522 0.821031 0.357609
1 0.9404600000000001 0.370652 0.9383699999999999 0.357609 0.9380219999999999 0.346739 0.9369780000000001 0.346739 0.9362809999999999 0.348913 0.9348890000000001 0.36413 0.9331480000000001 0.36956500000000003 0.9404600000000001 0.370652
1 0.5348189999999999 0.475 0.532033 0.475 0.532033 0.48043500000000006 0.531337 0.48260899999999995 0.529596 0.48260899999999995 0.529248 0.48695700000000003 0.544916 0.492391 0.549443 0.492391 0.5501389999999999 0.490217 0.551532 0.490217 0.553969 0.48695700000000003 0.553969 0.48260899999999995 0.552577 0.48260899999999995 0.5518799999999999 0.47717400000000004 0.549443 0.476087 0.5483979999999999 0.47282599999999997 0.5459609999999999 0.40543500000000005 0.544916 0.39891299999999996 0.541783 0.39891299999999996 0.5407379999999999 0.403261 0.535864 0.47282599999999997 0.5348189999999999 0.475