1 0.565111 0.643478 0.564415 0.645652 0.5637190000000001 0.657609 0.5630219999999999 0.659783 0.562674 0.677174 0.5612809999999999 0.684783 0.560585 0.705435 0.558844 0.718478 0.558496 0.7304350000000001 0.556407 0.748913 0.5536209999999999 0.752174 0.5518799999999999 0.752174 0.548747 0.756522 0.54805 0.76413 0.547006 0.765217 0.5483979999999999 0.767391 0.547702 0.7695649999999999 0.5407379999999999 0.767391 0.5407379999999999 0.770652 0.544916 0.780435 0.546657 0.782609 0.5483979999999999 0.78913 0.559889 0.807609 0.5654600000000001 0.807609 0.5706819999999999 0.8043480000000001 0.576253 0.8043480000000001 0.578343 0.8021739999999999 0.588788 0.8021739999999999 0.589136 0.8 0.589485 0.8021739999999999 0.592967 0.8021739999999999 0.595056 0.798913 0.596448 0.798913 0.596448 0.793478 0.595752 0.791304 0.592967 0.7880429999999999 0.5901810000000001 0.780435 0.5901810000000001 0.770652 0.587744 0.7630429999999999 0.582869 0.757609 0.5825210000000001 0.740217 0.581128 0.721739 0.5807800000000001 0.705435 0.580084 0.701087 0.5790390000000001 0.659783 0.577298 0.631522 0.577298 0.6119570000000001 0.57695 0.608696 0.575209 0.604348 0.5696380000000001 0.603261 0.567549 0.607609 0.567549 0.6141300000000001 0.5654600000000001 0.632609 0.565111 0.643478
1 0.450557 0.503261 0.449164 0.511957 0.449164 0.515217 0.44812 0.518478 0.445334 0.518478 0.445334 0.522826 0.44777199999999995 0.530435 0.451602 0.532609 0.461699 0.532609 0.46309199999999995 0.534783 0.46901099999999996 0.534783 0.470404 0.532609 0.47005600000000003 0.527174 0.46901099999999996 0.526087 0.469359 0.517391 0.46552899999999997 0.5130429999999999 0.46483299999999994 0.509783 0.461003 0.426087 0.456128 0.425 0.45578 0.44021699999999997 0.452994 0.46630399999999994 0.452994 0.47282599999999997 0.450557 0.503261
1 0.469359 0.406522 0.467618 0.425 0.466922 0.42717400000000005 0.465181 0.42717400000000005 0.464136 0.430435 0.464136 0.43478300000000003 0.46239600000000003 0.44021699999999997 0.480501 0.44239100000000003 0.48189399999999993 0.43695700000000004 0.480501 0.431522 0.47841199999999995 0.430435 0.47771600000000003 0.428261 0.47771600000000003 0.418478 0.476323 0.40543500000000005 0.47562699999999997 0.377174 0.47492999999999996 0.36847799999999997 0.473886 0.366304 0.472145 0.366304 0.4711 0.370652 0.47075199999999995 0.386957 0.47005600000000003 0.390217 0.469359 0.406522
1 0.515669 0.394565 0.514276 0.396739 0.514276 0.39891299999999996 0.5194989999999999 0.39891299999999996 0.521936 0.40108699999999997 0.527855 0.40108699999999997 0.529596 0.39891299999999996 0.528552 0.395652 0.528552 0.393478 0.5271589999999999 0.393478 0.526462 0.391304 0.524373 0.342391 0.521588 0.343478 0.5181060000000001 0.38913000000000003 0.516365 0.390217 0.515669 0.394565
1 0.620822 0.36956500000000003 0.619777 0.379348 0.618036 0.38152200000000003 0.616992 0.38587 0.629526 0.386957 0.626393 0.38043499999999997 0.625 0.343478 0.624304 0.341304 0.622911 0.341304 0.6222139999999999 0.34565199999999996 0.621866 0.355435 0.620822 0.361957 0.620822 0.36956500000000003
1 0.7848189999999999 0.4 0.7924789999999999 0.40108699999999997 0.789345 0.391304 0.787953 0.36086999999999997 0.786212 0.359783 0.785515 0.361957 0.783774 0.390217 0.781337 0.397826 0.7848189999999999 0.4
1 0.9004179999999999 0.41413 0.8997210000000001 0.418478 0.9014620000000001 0.418478 0.9042479999999999 0.421739 0.9112120000000001 0.421739 0.9101670000000001 0.417391 0.9084260000000001 0.415217 0.907033 0.38260900000000003 0.9049440000000001 0.38152200000000003 0.9032030000000001 0.396739 0.902507 0.41086999999999996 0.901811 0.41413 0.9004179999999999 0.41413
1 0.949164 0.363043 0.947772 0.347826 0.9467269999999999 0.35 0.946031 0.358696 0.944638 0.363043 0.949164 0.363043
3 0.206128 0.323913 0.20473499999999997 0.340217 0.203691 0.34565199999999996 0.203343 0.357609 0.20090499999999997 0.359783 0.200209 0.36413 0.199164 0.366304 0.195334 0.36739099999999997 0.22005599999999997 0.36739099999999997 0.21970800000000001 0.365217 0.216574 0.36413 0.21622599999999997 0.359783 0.21448499999999998 0.359783 0.21344 0.357609 0.211003 0.304348 0.208217 0.304348 0.207173 0.305435 0.20647600000000002 0.30869599999999997 0.206128 0.323913
3 0.360376 0.341304 0.360028 0.33913000000000004 0.358287 0.33913000000000004 0.357939 0.33587 0.356198 0.333696 0.354457 0.296739 0.35375999999999996 0.294565 0.35201899999999997 0.29565199999999997 0.349234 0.33260900000000004 0.34818899999999997 0.33587 0.345404 0.33913000000000004 0.360376 0.341304
3 0.487117 0.338043 0.483983 0.331522 0.482939 0.301087 0.481546 0.3 0.480501 0.302174 0.47876 0.32934800000000003 0.47597500000000004 0.336957 0.487117 0.338043
3 0.5884400000000001 0.340217 0.587744 0.342391 0.589485 0.344565 0.596797 0.344565 0.594708 0.336957 0.5943590000000001 0.31413 0.592967 0.31087 0.591574 0.31521699999999997 0.591574 0.323913 0.5901810000000001 0.33913000000000004 0.5884400000000001 0.340217
3 0.712396 0.36086999999999997 0.713092 0.358696 0.712047 0.357609 0.711351 0.353261 0.710655 0.32934800000000003 0.7092620000000001 0.32934800000000003 0.708565 0.331522 0.7075210000000001 0.348913 0.705084 0.358696 0.712396 0.36086999999999997
3 0.8238160000000001 0.38152200000000003 0.829387 0.38152200000000003 0.829387 0.379348 0.8283429999999999 0.378261 0.8272980000000001 0.35108700000000004 0.8252090000000001 0.352174 0.8234680000000001 0.375 0.820682 0.379348 0.8238160000000001 0.38152200000000003
3 0.887535 0.392391 0.8913650000000001 0.394565 0.897981 0.394565 0.895195 0.390217 0.894499 0.366304 0.89415 0.36413 0.892409 0.36413 0.8910170000000001 0.373913 0.889972 0.388043 0.888579 0.38913000000000003 0.887535 0.392391
3 0.9331480000000001 0.39891299999999996 0.934192 0.40108699999999997 0.940808 0.40108699999999997 0.940808 0.39891299999999996 0.939067 0.396739 0.9383699999999999 0.372826 0.937674 0.370652 0.935933 0.372826 0.933844 0.394565 0.9317550000000001 0.39891299999999996 0.9331480000000001 0.39891299999999996
3 0.934192 0.379348 0.9331480000000001 0.376087 0.932451 0.357609 0.9314069999999999 0.356522 0.930362 0.359783 0.929318 0.375 0.9279249999999999 0.378261 0.934192 0.379348
3 0.8777860000000001 0.359783 0.877089 0.357609 0.8760450000000001 0.340217 0.874652 0.341304 0.8739549999999999 0.353261 0.8725630000000001 0.359783 0.8777860000000001 0.359783
3 0.849234 0.343478 0.849234 0.333696 0.848886 0.331522 0.8478410000000001 0.331522 0.8467969999999999 0.343478 0.8457520000000001 0.347826 0.850627 0.348913 0.849234 0.343478
3 0.852019 0.328261 0.850975 0.32934800000000003 0.8495820000000001 0.343478 0.853064 0.343478 0.852019 0.328261
3 0.881616 0.33260900000000004 0.880571 0.333696 0.8791779999999999 0.346739 0.8826599999999999 0.346739 0.881616 0.33260900000000004
3 0.9244429999999999 0.353261 0.923398 0.340217 0.9227019999999999 0.33913000000000004 0.922006 0.341304 0.9213089999999999 0.348913 0.920265 0.352174 0.9244429999999999 0.353261
1 0.676184 0.383696 0.678273 0.386957 0.6880219999999999 0.386957 0.684889 0.378261 0.683496 0.34565199999999996 0.682103 0.344565 0.679666 0.366304 0.6793180000000001 0.378261 0.677228 0.38043499999999997 0.676184 0.383696
1 0.9334960000000001 0.36739099999999997 0.937674 0.366304 0.935933 0.35 0.9348890000000001 0.355435 0.934192 0.36413 0.9331480000000001 0.365217 0.9334960000000001 0.36739099999999997
1 0.934192 0.361957 0.9345399999999999 0.355435 0.935585 0.35 0.9352370000000001 0.347826 0.934192 0.348913 0.9331480000000001 0.355435 0.9331480000000001 0.363043 0.934192 0.361957