3 0.34226999999999996 0.5054350000000001 0.340877 0.5054350000000001 0.339485 0.509783 0.339485 0.516304 0.358983 0.516304 0.35933099999999996 0.5130429999999999 0.357591 0.504348 0.35585 0.504348 0.354805 0.49891300000000005 0.35201899999999997 0.46087 0.350975 0.43804299999999996 0.347145 0.43695700000000004 0.34609999999999996 0.44239100000000003 0.345056 0.46956499999999995 0.342967 0.501087 0.34226999999999996 0.5054350000000001
3 0.33077999999999996 0.421739 0.329735 0.43804299999999996 0.327994 0.43913 0.327298 0.443478 0.325905 0.443478 0.326253 0.44565200000000005 0.337744 0.44565200000000005 0.34018099999999996 0.443478 0.34018099999999996 0.43913 0.338092 0.43587 0.337396 0.42934799999999995 0.337396 0.41956499999999997 0.33843999999999996 0.417391 0.339136 0.41304299999999994 0.337744 0.41304299999999994 0.337047 0.41086999999999996 0.336003 0.39891299999999996 0.334958 0.393478 0.33286899999999997 0.393478 0.331476 0.40869600000000006 0.331476 0.418478 0.33077999999999996 0.421739
3 0.420961 0.36739099999999997 0.41956800000000005 0.371739 0.41956800000000005 0.373913 0.42548700000000006 0.373913 0.423398 0.347826 0.422006 0.347826 0.421657 0.355435 0.420265 0.36413 0.420265 0.366304 0.420961 0.36739099999999997
0 0.41190800000000005 0.347826 0.411212 0.344565 0.410515 0.333696 0.40947100000000003 0.33260900000000004 0.408774 0.336957 0.408774 0.344565 0.40773000000000004 0.347826 0.41190800000000005 0.347826
0 0.27332900000000004 0.32934800000000003 0.272284 0.32934800000000003 0.270543 0.344565 0.274721 0.344565 0.274025 0.342391 0.27332900000000004 0.32934800000000003
0 0.320682 0.323913 0.319638 0.33587 0.322772 0.33587 0.321727 0.323913 0.320682 0.323913
0 0.362465 0.328261 0.361072 0.341304 0.364206 0.341304 0.36351 0.328261 0.362465 0.328261
1 0.447075 0.386957 0.446727 0.390217 0.454039 0.391304 0.454039 0.386957 0.452994 0.384783 0.452994 0.376087 0.452298 0.372826 0.451602 0.359783 0.45020899999999997 0.359783 0.448468 0.376087 0.448468 0.383696 0.44777199999999995 0.386957 0.447075 0.386957
1 0.452994 0.40543500000000005 0.46239600000000003 0.406522 0.462744 0.403261 0.461003 0.40108699999999997 0.460306 0.396739 0.45891400000000004 0.370652 0.457521 0.36956500000000003 0.456476 0.375 0.455084 0.4 0.454039 0.40108699999999997 0.452994 0.40543500000000005
3 0.474582 0.36956500000000003 0.48015299999999994 0.370652 0.47841199999999995 0.346739 0.47736799999999996 0.346739 0.476323 0.353261 0.47562699999999997 0.366304 0.474582 0.36739099999999997 0.474582 0.36956500000000003
1 0.489206 0.409783 0.48851000000000006 0.415217 0.487117 0.41630399999999995 0.487117 0.421739 0.49721399999999993 0.421739 0.496866 0.41630399999999995 0.495474 0.41630399999999995 0.494777 0.411957 0.49303600000000003 0.38043499999999997 0.49129500000000004 0.379348 0.49025100000000005 0.384783 0.49025100000000005 0.391304 0.489206 0.4 0.489206 0.409783
1 0.512535 0.383696 0.512535 0.38043499999999997 0.51149 0.378261 0.510794 0.370652 0.510097 0.355435 0.508705 0.355435 0.50766 0.365217 0.50766 0.372826 0.506267 0.38260900000000003 0.512535 0.383696
3 0.540042 0.370652 0.538649 0.36413 0.5383009999999999 0.35108700000000004 0.537604 0.347826 0.5365599999999999 0.347826 0.535515 0.365217 0.534471 0.36847799999999997 0.534471 0.370652 0.540042 0.370652
1 0.556407 0.443478 0.5560579999999999 0.45 0.556755 0.452174 0.568245 0.452174 0.5689420000000001 0.45108699999999996 0.56929 0.44565200000000005 0.566504 0.441304 0.564067 0.4 0.5612809999999999 0.39891299999999996 0.558844 0.431522 0.558844 0.44021699999999997 0.558148 0.443478 0.556407 0.443478
1 0.580432 0.359783 0.579735 0.356522 0.578691 0.356522 0.576253 0.38260900000000003 0.5821729999999999 0.383696 0.580432 0.36739099999999997 0.580432 0.359783
3 0.610028 0.371739 0.607939 0.35 0.606546 0.35 0.6055010000000001 0.36739099999999997 0.604457 0.36847799999999997 0.604457 0.371739 0.610028 0.371739
1 0.6521589999999999 0.388043 0.6504179999999999 0.378261 0.649721 0.365217 0.648677 0.36086999999999997 0.647632 0.36086999999999997 0.646936 0.365217 0.646588 0.378261 0.6448470000000001 0.388043 0.6521589999999999 0.388043
1 0.63266 0.484783 0.632312 0.48804299999999995 0.631267 0.490217 0.631616 0.49347799999999997 0.634401 0.496739 0.649373 0.496739 0.649721 0.494565 0.648329 0.48804299999999995 0.6462399999999999 0.48586999999999997 0.645195 0.481522 0.6448470000000001 0.46630399999999994 0.642409 0.43587 0.642409 0.42934799999999995 0.638579 0.430435 0.636142 0.46195700000000006 0.6354460000000001 0.46413000000000004 0.635097 0.483696 0.63266 0.484783
1 0.73468 0.5478259999999999 0.733287 0.5586960000000001 0.731546 0.5869570000000001 0.727716 0.58913 0.726323 0.594565 0.723886 0.594565 0.723538 0.598913 0.7322420000000001 0.61087 0.755571 0.6119570000000001 0.754875 0.608696 0.752437 0.604348 0.752089 0.597826 0.75 0.593478 0.748259 0.593478 0.747911 0.588043 0.7472139999999999 0.5869570000000001 0.744081 0.516304 0.744081 0.504348 0.73851 0.503261 0.737117 0.5130429999999999 0.736072 0.532609 0.735028 0.536957 0.73468 0.5478259999999999
1 0.690111 0.397826 0.698468 0.397826 0.698468 0.395652 0.696727 0.38913000000000003 0.695334 0.365217 0.693593 0.365217 0.692549 0.375 0.691852 0.392391 0.690808 0.393478 0.690111 0.397826
3 0.722145 0.378261 0.722145 0.376087 0.720752 0.372826 0.720056 0.357609 0.7193590000000001 0.353261 0.718315 0.353261 0.71727 0.361957 0.71727 0.36847799999999997 0.715877 0.378261 0.722145 0.378261
1 0.755919 0.40869600000000006 0.756267 0.41304299999999994 0.755571 0.415217 0.754178 0.415217 0.753482 0.41956499999999997 0.754875 0.421739 0.764276 0.421739 0.764624 0.418478 0.762883 0.415217 0.76149 0.40543500000000005 0.7604460000000001 0.383696 0.758008 0.38260900000000003 0.756964 0.395652 0.754526 0.40108699999999997 0.754526 0.40543500000000005 0.755919 0.40869600000000006
3 0.782033 0.388043 0.780292 0.38043499999999997 0.779248 0.36956500000000003 0.779248 0.363043 0.778552 0.36086999999999997 0.7771589999999999 0.36086999999999997 0.776114 0.370652 0.776114 0.378261 0.774373 0.388043 0.782033 0.388043
1 0.807451 0.43913 0.807451 0.441304 0.8060579999999999 0.44565200000000005 0.810585 0.44782599999999995 0.821031 0.44782599999999995 0.821379 0.44565200000000005 0.820682 0.44565200000000005 0.81929 0.44021699999999997 0.8182449999999999 0.44021699999999997 0.817549 0.43695700000000004 0.8154600000000001 0.4 0.812674 0.39891299999999996 0.8112809999999999 0.40869600000000006 0.8098890000000001 0.430435 0.8098890000000001 0.43804299999999996 0.807451 0.43913
3 0.89624 0.409783 0.89624 0.41413 0.9063370000000001 0.415217 0.9066850000000001 0.41304299999999994 0.9049440000000001 0.40869600000000006 0.902855 0.379348 0.9021589999999999 0.377174 0.90007 0.377174 0.898329 0.397826 0.898329 0.40543500000000005 0.897284 0.409783 0.89624 0.409783
3 0.214833 0.590217 0.213788 0.6195649999999999 0.212744 0.628261 0.21239599999999997 0.6445649999999999 0.209958 0.6673910000000001 0.208914 0.6913039999999999 0.204039 0.695652 0.20299399999999998 0.698913 0.202298 0.706522 0.201602 0.708696 0.196727 0.7163039999999999 0.197075 0.722826 0.23119800000000001 0.722826 0.232939 0.718478 0.23468 0.717391 0.23920599999999997 0.709783 0.240251 0.709783 0.24477699999999997 0.7021740000000001 0.24477699999999997 0.698913 0.244081 0.696739 0.240599 0.696739 0.239554 0.690217 0.23851 0.688043 0.23363499999999998 0.68587 0.231894 0.678261 0.231894 0.673913 0.23050099999999998 0.6630429999999999 0.23050099999999998 0.65 0.228064 0.617391 0.22597499999999998 0.6010869999999999 0.22597499999999998 0.593478 0.22493 0.584783 0.22388599999999997 0.563043 0.21727 0.563043 0.215877 0.565217 0.215877 0.5771740000000001 0.214833 0.590217
3 0.316156 0.407609 0.31371899999999997 0.415217 0.31371899999999997 0.417391 0.323468 0.418478 0.324164 0.417391 0.324164 0.41413 0.322423 0.411957 0.322423 0.40869600000000006 0.32137899999999997 0.403261 0.320334 0.38913000000000003 0.320334 0.379348 0.319638 0.376087 0.318593 0.376087 0.31754899999999997 0.379348 0.31754899999999997 0.388043 0.316504 0.396739 0.316156 0.407609
3 0.367688 0.379348 0.366295 0.372826 0.36594699999999997 0.361957 0.36490300000000003 0.352174 0.36351 0.352174 0.362813 0.356522 0.362117 0.375 0.360376 0.379348 0.367688 0.379348
3 0.821379 0.393478 0.820682 0.396739 0.829387 0.397826 0.830084 0.395652 0.8283429999999999 0.390217 0.826602 0.36739099999999997 0.824861 0.366304 0.8238160000000001 0.373913 0.82312 0.391304 0.822423 0.393478 0.821379 0.393478
1 0.909819 0.48260899999999995 0.9084260000000001 0.48695700000000003 0.9059889999999999 0.48804299999999995 0.9059889999999999 0.49130399999999996 0.913301 0.49347799999999997 0.9146940000000001 0.49565200000000004 0.928969 0.49565200000000004 0.929318 0.49347799999999997 0.928621 0.49130399999999996 0.92688 0.490217 0.9254870000000001 0.484783 0.924095 0.484783 0.923398 0.48260899999999995 0.9192199999999999 0.430435 0.916086 0.42934799999999995 0.9146940000000001 0.43478300000000003 0.912256 0.467391 0.911908 0.481522 0.909819 0.48260899999999995
0 0.370822 0.353261 0.37117 0.348913 0.370125 0.343478 0.370125 0.336957 0.369429 0.331522 0.36873300000000003 0.330435 0.367688 0.34565199999999996 0.366643 0.347826 0.366643 0.352174 0.370822 0.353261
3 0.316504 0.391304 0.317201 0.388043 0.315808 0.383696 0.315808 0.372826 0.314763 0.36739099999999997 0.314415 0.359783 0.312674 0.358696 0.31128100000000003 0.38260900000000003 0.309192 0.38913000000000003 0.30954000000000004 0.391304 0.316504 0.391304