1 0.67305 0.543478 0.672354 0.546739 0.6692199999999999 0.5478259999999999 0.668524 0.554348 0.6657379999999999 0.557609 0.669916 0.559783 0.673747 0.56413 0.694986 0.561957 0.6946380000000001 0.559783 0.693245 0.559783 0.691852 0.556522 0.691504 0.55 0.6869780000000001 0.5478259999999999 0.685585 0.526087 0.684889 0.501087 0.683844 0.494565 0.682451 0.465217 0.677925 0.46630399999999994 0.6754870000000001 0.5054350000000001 0.674443 0.509783 0.674443 0.521739 0.67305 0.543478
1 0.758705 0.394565 0.759053 0.392391 0.757312 0.38913000000000003 0.757312 0.377174 0.756267 0.358696 0.754178 0.357609 0.753134 0.36086999999999997 0.751741 0.38587 0.749652 0.393478 0.758705 0.394565
1 0.735376 0.370652 0.733635 0.376087 0.733635 0.378261 0.740599 0.378261 0.7395539999999999 0.371739 0.7395539999999999 0.358696 0.738858 0.357609 0.73851 0.347826 0.736769 0.348913 0.736421 0.356522 0.735376 0.363043 0.735376 0.370652
1 0.7134400000000001 0.35108700000000004 0.712396 0.343478 0.712396 0.331522 0.7116990000000001 0.32934800000000003 0.710655 0.32934800000000003 0.709958 0.343478 0.708914 0.347826 0.708914 0.35108700000000004 0.7134400000000001 0.35108700000000004
1 0.702994 0.342391 0.70195 0.33587 0.70195 0.325 0.701253 0.322826 0.700209 0.325 0.6998610000000001 0.33587 0.698816 0.342391 0.702994 0.342391
1 0.69429 0.331522 0.693593 0.334783 0.697075 0.334783 0.696031 0.326087 0.696031 0.318478 0.694986 0.319565 0.694986 0.325 0.69429 0.32717399999999996 0.69429 0.331522
1 0.118384 0.394565 0.11734 0.397826 0.11734 0.4 0.12987500000000002 0.4 0.12987500000000002 0.396739 0.128134 0.394565 0.127786 0.38260900000000003 0.126393 0.36956500000000003 0.126393 0.358696 0.125696 0.355435 0.12325900000000001 0.356522 0.120474 0.391304 0.119777 0.394565 0.118384 0.394565
1 0.299095 0.386957 0.299443 0.384783 0.298398 0.38260900000000003 0.297702 0.378261 0.296657 0.353261 0.29596100000000003 0.348913 0.29422000000000004 0.348913 0.29213100000000003 0.379348 0.29039000000000004 0.383696 0.29039000000000004 0.386957 0.299095 0.386957
1 0.386838 0.36739099999999997 0.38649 0.371739 0.39415 0.371739 0.39449900000000004 0.36956500000000003 0.393106 0.36739099999999997 0.391713 0.340217 0.389624 0.340217 0.388579 0.353261 0.388579 0.36413 0.387883 0.36739099999999997 0.386838 0.36739099999999997
1 0.405641 0.346739 0.404596 0.325 0.402855 0.325 0.40181100000000003 0.343478 0.400418 0.348913 0.40703300000000003 0.35 0.405641 0.346739
1 0.397632 0.336957 0.396588 0.33260900000000004 0.395891 0.31413 0.39449900000000004 0.31521699999999997 0.393802 0.328261 0.392409 0.336957 0.397632 0.336957
1 0.393454 0.328261 0.393106 0.322826 0.392409 0.321739 0.392409 0.30978300000000003 0.391017 0.30869599999999997 0.389972 0.325 0.388579 0.32934800000000003 0.393454 0.328261
1 0.452298 0.328261 0.451602 0.326087 0.451602 0.320652 0.450905 0.319565 0.450905 0.30978300000000003 0.44951299999999994 0.31087 0.44951299999999994 0.317391 0.44777199999999995 0.328261 0.452298 0.328261
1 0.49860699999999997 0.32717399999999996 0.498259 0.31413 0.497563 0.31087 0.496518 0.311957 0.496518 0.319565 0.495125 0.32717399999999996 0.49860699999999997 0.32717399999999996
3 0.389624 0.515217 0.388928 0.517391 0.388928 0.520652 0.387535 0.5239130000000001 0.386142 0.5239130000000001 0.385794 0.527174 0.40424800000000005 0.5293479999999999 0.40668499999999996 0.526087 0.41156 0.5239130000000001 0.41156 0.521739 0.408774 0.521739 0.407382 0.516304 0.404596 0.5130429999999999 0.400418 0.444565 0.399373 0.44021699999999997 0.397284 0.44021699999999997 0.395195 0.465217 0.39449900000000004 0.468478 0.392061 0.51413 0.389624 0.515217
3 0.49791100000000005 0.453261 0.495822 0.45543500000000003 0.49442899999999995 0.46087 0.508008 0.46195700000000006 0.51149 0.459783 0.51149 0.457609 0.509749 0.457609 0.509053 0.454348 0.506964 0.453261 0.504178 0.404348 0.503482 0.40108699999999997 0.501393 0.40108699999999997 0.500696 0.403261 0.500348 0.415217 0.49930399999999997 0.421739 0.49791100000000005 0.453261
3 0.621866 0.41304299999999994 0.621518 0.41630399999999995 0.620474 0.418478 0.633357 0.418478 0.634053 0.41630399999999995 0.631616 0.41304299999999994 0.630571 0.40869600000000006 0.630223 0.393478 0.628482 0.371739 0.626393 0.371739 0.623955 0.40108699999999997 0.623955 0.41086999999999996 0.623259 0.41304299999999994 0.621866 0.41304299999999994
3 0.647632 0.390217 0.6479809999999999 0.386957 0.646588 0.383696 0.6462399999999999 0.376087 0.645543 0.373913 0.645195 0.355435 0.6444989999999999 0.353261 0.642409 0.354348 0.641365 0.38043499999999997 0.639276 0.388043 0.64032 0.390217 0.647632 0.390217
3 0.645543 0.355435 0.645891 0.372826 0.647284 0.372826 0.6479809999999999 0.36956500000000003 0.646936 0.36847799999999997 0.6462399999999999 0.35 0.645195 0.342391 0.64415 0.341304 0.643454 0.343478 0.6431060000000001 0.352174 0.6444989999999999 0.352174 0.645543 0.355435
3 0.6504179999999999 0.347826 0.6504179999999999 0.34565199999999996 0.649025 0.343478 0.649025 0.33260900000000004 0.647632 0.32717399999999996 0.646588 0.32934800000000003 0.6462399999999999 0.33260900000000004 0.646936 0.347826 0.6504179999999999 0.347826
3 0.091226 0.43695700000000004 0.090529 0.45543500000000003 0.089136 0.46087 0.087047 0.46195700000000006 0.086351 0.46630399999999994 0.087047 0.468478 0.102019 0.468478 0.104805 0.46413000000000004 0.104805 0.46087 0.102716 0.45869600000000005 0.100975 0.452174 0.098189 0.404348 0.09714500000000001 0.4 0.095056 0.4 0.094011 0.403261 0.09226999999999999 0.42934799999999995 0.091226 0.43695700000000004
3 0.46657400000000004 0.40869600000000006 0.46726999999999996 0.407609 0.46726999999999996 0.404348 0.465181 0.4 0.46483299999999994 0.38043499999999997 0.46344 0.372826 0.46309199999999995 0.365217 0.46135099999999996 0.365217 0.45891400000000004 0.40217400000000003 0.457521 0.403261 0.456825 0.407609 0.46657400000000004 0.40869600000000006
3 0.522284 0.371739 0.521588 0.372826 0.521588 0.378261 0.520195 0.38043499999999997 0.520543 0.38260900000000003 0.528203 0.38260900000000003 0.528203 0.38043499999999997 0.526462 0.377174 0.52507 0.348913 0.523329 0.35108700000000004 0.5229809999999999 0.36086999999999997 0.522284 0.363043 0.522284 0.371739
3 0.53273 0.361957 0.538649 0.363043 0.538997 0.36086999999999997 0.537953 0.358696 0.537256 0.35108700000000004 0.536908 0.336957 0.535515 0.33587 0.534123 0.347826 0.534123 0.357609 0.53273 0.359783 0.53273 0.361957
3 0.52507 0.336957 0.5254179999999999 0.334783 0.524373 0.330435 0.524025 0.317391 0.5229809999999999 0.317391 0.521936 0.325 0.521936 0.331522 0.520891 0.33587 0.52507 0.336957
3 0.49268799999999996 0.348913 0.49303600000000003 0.346739 0.49199200000000004 0.343478 0.49129500000000004 0.32717399999999996 0.49025100000000005 0.325 0.488858 0.33587 0.488858 0.344565 0.487465 0.347826 0.49268799999999996 0.348913
3 0.482242 0.33913000000000004 0.487117 0.33913000000000004 0.48607199999999995 0.334783 0.48607199999999995 0.32717399999999996 0.48502799999999996 0.318478 0.48433099999999996 0.319565 0.48363500000000004 0.325 0.48328699999999997 0.33587 0.482242 0.33913000000000004
3 0.577298 0.331522 0.57695 0.318478 0.575905 0.31521699999999997 0.575209 0.318478 0.574164 0.334783 0.577994 0.334783 0.577298 0.331522
1 0.810933 0.668478 0.8102370000000001 0.670652 0.8095399999999999 0.680435 0.8060579999999999 0.706522 0.8084960000000001 0.7076089999999999 0.808844 0.713043 0.80571 0.738043 0.805362 0.746739 0.8029249999999999 0.752174 0.798747 0.754348 0.796657 0.761957 0.794916 0.76413 0.794916 0.767391 0.796309 0.7739130000000001 0.797354 0.7836960000000001 0.8004870000000001 0.794565 0.80188 0.795652 0.8440110000000001 0.803261 0.844708 0.8010870000000001 0.844708 0.7978259999999999 0.8408770000000001 0.78587 0.841226 0.771739 0.8391360000000001 0.765217 0.8370469999999999 0.761957 0.8335649999999999 0.7608699999999999 0.832869 0.757609 0.8252090000000001 0.632609 0.824861 0.615217 0.822423 0.61087 0.816156 0.6119570000000001 0.8151109999999999 0.616304 0.8119780000000001 0.659783 0.810933 0.66413 0.810933 0.668478
1 0.7754179999999999 0.41956499999999997 0.7754179999999999 0.42391300000000004 0.785864 0.425 0.786212 0.420652 0.784471 0.418478 0.783774 0.41413 0.783774 0.39891299999999996 0.78273 0.38913000000000003 0.782382 0.378261 0.779944 0.379348 0.779248 0.391304 0.778552 0.394565 0.7771589999999999 0.418478 0.7754179999999999 0.41956499999999997
1 0.7193590000000001 0.363043 0.7245820000000001 0.363043 0.723189 0.338043 0.721797 0.336957 0.7211000000000001 0.34565199999999996 0.720404 0.347826 0.720404 0.356522 0.7193590000000001 0.363043
3 0.258357 0.602174 0.253482 0.688043 0.252786 0.690217 0.25243699999999997 0.696739 0.24686599999999997 0.703261 0.24617 0.705435 0.24582199999999998 0.713043 0.244429 0.717391 0.24268800000000001 0.717391 0.24199199999999998 0.719565 0.239554 0.7206520000000001 0.23920599999999997 0.725 0.241643 0.725 0.24512499999999998 0.728261 0.251741 0.729348 0.254178 0.731522 0.268454 0.733696 0.268802 0.731522 0.270543 0.729348 0.276462 0.727174 0.28064100000000003 0.7206520000000001 0.283078 0.719565 0.289694 0.71087 0.289345 0.708696 0.283426 0.708696 0.28273000000000004 0.698913 0.282033 0.696739 0.27681100000000003 0.692391 0.267758 0.572826 0.267061 0.569565 0.261142 0.569565 0.259749 0.572826 0.25905300000000003 0.596739 0.258357 0.602174
1 0.726323 0.465217 0.725975 0.470652 0.727368 0.47282599999999997 0.741643 0.47282599999999997 0.741295 0.467391 0.739206 0.465217 0.738162 0.459783 0.737465 0.43695700000000004 0.736072 0.418478 0.736072 0.40869600000000006 0.732591 0.40869600000000006 0.7318939999999999 0.411957 0.729457 0.45869600000000005 0.728412 0.46413000000000004 0.726323 0.465217
3 0.283774 0.421739 0.282382 0.42391300000000004 0.282033 0.42934799999999995 0.293524 0.428261 0.29422000000000004 0.42391300000000004 0.292827 0.422826 0.291435 0.417391 0.288997 0.377174 0.286212 0.378261 0.285515 0.393478 0.28481900000000004 0.397826 0.28447100000000003 0.41630399999999995 0.283774 0.421739