3 0.175139 0.684783 0.172702 0.68587 0.170265 0.6913039999999999 0.169568 0.694565 0.16921999999999998 0.703261 0.166086 0.713043 0.166086 0.715217 0.201602 0.715217 0.211699 0.694565 0.211699 0.692391 0.208217 0.692391 0.20647600000000002 0.684783 0.205084 0.682609 0.20090499999999997 0.681522 0.200209 0.678261 0.191852 0.559783 0.185237 0.5586960000000001 0.184192 0.561957 0.175836 0.681522 0.175139 0.684783
3 0.06928999999999999 0.40108699999999997 0.06928999999999999 0.395652 0.067201 0.373913 0.064763 0.373913 0.063719 0.393478 0.062326000000000006 0.397826 0.062326000000000006 0.40108699999999997 0.06928999999999999 0.40108699999999997
3 0.153552 0.40217400000000003 0.153552 0.4 0.15285500000000002 0.4 0.152159 0.395652 0.151462 0.378261 0.149721 0.378261 0.147981 0.396739 0.146936 0.4 0.146936 0.40217400000000003 0.153552 0.40217400000000003
3 0.194638 0.46087 0.207869 0.46087 0.207869 0.453261 0.20647600000000002 0.452174 0.20578 0.448913 0.20299399999999998 0.406522 0.199513 0.406522 0.196379 0.45 0.195682 0.453261 0.194638 0.454348 0.194638 0.46087
3 0.208217 0.406522 0.20856499999999997 0.40869600000000006 0.212744 0.40869600000000006 0.21344 0.40543500000000005 0.21413600000000002 0.395652 0.21344 0.393478 0.212744 0.38152200000000003 0.211351 0.38152200000000003 0.21065499999999998 0.38587 0.20961 0.40217400000000003 0.208217 0.406522
3 0.288997 0.406522 0.295265 0.406522 0.293175 0.38152200000000003 0.291783 0.38152200000000003 0.290738 0.4 0.290042 0.403261 0.288997 0.403261 0.288997 0.406522
3 0.341226 0.45108699999999996 0.353064 0.452174 0.353064 0.44565200000000005 0.35167099999999996 0.444565 0.350627 0.44021699999999997 0.348538 0.403261 0.345752 0.403261 0.342967 0.441304 0.34226999999999996 0.444565 0.341226 0.444565 0.341226 0.45108699999999996
3 0.392409 0.396739 0.391713 0.38260900000000003 0.39032 0.38260900000000003 0.389276 0.393478 0.389276 0.40543500000000005 0.393454 0.40543500000000005 0.392409 0.396739
3 0.402855 0.5423910000000001 0.40076599999999996 0.544565 0.40076599999999996 0.5478259999999999 0.408078 0.55 0.41956800000000005 0.55 0.426184 0.546739 0.426184 0.543478 0.423747 0.5423910000000001 0.42305000000000004 0.536957 0.419916 0.5336960000000001 0.41539000000000004 0.463043 0.411212 0.463043 0.40668499999999996 0.532609 0.40529200000000004 0.53587 0.403203 0.536957 0.402855 0.5423910000000001
3 0.42688 0.456522 0.439067 0.457609 0.439415 0.454348 0.43802199999999997 0.452174 0.437326 0.44782599999999995 0.43454 0.40869600000000006 0.432103 0.40869600000000006 0.42931800000000003 0.44782599999999995 0.428621 0.45108699999999996 0.427577 0.45108699999999996 0.42688 0.456522
3 0.474582 0.475 0.48851000000000006 0.475 0.488162 0.468478 0.48676899999999995 0.467391 0.485724 0.463043 0.48259100000000005 0.41956499999999997 0.48015299999999994 0.41956499999999997 0.477019 0.46413000000000004 0.476323 0.467391 0.474582 0.468478 0.474582 0.475
3 0.488858 0.406522 0.490599 0.406522 0.490599 0.403261 0.49199200000000004 0.397826 0.491643 0.384783 0.490599 0.384783 0.489903 0.39891299999999996 0.48851000000000006 0.404348 0.488858 0.406522
3 0.600627 0.40869600000000006 0.5995820000000001 0.40217400000000003 0.598538 0.38587 0.597145 0.38587 0.596448 0.40217400000000003 0.595056 0.406522 0.595056 0.40869600000000006 0.600627 0.40869600000000006
3 0.704387 0.41304299999999994 0.710655 0.41304299999999994 0.710655 0.41086999999999996 0.70961 0.407609 0.707869 0.388043 0.706825 0.388043 0.7057800000000001 0.406522 0.705084 0.409783 0.704387 0.409783 0.704387 0.41304299999999994
3 0.8185930000000001 0.41956499999999997 0.8185930000000001 0.41630399999999995 0.817549 0.415217 0.8168519999999999 0.411957 0.815808 0.392391 0.814067 0.391304 0.812326 0.41304299999999994 0.8112809999999999 0.41630399999999995 0.8112809999999999 0.41956499999999997 0.8185930000000001 0.41956499999999997
3 0.93071 0.42934799999999995 0.93071 0.426087 0.928969 0.422826 0.92688 0.396739 0.9247909999999999 0.396739 0.9230499999999999 0.421739 0.922006 0.425 0.922006 0.42934799999999995 0.93071 0.42934799999999995
1 0.880223 0.49130399999999996 0.886838 0.49347799999999997 0.897632 0.492391 0.897981 0.490217 0.896588 0.48804299999999995 0.896588 0.484783 0.894499 0.483696 0.893454 0.479348 0.89032 0.433696 0.88649 0.433696 0.883357 0.478261 0.8826599999999999 0.481522 0.880571 0.481522 0.880223 0.49130399999999996
1 0.8457520000000001 0.453261 0.8457520000000001 0.448913 0.8443590000000001 0.44782599999999995 0.8436629999999999 0.443478 0.841922 0.41086999999999996 0.8391360000000001 0.41086999999999996 0.836351 0.444565 0.83461 0.44782599999999995 0.83461 0.452174 0.8457520000000001 0.453261
1 0.8255570000000001 0.43587 0.833914 0.43587 0.833914 0.433696 0.8325210000000001 0.42934799999999995 0.8307800000000001 0.40217400000000003 0.8283429999999999 0.40217400000000003 0.8269500000000001 0.428261 0.826253 0.431522 0.8255570000000001 0.431522 0.8255570000000001 0.43587
1 0.788649 0.63913 0.7865599999999999 0.642391 0.786212 0.645652 0.8060579999999999 0.653261 0.8084960000000001 0.655435 0.8147629999999999 0.655435 0.821379 0.647826 0.8217269999999999 0.643478 0.8189420000000001 0.641304 0.817897 0.634783 0.8137190000000001 0.631522 0.8130219999999999 0.628261 0.807103 0.530435 0.80188 0.530435 0.7942199999999999 0.623913 0.793524 0.627174 0.789694 0.6304350000000001 0.788649 0.63913
1 0.722145 0.48260899999999995 0.720404 0.48695700000000003 0.723886 0.490217 0.738162 0.490217 0.733983 0.47717400000000004 0.731198 0.430435 0.728064 0.430435 0.7245820000000001 0.478261 0.723886 0.48043500000000006 0.722145 0.48043500000000006 0.722145 0.48260899999999995
1 0.741295 0.42934799999999995 0.748955 0.42934799999999995 0.748955 0.426087 0.747911 0.42391300000000004 0.746518 0.396739 0.744081 0.396739 0.742688 0.421739 0.741992 0.425 0.741295 0.425 0.741295 0.42934799999999995
1 0.652855 0.457609 0.666783 0.457609 0.66539 0.454348 0.66539 0.452174 0.6633009999999999 0.45 0.660864 0.41086999999999996 0.658774 0.41086999999999996 0.655989 0.44782599999999995 0.655292 0.45108699999999996 0.6538999999999999 0.45108699999999996 0.652855 0.457609
1 0.669916 0.422826 0.669916 0.418478 0.668872 0.417391 0.6678270000000001 0.393478 0.6657379999999999 0.393478 0.664345 0.41630399999999995 0.662953 0.418478 0.662953 0.422826 0.669916 0.422826
1 0.58461 0.444565 0.594708 0.444565 0.594708 0.43913 0.592967 0.43804299999999996 0.59227 0.43478300000000003 0.590529 0.404348 0.5884400000000001 0.404348 0.586351 0.43478300000000003 0.585655 0.43804299999999996 0.58461 0.43804299999999996 0.58461 0.444565
1 0.581128 0.417391 0.581128 0.41413 0.580432 0.41413 0.579735 0.41086999999999996 0.578691 0.390217 0.57695 0.390217 0.575905 0.411957 0.5748610000000001 0.41413 0.5748610000000001 0.417391 0.581128 0.417391
1 0.487117 0.433696 0.496518 0.433696 0.496518 0.430435 0.495822 0.430435 0.494777 0.426087 0.49303600000000003 0.39891299999999996 0.491643 0.39891299999999996 0.48955399999999993 0.426087 0.488858 0.42934799999999995 0.487465 0.42934799999999995 0.487117 0.433696
1 0.482242 0.41630399999999995 0.482242 0.41413 0.48085000000000006 0.409783 0.479805 0.38913000000000003 0.47841199999999995 0.38913000000000003 0.477019 0.409783 0.47597500000000004 0.411957 0.47597500000000004 0.41630399999999995 0.482242 0.41630399999999995
1 0.412256 0.430435 0.421657 0.430435 0.421657 0.428261 0.419916 0.426087 0.41922 0.421739 0.418175 0.395652 0.415738 0.395652 0.41434499999999996 0.421739 0.41364900000000004 0.425 0.41260399999999997 0.425 0.412256 0.430435
1 0.312674 0.428261 0.322075 0.428261 0.322075 0.42391300000000004 0.320682 0.42391300000000004 0.319986 0.420652 0.318593 0.393478 0.316852 0.393478 0.314763 0.420652 0.314067 0.42391300000000004 0.312674 0.42391300000000004 0.312674 0.428261
1 0.185237 0.418478 0.185237 0.41413 0.184192 0.409783 0.182799 0.384783 0.18070999999999998 0.384783 0.178621 0.409783 0.177228 0.41413 0.177228 0.418478 0.185237 0.418478
1 0.066852 0.41304299999999994 0.075557 0.41304299999999994 0.074513 0.406522 0.07311999999999999 0.383696 0.070682 0.383696 0.06928999999999999 0.407609 0.068593 0.41086999999999996 0.066852 0.41086999999999996 0.066852 0.41304299999999994
1 0.290738 0.417391 0.290738 0.41413 0.289345 0.411957 0.288649 0.406522 0.288649 0.396739 0.287953 0.388043 0.285864 0.388043 0.28447100000000003 0.41086999999999996 0.283078 0.41413 0.283078 0.41630399999999995 0.290738 0.417391
1 0.21030600000000002 0.42934799999999995 0.220752 0.430435 0.220752 0.428261 0.21901099999999998 0.426087 0.21796700000000002 0.420652 0.216922 0.393478 0.21448499999999998 0.393478 0.21239599999999997 0.421739 0.211699 0.425 0.21030600000000002 0.425 0.21030600000000002 0.42934799999999995
1 0.39066900000000004 0.415217 0.39066900000000004 0.411957 0.389624 0.409783 0.388928 0.40543500000000005 0.388579 0.390217 0.388231 0.388043 0.38649 0.388043 0.38509699999999997 0.407609 0.38405300000000003 0.41086999999999996 0.38405300000000003 0.415217 0.39066900000000004 0.415217