1 0.703691 0.467391 0.715877 0.467391 0.715877 0.46195700000000006 0.714136 0.46087 0.713092 0.45543500000000003 0.711003 0.41413 0.707869 0.41413 0.705084 0.457609 0.702994 0.459783 0.702298 0.465217 0.703691 0.467391
1 0.766365 0.43804299999999996 0.766365 0.443478 0.776811 0.443478 0.776811 0.43913 0.7754179999999999 0.43913 0.774721 0.43695700000000004 0.773329 0.40108699999999997 0.770543 0.40108699999999997 0.7698470000000001 0.406522 0.768802 0.433696 0.7677579999999999 0.43804299999999996 0.766365 0.43804299999999996
1 0.736769 0.65 0.73468 0.6543479999999999 0.73468 0.656522 0.73851 0.668478 0.741992 0.671739 0.7694989999999999 0.671739 0.7694989999999999 0.669565 0.7677579999999999 0.66413 0.767061 0.6543479999999999 0.764972 0.65 0.7621870000000001 0.647826 0.76149 0.6445649999999999 0.755571 0.543478 0.749652 0.543478 0.741992 0.641304 0.740599 0.645652 0.737117 0.646739 0.736769 0.65
1 0.7116990000000001 0.518478 0.711351 0.528261 0.712047 0.530435 0.729457 0.530435 0.729457 0.521739 0.727368 0.521739 0.726323 0.517391 0.7228410000000001 0.45543500000000003 0.719011 0.45543500000000003 0.715877 0.492391 0.7151810000000001 0.49565200000000004 0.714136 0.517391 0.7116990000000001 0.518478
1 0.8426180000000001 0.43260899999999997 0.8426180000000001 0.43695700000000004 0.852019 0.43695700000000004 0.852019 0.43260899999999997 0.8502789999999999 0.431522 0.848886 0.397826 0.8467969999999999 0.397826 0.845404 0.407609 0.8443590000000001 0.428261 0.8436629999999999 0.431522 0.8426180000000001 0.43260899999999997
1 0.9091229999999999 0.431522 0.918175 0.43260899999999997 0.918175 0.42934799999999995 0.917131 0.425 0.915042 0.396739 0.912604 0.396739 0.9112120000000001 0.42391300000000004 0.9101670000000001 0.428261 0.9091229999999999 0.428261 0.9091229999999999 0.431522
3 0.294916 0.584783 0.295265 0.6010869999999999 0.320334 0.6 0.319986 0.581522 0.315808 0.579348 0.31511100000000003 0.575 0.310237 0.490217 0.305014 0.490217 0.298747 0.578261 0.297702 0.5826089999999999 0.295613 0.5826089999999999 0.294916 0.584783
3 0.415738 0.47717400000000004 0.431058 0.47717400000000004 0.431058 0.46956499999999995 0.42896900000000004 0.46956499999999995 0.428273 0.46630399999999994 0.42548700000000006 0.41630399999999995 0.422006 0.41630399999999995 0.41922 0.465217 0.418524 0.468478 0.416435 0.46956499999999995 0.415738 0.47717400000000004
3 0.528552 0.431522 0.530989 0.433696 0.5383009999999999 0.43260899999999997 0.538649 0.428261 0.537256 0.42717400000000005 0.5365599999999999 0.422826 0.5348189999999999 0.38913000000000003 0.53273 0.38913000000000003 0.530292 0.422826 0.529596 0.426087 0.528552 0.426087 0.528552 0.431522
3 0.642409 0.415217 0.642409 0.41086999999999996 0.641365 0.409783 0.640669 0.406522 0.639276 0.379348 0.637535 0.379348 0.635097 0.40869600000000006 0.634053 0.409783 0.634053 0.41413 0.642409 0.415217
3 0.7287600000000001 0.404348 0.7287600000000001 0.407609 0.736769 0.407609 0.736421 0.403261 0.735376 0.40217400000000003 0.734331 0.378261 0.733635 0.376087 0.7322420000000001 0.376087 0.731546 0.379348 0.73085 0.4 0.7301529999999999 0.403261 0.7287600000000001 0.404348
3 0.8172010000000001 0.378261 0.8154600000000001 0.377174 0.814067 0.40217400000000003 0.8130219999999999 0.406522 0.819638 0.406522 0.8172010000000001 0.378261
3 0.942897 0.41956499999999997 0.942549 0.41630399999999995 0.941156 0.41413 0.939067 0.388043 0.937674 0.388043 0.935585 0.41413 0.934192 0.41630399999999995 0.933844 0.41956499999999997 0.942897 0.41956499999999997