3 0.286908 0.604348 0.285864 0.626087 0.283774 0.652174 0.283774 0.6630429999999999 0.282382 0.692391 0.28064100000000003 0.696739 0.276462 0.7 0.276114 0.703261 0.27298100000000003 0.71087 0.276114 0.721739 0.279248 0.729348 0.295265 0.727174 0.313022 0.718478 0.314067 0.7163039999999999 0.314067 0.71413 0.313022 0.71087 0.310933 0.708696 0.310585 0.696739 0.308148 0.694565 0.30745100000000003 0.692391 0.305362 0.692391 0.304666 0.690217 0.302228 0.6543479999999999 0.302228 0.647826 0.298398 0.607609 0.296309 0.571739 0.295265 0.569565 0.29039000000000004 0.569565 0.288997 0.572826 0.287604 0.592391 0.287604 0.6 0.286908 0.604348
3 0.506267 0.527174 0.505571 0.531522 0.52507 0.531522 0.526462 0.528261 0.525766 0.526087 0.5254179999999999 0.5195649999999999 0.522632 0.518478 0.521588 0.5130429999999999 0.520543 0.48913 0.518802 0.46956499999999995 0.5177579999999999 0.448913 0.514276 0.44782599999999995 0.51149 0.48043500000000006 0.509749 0.517391 0.506267 0.521739 0.506267 0.527174
3 0.579735 0.43478300000000003 0.578343 0.43478300000000003 0.578343 0.43913 0.590877 0.44021699999999997 0.5898329999999999 0.43478300000000003 0.588092 0.433696 0.586351 0.41086999999999996 0.585306 0.38913000000000003 0.583217 0.38913000000000003 0.5821729999999999 0.40543500000000005 0.581128 0.41304299999999994 0.5807800000000001 0.430435 0.579735 0.43478300000000003
3 0.581128 0.409783 0.5807800000000001 0.406522 0.580084 0.406522 0.5790390000000001 0.403261 0.577298 0.370652 0.575209 0.36956500000000003 0.573468 0.390217 0.5731200000000001 0.403261 0.570334 0.409783 0.581128 0.409783
3 0.541086 0.386957 0.541086 0.390217 0.548747 0.390217 0.5483979999999999 0.386957 0.547006 0.38587 0.545613 0.357609 0.5442199999999999 0.357609 0.5428270000000001 0.371739 0.5424789999999999 0.383696 0.541783 0.386957 0.541086 0.386957
3 0.47841199999999995 0.378261 0.48502799999999996 0.378261 0.48363500000000004 0.375 0.482242 0.35108700000000004 0.481198 0.35108700000000004 0.480501 0.354348 0.479805 0.365217 0.479805 0.373913 0.47841199999999995 0.378261
3 0.408774 0.365217 0.40773000000000004 0.347826 0.40668499999999996 0.347826 0.40529200000000004 0.36956500000000003 0.404596 0.371739 0.41016700000000006 0.371739 0.408774 0.365217
3 0.347493 0.359783 0.346797 0.34565199999999996 0.345752 0.344565 0.344708 0.36086999999999997 0.343663 0.365217 0.348886 0.365217 0.347493 0.359783
3 0.318593 0.354348 0.317897 0.340217 0.316852 0.340217 0.316156 0.353261 0.31511100000000003 0.357609 0.319638 0.357609 0.318593 0.354348
3 0.320334 0.34565199999999996 0.320334 0.33913000000000004 0.319986 0.336957 0.31928999999999996 0.336957 0.318593 0.341304 0.318942 0.352174 0.32137899999999997 0.352174 0.320334 0.34565199999999996
1 0.479805 0.36413 0.48015299999999994 0.348913 0.479457 0.340217 0.47841199999999995 0.341304 0.47771600000000003 0.356522 0.476323 0.36413 0.479805 0.36413
1 0.552577 0.36847799999999997 0.551184 0.365217 0.5501389999999999 0.34565199999999996 0.549095 0.344565 0.54805 0.354348 0.547702 0.365217 0.546657 0.36847799999999997 0.552577 0.36847799999999997
1 0.588092 0.341304 0.587396 0.32717399999999996 0.586351 0.32717399999999996 0.585655 0.341304 0.584958 0.343478 0.588788 0.343478 0.588092 0.341304
1 0.623259 0.330435 0.6222139999999999 0.330435 0.621518 0.34565199999999996 0.620474 0.348913 0.624652 0.348913 0.623259 0.330435
1 0.660864 0.356522 0.660864 0.354348 0.6598189999999999 0.352174 0.659123 0.334783 0.65773 0.333696 0.656685 0.352174 0.6556409999999999 0.354348 0.6556409999999999 0.356522 0.660864 0.356522
1 0.6827989999999999 0.38587 0.6803619999999999 0.38043499999999997 0.6786209999999999 0.353261 0.677228 0.353261 0.675836 0.365217 0.6754870000000001 0.379348 0.673747 0.38587 0.6827989999999999 0.38587
1 0.720404 0.366304 0.718663 0.36086999999999997 0.717967 0.341304 0.716226 0.340217 0.7151810000000001 0.352174 0.7151810000000001 0.36086999999999997 0.713788 0.366304 0.720404 0.366304
1 0.760097 0.42391300000000004 0.759053 0.42717400000000005 0.759053 0.42934799999999995 0.770891 0.42934799999999995 0.771936 0.425 0.770195 0.422826 0.7694989999999999 0.41956499999999997 0.767409 0.390217 0.767409 0.383696 0.766713 0.38043499999999997 0.764276 0.38152200000000003 0.7621870000000001 0.41956499999999997 0.76149 0.422826 0.760097 0.42391300000000004
1 0.8077989999999999 0.484783 0.805362 0.48586999999999997 0.804318 0.494565 0.8081480000000001 0.496739 0.822772 0.496739 0.8245129999999999 0.49130399999999996 0.8234680000000001 0.48695700000000003 0.820682 0.48586999999999997 0.81929 0.48043500000000006 0.8185930000000001 0.470652 0.8185930000000001 0.45869600000000005 0.817549 0.448913 0.8165039999999999 0.425 0.815808 0.421739 0.8130219999999999 0.421739 0.8119780000000001 0.425 0.8098890000000001 0.45108699999999996 0.8084960000000001 0.48260899999999995 0.8077989999999999 0.484783
3 0.903552 0.371739 0.903552 0.36956500000000003 0.9021589999999999 0.36847799999999997 0.900766 0.346739 0.90007 0.343478 0.899025 0.343478 0.897632 0.353261 0.896936 0.36847799999999997 0.895543 0.371739 0.903552 0.371739
3 0.8189420000000001 0.36086999999999997 0.8189420000000001 0.358696 0.817897 0.357609 0.8165039999999999 0.33587 0.8151109999999999 0.33587 0.814067 0.344565 0.814067 0.354348 0.812674 0.36086999999999997 0.8189420000000001 0.36086999999999997
3 0.756964 0.353261 0.755571 0.346739 0.754526 0.331522 0.753482 0.331522 0.752437 0.340217 0.752437 0.348913 0.751393 0.353261 0.756964 0.353261
3 0.706476 0.346739 0.705432 0.343478 0.704735 0.330435 0.703343 0.328261 0.702298 0.338043 0.702298 0.343478 0.701253 0.346739 0.706476 0.346739
3 0.666435 0.33587 0.6657379999999999 0.326087 0.664694 0.326087 0.663997 0.338043 0.6633009999999999 0.341304 0.6674789999999999 0.341304 0.666435 0.33587
1 0.391713 0.355435 0.39032 0.35 0.389624 0.33587 0.388928 0.33587 0.388231 0.33913000000000004 0.387883 0.35108700000000004 0.386838 0.355435 0.391713 0.355435
1 0.42931800000000003 0.359783 0.427925 0.355435 0.42722800000000005 0.341304 0.426184 0.340217 0.425139 0.35 0.425139 0.356522 0.424095 0.359783 0.42931800000000003 0.359783
1 0.6222139999999999 0.377174 0.628134 0.377174 0.629178 0.373913 0.6277860000000001 0.371739 0.627089 0.36739099999999997 0.626045 0.347826 0.625 0.347826 0.623607 0.36413 0.623607 0.371739 0.6222139999999999 0.375 0.6222139999999999 0.377174
1 0.7228410000000001 0.39891299999999996 0.7318939999999999 0.39891299999999996 0.7322420000000001 0.395652 0.7305010000000001 0.394565 0.729457 0.386957 0.728412 0.363043 0.726671 0.361957 0.725975 0.366304 0.7245820000000001 0.393478 0.7228410000000001 0.395652 0.7228410000000001 0.39891299999999996
1 0.795265 0.38152200000000003 0.8029249999999999 0.38152200000000003 0.8032730000000001 0.378261 0.80188 0.375 0.800139 0.348913 0.798747 0.348913 0.797006 0.36956500000000003 0.797006 0.376087 0.7959609999999999 0.377174 0.795265 0.38152200000000003
1 0.868733 0.655435 0.867688 0.66087 0.864554 0.66087 0.861769 0.66413 0.861421 0.668478 0.8589829999999999 0.671739 0.8589829999999999 0.673913 0.8607239999999999 0.681522 0.8638579999999999 0.690217 0.885446 0.694565 0.901811 0.695652 0.901811 0.6913039999999999 0.899025 0.682609 0.898677 0.671739 0.892409 0.665217 0.883357 0.543478 0.8826599999999999 0.541304 0.876393 0.541304 0.8756959999999999 0.543478 0.873607 0.581522 0.8708220000000001 0.6119570000000001 0.868733 0.655435
1 0.912604 0.397826 0.911908 0.4 0.911908 0.403261 0.9244429999999999 0.403261 0.924095 0.4 0.9213089999999999 0.395652 0.9192199999999999 0.363043 0.918524 0.36086999999999997 0.9164350000000001 0.36086999999999997 0.9146940000000001 0.383696 0.9146940000000001 0.394565 0.913997 0.397826 0.912604 0.397826