1 0.356546 0.45108699999999996 0.35550099999999996 0.476087 0.354457 0.484783 0.354109 0.494565 0.350627 0.496739 0.350627 0.504348 0.368036 0.5054350000000001 0.368384 0.503261 0.367688 0.494565 0.36594699999999997 0.494565 0.364554 0.49130399999999996 0.364554 0.48695700000000003 0.36351 0.481522 0.363162 0.470652 0.362465 0.46630399999999994 0.362465 0.452174 0.361769 0.448913 0.361769 0.44239100000000003 0.361072 0.441304 0.360724 0.431522 0.358287 0.43260899999999997 0.357591 0.43478300000000003 0.357242 0.448913 0.356546 0.45108699999999996
1 0.30988899999999997 0.44239100000000003 0.30988899999999997 0.44565200000000005 0.321727 0.44565200000000005 0.322075 0.441304 0.319986 0.43913 0.31928999999999996 0.43587 0.31928999999999996 0.42934799999999995 0.318245 0.425 0.316852 0.395652 0.314415 0.395652 0.31371899999999997 0.415217 0.313022 0.417391 0.312326 0.43913 0.30988899999999997 0.44239100000000003
1 0.363858 0.41086999999999996 0.362117 0.411957 0.361769 0.415217 0.371518 0.41630399999999995 0.371866 0.41304299999999994 0.37117 0.41086999999999996 0.370125 0.41086999999999996 0.369429 0.407609 0.369081 0.393478 0.368036 0.38587 0.368036 0.38043499999999997 0.36734 0.377174 0.36594699999999997 0.377174 0.365251 0.38043499999999997 0.365251 0.388043 0.364554 0.390217 0.363858 0.41086999999999996
3 0.089136 0.4 0.096797 0.40108699999999997 0.097493 0.4 0.097493 0.397826 0.096448 0.396739 0.095404 0.391304 0.094359 0.379348 0.094359 0.36956500000000003 0.092618 0.36847799999999997 0.091574 0.38587 0.090877 0.391304 0.08948500000000001 0.395652 0.089136 0.4
1 0.091922 0.379348 0.091922 0.377174 0.090877 0.375 0.090877 0.371739 0.089833 0.36847799999999997 0.08948500000000001 0.357609 0.088788 0.354348 0.088092 0.354348 0.087047 0.36413 0.087047 0.371739 0.08565500000000001 0.379348 0.091922 0.379348
3 0.141017 0.371739 0.140669 0.36086999999999997 0.139276 0.359783 0.138231 0.376087 0.13649 0.38587 0.143106 0.38587 0.141017 0.371739
1 0.131616 0.370652 0.130223 0.363043 0.12987500000000002 0.353261 0.128482 0.348913 0.127786 0.352174 0.127437 0.365217 0.126393 0.370652 0.131616 0.370652
1 0.16538999999999998 0.36413 0.16434500000000002 0.359783 0.163301 0.34565199999999996 0.162256 0.34565199999999996 0.16155999999999998 0.36086999999999997 0.160864 0.361957 0.160864 0.36413 0.16538999999999998 0.36413
1 0.416783 0.39891299999999996 0.424095 0.39891299999999996 0.424095 0.395652 0.422702 0.393478 0.422702 0.390217 0.422006 0.388043 0.422006 0.377174 0.42130900000000004 0.36956500000000003 0.420613 0.366304 0.41956800000000005 0.366304 0.418524 0.376087 0.418175 0.394565 0.416783 0.395652 0.416783 0.39891299999999996
1 0.422354 0.38152200000000003 0.422354 0.383696 0.427925 0.383696 0.426184 0.372826 0.425836 0.358696 0.424443 0.357609 0.423747 0.373913 0.42305000000000004 0.376087 0.42305000000000004 0.38043499999999997 0.422354 0.38152200000000003
1 0.37639300000000003 0.355435 0.375696 0.343478 0.375 0.343478 0.374304 0.357609 0.37360699999999997 0.359783 0.37743699999999997 0.359783 0.37639300000000003 0.355435
3 0.346797 0.38152200000000003 0.345752 0.38043499999999997 0.345752 0.370652 0.344708 0.363043 0.344708 0.358696 0.343315 0.357609 0.341574 0.38043499999999997 0.34052899999999997 0.383696 0.346448 0.383696 0.346797 0.38152200000000003
3 0.293872 0.39891299999999996 0.301184 0.39891299999999996 0.301532 0.396739 0.300487 0.395652 0.300487 0.384783 0.299443 0.38043499999999997 0.299095 0.36847799999999997 0.297354 0.36739099999999997 0.297006 0.376087 0.29596100000000003 0.38260900000000003 0.295613 0.394565 0.293872 0.39891299999999996
3 0.179666 0.422826 0.190111 0.421739 0.189763 0.418478 0.18836999999999998 0.417391 0.18836999999999998 0.404348 0.185933 0.38260900000000003 0.184192 0.38260900000000003 0.182799 0.4 0.182103 0.418478 0.180014 0.41956499999999997 0.179666 0.422826
3 0.172354 0.376087 0.171657 0.373913 0.171309 0.359783 0.170265 0.354348 0.16921999999999998 0.354348 0.168524 0.359783 0.16817500000000002 0.372826 0.167131 0.376087 0.172354 0.376087
3 0.19812000000000002 0.347826 0.196727 0.347826 0.194986 0.36847799999999997 0.199861 0.36847799999999997 0.199164 0.365217 0.19812000000000002 0.347826
1 0.207173 0.359783 0.211003 0.359783 0.211003 0.357609 0.209958 0.355435 0.20961 0.347826 0.20856499999999997 0.342391 0.207869 0.347826 0.207869 0.356522 0.207173 0.357609 0.207173 0.359783
3 0.24477699999999997 0.344565 0.244081 0.344565 0.24268800000000001 0.361957 0.24617 0.361957 0.24547400000000003 0.348913 0.24477699999999997 0.344565
3 0.32311999999999996 0.36413 0.322075 0.347826 0.321031 0.347826 0.320334 0.36086999999999997 0.318942 0.366304 0.323816 0.366304 0.32311999999999996 0.36413
3 0.297702 0.361957 0.297354 0.35108700000000004 0.296657 0.348913 0.296657 0.34565199999999996 0.295613 0.344565 0.294568 0.353261 0.294568 0.359783 0.293872 0.361957 0.297702 0.361957
1 0.634053 0.546739 0.634053 0.556522 0.633008 0.5586960000000001 0.632312 0.575 0.631616 0.578261 0.631267 0.594565 0.630571 0.5956520000000001 0.630223 0.606522 0.629526 0.607609 0.629526 0.613043 0.62883 0.6141300000000001 0.629178 0.6195649999999999 0.625696 0.620652 0.623607 0.625 0.623607 0.633696 0.625696 0.63913 0.6277860000000001 0.63913 0.629178 0.641304 0.648329 0.641304 0.6504179999999999 0.640217 0.6521589999999999 0.6358699999999999 0.651811 0.627174 0.650766 0.623913 0.646588 0.617391 0.646936 0.6119570000000001 0.645891 0.602174 0.645891 0.584783 0.645195 0.583696 0.6448470000000001 0.5663039999999999 0.64415 0.563043 0.64415 0.5586960000000001 0.6427579999999999 0.553261 0.642061 0.522826 0.640669 0.517391 0.636838 0.518478 0.635794 0.521739 0.635097 0.544565 0.634053 0.546739
3 0.075557 0.45 0.075209 0.453261 0.089136 0.453261 0.089136 0.448913 0.087396 0.446739 0.086699 0.443478 0.086351 0.426087 0.08460999999999999 0.415217 0.083914 0.40217400000000003 0.08077999999999999 0.40217400000000003 0.078691 0.43478300000000003 0.077298 0.44021699999999997 0.077298 0.448913 0.075557 0.45
3 0.336351 0.370652 0.335306 0.352174 0.333914 0.35108700000000004 0.33286899999999997 0.370652 0.331476 0.373913 0.337047 0.373913 0.336351 0.370652
1 0.41260399999999997 0.366304 0.41190800000000005 0.352174 0.410864 0.35108700000000004 0.409819 0.36956500000000003 0.408774 0.372826 0.413997 0.372826 0.41260399999999997 0.366304
1 0.402855 0.365217 0.40181100000000003 0.357609 0.401462 0.34565199999999996 0.400418 0.34565199999999996 0.399721 0.352174 0.399721 0.359783 0.398677 0.365217 0.402855 0.365217