1 0.311978 0.357609 0.31162999999999996 0.36086999999999997 0.328691 0.363043 0.328691 0.36086999999999997 0.32520899999999997 0.355435 0.324164 0.35108700000000004 0.322772 0.331522 0.32311999999999996 0.322826 0.322423 0.31087 0.32137899999999997 0.30869599999999997 0.31928999999999996 0.30978300000000003 0.318593 0.313043 0.316852 0.35108700000000004 0.31545999999999996 0.355435 0.311978 0.357609
3 0.059889000000000005 0.372826 0.058496000000000006 0.390217 0.058496000000000006 0.397826 0.056755 0.417391 0.05501399999999999 0.421739 0.052228 0.422826 0.051532 0.425 0.051532 0.42934799999999995 0.049791 0.431522 0.049443 0.433696 0.053273 0.43478300000000003 0.054666000000000006 0.43695700000000004 0.067549 0.43695700000000004 0.073816 0.433696 0.076602 0.42934799999999995 0.07694999999999999 0.426087 0.075905 0.422826 0.072075 0.418478 0.071031 0.403261 0.069986 0.396739 0.06928999999999999 0.373913 0.068245 0.365217 0.067549 0.343478 0.066852 0.341304 0.063022 0.341304 0.06163 0.343478 0.060585 0.370652 0.059889000000000005 0.372826
1 0.232242 0.326087 0.24512499999999998 0.328261 0.24547400000000003 0.325 0.24373300000000003 0.325 0.243384 0.321739 0.24199199999999998 0.319565 0.240599 0.282609 0.23990300000000003 0.280435 0.23746499999999998 0.281522 0.23537599999999997 0.317391 0.23433099999999998 0.320652 0.232591 0.321739 0.232242 0.326087
1 0.075209 0.27391299999999996 0.073816 0.271739 0.07311999999999999 0.268478 0.071727 0.24782600000000002 0.071727 0.24021699999999999 0.071031 0.238043 0.068942 0.238043 0.067201 0.268478 0.064067 0.276087 0.074513 0.278261 0.075209 0.27391299999999996
1 0.052228 0.25652200000000003 0.05118399999999999 0.25652200000000003 0.050139 0.253261 0.049443 0.230435 0.048747 0.228261 0.048747 0.26087 0.051532 0.26087 0.052228 0.259783 0.052228 0.25652200000000003
1 0.058496000000000006 0.24673899999999999 0.058148 0.25 0.066156 0.251087 0.066852 0.25 0.066852 0.24782600000000002 0.065808 0.24782600000000002 0.065111 0.244565 0.064067 0.233696 0.063719 0.221739 0.061978 0.220652 0.060933 0.227174 0.060237 0.243478 0.05954 0.24673899999999999 0.058496000000000006 0.24673899999999999
1 0.10376 0.24673899999999999 0.10410900000000001 0.24565199999999998 0.10236799999999999 0.24130400000000002 0.101671 0.22391299999999997 0.10132300000000001 0.221739 0.09992999999999999 0.220652 0.099234 0.225 0.098886 0.238043 0.097493 0.24565199999999998 0.10376 0.24673899999999999
3 0.081128 0.22934800000000002 0.079735 0.226087 0.080084 0.220652 0.079039 0.21086999999999997 0.077646 0.209783 0.076253 0.226087 0.074513 0.230435 0.08077999999999999 0.231522 0.081128 0.22934800000000002
1 0.14902500000000002 0.24673899999999999 0.147981 0.243478 0.147284 0.23586999999999997 0.147284 0.227174 0.14623999999999998 0.22391299999999997 0.144847 0.228261 0.144847 0.233696 0.143454 0.24782600000000002 0.14902500000000002 0.24673899999999999
1 0.131964 0.28586999999999996 0.130919 0.290217 0.129526 0.291304 0.129178 0.294565 0.12987500000000002 0.296739 0.139276 0.296739 0.139972 0.293478 0.138231 0.288043 0.138231 0.282609 0.136838 0.278261 0.13649 0.258696 0.135446 0.25543499999999997 0.13370500000000002 0.25543499999999997 0.133008 0.258696 0.13266 0.269565 0.131964 0.272826 0.131964 0.28586999999999996
3 0.162953 0.236957 0.163301 0.23586999999999997 0.162256 0.231522 0.16155999999999998 0.218478 0.16051500000000002 0.218478 0.159819 0.22282600000000002 0.159471 0.233696 0.158426 0.23586999999999997 0.162953 0.236957
1 0.270891 0.25760900000000003 0.26949900000000004 0.252174 0.26949900000000004 0.24130400000000002 0.268802 0.238043 0.267409 0.24021699999999999 0.266713 0.25543499999999997 0.26566900000000004 0.258696 0.270891 0.25760900000000003
1 0.311978 0.26413000000000003 0.312326 0.261957 0.31128100000000003 0.259783 0.310585 0.244565 0.30954000000000004 0.244565 0.308844 0.259783 0.307799 0.26087 0.307799 0.263043 0.311978 0.26413000000000003
3 0.31511100000000003 0.25760900000000003 0.316852 0.25543499999999997 0.315808 0.253261 0.31511100000000003 0.24021699999999999 0.314067 0.24130400000000002 0.31337000000000004 0.253261 0.312326 0.25652200000000003 0.31511100000000003 0.25760900000000003
1 0.372911 0.275 0.37360699999999997 0.272826 0.37256300000000003 0.270652 0.372214 0.25543499999999997 0.37117 0.254348 0.370125 0.263043 0.370125 0.269565 0.369081 0.27391299999999996 0.372911 0.275
1 0.195334 0.25 0.199861 0.251087 0.199164 0.24673899999999999 0.198816 0.233696 0.197423 0.228261 0.196727 0.230435 0.196379 0.244565 0.195334 0.24782600000000002 0.195334 0.25
3 0.244429 0.24782600000000002 0.243384 0.244565 0.24268800000000001 0.230435 0.24199199999999998 0.22934800000000002 0.24129499999999998 0.230435 0.24129499999999998 0.236957 0.23920599999999997 0.24673899999999999 0.244429 0.24782600000000002
3 0.388231 0.265217 0.388231 0.259783 0.387535 0.25760900000000003 0.387535 0.253261 0.386838 0.253261 0.38649 0.26087 0.38509699999999997 0.268478 0.388928 0.269565 0.388231 0.265217
3 0.456128 0.282609 0.455084 0.266304 0.454387 0.266304 0.454039 0.27391299999999996 0.452646 0.282609 0.456128 0.282609
1 0.435237 0.282609 0.434192 0.266304 0.433496 0.266304 0.43245100000000003 0.283696 0.431407 0.286957 0.436281 0.286957 0.435237 0.282609
1 0.487117 0.29565199999999997 0.48607199999999995 0.29239099999999996 0.485724 0.277174 0.48468 0.277174 0.483983 0.290217 0.48259100000000005 0.296739 0.487117 0.29782600000000004 0.487117 0.29565199999999997
3 0.495822 0.28913 0.495125 0.27391299999999996 0.494081 0.272826 0.493384 0.28586999999999996 0.49234 0.290217 0.495474 0.291304 0.495822 0.28913
3 0.526462 0.280435 0.525766 0.281522 0.524373 0.296739 0.5275070000000001 0.296739 0.526462 0.280435
1 0.5351670000000001 0.306522 0.539694 0.305435 0.538649 0.302174 0.537604 0.286957 0.536212 0.291304 0.535864 0.301087 0.534471 0.304348 0.5351670000000001 0.306522
1 0.6145539999999999 0.317391 0.61351 0.313043 0.613162 0.298913 0.612117 0.3 0.611421 0.311957 0.610028 0.317391 0.6145539999999999 0.317391
1 0.648329 0.321739 0.651811 0.320652 0.651114 0.318478 0.651114 0.305435 0.6504179999999999 0.303261 0.649373 0.305435 0.649025 0.31630400000000003 0.6479809999999999 0.320652 0.648329 0.321739
3 0.057103 0.36847799999999997 0.057103 0.365217 0.053969 0.36086999999999997 0.052925 0.328261 0.051532 0.318478 0.050487000000000004 0.29782600000000004 0.049095 0.296739 0.048747 0.371739 0.057103 0.371739 0.057799 0.370652 0.057103 0.36847799999999997
1 0.41922 0.4 0.41922 0.409783 0.418175 0.41956499999999997 0.41713100000000003 0.422826 0.415738 0.422826 0.413301 0.428261 0.411212 0.430435 0.411212 0.43478300000000003 0.418175 0.43478300000000003 0.418872 0.43804299999999996 0.422702 0.43804299999999996 0.423747 0.43587 0.425836 0.43587 0.428621 0.43913 0.433496 0.43913 0.434192 0.43695700000000004 0.434192 0.43478300000000003 0.43245100000000003 0.43260899999999997 0.431058 0.426087 0.42931800000000003 0.425 0.428621 0.421739 0.42688 0.39891299999999996 0.426184 0.365217 0.42548700000000006 0.363043 0.422354 0.363043 0.421657 0.366304 0.420961 0.383696 0.41922 0.4
1 0.5104460000000001 0.511957 0.509401 0.516304 0.507312 0.516304 0.502437 0.527174 0.505223 0.531522 0.510097 0.534783 0.514276 0.540217 0.51532 0.540217 0.517061 0.536957 0.531337 0.5380429999999999 0.531337 0.53587 0.529248 0.527174 0.529248 0.5239130000000001 0.52507 0.515217 0.524373 0.49565200000000004 0.523677 0.492391 0.521936 0.43587 0.5212399999999999 0.433696 0.517061 0.433696 0.516365 0.43587 0.51532 0.456522 0.514624 0.459783 0.5104460000000001 0.511957
3 0.560237 0.301087 0.559192 0.283696 0.558496 0.283696 0.558148 0.291304 0.556755 0.301087 0.560237 0.301087
3 0.583565 0.28913 0.582869 0.286957 0.581476 0.301087 0.5807800000000001 0.303261 0.5842620000000001 0.303261 0.583565 0.28913