3 0.068942 0.554348 0.065111 0.554348 0.064763 0.55 0.060585 0.546739 0.058496000000000006 0.528261 0.056407 0.49130399999999996 0.053969 0.471739 0.053273 0.46087 0.052577 0.45869600000000005 0.048747 0.45869600000000005 0.048747 0.5663039999999999 0.057103 0.5663039999999999 0.068593 0.556522 0.068942 0.554348
3 0.29422000000000004 0.5771740000000001 0.29039000000000004 0.6195649999999999 0.289694 0.634783 0.288997 0.636957 0.286212 0.6380429999999999 0.28447100000000003 0.641304 0.282382 0.6586960000000001 0.287953 0.6586960000000001 0.293175 0.66087 0.310585 0.66087 0.314415 0.653261 0.316156 0.646739 0.316156 0.643478 0.314763 0.641304 0.314067 0.634783 0.31128100000000003 0.633696 0.310585 0.6304350000000001 0.310237 0.6195649999999999 0.308496 0.603261 0.307799 0.588043 0.306407 0.5771740000000001 0.30571000000000004 0.56087 0.305014 0.557609 0.302925 0.530435 0.30188000000000004 0.527174 0.298398 0.527174 0.297354 0.531522 0.295265 0.555435 0.29422000000000004 0.5771740000000001
3 0.39832900000000004 0.49130399999999996 0.397632 0.49347799999999997 0.395543 0.49347799999999997 0.39449900000000004 0.501087 0.41156 0.501087 0.41190800000000005 0.494565 0.40947100000000003 0.49347799999999997 0.408774 0.490217 0.405641 0.43478300000000003 0.40494399999999997 0.431522 0.402855 0.431522 0.40181100000000003 0.43587 0.401114 0.454348 0.40007000000000004 0.46195700000000006 0.39832900000000004 0.49130399999999996
3 0.205432 0.44021699999999997 0.220404 0.44021699999999997 0.22005599999999997 0.43478300000000003 0.21831499999999998 0.433696 0.217618 0.430435 0.21727 0.41413 0.21518099999999998 0.386957 0.212744 0.38587 0.21030600000000002 0.40543500000000005 0.208914 0.43260899999999997 0.207173 0.43478300000000003 0.205432 0.44021699999999997
3 0.205084 0.4 0.205432 0.40217400000000003 0.21065499999999998 0.40217400000000003 0.212047 0.386957 0.213092 0.384783 0.21239599999999997 0.36847799999999997 0.211351 0.361957 0.20961 0.363043 0.207869 0.38043499999999997 0.207173 0.396739 0.205084 0.4
3 0.23537599999999997 0.375 0.233983 0.36847799999999997 0.232591 0.34565199999999996 0.23119800000000001 0.34565199999999996 0.230153 0.354348 0.22980499999999998 0.36739099999999997 0.228064 0.375 0.23537599999999997 0.375
3 0.185585 0.363043 0.184192 0.355435 0.183496 0.340217 0.182799 0.336957 0.181755 0.336957 0.180362 0.348913 0.180362 0.356522 0.178621 0.363043 0.185585 0.363043
3 0.130223 0.377174 0.139276 0.377174 0.138579 0.373913 0.13753500000000002 0.372826 0.137187 0.357609 0.135794 0.343478 0.134401 0.343478 0.133357 0.355435 0.132312 0.36086999999999997 0.131964 0.372826 0.130223 0.377174
3 0.142061 0.355435 0.148329 0.355435 0.147284 0.352174 0.14623999999999998 0.331522 0.14519500000000002 0.331522 0.143802 0.342391 0.143454 0.35108700000000004 0.142061 0.355435
3 0.15772999999999998 0.323913 0.157033 0.321739 0.155989 0.323913 0.154944 0.338043 0.158426 0.338043 0.15772999999999998 0.323913
3 0.054666000000000006 0.354348 0.053273 0.35108700000000004 0.05188 0.33260900000000004 0.050487000000000004 0.330435 0.048747 0.340217 0.048747 0.355435 0.054318 0.355435 0.054666000000000006 0.354348
1 0.070682 0.34565199999999996 0.069638 0.32934800000000003 0.068942 0.32717399999999996 0.067897 0.32717399999999996 0.066504 0.34565199999999996 0.06545999999999999 0.348913 0.071727 0.348913 0.070682 0.34565199999999996
1 0.08565500000000001 0.334783 0.085306 0.323913 0.083914 0.322826 0.083217 0.334783 0.08182500000000001 0.341304 0.086699 0.341304 0.08565500000000001 0.334783
3 0.082521 0.336957 0.083217 0.32717399999999996 0.082521 0.321739 0.081476 0.325 0.081128 0.333696 0.080432 0.336957 0.082521 0.336957
1 0.142409 0.33587 0.142061 0.325 0.140669 0.323913 0.139624 0.338043 0.138579 0.341304 0.143454 0.341304 0.142409 0.33587
1 0.15285500000000002 0.347826 0.151811 0.343478 0.151462 0.330435 0.150766 0.32717399999999996 0.15006999999999998 0.32717399999999996 0.14902500000000002 0.333696 0.14902500000000002 0.340217 0.147981 0.347826 0.15285500000000002 0.347826
1 0.191156 0.323913 0.19046000000000002 0.323913 0.189067 0.340217 0.192897 0.340217 0.191852 0.334783 0.191156 0.323913
1 0.220752 0.346739 0.220752 0.341304 0.21970800000000001 0.331522 0.21901099999999998 0.33260900000000004 0.216922 0.352174 0.22179700000000002 0.352174 0.220752 0.346739
1 0.25626699999999997 0.348913 0.25522300000000003 0.344565 0.254526 0.330435 0.253482 0.32934800000000003 0.25243699999999997 0.33913000000000004 0.25243699999999997 0.34565199999999996 0.251741 0.348913 0.25626699999999997 0.348913
3 0.260446 0.325 0.259749 0.325 0.258705 0.33913000000000004 0.262187 0.33913000000000004 0.261142 0.333696 0.260446 0.325
1 0.277855 0.36086999999999997 0.27681100000000003 0.354348 0.276462 0.340217 0.27507000000000004 0.338043 0.273677 0.348913 0.273677 0.356522 0.272632 0.36086999999999997 0.277855 0.36086999999999997
3 0.294916 0.328261 0.292479 0.344565 0.296657 0.344565 0.29596100000000003 0.342391 0.294916 0.328261
3 0.32137899999999997 0.383696 0.32137899999999997 0.376087 0.319986 0.357609 0.318593 0.357609 0.316852 0.38260900000000003 0.31511100000000003 0.38913000000000003 0.32311999999999996 0.38913000000000003 0.32137899999999997 0.383696
1 0.345404 0.373913 0.351323 0.373913 0.350279 0.370652 0.349234 0.347826 0.34818899999999997 0.347826 0.347493 0.35 0.346797 0.358696 0.346448 0.370652 0.345404 0.373913
1 0.31162999999999996 0.33587 0.310933 0.33587 0.308844 0.356522 0.31337000000000004 0.356522 0.312674 0.352174 0.31162999999999996 0.33587
1 0.37743699999999997 0.365217 0.382312 0.365217 0.381616 0.361957 0.38126699999999997 0.348913 0.380571 0.343478 0.379875 0.343478 0.379178 0.346739 0.378482 0.361957 0.37743699999999997 0.365217
1 0.423747 0.38152200000000003 0.423747 0.383696 0.43036199999999997 0.383696 0.42896900000000004 0.378261 0.428273 0.359783 0.427577 0.356522 0.42688 0.356522 0.426184 0.36086999999999997 0.42548700000000006 0.378261 0.424443 0.38152200000000003 0.423747 0.38152200000000003
1 0.6904600000000001 0.565217 0.689763 0.567391 0.6887190000000001 0.567391 0.68837 0.569565 0.694986 0.5771740000000001 0.7148329999999999 0.576087 0.7148329999999999 0.573913 0.712396 0.571739 0.712396 0.5663039999999999 0.708565 0.561957 0.704735 0.48586999999999997 0.700209 0.48586999999999997 0.6946380000000001 0.556522 0.6939420000000001 0.559783 0.6904600000000001 0.56087 0.6904600000000001 0.565217
1 0.661908 0.48804299999999995 0.6601670000000001 0.490217 0.663997 0.49347799999999997 0.6786209999999999 0.49347799999999997 0.676532 0.49130399999999996 0.676184 0.48695700000000003 0.674443 0.48586999999999997 0.673747 0.483696 0.6709609999999999 0.433696 0.668175 0.43260899999999997 0.665042 0.48043500000000006 0.664345 0.483696 0.661908 0.484783 0.661908 0.48804299999999995
1 0.6427579999999999 0.446739 0.642061 0.448913 0.642061 0.452174 0.652855 0.452174 0.652855 0.44782599999999995 0.651462 0.446739 0.650766 0.443478 0.648677 0.40869600000000006 0.646588 0.40869600000000006 0.645195 0.430435 0.6444989999999999 0.433696 0.64415 0.44565200000000005 0.6427579999999999 0.446739
1 0.6448470000000001 0.42934799999999995 0.6444989999999999 0.426087 0.643802 0.426087 0.6431060000000001 0.422826 0.641365 0.392391 0.639972 0.392391 0.637535 0.422826 0.636142 0.425 0.635794 0.428261 0.6448470000000001 0.42934799999999995
1 0.825905 0.772826 0.81929 0.775 0.81929 0.778261 0.8450559999999999 0.806522 0.85585 0.806522 0.876393 0.8 0.875 0.795652 0.8690810000000001 0.786957 0.868733 0.7793479999999999 0.861421 0.767391 0.853064 0.6304350000000001 0.852019 0.628261 0.849234 0.627174 0.844708 0.628261 0.831128 0.759783 0.8304320000000001 0.761957 0.826602 0.7630429999999999 0.825905 0.772826
1 0.9077299999999999 0.497826 0.907033 0.502174 0.904596 0.503261 0.9059889999999999 0.506522 0.924095 0.506522 0.924095 0.502174 0.9227019999999999 0.49891300000000005 0.920613 0.49891300000000005 0.919916 0.496739 0.918872 0.478261 0.916086 0.446739 0.9129530000000001 0.446739 0.912256 0.45 0.9101670000000001 0.49347799999999997 0.9094709999999999 0.496739 0.9077299999999999 0.497826
1 0.8011839999999999 0.45 0.8004870000000001 0.454348 0.812326 0.45543500000000003 0.8116300000000001 0.45108699999999996 0.8095399999999999 0.448913 0.8095399999999999 0.44239100000000003 0.807451 0.41304299999999994 0.805362 0.41304299999999994 0.8029249999999999 0.43913 0.8029249999999999 0.44782599999999995 0.802228 0.45 0.8011839999999999 0.45
1 0.744777 0.426087 0.745474 0.425 0.745474 0.422826 0.743733 0.41956499999999997 0.74234 0.393478 0.740251 0.393478 0.738858 0.41956499999999997 0.737465 0.422826 0.737465 0.425 0.744777 0.426087
1 0.6556409999999999 0.403261 0.654248 0.39891299999999996 0.653552 0.38043499999999997 0.652855 0.376087 0.651811 0.376087 0.651114 0.38043499999999997 0.6504179999999999 0.394565 0.649025 0.403261 0.6556409999999999 0.403261
1 0.596448 0.404348 0.595404 0.40217400000000003 0.594011 0.378261 0.59227 0.377174 0.590877 0.4 0.589136 0.40543500000000005 0.596448 0.406522 0.596448 0.404348
1 0.585655 0.390217 0.58461 0.383696 0.583914 0.366304 0.5825210000000001 0.36739099999999997 0.5821729999999999 0.377174 0.580084 0.390217 0.585655 0.390217
1 0.5254179999999999 0.38043499999999997 0.524025 0.375 0.523329 0.358696 0.522284 0.357609 0.5212399999999999 0.36413 0.520891 0.377174 0.5194989999999999 0.38043499999999997 0.5254179999999999 0.38043499999999997
1 0.507312 0.393478 0.513928 0.393478 0.512535 0.386957 0.511838 0.36847799999999997 0.511142 0.365217 0.5104460000000001 0.365217 0.509749 0.36847799999999997 0.508705 0.38913000000000003 0.507312 0.391304 0.507312 0.393478
1 0.442201 0.366304 0.441504 0.35 0.44046 0.35 0.439763 0.366304 0.43837000000000004 0.371739 0.443593 0.371739 0.442201 0.366304
3 0.895543 0.430435 0.895543 0.43260899999999997 0.905292 0.433696 0.905292 0.431522 0.903552 0.428261 0.901811 0.40217400000000003 0.901114 0.397826 0.8997210000000001 0.397826 0.897981 0.41304299999999994 0.897632 0.42391300000000004 0.896936 0.428261 0.895543 0.430435
3 0.80188 0.407609 0.809192 0.407609 0.8077989999999999 0.404348 0.8067550000000001 0.38152200000000003 0.8064069999999999 0.379348 0.8050140000000001 0.379348 0.803621 0.391304 0.8032730000000001 0.403261 0.80188 0.40543500000000005 0.80188 0.407609
3 0.72493 0.392391 0.723189 0.370652 0.722145 0.370652 0.720752 0.390217 0.7193590000000001 0.393478 0.725627 0.394565 0.72493 0.392391
3 0.650766 0.38587 0.649721 0.365217 0.648677 0.366304 0.647632 0.38260900000000003 0.6462399999999999 0.386957 0.650766 0.38587
3 0.496866 0.36847799999999997 0.49617000000000006 0.366304 0.495474 0.35 0.49442899999999995 0.348913 0.493384 0.357609 0.493384 0.365217 0.49234 0.36847799999999997 0.496866 0.36847799999999997
3 0.489903 0.415217 0.48955399999999993 0.418478 0.49791100000000005 0.41956499999999997 0.498259 0.41630399999999995 0.496866 0.415217 0.49617000000000006 0.41086999999999996 0.495125 0.383696 0.493384 0.38260900000000003 0.49268799999999996 0.38587 0.49268799999999996 0.392391 0.49094699999999997 0.41413 0.489903 0.415217
3 0.443942 0.44565200000000005 0.454387 0.446739 0.454387 0.443478 0.453343 0.44239100000000003 0.452646 0.43913 0.451253 0.4 0.450557 0.397826 0.448816 0.397826 0.447075 0.41630399999999995 0.44603099999999996 0.44021699999999997 0.443942 0.44239100000000003 0.443942 0.44565200000000005
3 0.40842599999999996 0.395652 0.408078 0.39891299999999996 0.415738 0.39891299999999996 0.415738 0.396739 0.41434499999999996 0.394565 0.41364900000000004 0.371739 0.412953 0.366304 0.41156 0.36739099999999997 0.41016700000000006 0.392391 0.40947100000000003 0.395652 0.40842599999999996 0.395652
3 0.41364900000000004 0.36086999999999997 0.412953 0.358696 0.412256 0.343478 0.41156 0.343478 0.410515 0.356522 0.40947100000000003 0.36086999999999997 0.41364900000000004 0.36086999999999997
3 0.347145 0.352174 0.347145 0.35 0.34818899999999997 0.346739 0.349234 0.346739 0.34992999999999996 0.352174 0.350627 0.352174 0.349582 0.34565199999999996 0.348886 0.334783 0.34818899999999997 0.336957 0.347493 0.347826 0.346448 0.352174 0.347145 0.352174
3 0.584958 0.378261 0.5884400000000001 0.378261 0.587744 0.373913 0.587047 0.359783 0.586003 0.359783 0.585306 0.365217 0.585306 0.372826 0.58461 0.376087 0.584958 0.378261