1 0.861421 0.66087 0.860028 0.66413 0.855501 0.666304 0.854805 0.671739 0.854805 0.680435 0.85585 0.686957 0.8861420000000001 0.695652 0.892061 0.695652 0.8913650000000001 0.677174 0.885097 0.670652 0.884053 0.666304 0.8774369999999999 0.55 0.870474 0.548913 0.869777 0.551087 0.868036 0.5869570000000001 0.866295 0.597826 0.861421 0.66087
1 0.725975 0.454348 0.725627 0.465217 0.723538 0.467391 0.7224929999999999 0.475 0.7287600000000001 0.475 0.733635 0.47717400000000004 0.737117 0.47717400000000004 0.739206 0.475 0.7378129999999999 0.468478 0.736072 0.468478 0.735028 0.46413000000000004 0.732591 0.417391 0.7318939999999999 0.41304299999999994 0.729805 0.41304299999999994 0.727716 0.430435 0.727716 0.43695700000000004 0.726671 0.45108699999999996 0.725975 0.454348
1 0.699164 0.41413 0.698816 0.417391 0.7092620000000001 0.418478 0.7092620000000001 0.415217 0.7075210000000001 0.411957 0.706825 0.406522 0.705432 0.376087 0.702994 0.376087 0.702298 0.388043 0.7016020000000001 0.390217 0.700557 0.411957 0.699164 0.41413
1 0.685933 0.391304 0.685933 0.393478 0.6939420000000001 0.393478 0.6939420000000001 0.391304 0.692549 0.386957 0.692549 0.379348 0.691156 0.36086999999999997 0.689415 0.36086999999999997 0.6880219999999999 0.373913 0.687674 0.386957 0.6869780000000001 0.390217 0.685933 0.391304
1 0.713092 0.36739099999999997 0.712396 0.35 0.7116990000000001 0.346739 0.710655 0.346739 0.7092620000000001 0.365217 0.707869 0.370652 0.714136 0.370652 0.713092 0.36739099999999997
1 0.638928 0.359783 0.637883 0.352174 0.637883 0.340217 0.6371870000000001 0.338043 0.635794 0.338043 0.635097 0.355435 0.634053 0.357609 0.634053 0.359783 0.638928 0.359783
1 0.607939 0.377174 0.614206 0.377174 0.6145539999999999 0.375 0.61351 0.372826 0.6128129999999999 0.365217 0.612117 0.347826 0.610724 0.347826 0.609331 0.363043 0.609331 0.371739 0.607939 0.373913 0.607939 0.377174
1 0.592618 0.34565199999999996 0.5919220000000001 0.35 0.5961000000000001 0.35 0.5943590000000001 0.330435 0.593663 0.331522 0.5919220000000001 0.342391 0.5919220000000001 0.344565 0.592618 0.34565199999999996
1 0.5901810000000001 0.342391 0.589136 0.33260900000000004 0.589136 0.326087 0.587744 0.328261 0.587396 0.338043 0.586351 0.342391 0.5901810000000001 0.342391
1 0.542131 0.359783 0.542131 0.357609 0.541086 0.356522 0.540042 0.33587 0.538649 0.33587 0.537604 0.354348 0.5365599999999999 0.357609 0.5365599999999999 0.359783 0.542131 0.359783
1 0.505223 0.344565 0.504526 0.32934800000000003 0.503482 0.328261 0.501393 0.347826 0.505919 0.347826 0.505919 0.34565199999999996 0.505223 0.344565
1 0.49303600000000003 0.323913 0.49199200000000004 0.322826 0.490599 0.33913000000000004 0.494081 0.33913000000000004 0.493384 0.334783 0.49303600000000003 0.323913
1 0.514624 0.320652 0.513231 0.319565 0.5121870000000001 0.334783 0.515669 0.334783 0.514624 0.330435 0.514624 0.320652
3 0.10236799999999999 0.376087 0.10236799999999999 0.38152200000000003 0.112465 0.38152200000000003 0.11281300000000001 0.379348 0.110724 0.372826 0.10968 0.354348 0.10968 0.342391 0.10898300000000001 0.33913000000000004 0.10724199999999999 0.33913000000000004 0.10515300000000001 0.357609 0.104457 0.373913 0.10376 0.376087 0.10236799999999999 0.376087
1 0.126393 0.36956500000000003 0.12465200000000001 0.365217 0.123607 0.336957 0.12117 0.336957 0.119777 0.366304 0.11768799999999999 0.371739 0.126393 0.373913 0.126393 0.36956500000000003
3 0.46239600000000003 0.467391 0.46135099999999996 0.470652 0.459262 0.47282599999999997 0.45891400000000004 0.479348 0.462047 0.481522 0.477019 0.48043500000000006 0.477019 0.478261 0.47492999999999996 0.47717400000000004 0.474582 0.470652 0.472841 0.470652 0.472145 0.468478 0.46901099999999996 0.41086999999999996 0.466226 0.41086999999999996 0.465181 0.417391 0.46344 0.453261 0.46239600000000003 0.456522 0.46239600000000003 0.467391
3 0.533426 0.40869600000000006 0.533426 0.41304299999999994 0.531337 0.415217 0.531337 0.41956499999999997 0.5424789999999999 0.41956499999999997 0.541783 0.415217 0.54039 0.41413 0.5383009999999999 0.373913 0.535864 0.373913 0.5351670000000001 0.38913000000000003 0.534123 0.397826 0.534123 0.406522 0.533426 0.40869600000000006
3 0.5553619999999999 0.388043 0.553969 0.390217 0.553969 0.393478 0.562326 0.393478 0.560933 0.38913000000000003 0.559889 0.379348 0.559192 0.358696 0.557103 0.358696 0.557103 0.36413 0.55571 0.376087 0.55571 0.384783 0.5553619999999999 0.388043
3 0.479805 0.370652 0.479805 0.372826 0.486421 0.373913 0.48676899999999995 0.371739 0.48537600000000003 0.36847799999999997 0.483983 0.343478 0.48259100000000005 0.343478 0.48189399999999993 0.356522 0.481198 0.358696 0.481198 0.36739099999999997 0.479805 0.370652
3 0.434192 0.357609 0.439763 0.358696 0.44011100000000003 0.356522 0.439067 0.353261 0.439067 0.346739 0.43802199999999997 0.334783 0.43662999999999996 0.333696 0.435933 0.34565199999999996 0.435237 0.348913 0.435237 0.354348 0.434192 0.357609
3 0.43697800000000003 0.318478 0.436281 0.318478 0.43454 0.33260900000000004 0.43837000000000004 0.33260900000000004 0.437326 0.326087 0.43697800000000003 0.318478
3 0.408774 0.341304 0.407382 0.343478 0.407382 0.34565199999999996 0.412256 0.34565199999999996 0.41156 0.341304 0.41156 0.333696 0.410864 0.33260900000000004 0.410864 0.326087 0.41016700000000006 0.323913 0.40947100000000003 0.325 0.40947100000000003 0.333696 0.408774 0.33587 0.408774 0.341304
3 0.420265 0.326087 0.41956800000000005 0.320652 0.418524 0.319565 0.418524 0.326087 0.41713100000000003 0.336957 0.420613 0.336957 0.420265 0.326087
3 0.896936 0.38152200000000003 0.895891 0.378261 0.895891 0.372826 0.8948470000000001 0.366304 0.8948470000000001 0.358696 0.89415 0.356522 0.892758 0.356522 0.8913650000000001 0.365217 0.8913650000000001 0.375 0.889972 0.38152200000000003 0.896936 0.38152200000000003
3 0.8011839999999999 0.36956500000000003 0.799791 0.357609 0.799443 0.346739 0.7983979999999999 0.346739 0.797702 0.348913 0.797354 0.358696 0.7959609999999999 0.36956500000000003 0.8011839999999999 0.36956500000000003
1 0.8621169999999999 0.384783 0.8621169999999999 0.386957 0.863162 0.390217 0.863162 0.392391 0.8621169999999999 0.393478 0.8621169999999999 0.396739 0.869777 0.397826 0.867688 0.383696 0.8673400000000001 0.366304 0.8655989999999999 0.365217 0.864554 0.36956500000000003 0.8638579999999999 0.38043499999999997 0.862813 0.38152200000000003 0.8621169999999999 0.384783
1 0.785864 0.38152200000000003 0.784471 0.370652 0.783774 0.354348 0.782033 0.355435 0.7806409999999999 0.376087 0.779248 0.38152200000000003 0.785864 0.38152200000000003
3 0.725627 0.352174 0.725627 0.341304 0.72493 0.33913000000000004 0.723538 0.33913000000000004 0.7228410000000001 0.352174 0.721448 0.359783 0.7270190000000001 0.36086999999999997 0.725627 0.352174
3 0.670613 0.33260900000000004 0.669568 0.33260900000000004 0.6678270000000001 0.352174 0.672006 0.352174 0.6709609999999999 0.344565 0.670613 0.33260900000000004
3 0.6678270000000001 0.334783 0.6678270000000001 0.32717399999999996 0.666783 0.326087 0.66539 0.341304 0.668524 0.341304 0.668524 0.33587 0.6678270000000001 0.334783
3 0.6580779999999999 0.328261 0.656685 0.330435 0.6556409999999999 0.34565199999999996 0.659123 0.34565199999999996 0.6580779999999999 0.328261
3 0.314763 0.609783 0.314763 0.6195649999999999 0.314067 0.6304350000000001 0.31337000000000004 0.633696 0.31128100000000003 0.675 0.310237 0.679348 0.30571000000000004 0.682609 0.304318 0.692391 0.304318 0.696739 0.301532 0.704348 0.301532 0.7076089999999999 0.303273 0.709783 0.337396 0.708696 0.339136 0.701087 0.343663 0.688043 0.340877 0.686957 0.34018099999999996 0.680435 0.33843999999999996 0.677174 0.33460999999999996 0.676087 0.333914 0.673913 0.329387 0.604348 0.328343 0.594565 0.325905 0.556522 0.325905 0.55 0.31928999999999996 0.55 0.318593 0.551087 0.31754899999999997 0.56413 0.317201 0.5771740000000001 0.314763 0.609783