1 0.9439420000000001 0.361957 0.9432449999999999 0.365217 0.9422010000000001 0.365217 0.9415039999999999 0.36739099999999997 0.950905 0.36956500000000003 0.950905 0.366304 0.9502090000000001 0.365217 0.9502090000000001 0.355435 0.9495129999999999 0.354348 0.9495129999999999 0.334783 0.9467269999999999 0.334783 0.9453340000000001 0.34565199999999996 0.9449859999999999 0.353261 0.94429 0.354348 0.9439420000000001 0.361957
3 0.513231 0.280435 0.51149 0.284783 0.517061 0.28586999999999996 0.517409 0.283696 0.516713 0.282609 0.516017 0.261957 0.514624 0.259783 0.513928 0.261957 0.513928 0.266304 0.513231 0.269565 0.513231 0.280435
3 0.784471 0.31630400000000003 0.7830779999999999 0.318478 0.783774 0.320652 0.788997 0.320652 0.787953 0.31630400000000003 0.786908 0.294565 0.785515 0.29782600000000004 0.785515 0.302174 0.784471 0.307609 0.784471 0.31630400000000003
1 0.619777 0.31413 0.619777 0.311957 0.618384 0.30869599999999997 0.61734 0.281522 0.615599 0.281522 0.61351 0.30978300000000003 0.612465 0.31087 0.612465 0.31413 0.619777 0.31413
1 0.7771589999999999 0.317391 0.776462 0.333696 0.774721 0.334783 0.774721 0.338043 0.7754179999999999 0.33913000000000004 0.7830779999999999 0.33913000000000004 0.78273 0.33587 0.781685 0.334783 0.7806409999999999 0.30869599999999997 0.779596 0.305435 0.778552 0.306522 0.777855 0.30978300000000003 0.777855 0.31630400000000003 0.7771589999999999 0.317391
1 0.471448 0.29782600000000004 0.47005600000000003 0.301087 0.47005600000000003 0.303261 0.47876 0.304348 0.478064 0.3 0.47667099999999996 0.29782600000000004 0.475279 0.267391 0.473538 0.267391 0.472145 0.283696 0.472145 0.29239099999999996 0.471448 0.294565 0.471448 0.29782600000000004
1 0.34992999999999996 0.286957 0.349582 0.304348 0.348538 0.31087 0.34609999999999996 0.31413 0.345404 0.318478 0.357591 0.318478 0.356894 0.31630400000000003 0.356894 0.313043 0.355153 0.30978300000000003 0.35375999999999996 0.275 0.353064 0.272826 0.35201899999999997 0.272826 0.350975 0.276087 0.350627 0.28586999999999996 0.34992999999999996 0.286957
3 0.16051500000000002 0.26087 0.159819 0.278261 0.158078 0.280435 0.158078 0.283696 0.168524 0.283696 0.166086 0.276087 0.165738 0.25652200000000003 0.164694 0.252174 0.164694 0.244565 0.163997 0.24239099999999997 0.161908 0.243478 0.161908 0.25 0.161212 0.251087 0.161212 0.259783 0.16051500000000002 0.26087
3 0.314067 0.26413000000000003 0.31337000000000004 0.267391 0.31337000000000004 0.271739 0.312674 0.275 0.311978 0.275 0.311978 0.278261 0.319638 0.278261 0.318942 0.272826 0.318245 0.271739 0.318245 0.258696 0.31754899999999997 0.25652200000000003 0.31754899999999997 0.24782600000000002 0.316852 0.24565199999999998 0.31545999999999996 0.24565199999999998 0.314763 0.248913 0.314763 0.254348 0.314067 0.25543499999999997 0.314067 0.26413000000000003
3 0.429666 0.277174 0.429666 0.27934800000000004 0.435933 0.280435 0.43454 0.275 0.43454 0.26087 0.433844 0.253261 0.43245100000000003 0.253261 0.432103 0.258696 0.431407 0.26087 0.431058 0.276087 0.429666 0.277174
3 0.598538 0.290217 0.597145 0.293478 0.603064 0.293478 0.6020190000000001 0.291304 0.601671 0.277174 0.600627 0.267391 0.59993 0.268478 0.59993 0.272826 0.598886 0.275 0.598538 0.290217
3 0.6845399999999999 0.302174 0.684889 0.304348 0.690111 0.304348 0.689067 0.3 0.6887190000000001 0.28586999999999996 0.6880219999999999 0.27934800000000004 0.6869780000000001 0.281522 0.685585 0.290217 0.685585 0.298913 0.6845399999999999 0.302174
3 0.9077299999999999 0.341304 0.9066850000000001 0.340217 0.9059889999999999 0.33587 0.9059889999999999 0.322826 0.905292 0.321739 0.905292 0.31521699999999997 0.9038999999999999 0.31521699999999997 0.901811 0.32934800000000003 0.901811 0.336957 0.900766 0.340217 0.9077299999999999 0.341304
1 0.273677 0.33260900000000004 0.27332900000000004 0.35108700000000004 0.272284 0.355435 0.27124000000000004 0.376087 0.270543 0.379348 0.268454 0.379348 0.267061 0.384783 0.266713 0.38913000000000003 0.284123 0.390217 0.285515 0.38587 0.283774 0.38043499999999997 0.282033 0.379348 0.281685 0.372826 0.28098900000000004 0.370652 0.28098900000000004 0.36086999999999997 0.278552 0.317391 0.275418 0.31630400000000003 0.27507000000000004 0.322826 0.274373 0.323913 0.274373 0.330435 0.273677 0.33260900000000004
1 0.35968 0.551087 0.35933099999999996 0.5663039999999999 0.357242 0.5956520000000001 0.356546 0.598913 0.353412 0.6 0.350975 0.603261 0.34992999999999996 0.61087 0.34609999999999996 0.6119570000000001 0.34609999999999996 0.6141300000000001 0.355153 0.633696 0.363162 0.633696 0.389276 0.627174 0.389276 0.625 0.38405300000000003 0.615217 0.383705 0.607609 0.377786 0.598913 0.376045 0.5663039999999999 0.375 0.528261 0.37360699999999997 0.520652 0.371518 0.478261 0.365251 0.478261 0.362117 0.526087 0.360724 0.5380429999999999 0.360724 0.545652 0.35968 0.551087