3 0.227019 0.559783 0.226323 0.563043 0.226323 0.569565 0.22562700000000002 0.571739 0.225279 0.5826089999999999 0.224234 0.590217 0.22214499999999998 0.6358699999999999 0.220404 0.656522 0.21518099999999998 0.6630429999999999 0.21413600000000002 0.6673910000000001 0.213788 0.6728259999999999 0.21239599999999997 0.676087 0.20961 0.678261 0.209262 0.682609 0.21518099999999998 0.6836960000000001 0.217618 0.68587 0.228412 0.68587 0.229109 0.688043 0.236769 0.688043 0.244429 0.679348 0.24651800000000001 0.679348 0.247911 0.676087 0.24965199999999999 0.676087 0.253134 0.670652 0.252786 0.668478 0.24860699999999997 0.668478 0.248259 0.659783 0.24756300000000003 0.657609 0.24651800000000001 0.657609 0.24582199999999998 0.655435 0.24303599999999997 0.655435 0.24234 0.652174 0.240251 0.622826 0.23990300000000003 0.603261 0.23885800000000001 0.5956520000000001 0.23816199999999998 0.5826089999999999 0.23746499999999998 0.581522 0.23502800000000001 0.541304 0.23433099999999998 0.53913 0.228412 0.540217 0.228412 0.544565 0.22771599999999997 0.546739 0.227019 0.559783
3 0.471797 0.53587 0.469359 0.536957 0.46901099999999996 0.5423910000000001 0.46831500000000004 0.544565 0.46726999999999996 0.544565 0.467618 0.5478259999999999 0.486421 0.55 0.490599 0.544565 0.489206 0.5423910000000001 0.488162 0.53587 0.486421 0.53587 0.485724 0.532609 0.483983 0.49347799999999997 0.482939 0.48695700000000003 0.482242 0.476087 0.482242 0.46413000000000004 0.48085000000000006 0.46087 0.47841199999999995 0.46087 0.47736799999999996 0.46413000000000004 0.47318899999999997 0.532609 0.471797 0.53587
3 0.383357 0.46956499999999995 0.383008 0.475 0.38509699999999997 0.47717400000000004 0.397284 0.476087 0.397632 0.470652 0.396936 0.468478 0.395543 0.468478 0.39449900000000004 0.46087 0.393802 0.43478300000000003 0.393106 0.43260899999999997 0.392409 0.41413 0.389624 0.41413 0.388579 0.421739 0.385794 0.46630399999999994 0.384401 0.46956499999999995 0.383357 0.46956499999999995
3 0.362813 0.418478 0.362117 0.420652 0.361072 0.420652 0.360724 0.425 0.37117 0.425 0.37117 0.420652 0.370125 0.420652 0.369429 0.418478 0.369429 0.407609 0.367688 0.391304 0.36734 0.38152200000000003 0.365251 0.38152200000000003 0.364206 0.391304 0.36351 0.406522 0.362813 0.40869600000000006 0.362813 0.418478
3 0.39066900000000004 0.394565 0.389972 0.394565 0.389972 0.397826 0.397284 0.397826 0.397284 0.395652 0.395891 0.391304 0.395891 0.379348 0.39449900000000004 0.365217 0.392758 0.365217 0.392061 0.38043499999999997 0.391365 0.38260900000000003 0.391365 0.391304 0.39066900000000004 0.394565
3 0.455084 0.38260900000000003 0.45369099999999996 0.377174 0.452646 0.356522 0.451253 0.356522 0.450557 0.359783 0.449861 0.379348 0.448468 0.38260900000000003 0.455084 0.38260900000000003
3 0.517409 0.377174 0.522284 0.378261 0.520891 0.36413 0.520891 0.356522 0.520543 0.354348 0.5194989999999999 0.354348 0.518802 0.358696 0.5181060000000001 0.373913 0.517409 0.375 0.517409 0.377174
3 0.585655 0.372826 0.584958 0.373913 0.584958 0.376087 0.589485 0.376087 0.589136 0.36956500000000003 0.5884400000000001 0.36739099999999997 0.5884400000000001 0.356522 0.587047 0.354348 0.586351 0.358696 0.586351 0.366304 0.585655 0.36847799999999997 0.585655 0.372826
3 0.6479809999999999 0.375 0.646588 0.356522 0.645543 0.357609 0.645195 0.370652 0.64415 0.376087 0.6479809999999999 0.375
3 0.725279 0.38260900000000003 0.7245820000000001 0.372826 0.723886 0.370652 0.723886 0.366304 0.723189 0.363043 0.7224929999999999 0.363043 0.721797 0.36956500000000003 0.721797 0.379348 0.7211000000000001 0.38260900000000003 0.725279 0.38260900000000003
3 0.8172010000000001 0.393478 0.816156 0.388043 0.815808 0.377174 0.8151109999999999 0.373913 0.814067 0.373913 0.812326 0.38587 0.8119780000000001 0.395652 0.8168519999999999 0.395652 0.8172010000000001 0.393478
3 0.9227019999999999 0.407609 0.922354 0.411957 0.9279249999999999 0.411957 0.92688 0.40543500000000005 0.9261839999999999 0.390217 0.9247909999999999 0.390217 0.924095 0.395652 0.922006 0.40217400000000003 0.922006 0.40543500000000005 0.9227019999999999 0.407609
3 0.9004179999999999 0.43913 0.898677 0.441304 0.898677 0.444565 0.9091229999999999 0.44565200000000005 0.9091229999999999 0.441304 0.9077299999999999 0.43804299999999996 0.907033 0.430435 0.9063370000000001 0.42934799999999995 0.9059889999999999 0.411957 0.905292 0.40543500000000005 0.903552 0.404348 0.902507 0.406522 0.902507 0.41413 0.900766 0.42391300000000004 0.9004179999999999 0.43913
3 0.915042 0.45108699999999996 0.913649 0.456522 0.912256 0.456522 0.912256 0.459783 0.915042 0.46195700000000006 0.9247909999999999 0.46195700000000006 0.9247909999999999 0.459783 0.9227019999999999 0.45543500000000003 0.9227019999999999 0.44782599999999995 0.9213089999999999 0.43913 0.920613 0.41956499999999997 0.9195679999999999 0.415217 0.917827 0.415217 0.9164350000000001 0.422826 0.9164350000000001 0.42717400000000005 0.915042 0.43695700000000004 0.915042 0.45108699999999996
3 0.945682 0.43478300000000003 0.9435930000000001 0.43913 0.9435930000000001 0.44239100000000003 0.950905 0.44239100000000003 0.950905 0.406522 0.947772 0.406522 0.947423 0.41413 0.946379 0.417391 0.945682 0.43478300000000003
1 0.766713 0.459783 0.766017 0.46195700000000006 0.764624 0.46195700000000006 0.763928 0.468478 0.776811 0.468478 0.776811 0.46413000000000004 0.77507 0.46087 0.774373 0.45 0.773677 0.44782599999999995 0.772284 0.418478 0.7698470000000001 0.417391 0.768802 0.430435 0.767061 0.43804299999999996 0.767409 0.45 0.766713 0.459783
1 0.771936 0.41630399999999995 0.771936 0.41413 0.770891 0.411957 0.770195 0.407609 0.770195 0.397826 0.7694989999999999 0.394565 0.7694989999999999 0.38913000000000003 0.768802 0.384783 0.767061 0.384783 0.765669 0.407609 0.763928 0.411957 0.763928 0.41630399999999995 0.771936 0.41630399999999995
1 0.7754179999999999 0.388043 0.7754179999999999 0.375 0.774721 0.372826 0.773329 0.372826 0.772284 0.392391 0.7712399999999999 0.396739 0.776114 0.396739 0.7754179999999999 0.388043
1 0.8189420000000001 0.41086999999999996 0.8189420000000001 0.41413 0.826253 0.41413 0.8245129999999999 0.40217400000000003 0.8238160000000001 0.38587 0.82312 0.383696 0.8220750000000001 0.383696 0.821379 0.38587 0.820682 0.403261 0.819638 0.409783 0.8189420000000001 0.41086999999999996
1 0.8743040000000001 0.409783 0.872911 0.397826 0.8725630000000001 0.384783 0.8708220000000001 0.383696 0.870125 0.384783 0.8690810000000001 0.403261 0.868036 0.409783 0.8743040000000001 0.409783
1 0.897981 0.420652 0.900766 0.420652 0.9021589999999999 0.41413 0.9021589999999999 0.406522 0.9038999999999999 0.403261 0.9032030000000001 0.393478 0.902507 0.391304 0.901114 0.391304 0.9004179999999999 0.394565 0.899373 0.411957 0.897981 0.420652
1 0.7211000000000001 0.425 0.729457 0.426087 0.729457 0.422826 0.728064 0.41956499999999997 0.727368 0.41086999999999996 0.726671 0.390217 0.7245820000000001 0.390217 0.723886 0.394565 0.7228410000000001 0.417391 0.7211000000000001 0.422826 0.7211000000000001 0.425
1 0.639624 0.475 0.637535 0.476087 0.637535 0.479348 0.636142 0.481522 0.64032 0.483696 0.6525070000000001 0.483696 0.6525070000000001 0.481522 0.650766 0.476087 0.649721 0.476087 0.649025 0.47391300000000003 0.648677 0.467391 0.6479809999999999 0.465217 0.645891 0.42391300000000004 0.643454 0.42391300000000004 0.641017 0.46195700000000006 0.639972 0.468478 0.64032 0.471739 0.639624 0.475
1 0.549443 0.41413 0.549791 0.411957 0.54805 0.40869600000000006 0.546657 0.38043499999999997 0.544916 0.379348 0.543175 0.397826 0.543175 0.406522 0.5424789999999999 0.41413 0.549443 0.41413
1 0.556755 0.396739 0.556755 0.394565 0.55571 0.393478 0.554666 0.370652 0.553969 0.36739099999999997 0.553273 0.36739099999999997 0.552228 0.372826 0.5518799999999999 0.386957 0.5501389999999999 0.396739 0.556755 0.396739
1 0.594708 0.390217 0.600627 0.390217 0.59993 0.386957 0.599234 0.36739099999999997 0.598538 0.36413 0.5974929999999999 0.36413 0.596448 0.372826 0.5961000000000001 0.384783 0.594708 0.388043 0.594708 0.390217
1 0.646588 0.38913000000000003 0.6521589999999999 0.38913000000000003 0.651114 0.384783 0.651114 0.376087 0.65007 0.365217 0.648677 0.36739099999999997 0.647632 0.384783 0.646588 0.386957 0.646588 0.38913000000000003
1 0.6922010000000001 0.388043 0.697423 0.388043 0.696031 0.379348 0.695334 0.365217 0.6946380000000001 0.365217 0.692897 0.375 0.692897 0.384783 0.6922010000000001 0.38587 0.6922010000000001 0.388043
1 0.8892760000000001 0.49347799999999997 0.888579 0.5 0.8878830000000001 0.502174 0.8861420000000001 0.502174 0.885446 0.504348 0.885446 0.508696 0.886838 0.511957 0.896936 0.511957 0.902855 0.51413 0.9032030000000001 0.511957 0.902507 0.507609 0.899025 0.49891300000000005 0.896588 0.448913 0.8931060000000001 0.44782599999999995 0.892409 0.45108699999999996 0.8906689999999999 0.47717400000000004 0.8892760000000001 0.481522 0.8892760000000001 0.49347799999999997
1 0.780292 0.5108699999999999 0.780292 0.520652 0.779248 0.53587 0.777855 0.540217 0.7754179999999999 0.540217 0.774373 0.546739 0.772284 0.546739 0.772284 0.548913 0.777855 0.551087 0.779596 0.554348 0.7830779999999999 0.555435 0.798747 0.553261 0.796657 0.552174 0.795265 0.548913 0.794916 0.544565 0.793872 0.5423910000000001 0.792131 0.5423910000000001 0.791435 0.540217 0.79039 0.5195649999999999 0.79039 0.507609 0.788997 0.492391 0.7883009999999999 0.47282599999999997 0.787604 0.468478 0.783774 0.468478 0.782382 0.490217 0.780989 0.496739 0.780989 0.507609 0.780292 0.5108699999999999
1 0.713788 0.43478300000000003 0.712744 0.43478300000000003 0.712744 0.43913 0.7224929999999999 0.44021699999999997 0.7224929999999999 0.43695700000000004 0.720404 0.43260899999999997 0.718663 0.39891299999999996 0.7169220000000001 0.39891299999999996 0.716574 0.406522 0.7151810000000001 0.417391 0.7148329999999999 0.430435 0.713788 0.43478300000000003
1 0.534471 0.433696 0.534471 0.43804299999999996 0.544916 0.43804299999999996 0.544916 0.43587 0.543175 0.431522 0.5424789999999999 0.42717400000000005 0.541086 0.394565 0.538997 0.393478 0.537604 0.420652 0.5365599999999999 0.425 0.536212 0.431522 0.534471 0.433696
1 0.9014620000000001 0.756522 0.900766 0.758696 0.89415 0.759783 0.892061 0.768478 0.8878830000000001 0.768478 0.887535 0.771739 0.896936 0.7880429999999999 0.897284 0.790217 0.902507 0.8 0.9432449999999999 0.8054349999999999 0.9435930000000001 0.803261 0.9383699999999999 0.790217 0.937674 0.778261 0.9366300000000001 0.775 0.9310579999999999 0.7695649999999999 0.9296659999999999 0.765217 0.920265 0.628261 0.918524 0.626087 0.912256 0.626087 0.9084260000000001 0.673913 0.9042479999999999 0.708696 0.9042479999999999 0.722826 0.9014620000000001 0.756522