3 0.47075199999999995 0.6630429999999999 0.46796699999999997 0.6673910000000001 0.46657400000000004 0.671739 0.465877 0.676087 0.466226 0.681522 0.46239600000000003 0.693478 0.461699 0.693478 0.461003 0.697826 0.461699 0.7 0.473538 0.701087 0.479457 0.704348 0.48259100000000005 0.704348 0.48433099999999996 0.706522 0.493384 0.7076089999999999 0.49895500000000004 0.705435 0.50383 0.6913039999999999 0.506616 0.686957 0.509749 0.675 0.505571 0.670652 0.503482 0.66413 0.500696 0.66087 0.49860699999999997 0.66087 0.49791100000000005 0.6586960000000001 0.48676899999999995 0.520652 0.48015299999999994 0.520652 0.47910899999999995 0.525 0.472841 0.659783 0.472145 0.6630429999999999 0.47075199999999995 0.6630429999999999
3 0.697075 0.236957 0.698816 0.236957 0.6981200000000001 0.22934800000000002 0.697423 0.22934800000000002 0.696727 0.226087 0.696727 0.219565 0.6963790000000001 0.21739099999999997 0.6956819999999999 0.21739099999999997 0.694986 0.221739 0.6956819999999999 0.22282600000000002 0.696031 0.233696 0.697075 0.236957
3 0.621518 0.24021699999999999 0.620125 0.231522 0.619777 0.221739 0.618733 0.221739 0.618384 0.23478300000000002 0.61734 0.238043 0.61734 0.24021699999999999 0.621518 0.24021699999999999
3 0.553273 0.24239099999999997 0.556755 0.24239099999999997 0.55571 0.23586999999999997 0.55571 0.230435 0.554666 0.226087 0.553969 0.230435 0.553969 0.23913 0.553273 0.24021699999999999 0.553273 0.24239099999999997
3 0.431755 0.24782600000000002 0.43036199999999997 0.231522 0.429666 0.232609 0.429666 0.238043 0.428273 0.24782600000000002 0.431755 0.24782600000000002
3 0.192897 0.318478 0.197075 0.31521699999999997 0.194986 0.30869599999999997 0.194986 0.301087 0.193593 0.28586999999999996 0.191504 0.283696 0.190111 0.313043 0.188719 0.31521699999999997 0.188719 0.317391 0.192897 0.318478
3 0.202298 0.331522 0.202298 0.333696 0.211699 0.33260900000000004 0.211699 0.32934800000000003 0.209958 0.32717399999999996 0.209262 0.319565 0.20961 0.313043 0.208914 0.306522 0.208217 0.305435 0.207521 0.29565199999999997 0.205432 0.294565 0.204387 0.31413 0.204387 0.325 0.204039 0.328261 0.202298 0.331522
3 0.21831499999999998 0.294565 0.217618 0.291304 0.215877 0.269565 0.21448499999999998 0.268478 0.21344 0.291304 0.21239599999999997 0.29239099999999996 0.21239599999999997 0.294565 0.21831499999999998 0.294565
3 0.264276 0.35 0.269847 0.35108700000000004 0.275418 0.347826 0.275766 0.344565 0.274025 0.343478 0.27332900000000004 0.340217 0.272632 0.323913 0.271936 0.31630400000000003 0.27124000000000004 0.31521699999999997 0.270543 0.304348 0.267758 0.303261 0.267758 0.317391 0.266365 0.344565 0.264624 0.34565199999999996 0.264276 0.35
3 0.395195 0.363043 0.395195 0.365217 0.40598900000000004 0.365217 0.41156 0.363043 0.40947100000000003 0.356522 0.40703300000000003 0.355435 0.405641 0.32934800000000003 0.404596 0.323913 0.403552 0.307609 0.401462 0.307609 0.40076599999999996 0.311957 0.399025 0.356522 0.396588 0.363043 0.395195 0.363043
1 0.866643 0.363043 0.866295 0.36739099999999997 0.864554 0.36739099999999997 0.8638579999999999 0.36956500000000003 0.868036 0.371739 0.8878830000000001 0.371739 0.885794 0.370652 0.884749 0.36413 0.881964 0.36413 0.881267 0.361957 0.8774369999999999 0.3 0.8739549999999999 0.3 0.8708220000000001 0.336957 0.869777 0.359783 0.8690810000000001 0.363043 0.866643 0.363043
1 0.850627 0.244565 0.848886 0.233696 0.848189 0.218478 0.8467969999999999 0.218478 0.845404 0.230435 0.845404 0.238043 0.8443590000000001 0.244565 0.850627 0.244565
1 0.766365 0.243478 0.772284 0.243478 0.770891 0.236957 0.770195 0.220652 0.768802 0.22282600000000002 0.7677579999999999 0.22934800000000002 0.767409 0.24130400000000002 0.766365 0.243478
1 0.696727 0.236957 0.6956819999999999 0.233696 0.695334 0.22282600000000002 0.69429 0.22282600000000002 0.693593 0.238043 0.692549 0.244565 0.697423 0.244565 0.696727 0.236957
1 0.634401 0.24673899999999999 0.633008 0.238043 0.63266 0.226087 0.631616 0.226087 0.630919 0.22934800000000002 0.630571 0.244565 0.629526 0.24673899999999999 0.634401 0.24673899999999999
1 0.575557 0.25 0.5748610000000001 0.24239099999999997 0.574164 0.24021699999999999 0.574164 0.231522 0.5731200000000001 0.22934800000000002 0.572075 0.24673899999999999 0.5713790000000001 0.24782600000000002 0.5713790000000001 0.25 0.575557 0.25
1 0.509053 0.24565199999999998 0.508705 0.23478300000000002 0.50766 0.233696 0.506964 0.24782600000000002 0.505919 0.252174 0.5104460000000001 0.252174 0.509053 0.24565199999999998
1 0.443245 0.236957 0.442201 0.254348 0.44603099999999996 0.254348 0.44428999999999996 0.236957 0.443245 0.236957
1 0.34818899999999997 0.25652200000000003 0.347493 0.25543499999999997 0.347493 0.24673899999999999 0.346797 0.244565 0.345752 0.244565 0.345752 0.254348 0.344708 0.26087 0.348538 0.26087 0.34818899999999997 0.25652200000000003
1 0.291435 0.25652200000000003 0.291435 0.24782600000000002 0.29039000000000004 0.24673899999999999 0.289694 0.258696 0.288997 0.261957 0.292827 0.261957 0.291435 0.25652200000000003
1 0.163301 0.27934800000000004 0.16538999999999998 0.280435 0.163997 0.270652 0.163649 0.26087 0.161908 0.26087 0.16155999999999998 0.267391 0.162953 0.276087 0.163649 0.277174 0.163301 0.27934800000000004
1 0.06545999999999999 0.284783 0.064415 0.27934800000000004 0.06337000000000001 0.265217 0.061978 0.26413000000000003 0.060933 0.281522 0.060237 0.282609 0.060237 0.284783 0.06545999999999999 0.284783
1 0.31754899999999997 0.280435 0.322772 0.280435 0.321727 0.271739 0.321031 0.25760900000000003 0.31928999999999996 0.25760900000000003 0.318593 0.26413000000000003 0.318593 0.275 0.31754899999999997 0.278261 0.31754899999999997 0.280435
1 0.362117 0.305435 0.369429 0.305435 0.369429 0.303261 0.367688 0.29782600000000004 0.366295 0.272826 0.36490300000000003 0.271739 0.364206 0.277174 0.36351 0.298913 0.362117 0.303261 0.362117 0.305435
1 0.47597500000000004 0.30869599999999997 0.48433099999999996 0.30869599999999997 0.48433099999999996 0.306522 0.48259100000000005 0.3 0.481198 0.270652 0.479457 0.270652 0.47841199999999995 0.294565 0.47771600000000003 0.302174 0.47597500000000004 0.306522 0.47597500000000004 0.30869599999999997
3 0.5595399999999999 0.40543500000000005 0.560933 0.407609 0.5807800000000001 0.406522 0.578691 0.40217400000000003 0.578343 0.397826 0.575557 0.395652 0.574164 0.377174 0.574164 0.36956500000000003 0.5731200000000001 0.363043 0.5731200000000001 0.356522 0.572423 0.352174 0.571031 0.32934800000000003 0.567897 0.32934800000000003 0.5672010000000001 0.333696 0.564067 0.396739 0.5619780000000001 0.397826 0.5595399999999999 0.40543500000000005
1 0.6810579999999999 0.31630400000000003 0.6803619999999999 0.320652 0.6786209999999999 0.321739 0.6786209999999999 0.325 0.690111 0.325 0.689415 0.320652 0.687326 0.319565 0.685237 0.27934800000000004 0.683148 0.27934800000000004 0.681755 0.294565 0.681755 0.302174 0.6810579999999999 0.303261 0.6810579999999999 0.31630400000000003
1 0.393802 0.24130400000000002 0.392758 0.25760900000000003 0.395891 0.25760900000000003 0.394847 0.24130400000000002 0.393802 0.24130400000000002
1 0.250348 0.276087 0.24895499999999998 0.27391299999999996 0.247911 0.25760900000000003 0.24651800000000001 0.25652200000000003 0.24617 0.268478 0.24477699999999997 0.278261 0.250348 0.278261 0.250348 0.276087
1 0.32903899999999997 0.27934800000000004 0.328691 0.266304 0.327994 0.26413000000000003 0.32694999999999996 0.26413000000000003 0.325557 0.28586999999999996 0.324164 0.29239099999999996 0.33077999999999996 0.29239099999999996 0.32903899999999997 0.27934800000000004
3 0.774025 0.23586999999999997 0.7788999999999999 0.23586999999999997 0.776811 0.22282600000000002 0.776462 0.216304 0.775766 0.215217 0.77507 0.219565 0.774721 0.232609 0.774025 0.233696 0.774025 0.23586999999999997
3 0.162604 0.27391299999999996 0.16155999999999998 0.268478 0.16051500000000002 0.268478 0.159471 0.28586999999999996 0.158426 0.29239099999999996 0.163997 0.29239099999999996 0.162604 0.27391299999999996
3 0.090877 0.296739 0.095752 0.296739 0.096448 0.29565199999999997 0.094708 0.275 0.092967 0.271739 0.09226999999999999 0.272826 0.091574 0.293478 0.090877 0.294565 0.090877 0.296739
3 0.884053 0.238043 0.884053 0.23586999999999997 0.883357 0.23586999999999997 0.8826599999999999 0.232609 0.881616 0.216304 0.879875 0.215217 0.8791779999999999 0.22282600000000002 0.8791779999999999 0.233696 0.878482 0.238043 0.884053 0.238043