1 0.619429 0.5239130000000001 0.618733 0.525 0.618036 0.552174 0.61734 0.563043 0.616643 0.56413 0.616295 0.576087 0.614903 0.5771740000000001 0.613162 0.583696 0.611769 0.584783 0.611769 0.590217 0.612465 0.592391 0.6145539999999999 0.592391 0.615251 0.594565 0.618384 0.594565 0.62117 0.596739 0.632312 0.596739 0.6354460000000001 0.5913039999999999 0.6354460000000001 0.58587 0.634401 0.581522 0.633357 0.581522 0.633008 0.579348 0.631616 0.578261 0.630571 0.571739 0.630223 0.561957 0.629178 0.554348 0.629178 0.5423910000000001 0.626393 0.507609 0.626393 0.490217 0.621518 0.48913 0.620822 0.49347799999999997 0.620822 0.501087 0.620125 0.504348 0.619429 0.5239130000000001
1 0.458217 0.481522 0.47318899999999997 0.48260899999999995 0.473538 0.475 0.471448 0.476087 0.47075199999999995 0.47391300000000003 0.470404 0.465217 0.46970799999999996 0.46195700000000006 0.469359 0.448913 0.46831500000000004 0.44021699999999997 0.467618 0.41956499999999997 0.46483299999999994 0.418478 0.46135099999999996 0.46956499999999995 0.460306 0.475 0.458217 0.475 0.458217 0.481522
1 0.385794 0.426087 0.396588 0.42717400000000005 0.396936 0.421739 0.395195 0.420652 0.394847 0.41630399999999995 0.39415 0.415217 0.393106 0.394565 0.392409 0.391304 0.392409 0.38152200000000003 0.391713 0.379348 0.39032 0.379348 0.388579 0.403261 0.388231 0.420652 0.386142 0.421739 0.385794 0.426087
1 0.314415 0.395652 0.312674 0.396739 0.312326 0.4 0.32137899999999997 0.40108699999999997 0.32137899999999997 0.397826 0.319638 0.394565 0.319638 0.386957 0.318942 0.384783 0.317897 0.365217 0.316504 0.36413 0.315808 0.366304 0.315808 0.375 0.31511100000000003 0.376087 0.314415 0.395652
1 0.251741 0.383696 0.250348 0.38587 0.250348 0.388043 0.258008 0.388043 0.258008 0.384783 0.256964 0.383696 0.25626699999999997 0.379348 0.254875 0.357609 0.253482 0.356522 0.252786 0.36086999999999997 0.25243699999999997 0.370652 0.251741 0.373913 0.251741 0.383696
3 0.192897 0.42934799999999995 0.190808 0.430435 0.19046000000000002 0.43478300000000003 0.203343 0.433696 0.203343 0.430435 0.201253 0.42717400000000005 0.200557 0.404348 0.199861 0.40108699999999997 0.199861 0.395652 0.198816 0.38587 0.196031 0.384783 0.194986 0.395652 0.194638 0.411957 0.193593 0.41413 0.192897 0.42934799999999995
1 0.159819 0.38043499999999997 0.159819 0.38260900000000003 0.166783 0.38260900000000003 0.167131 0.38043499999999997 0.165738 0.377174 0.165738 0.372826 0.165042 0.370652 0.165042 0.361957 0.16434500000000002 0.358696 0.16434500000000002 0.354348 0.163649 0.35 0.161908 0.35 0.16155999999999998 0.36086999999999997 0.160864 0.363043 0.160864 0.377174 0.159819 0.38043499999999997
1 0.069986 0.383696 0.078343 0.384783 0.078691 0.38043499999999997 0.07694999999999999 0.377174 0.075905 0.36956500000000003 0.074861 0.352174 0.07311999999999999 0.35108700000000004 0.072423 0.365217 0.071727 0.36739099999999997 0.071379 0.38043499999999997 0.069986 0.383696
3 0.295265 0.541304 0.294916 0.551087 0.293872 0.555435 0.293872 0.5663039999999999 0.292479 0.575 0.291435 0.588043 0.291435 0.598913 0.290738 0.6 0.290042 0.621739 0.289345 0.623913 0.288997 0.629348 0.287604 0.629348 0.287256 0.631522 0.285864 0.631522 0.283774 0.6358699999999999 0.283426 0.651087 0.284123 0.6543479999999999 0.29039000000000004 0.653261 0.292479 0.655435 0.301532 0.655435 0.308844 0.652174 0.31511100000000003 0.643478 0.31511100000000003 0.636957 0.314067 0.631522 0.313022 0.631522 0.312674 0.629348 0.309192 0.628261 0.308496 0.623913 0.30745100000000003 0.6054350000000001 0.30745100000000003 0.588043 0.306058 0.563043 0.304318 0.559783 0.304318 0.55 0.302925 0.53913 0.302228 0.521739 0.297006 0.521739 0.29596100000000003 0.525 0.29596100000000003 0.5380429999999999 0.295265 0.541304
3 0.233983 0.463043 0.231894 0.478261 0.23154599999999997 0.48804299999999995 0.229109 0.490217 0.228412 0.49565200000000004 0.22980499999999998 0.497826 0.24617 0.496739 0.24686599999999997 0.49347799999999997 0.24686599999999997 0.48913 0.244429 0.48804299999999995 0.24373300000000003 0.48586999999999997 0.24234 0.47391300000000003 0.24199199999999998 0.456522 0.24129499999999998 0.453261 0.24129499999999998 0.44782599999999995 0.240251 0.44239100000000003 0.240251 0.430435 0.239554 0.425 0.236421 0.42391300000000004 0.235724 0.42717400000000005 0.23502800000000001 0.44565200000000005 0.233983 0.452174 0.233983 0.463043
3 0.134749 0.393478 0.134401 0.403261 0.133008 0.404348 0.13266 0.407609 0.141713 0.40869600000000006 0.142409 0.407609 0.142409 0.40543500000000005 0.14136500000000002 0.403261 0.141017 0.384783 0.139624 0.375 0.139624 0.36847799999999997 0.136838 0.36739099999999997 0.136142 0.379348 0.135446 0.38152200000000003 0.135446 0.390217 0.134749 0.393478