1 0.052228 0.463043 0.05118399999999999 0.46956499999999995 0.050836000000000006 0.481522 0.050139 0.484783 0.049791 0.501087 0.048747 0.515217 0.049095 0.579348 0.050487000000000004 0.581522 0.061280999999999995 0.580435 0.063719 0.578261 0.064415 0.576087 0.067201 0.576087 0.070334 0.572826 0.081128 0.571739 0.083914 0.568478 0.083565 0.565217 0.080432 0.56413 0.079039 0.56087 0.077994 0.56087 0.077298 0.552174 0.074861 0.546739 0.071727 0.546739 0.071031 0.544565 0.06928999999999999 0.530435 0.06928999999999999 0.5239130000000001 0.067897 0.5108699999999999 0.067897 0.503261 0.067201 0.5 0.066504 0.483696 0.065111 0.47282599999999997 0.064067 0.454348 0.06337000000000001 0.45 0.062674 0.43260899999999997 0.061280999999999995 0.42717400000000005 0.054318 0.428261 0.053620999999999995 0.430435 0.053620999999999995 0.43587 0.052925 0.43913 0.052228 0.463043
0 0.087396 0.311957 0.086351 0.317391 0.084262 0.317391 0.083565 0.319565 0.083565 0.322826 0.10027900000000001 0.323913 0.099582 0.319565 0.098189 0.318478 0.09714500000000001 0.31413 0.09714500000000001 0.30869599999999997 0.095056 0.286957 0.094359 0.267391 0.090529 0.266304 0.089833 0.271739 0.089833 0.278261 0.08843999999999999 0.28913 0.087396 0.311957
0 0.29039000000000004 0.30869599999999997 0.289694 0.311957 0.288649 0.311957 0.288649 0.31413 0.302228 0.31521699999999997 0.302228 0.311957 0.29979100000000003 0.307609 0.29805000000000004 0.270652 0.297354 0.267391 0.295613 0.266304 0.294916 0.268478 0.292479 0.305435 0.291435 0.30869599999999997 0.29039000000000004 0.30869599999999997
0 0.377089 0.353261 0.376045 0.353261 0.375696 0.356522 0.378134 0.356522 0.379526 0.358696 0.392758 0.358696 0.393106 0.356522 0.389624 0.352174 0.388579 0.346739 0.388579 0.338043 0.38649 0.298913 0.383705 0.296739 0.381616 0.31630400000000003 0.379875 0.348913 0.377786 0.35 0.377089 0.353261
0 0.126741 0.376087 0.125348 0.376087 0.12465200000000001 0.378261 0.125 0.383696 0.127786 0.38587 0.14623999999999998 0.38587 0.144499 0.376087 0.142061 0.373913 0.14136500000000002 0.370652 0.14032 0.343478 0.138579 0.32934800000000003 0.13753500000000002 0.30869599999999997 0.133008 0.307609 0.132312 0.322826 0.131267 0.328261 0.12883 0.371739 0.126741 0.376087
4 0.43488899999999997 0.29782600000000004 0.43488899999999997 0.301087 0.433496 0.302174 0.433496 0.304348 0.440808 0.304348 0.439415 0.29239099999999996 0.438719 0.269565 0.437326 0.269565 0.435585 0.28913 0.435585 0.29565199999999997 0.43488899999999997 0.29782600000000004
4 0.551532 0.326087 0.5504870000000001 0.330435 0.549443 0.330435 0.549443 0.33260900000000004 0.5501389999999999 0.333696 0.557103 0.333696 0.557103 0.330435 0.5560579999999999 0.32717399999999996 0.5560579999999999 0.30978300000000003 0.5553619999999999 0.304348 0.5553619999999999 0.294565 0.554666 0.293478 0.553273 0.294565 0.553273 0.302174 0.5518799999999999 0.31413 0.551532 0.326087
4 0.589485 0.301087 0.5898329999999999 0.296739 0.589136 0.294565 0.589136 0.27934800000000004 0.588788 0.27391299999999996 0.588092 0.271739 0.587396 0.272826 0.585655 0.29782600000000004 0.587047 0.301087 0.589485 0.301087
4 0.5254179999999999 0.25 0.524373 0.248913 0.522632 0.267391 0.526114 0.268478 0.5254179999999999 0.259783 0.5254179999999999 0.25
4 0.489903 0.284783 0.489206 0.281522 0.489206 0.268478 0.48851000000000006 0.258696 0.487117 0.261957 0.48676899999999995 0.27391299999999996 0.48537600000000003 0.28586999999999996 0.489903 0.284783
4 0.458217 0.243478 0.45717299999999994 0.244565 0.45578 0.266304 0.45960999999999996 0.265217 0.458217 0.243478
4 0.43802199999999997 0.230435 0.43697800000000003 0.231522 0.435933 0.248913 0.438719 0.24782600000000002 0.43802199999999997 0.230435
4 0.39449900000000004 0.248913 0.393106 0.22934800000000002 0.391713 0.232609 0.391713 0.23913 0.39066900000000004 0.248913 0.39449900000000004 0.248913
4 0.365599 0.220652 0.36490300000000003 0.220652 0.36351 0.236957 0.366643 0.236957 0.366295 0.22391299999999997 0.365599 0.220652
4 0.306755 0.23478300000000002 0.305362 0.225 0.305362 0.219565 0.304318 0.218478 0.30362100000000003 0.22282600000000002 0.303273 0.232609 0.302577 0.23478300000000002 0.306755 0.23478300000000002
4 0.21448499999999998 0.213043 0.21344 0.20760900000000002 0.212744 0.20760900000000002 0.211351 0.225 0.21518099999999998 0.225 0.21448499999999998 0.219565 0.21448499999999998 0.213043
4 0.118384 0.213043 0.11734 0.2 0.116295 0.2 0.115947 0.209783 0.114554 0.21739099999999997 0.11942900000000001 0.21739099999999997 0.118384 0.213043