3 0.074513 0.781522 0.074861 0.7793479999999999 0.066156 0.7739130000000001 0.062674 0.7608699999999999 0.056755 0.759783 0.056058 0.757609 0.049443 0.670652 0.049443 0.6630429999999999 0.048747 0.6630429999999999 0.049095 0.8054349999999999 0.050836000000000006 0.8054349999999999 0.052925 0.8021739999999999 0.074513 0.781522
3 0.32903899999999997 0.5336960000000001 0.325905 0.536957 0.325557 0.5423910000000001 0.324164 0.546739 0.324164 0.548913 0.34401099999999996 0.548913 0.34818899999999997 0.544565 0.348538 0.5423910000000001 0.347493 0.541304 0.346797 0.536957 0.343663 0.534783 0.342618 0.530435 0.33843999999999996 0.46087 0.335655 0.46087 0.335306 0.45869600000000005 0.334262 0.45869600000000005 0.334262 0.467391 0.332521 0.48804299999999995 0.330084 0.530435 0.32903899999999997 0.5336960000000001
3 0.42130900000000004 0.372826 0.419916 0.359783 0.419916 0.353261 0.41956800000000005 0.35108700000000004 0.418524 0.35108700000000004 0.418524 0.357609 0.416435 0.36956500000000003 0.416435 0.372826 0.42130900000000004 0.372826
3 0.40529200000000004 0.38587 0.41156 0.38587 0.41156 0.38152200000000003 0.41016700000000006 0.375 0.41016700000000006 0.366304 0.409123 0.358696 0.408078 0.358696 0.407382 0.372826 0.406337 0.379348 0.40529200000000004 0.38152200000000003 0.40529200000000004 0.38587
3 0.410864 0.40543500000000005 0.418524 0.40543500000000005 0.418524 0.40217400000000003 0.41713100000000003 0.40108699999999997 0.416435 0.393478 0.415738 0.372826 0.41364900000000004 0.370652 0.41364900000000004 0.379348 0.41260399999999997 0.388043 0.41260399999999997 0.395652 0.410864 0.40543500000000005
3 0.419916 0.46956499999999995 0.435585 0.470652 0.434192 0.468478 0.433496 0.46413000000000004 0.431755 0.463043 0.431058 0.46087 0.428621 0.41304299999999994 0.425836 0.41086999999999996 0.422702 0.45869600000000005 0.422006 0.46195700000000006 0.419916 0.463043 0.419916 0.46956499999999995
3 0.45786899999999997 0.366304 0.45786899999999997 0.363043 0.456825 0.361957 0.456476 0.347826 0.45543199999999995 0.347826 0.454735 0.359783 0.454039 0.36086999999999997 0.45369099999999996 0.366304 0.45786899999999997 0.366304
3 0.452298 0.428261 0.452298 0.433696 0.46239600000000003 0.433696 0.46239600000000003 0.42934799999999995 0.461003 0.428261 0.460306 0.42391300000000004 0.458565 0.391304 0.456476 0.390217 0.456476 0.396739 0.454387 0.42391300000000004 0.45369099999999996 0.42717400000000005 0.452298 0.428261
3 0.50766 0.365217 0.50766 0.36086999999999997 0.506616 0.354348 0.506616 0.346739 0.505571 0.346739 0.505223 0.354348 0.50383 0.361957 0.50383 0.365217 0.50766 0.365217
3 0.557451 0.348913 0.556407 0.365217 0.559889 0.365217 0.558496 0.348913 0.557451 0.348913
3 0.666086 0.363043 0.6657379999999999 0.355435 0.664694 0.355435 0.663649 0.371739 0.667131 0.371739 0.667131 0.366304 0.666086 0.363043
3 0.734331 0.38152200000000003 0.733635 0.36956500000000003 0.732939 0.36847799999999997 0.732939 0.366304 0.7318939999999999 0.366304 0.7318939999999999 0.372826 0.73085 0.378261 0.73085 0.38152200000000003 0.734331 0.38152200000000003
3 0.768454 0.41086999999999996 0.768454 0.407609 0.767061 0.404348 0.766365 0.39891299999999996 0.766017 0.383696 0.764276 0.383696 0.763231 0.40217400000000003 0.76149 0.40543500000000005 0.76149 0.409783 0.768454 0.41086999999999996
3 0.8133699999999999 0.40543500000000005 0.8133699999999999 0.40217400000000003 0.8116300000000001 0.392391 0.8116300000000001 0.384783 0.810933 0.38260900000000003 0.8098890000000001 0.38260900000000003 0.809192 0.39891299999999996 0.8077989999999999 0.40217400000000003 0.8077989999999999 0.40543500000000005 0.8133699999999999 0.40543500000000005
3 0.833914 0.42391300000000004 0.8342620000000001 0.41956499999999997 0.8325210000000001 0.41413 0.831128 0.392391 0.829387 0.392391 0.8283429999999999 0.415217 0.825905 0.41956499999999997 0.825905 0.42391300000000004 0.833914 0.42391300000000004
3 0.8889279999999999 0.41630399999999995 0.8889279999999999 0.41304299999999994 0.8878830000000001 0.40869600000000006 0.886838 0.390217 0.885446 0.38913000000000003 0.883705 0.40869600000000006 0.882312 0.411957 0.882312 0.41630399999999995 0.8889279999999999 0.41630399999999995
3 0.9300140000000001 0.44239100000000003 0.939415 0.444565 0.939415 0.441304 0.9362809999999999 0.426087 0.935933 0.417391 0.9352370000000001 0.41413 0.9352370000000001 0.407609 0.9334960000000001 0.407609 0.932103 0.42934799999999995 0.9314069999999999 0.433696 0.9296659999999999 0.43695700000000004 0.9300140000000001 0.44239100000000003
1 0.878134 0.397826 0.878134 0.391304 0.8774369999999999 0.388043 0.876393 0.388043 0.874652 0.409783 0.8791779999999999 0.409783 0.8791779999999999 0.404348 0.878134 0.397826
1 0.840181 0.38152200000000003 0.8387879999999999 0.4 0.8426180000000001 0.4 0.841226 0.38152200000000003 0.840181 0.38152200000000003
1 0.786212 0.443478 0.797006 0.443478 0.797006 0.44021699999999997 0.794916 0.43695700000000004 0.7928270000000001 0.403261 0.791086 0.403261 0.789345 0.431522 0.787604 0.43804299999999996 0.786212 0.43913 0.786212 0.443478
1 0.778552 0.393478 0.778552 0.388043 0.777855 0.38587 0.777855 0.377174 0.7775070000000001 0.373913 0.776462 0.373913 0.775766 0.386957 0.774721 0.38913000000000003 0.774721 0.393478 0.778552 0.393478
1 0.761838 0.38913000000000003 0.763579 0.38913000000000003 0.763928 0.383696 0.76532 0.38152200000000003 0.764972 0.370652 0.763579 0.371739 0.763579 0.376087 0.761838 0.38587 0.761838 0.38913000000000003
1 0.700905 0.41956499999999997 0.700905 0.422826 0.7092620000000001 0.422826 0.7092620000000001 0.41956499999999997 0.7075210000000001 0.418478 0.706128 0.390217 0.704735 0.390217 0.703343 0.40217400000000003 0.702994 0.41086999999999996 0.70195 0.417391 0.700905 0.41956499999999997
1 0.74617 0.625 0.754178 0.636957 0.7788999999999999 0.636957 0.7788999999999999 0.634783 0.77507 0.627174 0.774721 0.621739 0.770543 0.613043 0.764624 0.527174 0.759749 0.527174 0.753134 0.61087 0.752089 0.6141300000000001 0.74617 0.622826 0.74617 0.625
1 0.697423 0.379348 0.6963790000000001 0.361957 0.695334 0.361957 0.694986 0.371739 0.6939420000000001 0.376087 0.6939420000000001 0.379348 0.697423 0.379348
1 0.6751389999999999 0.508696 0.674791 0.515217 0.677228 0.5195649999999999 0.692897 0.5195649999999999 0.691504 0.5108699999999999 0.689763 0.509783 0.6887190000000001 0.5054350000000001 0.685585 0.45108699999999996 0.682103 0.45108699999999996 0.682103 0.456522 0.678273 0.504348 0.677577 0.507609 0.6751389999999999 0.508696
1 0.648677 0.467391 0.660515 0.468478 0.660515 0.46413000000000004 0.658774 0.459783 0.657033 0.421739 0.656685 0.41956499999999997 0.654248 0.418478 0.651114 0.45869600000000005 0.65007 0.46195700000000006 0.648677 0.463043 0.648677 0.467391
1 0.6556409999999999 0.407609 0.6556409999999999 0.404348 0.654596 0.40217400000000003 0.654248 0.394565 0.653552 0.391304 0.653552 0.38043499999999997 0.652855 0.378261 0.651811 0.378261 0.6504179999999999 0.4 0.649025 0.404348 0.649025 0.407609 0.6556409999999999 0.407609
1 0.643802 0.36956500000000003 0.6427579999999999 0.36956500000000003 0.64032 0.392391 0.645543 0.392391 0.6444989999999999 0.384783 0.643802 0.36956500000000003
1 0.640669 0.373913 0.639276 0.357609 0.638231 0.357609 0.638231 0.36413 0.6371870000000001 0.36956500000000003 0.6371870000000001 0.373913 0.640669 0.373913
1 0.634401 0.397826 0.634401 0.394565 0.633008 0.392391 0.633357 0.384783 0.63266 0.371739 0.631616 0.371739 0.630571 0.38913000000000003 0.629178 0.393478 0.629178 0.397826 0.634401 0.397826
1 0.587047 0.42717400000000005 0.587047 0.430435 0.5961000000000001 0.430435 0.5961000000000001 0.428261 0.594708 0.42391300000000004 0.592618 0.392391 0.590877 0.391304 0.590877 0.397826 0.589136 0.421739 0.588092 0.426087 0.587047 0.42717400000000005
1 0.565111 0.373913 0.5637190000000001 0.354348 0.562674 0.354348 0.562326 0.36739099999999997 0.5612809999999999 0.370652 0.5612809999999999 0.373913 0.565111 0.373913
1 0.538649 0.404348 0.538649 0.40869600000000006 0.5442199999999999 0.409783 0.544916 0.40869600000000006 0.544916 0.40543500000000005 0.5442199999999999 0.404348 0.5428270000000001 0.38043499999999997 0.541086 0.379348 0.5407379999999999 0.391304 0.540042 0.393478 0.540042 0.39891299999999996 0.538649 0.404348
1 0.520543 0.379348 0.520543 0.383696 0.525766 0.383696 0.525766 0.38043499999999997 0.524721 0.378261 0.524373 0.36413 0.524025 0.361957 0.522632 0.361957 0.522632 0.365217 0.521936 0.36739099999999997 0.521936 0.373913 0.520543 0.379348
1 0.513928 0.392391 0.5194989999999999 0.392391 0.5194989999999999 0.388043 0.518454 0.38152200000000003 0.518454 0.371739 0.5177579999999999 0.36739099999999997 0.516713 0.36739099999999997 0.516017 0.38260900000000003 0.513928 0.38913000000000003 0.513928 0.392391
0 0.191504 0.33913000000000004 0.191504 0.33587 0.19046000000000002 0.33260900000000004 0.190111 0.320652 0.189067 0.320652 0.18836999999999998 0.331522 0.186978 0.33587 0.186978 0.33913000000000004 0.191504 0.33913000000000004
0 0.233983 0.320652 0.232591 0.338043 0.236072 0.338043 0.23502800000000001 0.320652 0.233983 0.320652
0 0.263231 0.320652 0.26149 0.338043 0.26532 0.338043 0.264276 0.320652 0.263231 0.320652
1 0.924095 0.44782599999999995 0.9227019999999999 0.454348 0.9227019999999999 0.457609 0.9209609999999999 0.46195700000000006 0.9209609999999999 0.46630399999999994 0.9334960000000001 0.467391 0.9334960000000001 0.46413000000000004 0.932103 0.46413000000000004 0.9310579999999999 0.459783 0.928969 0.43913 0.928969 0.42717400000000005 0.927577 0.426087 0.927228 0.42391300000000004 0.9261839999999999 0.42391300000000004 0.925139 0.431522 0.9247909999999999 0.44021699999999997 0.924095 0.44239100000000003 0.924095 0.44782599999999995
1 0.9146940000000001 0.411957 0.913649 0.393478 0.912256 0.392391 0.911908 0.40108699999999997 0.910515 0.40869600000000006 0.910515 0.411957 0.9146940000000001 0.411957
1 0.721797 0.390217 0.7224929999999999 0.38913000000000003 0.7224929999999999 0.384783 0.721797 0.38260900000000003 0.720752 0.36956500000000003 0.719708 0.36956500000000003 0.7193590000000001 0.38043499999999997 0.717967 0.38587 0.717967 0.390217 0.721797 0.390217
1 0.680014 0.38043499999999997 0.6793180000000001 0.366304 0.678273 0.366304 0.676532 0.38913000000000003 0.6810579999999999 0.38913000000000003 0.6810579999999999 0.384783 0.680014 0.38043499999999997
0 0.077994 0.342391 0.078343 0.338043 0.077646 0.33587 0.077646 0.32934800000000003 0.076602 0.319565 0.075905 0.317391 0.074861 0.317391 0.074164 0.330435 0.072772 0.336957 0.072772 0.342391 0.077994 0.342391
0 0.123607 0.340217 0.123607 0.336957 0.122563 0.33260900000000004 0.121866 0.318478 0.120474 0.318478 0.120125 0.330435 0.118733 0.33587 0.118733 0.340217 0.123607 0.340217
3 0.770195 0.40543500000000005 0.770195 0.40217400000000003 0.76915 0.4 0.76915 0.392391 0.7681060000000001 0.379348 0.766017 0.38043499999999997 0.766713 0.388043 0.766713 0.39891299999999996 0.7677579999999999 0.40543500000000005 0.770195 0.40543500000000005
3 0.607939 0.366304 0.6072420000000001 0.357609 0.606546 0.356522 0.606546 0.35108700000000004 0.6055010000000001 0.35108700000000004 0.6051529999999999 0.36086999999999997 0.604109 0.36413 0.604457 0.366304 0.607939 0.366304
1 0.604457 0.373913 0.603412 0.355435 0.602368 0.355435 0.6020190000000001 0.36847799999999997 0.601323 0.370652 0.601323 0.373913 0.604457 0.373913