3 0.08843999999999999 0.825 0.086351 0.8391299999999999 0.086351 0.846739 0.116295 0.846739 0.11559900000000001 0.840217 0.11385799999999999 0.833696 0.112465 0.8239129999999999 0.11142099999999999 0.8043480000000001 0.110376 0.7978259999999999 0.10968 0.781522 0.10898300000000001 0.778261 0.10793900000000001 0.754348 0.106546 0.752174 0.096797 0.752174 0.094359 0.7554350000000001 0.09331500000000001 0.761957 0.09331500000000001 0.7695649999999999 0.09226999999999999 0.777174 0.08843999999999999 0.825
3 0.291086 0.492391 0.29039000000000004 0.496739 0.29039000000000004 0.502174 0.289694 0.504348 0.289694 0.5130429999999999 0.288997 0.517391 0.288649 0.532609 0.287256 0.551087 0.286212 0.555435 0.286212 0.561957 0.28273000000000004 0.5663039999999999 0.281685 0.570652 0.281685 0.576087 0.283078 0.581522 0.307799 0.581522 0.308496 0.580435 0.308496 0.5771740000000001 0.307103 0.572826 0.307103 0.5663039999999999 0.302925 0.563043 0.302228 0.56087 0.297006 0.47391300000000003 0.293175 0.47391300000000003 0.291783 0.47717400000000004 0.291783 0.48260899999999995 0.291086 0.48586999999999997 0.291086 0.492391
3 0.177228 0.475 0.193593 0.475 0.19429000000000002 0.47282599999999997 0.196031 0.471739 0.194986 0.465217 0.192549 0.46413000000000004 0.191852 0.46087 0.191156 0.45 0.191156 0.43695700000000004 0.19046000000000002 0.42717400000000005 0.189415 0.422826 0.18836999999999998 0.40543500000000005 0.18453999999999998 0.404348 0.181058 0.45869600000000005 0.180014 0.46413000000000004 0.177228 0.468478 0.177228 0.475
3 0.052228 0.41304299999999994 0.049443 0.36847799999999997 0.048747 0.36847799999999997 0.048747 0.420652 0.054666000000000006 0.420652 0.054666000000000006 0.415217 0.052228 0.41304299999999994
3 0.060585 0.379348 0.05954 0.379348 0.058496000000000006 0.373913 0.057450999999999995 0.346739 0.056755 0.343478 0.054318 0.343478 0.050836000000000006 0.38152200000000003 0.052925 0.384783 0.060585 0.384783 0.060585 0.379348
3 0.11559900000000001 0.358696 0.114206 0.36086999999999997 0.11385799999999999 0.36413 0.122214 0.36413 0.122563 0.36086999999999997 0.12117 0.358696 0.120474 0.333696 0.119777 0.330435 0.11768799999999999 0.330435 0.11699200000000001 0.334783 0.11699200000000001 0.344565 0.11559900000000001 0.353261 0.11559900000000001 0.358696
3 0.206128 0.348913 0.205084 0.326087 0.203343 0.326087 0.20195 0.348913 0.200557 0.353261 0.207173 0.353261 0.206128 0.348913
3 0.232591 0.33913000000000004 0.23154599999999997 0.342391 0.23711700000000002 0.342391 0.23537599999999997 0.318478 0.233983 0.319565 0.23328700000000002 0.33260900000000004 0.232591 0.334783 0.232591 0.33913000000000004
3 0.197423 0.333696 0.202298 0.333696 0.201253 0.326087 0.201253 0.313043 0.199513 0.311957 0.199164 0.318478 0.198468 0.320652 0.198468 0.328261 0.197423 0.333696
3 0.071727 0.321739 0.070682 0.301087 0.068942 0.302174 0.068942 0.31087 0.068245 0.313043 0.067549 0.320652 0.071727 0.321739
3 0.049791 0.30978300000000003 0.048747 0.306522 0.048747 0.32934800000000003 0.05118399999999999 0.32934800000000003 0.049791 0.31630400000000003 0.049791 0.30978300000000003
3 0.087744 0.3 0.086699 0.298913 0.084958 0.31630400000000003 0.089136 0.31630400000000003 0.08843999999999999 0.313043 0.087744 0.3
3 0.099582 0.298913 0.098189 0.296739 0.097493 0.298913 0.096797 0.311957 0.09992999999999999 0.311957 0.099582 0.298913
3 0.108635 0.29565199999999997 0.10759099999999999 0.30978300000000003 0.110724 0.30978300000000003 0.11002799999999999 0.296739 0.108635 0.29565199999999997
3 0.149721 0.318478 0.14902500000000002 0.302174 0.147632 0.303261 0.146936 0.31413 0.145891 0.318478 0.149721 0.318478
3 0.159471 0.317391 0.159471 0.30869599999999997 0.159123 0.306522 0.15772999999999998 0.306522 0.157382 0.31413 0.155989 0.325 0.160167 0.325 0.159471 0.317391
3 0.172006 0.311957 0.171309 0.31087 0.171309 0.301087 0.169916 0.3 0.169568 0.30978300000000003 0.16817500000000002 0.31630400000000003 0.171657 0.317391 0.172006 0.311957
3 0.211003 0.3 0.21030600000000002 0.3 0.20856499999999997 0.31413 0.212047 0.31521699999999997 0.211699 0.303261 0.211003 0.3
1 0.854805 0.68913 0.853064 0.68913 0.852368 0.6913039999999999 0.8495820000000001 0.6913039999999999 0.8485379999999999 0.694565 0.8478410000000001 0.703261 0.8436629999999999 0.706522 0.8426180000000001 0.71087 0.848189 0.7163039999999999 0.852716 0.717391 0.8722139999999999 0.732609 0.8760450000000001 0.732609 0.8910170000000001 0.717391 0.8910170000000001 0.715217 0.887535 0.71413 0.886838 0.7119570000000001 0.88649 0.705435 0.884749 0.701087 0.87883 0.695652 0.8777860000000001 0.665217 0.8756959999999999 0.645652 0.8722139999999999 0.576087 0.871518 0.573913 0.864554 0.572826 0.8603759999999999 0.6304350000000001 0.856546 0.670652 0.85585 0.68587 0.854805 0.68913
1 0.466922 0.459783 0.465877 0.46195700000000006 0.48189399999999993 0.463043 0.481198 0.457609 0.479457 0.456522 0.47841199999999995 0.452174 0.47597500000000004 0.407609 0.475279 0.404348 0.47318899999999997 0.404348 0.47249299999999994 0.406522 0.46970799999999996 0.45543500000000003 0.46726999999999996 0.456522 0.466922 0.459783
1 0.24373300000000003 0.38152200000000003 0.24303599999999997 0.38587 0.241643 0.38587 0.241643 0.38913000000000003 0.251045 0.38913000000000003 0.251045 0.38587 0.25 0.384783 0.24860699999999997 0.378261 0.248259 0.361957 0.247214 0.35108700000000004 0.24547400000000003 0.35 0.24477699999999997 0.354348 0.24477699999999997 0.359783 0.24373300000000003 0.365217 0.24373300000000003 0.38152200000000003
1 0.27332900000000004 0.36847799999999997 0.28064100000000003 0.36847799999999997 0.27890000000000004 0.361957 0.278203 0.338043 0.276114 0.336957 0.275766 0.34565199999999996 0.27507000000000004 0.347826 0.27507000000000004 0.36086999999999997 0.27332900000000004 0.36847799999999997
1 0.32520899999999997 0.356522 0.33077999999999996 0.356522 0.329387 0.35 0.32903899999999997 0.33260900000000004 0.328343 0.330435 0.327298 0.330435 0.327298 0.33587 0.326253 0.343478 0.326253 0.352174 0.32520899999999997 0.356522
1 0.349582 0.34565199999999996 0.348538 0.338043 0.348538 0.32934800000000003 0.34784099999999996 0.325 0.346797 0.323913 0.345404 0.33260900000000004 0.345752 0.342391 0.345056 0.34565199999999996 0.349582 0.34565199999999996
1 0.30571000000000004 0.333696 0.305014 0.318478 0.303969 0.318478 0.302925 0.331522 0.30188000000000004 0.336957 0.306407 0.336957 0.30571000000000004 0.333696
1 0.24895499999999998 0.325 0.248259 0.328261 0.251741 0.328261 0.251045 0.321739 0.251045 0.311957 0.250348 0.30978300000000003 0.24965199999999999 0.31087 0.24965199999999999 0.31521699999999997 0.24895499999999998 0.317391 0.24895499999999998 0.325
1 0.24582199999999998 0.31413 0.24582199999999998 0.307609 0.24512499999999998 0.304348 0.244429 0.304348 0.24373300000000003 0.30869599999999997 0.243384 0.319565 0.24651800000000001 0.319565 0.24582199999999998 0.31413
1 0.23085 0.305435 0.230153 0.305435 0.228412 0.321739 0.231894 0.321739 0.23085 0.305435
1 0.673747 0.479348 0.67305 0.48260899999999995 0.672354 0.501087 0.671657 0.503261 0.6692199999999999 0.503261 0.668872 0.508696 0.666435 0.509783 0.666435 0.511957 0.669916 0.51413 0.690111 0.51413 0.689415 0.511957 0.6880219999999999 0.511957 0.68663 0.504348 0.683844 0.503261 0.6803619999999999 0.43804299999999996 0.676532 0.43695700000000004 0.675836 0.44021699999999997 0.674791 0.46413000000000004 0.674095 0.468478 0.673747 0.479348
1 0.308844 0.417391 0.30745100000000003 0.418478 0.306755 0.42391300000000004 0.319638 0.42391300000000004 0.31928999999999996 0.417391 0.316852 0.415217 0.316156 0.404348 0.316852 0.4 0.315808 0.396739 0.31511100000000003 0.377174 0.314067 0.373913 0.312326 0.373913 0.31162999999999996 0.388043 0.310585 0.393478 0.30988899999999997 0.41413 0.308844 0.417391