3 0.587396 0.5054350000000001 0.5866990000000001 0.509783 0.586003 0.528261 0.5842620000000001 0.532609 0.581128 0.534783 0.580432 0.5380429999999999 0.580432 0.544565 0.57695 0.548913 0.57695 0.551087 0.577646 0.553261 0.5821729999999999 0.553261 0.584958 0.5586960000000001 0.588788 0.556522 0.5898329999999999 0.5586960000000001 0.6020190000000001 0.559783 0.603064 0.557609 0.604805 0.557609 0.613162 0.548913 0.613162 0.543478 0.610376 0.541304 0.609331 0.534783 0.606198 0.531522 0.6037600000000001 0.526087 0.603064 0.507609 0.600975 0.484783 0.600279 0.467391 0.599234 0.45869600000000005 0.5974929999999999 0.42391300000000004 0.5919220000000001 0.422826 0.589136 0.46195700000000006 0.588788 0.47717400000000004 0.587396 0.49565200000000004 0.587396 0.5054350000000001
2 0.728412 0.31521699999999997 0.728064 0.338043 0.726671 0.363043 0.725975 0.36739099999999997 0.725627 0.38260900000000003 0.72493 0.386957 0.7224929999999999 0.393478 0.722145 0.397826 0.718315 0.4 0.718315 0.403261 0.720752 0.40543500000000005 0.7301529999999999 0.404348 0.736421 0.407609 0.743733 0.406522 0.745125 0.40217400000000003 0.744777 0.392391 0.743036 0.390217 0.741295 0.379348 0.740251 0.334783 0.736421 0.275 0.735376 0.271739 0.7318939999999999 0.271739 0.731198 0.277174 0.7301529999999999 0.302174 0.729457 0.304348 0.728412 0.31521699999999997
3 0.8151109999999999 0.306522 0.814415 0.30869599999999997 0.8119780000000001 0.30869599999999997 0.8098890000000001 0.313043 0.807451 0.313043 0.807451 0.31630400000000003 0.8098890000000001 0.31630400000000003 0.8102370000000001 0.318478 0.8255570000000001 0.317391 0.826253 0.313043 0.8245129999999999 0.30869599999999997 0.82312 0.30869599999999997 0.822423 0.305435 0.8220750000000001 0.282609 0.820682 0.275 0.8199859999999999 0.261957 0.817549 0.26087 0.8168519999999999 0.263043 0.8154600000000001 0.283696 0.8151109999999999 0.306522
3 0.83844 0.282609 0.8370469999999999 0.286957 0.835655 0.286957 0.835655 0.28913 0.8342620000000001 0.291304 0.8342620000000001 0.294565 0.846448 0.294565 0.8478410000000001 0.29239099999999996 0.8478410000000001 0.28913 0.8467969999999999 0.288043 0.844708 0.280435 0.8443590000000001 0.261957 0.8433149999999999 0.25760900000000003 0.842967 0.248913 0.841922 0.24565199999999998 0.840181 0.24565199999999998 0.8391360000000001 0.248913 0.8391360000000001 0.25760900000000003 0.83844 0.265217 0.83844 0.282609
3 0.8234680000000001 0.276087 0.8304320000000001 0.275 0.8304320000000001 0.271739 0.8286910000000001 0.269565 0.8286910000000001 0.252174 0.827646 0.24130400000000002 0.826253 0.23478300000000002 0.824861 0.23478300000000002 0.8238160000000001 0.24021699999999999 0.82312 0.267391 0.8217269999999999 0.27391299999999996 0.8234680000000001 0.276087
3 0.791435 0.254348 0.790042 0.259783 0.788997 0.259783 0.788649 0.263043 0.797354 0.26413000000000003 0.7983979999999999 0.261957 0.796657 0.25543499999999997 0.796657 0.243478 0.795265 0.227174 0.7924789999999999 0.228261 0.7924789999999999 0.243478 0.791783 0.24673899999999999 0.791435 0.254348
1 0.935585 0.24021699999999999 0.9345399999999999 0.243478 0.933844 0.243478 0.9331480000000001 0.24782600000000002 0.942897 0.248913 0.9432449999999999 0.244565 0.9418519999999999 0.24130400000000002 0.941156 0.233696 0.9404600000000001 0.231522 0.9397629999999999 0.21413000000000001 0.937674 0.211957 0.9366300000000001 0.215217 0.9366300000000001 0.22391299999999997 0.935933 0.227174 0.935585 0.24021699999999999
1 0.9244429999999999 0.206522 0.9244429999999999 0.202174 0.9230499999999999 0.196739 0.9227019999999999 0.18913 0.922006 0.184783 0.9209609999999999 0.184783 0.920265 0.195652 0.9192199999999999 0.198913 0.9192199999999999 0.206522 0.9244429999999999 0.206522
3 0.9094709999999999 0.18043499999999998 0.9084260000000001 0.18043499999999998 0.9073819999999999 0.2 0.9108639999999999 0.2 0.9108639999999999 0.19456500000000002 0.9094709999999999 0.18043499999999998
3 0.878134 0.197826 0.877089 0.195652 0.876741 0.184783 0.8756959999999999 0.184783 0.873607 0.197826 0.873607 0.202174 0.878134 0.202174 0.878134 0.197826
1 0.868733 0.20760900000000002 0.868733 0.20434800000000003 0.8673400000000001 0.197826 0.866992 0.18913 0.865251 0.190217 0.864554 0.196739 0.864206 0.20760900000000002 0.868036 0.208696 0.868733 0.20760900000000002
1 0.7830779999999999 0.23478300000000002 0.791435 0.23478300000000002 0.791435 0.231522 0.788997 0.221739 0.788649 0.209783 0.7865599999999999 0.209783 0.7851670000000001 0.228261 0.784123 0.231522 0.7830779999999999 0.231522 0.7830779999999999 0.23478300000000002
1 0.7928270000000001 0.20760900000000002 0.7907379999999999 0.196739 0.7907379999999999 0.192391 0.789694 0.192391 0.788997 0.202174 0.789345 0.21086999999999997 0.7928270000000001 0.21086999999999997 0.7928270000000001 0.20760900000000002
3 0.706825 0.251087 0.714136 0.252174 0.714136 0.24782600000000002 0.712744 0.243478 0.712744 0.23478300000000002 0.711003 0.22282600000000002 0.709958 0.22282600000000002 0.708565 0.24239099999999997 0.7075210000000001 0.24673899999999999 0.706825 0.24673899999999999 0.706825 0.251087
1 0.852019 0.24021699999999999 0.860028 0.23913 0.860028 0.23478300000000002 0.8586349999999999 0.230435 0.857591 0.220652 0.857242 0.209783 0.85585 0.209783 0.854109 0.230435 0.852019 0.236957 0.852019 0.24021699999999999
1 0.713788 0.23478300000000002 0.7193590000000001 0.23586999999999997 0.719708 0.232609 0.717618 0.22391299999999997 0.71727 0.211957 0.716226 0.209783 0.715529 0.21086999999999997 0.714485 0.231522 0.713788 0.232609 0.713788 0.23478300000000002
1 0.747563 0.209783 0.746518 0.20543499999999998 0.74617 0.195652 0.745125 0.19456500000000002 0.744429 0.208696 0.743384 0.213043 0.747563 0.213043 0.747563 0.209783
1 0.697423 0.20108700000000002 0.696031 0.2 0.694986 0.216304 0.699164 0.216304 0.697772 0.20760900000000002 0.697423 0.20108700000000002
1 0.648677 0.203261 0.647632 0.203261 0.645891 0.220652 0.65007 0.220652 0.649025 0.21413000000000001 0.648677 0.203261
1 0.628134 0.236957 0.626393 0.215217 0.625 0.21739099999999997 0.624304 0.233696 0.623259 0.236957 0.628134 0.236957
1 0.61351 0.221739 0.612465 0.21739099999999997 0.612465 0.209783 0.612117 0.20760900000000002 0.611421 0.20760900000000002 0.610724 0.220652 0.60968 0.226087 0.61351 0.226087 0.61351 0.221739
1 0.598189 0.238043 0.5978410000000001 0.231522 0.596448 0.226087 0.596448 0.216304 0.595404 0.215217 0.5943590000000001 0.231522 0.593315 0.23478300000000002 0.593315 0.238043 0.598189 0.238043
1 0.591574 0.21086999999999997 0.590877 0.21086999999999997 0.589485 0.22934800000000002 0.592967 0.230435 0.592618 0.220652 0.591574 0.21086999999999997
1 0.582869 0.21413000000000001 0.581476 0.21413000000000001 0.581128 0.228261 0.580432 0.233696 0.5842620000000001 0.233696 0.582869 0.21413000000000001
3 0.743036 0.192391 0.741992 0.192391 0.740599 0.208696 0.743733 0.208696 0.743384 0.19456500000000002 0.743036 0.192391
3 0.670265 0.248913 0.669568 0.24130400000000002 0.669568 0.232609 0.668524 0.22282600000000002 0.6674789999999999 0.22282600000000002 0.666783 0.226087 0.666435 0.24130400000000002 0.66539 0.248913 0.670265 0.248913
3 0.681407 0.203261 0.68071 0.198913 0.679666 0.197826 0.678969 0.202174 0.6786209999999999 0.211957 0.681407 0.211957 0.681407 0.203261
3 0.569986 0.252174 0.5766020000000001 0.252174 0.575905 0.24782600000000002 0.5748610000000001 0.24565199999999998 0.573816 0.227174 0.572423 0.227174 0.5713790000000001 0.24021699999999999 0.5713790000000001 0.24782600000000002 0.570334 0.248913 0.569986 0.252174
3 0.5672010000000001 0.226087 0.566504 0.211957 0.5654600000000001 0.21086999999999997 0.564763 0.213043 0.564763 0.221739 0.564067 0.226087 0.5672010000000001 0.226087
3 0.623259 0.218478 0.622911 0.20760900000000002 0.621866 0.203261 0.620822 0.20760900000000002 0.620822 0.21413000000000001 0.620125 0.219565 0.623259 0.218478
3 0.501393 0.244565 0.501741 0.24130400000000002 0.501045 0.23913 0.500348 0.225 0.49895500000000004 0.22391299999999997 0.49791100000000005 0.232609 0.498259 0.23913 0.49721399999999993 0.243478 0.501393 0.244565
3 0.5104460000000001 0.25 0.516017 0.25 0.516017 0.24782600000000002 0.514624 0.244565 0.514624 0.23478300000000002 0.513928 0.232609 0.513579 0.227174 0.5121870000000001 0.228261 0.511838 0.23913 0.511142 0.24565199999999998 0.5104460000000001 0.24673899999999999 0.5104460000000001 0.25
3 0.518802 0.23478300000000002 0.522632 0.233696 0.521936 0.221739 0.520891 0.21739099999999997 0.5198470000000001 0.22282600000000002 0.5198470000000001 0.230435 0.518802 0.232609 0.518802 0.23478300000000002
3 0.744429 0.388043 0.74617 0.396739 0.755571 0.396739 0.755571 0.38913000000000003 0.751393 0.383696 0.750348 0.38043499999999997 0.75 0.36847799999999997 0.748955 0.363043 0.748259 0.341304 0.74617 0.313043 0.742688 0.31413 0.741643 0.325 0.741643 0.36086999999999997 0.743036 0.388043 0.744429 0.388043
2 0.747563 0.325 0.748607 0.331522 0.748955 0.352174 0.751393 0.36956500000000003 0.751393 0.378261 0.754875 0.38587 0.764276 0.38587 0.764276 0.379348 0.762883 0.378261 0.761838 0.373913 0.760794 0.372826 0.759401 0.366304 0.758008 0.336957 0.756964 0.32717399999999996 0.755919 0.29565199999999997 0.754526 0.281522 0.754526 0.276087 0.753482 0.269565 0.753482 0.26413000000000003 0.751045 0.261957 0.749304 0.263043 0.747911 0.290217 0.746866 0.293478 0.746866 0.311957 0.747563 0.325
3 0.753482 0.252174 0.751045 0.25760900000000003 0.759401 0.25760900000000003 0.7604460000000001 0.25543499999999997 0.7604460000000001 0.253261 0.759401 0.253261 0.758008 0.248913 0.758008 0.23586999999999997 0.756616 0.225 0.755223 0.22391299999999997 0.754178 0.227174 0.754178 0.232609 0.753482 0.23586999999999997 0.753482 0.252174
3 0.8084960000000001 0.19347799999999998 0.807103 0.18695699999999998 0.8064069999999999 0.18695699999999998 0.80571 0.191304 0.80571 0.203261 0.8084960000000001 0.203261 0.8084960000000001 0.19347799999999998