3 0.435237 0.568478 0.43454 0.588043 0.433844 0.593478 0.433496 0.622826 0.432103 0.65 0.430014 0.655435 0.428621 0.655435 0.42548700000000006 0.659783 0.42479100000000003 0.66413 0.42479100000000003 0.669565 0.422702 0.676087 0.41956800000000005 0.681522 0.41922 0.686957 0.420265 0.68913 0.44568199999999997 0.6913039999999999 0.44812 0.693478 0.45020899999999997 0.692391 0.45194999999999996 0.694565 0.455084 0.693478 0.45717299999999994 0.690217 0.460306 0.680435 0.463788 0.675 0.46726999999999996 0.66413 0.466226 0.659783 0.46344 0.657609 0.461699 0.652174 0.45578 0.647826 0.454387 0.642391 0.452646 0.616304 0.451602 0.61087 0.451602 0.604348 0.44951299999999994 0.583696 0.448468 0.559783 0.445334 0.517391 0.443593 0.511957 0.439067 0.5130429999999999 0.43802199999999997 0.515217 0.436281 0.56087 0.435237 0.568478
3 0.47876 0.43260899999999997 0.477019 0.46087 0.477019 0.471739 0.47562699999999997 0.479348 0.473538 0.48043500000000006 0.472145 0.483696 0.471797 0.49347799999999997 0.477019 0.49891300000000005 0.480501 0.5 0.48259100000000005 0.49565200000000004 0.488858 0.496739 0.490599 0.494565 0.495125 0.494565 0.49617000000000006 0.49130399999999996 0.495474 0.479348 0.491643 0.467391 0.491643 0.463043 0.49025100000000005 0.459783 0.48851000000000006 0.448913 0.48502799999999996 0.390217 0.48259100000000005 0.386957 0.48085000000000006 0.388043 0.479805 0.392391 0.479805 0.403261 0.47910899999999995 0.40869600000000006 0.47876 0.43260899999999997
3 0.45543199999999995 0.373913 0.454735 0.379348 0.454387 0.404348 0.453343 0.409783 0.451602 0.41086999999999996 0.45020899999999997 0.41630399999999995 0.45020899999999997 0.420652 0.453343 0.42391300000000004 0.461699 0.422826 0.462047 0.420652 0.46552899999999997 0.421739 0.468663 0.41956499999999997 0.468663 0.411957 0.46726999999999996 0.40869600000000006 0.465877 0.40869600000000006 0.464136 0.4 0.463788 0.386957 0.462047 0.371739 0.46135099999999996 0.35108700000000004 0.460306 0.342391 0.45717299999999994 0.341304 0.456128 0.35 0.456128 0.363043 0.45543199999999995 0.366304 0.45543199999999995 0.373913
3 0.41434499999999996 0.366304 0.413301 0.370652 0.412256 0.371739 0.412256 0.373913 0.413301 0.376087 0.423398 0.376087 0.42548700000000006 0.373913 0.425836 0.36956500000000003 0.423398 0.36739099999999997 0.422354 0.363043 0.421657 0.343478 0.420265 0.331522 0.420265 0.321739 0.418872 0.31413 0.416435 0.31413 0.415738 0.321739 0.415738 0.330435 0.414694 0.33913000000000004 0.41434499999999996 0.366304
3 0.366295 0.358696 0.375 0.356522 0.37639300000000003 0.354348 0.376741 0.35108700000000004 0.375 0.35 0.373955 0.34565199999999996 0.37117 0.307609 0.370474 0.305435 0.368384 0.305435 0.366992 0.323913 0.366992 0.346739 0.36490300000000003 0.355435 0.366295 0.358696
3 0.25243699999999997 0.320652 0.252786 0.336957 0.250348 0.342391 0.24895499999999998 0.342391 0.24895499999999998 0.344565 0.256964 0.343478 0.25766 0.341304 0.259401 0.340217 0.258357 0.333696 0.25766 0.31413 0.256964 0.30978300000000003 0.256964 0.303261 0.25626699999999997 0.3 0.254875 0.3 0.25383 0.302174 0.254178 0.306522 0.25243699999999997 0.320652
3 0.247911 0.3 0.253482 0.298913 0.253482 0.296739 0.25243699999999997 0.294565 0.253134 0.28586999999999996 0.251045 0.272826 0.24930400000000003 0.27934800000000004 0.24930400000000003 0.293478 0.247911 0.29782600000000004 0.247911 0.3
3 0.316504 0.27934800000000004 0.315808 0.270652 0.316156 0.265217 0.314415 0.25543499999999997 0.313022 0.258696 0.311978 0.276087 0.31128100000000003 0.27934800000000004 0.316504 0.27934800000000004
3 0.39624000000000004 0.261957 0.395891 0.25 0.39449900000000004 0.24130400000000002 0.393106 0.243478 0.392758 0.254348 0.391365 0.261957 0.39624000000000004 0.261957
3 0.479457 0.24782600000000002 0.479457 0.244565 0.47841199999999995 0.24021699999999999 0.47841199999999995 0.23586999999999997 0.47771600000000003 0.232609 0.47771600000000003 0.228261 0.47667099999999996 0.228261 0.47597500000000004 0.233696 0.47597500000000004 0.243478 0.47492999999999996 0.24782600000000002 0.479457 0.24782600000000002
3 0.562326 0.236957 0.560237 0.231522 0.560237 0.22282600000000002 0.5595399999999999 0.218478 0.558148 0.21739099999999997 0.5577989999999999 0.230435 0.5560579999999999 0.23913 0.562326 0.23913 0.562326 0.236957
3 0.645891 0.230435 0.6462399999999999 0.228261 0.6448470000000001 0.226087 0.6448470000000001 0.218478 0.64415 0.211957 0.6427579999999999 0.209783 0.642061 0.211957 0.642061 0.220652 0.641017 0.230435 0.645891 0.230435
3 0.7318939999999999 0.226087 0.7318939999999999 0.22391299999999997 0.73085 0.22282600000000002 0.7301529999999999 0.20760900000000002 0.729109 0.203261 0.728412 0.203261 0.727368 0.209783 0.726671 0.221739 0.725627 0.226087 0.7318939999999999 0.226087
3 0.817549 0.22391299999999997 0.820682 0.226087 0.8234680000000001 0.225 0.824164 0.22282600000000002 0.822423 0.216304 0.822772 0.208696 0.8220750000000001 0.20543499999999998 0.8220750000000001 0.20108700000000002 0.821379 0.198913 0.8199859999999999 0.198913 0.8189420000000001 0.21086999999999997 0.8189420000000001 0.21739099999999997 0.817549 0.220652 0.817549 0.22391299999999997
3 0.867688 0.221739 0.8690810000000001 0.218478 0.866992 0.19456500000000002 0.864903 0.196739 0.8638579999999999 0.216304 0.864206 0.221739 0.867688 0.221739
1 0.897632 0.406522 0.896588 0.41086999999999996 0.893454 0.41304299999999994 0.892061 0.418478 0.892061 0.42391300000000004 0.896588 0.42934799999999995 0.898677 0.42934799999999995 0.8997210000000001 0.43260899999999997 0.9094709999999999 0.43260899999999997 0.918175 0.42717400000000005 0.918175 0.417391 0.916783 0.415217 0.916086 0.41630399999999995 0.914345 0.41304299999999994 0.9129530000000001 0.40543500000000005 0.912256 0.390217 0.9101670000000001 0.376087 0.9094709999999999 0.361957 0.909819 0.356522 0.908078 0.331522 0.907033 0.32934800000000003 0.902855 0.32934800000000003 0.9021589999999999 0.331522 0.90007 0.378261 0.899025 0.38587 0.897632 0.406522
1 0.7301529999999999 0.307609 0.7301529999999999 0.319565 0.729457 0.322826 0.729109 0.33587 0.727716 0.341304 0.726323 0.341304 0.725975 0.346739 0.7301529999999999 0.35 0.733635 0.347826 0.7378129999999999 0.348913 0.738858 0.344565 0.738858 0.33913000000000004 0.7378129999999999 0.325 0.736769 0.320652 0.736072 0.311957 0.735724 0.291304 0.735028 0.284783 0.7322420000000001 0.283696 0.731546 0.284783 0.73085 0.290217 0.73085 0.302174 0.7301529999999999 0.307609
1 0.61734 0.31087 0.616643 0.31521699999999997 0.617688 0.317391 0.627437 0.317391 0.62883 0.313043 0.626741 0.307609 0.626045 0.296739 0.625 0.29239099999999996 0.625 0.277174 0.624304 0.268478 0.623607 0.266304 0.621518 0.266304 0.620822 0.268478 0.619777 0.306522 0.618733 0.30978300000000003 0.61734 0.31087
1 0.516365 0.296739 0.514624 0.3 0.514624 0.304348 0.523329 0.304348 0.524025 0.3 0.521936 0.293478 0.520195 0.26413000000000003 0.5194989999999999 0.261957 0.5181060000000001 0.261957 0.517061 0.266304 0.517061 0.284783 0.516365 0.290217 0.516365 0.296739
1 0.39415 0.28586999999999996 0.393106 0.290217 0.393106 0.294565 0.392061 0.296739 0.392409 0.301087 0.398677 0.298913 0.397284 0.27934800000000004 0.39624000000000004 0.276087 0.39624000000000004 0.266304 0.395543 0.265217 0.39449900000000004 0.267391 0.39449900000000004 0.278261 0.393802 0.281522 0.39415 0.28586999999999996
3 0.216922 0.317391 0.215877 0.319565 0.215877 0.322826 0.22284099999999998 0.322826 0.22284099999999998 0.319565 0.2211 0.311957 0.2211 0.301087 0.220404 0.298913 0.21970800000000001 0.288043 0.21901099999999998 0.288043 0.21831499999999998 0.290217 0.21796700000000002 0.29782600000000004 0.216922 0.298913 0.216922 0.317391
1 0.361072 0.29782600000000004 0.36977699999999997 0.29782600000000004 0.370125 0.293478 0.367688 0.28913 0.36734 0.282609 0.366643 0.281522 0.366643 0.26413000000000003 0.36490300000000003 0.263043 0.363858 0.267391 0.36351 0.291304 0.361769 0.293478 0.361072 0.29782600000000004
3 0.937326 0.211957 0.935933 0.20760900000000002 0.9348890000000001 0.190217 0.9331480000000001 0.190217 0.932103 0.206522 0.9310579999999999 0.21413000000000001 0.937326 0.215217 0.937326 0.211957
1 0.37117 0.280435 0.369429 0.272826 0.369081 0.258696 0.36734 0.25760900000000003 0.366992 0.281522 0.368036 0.284783 0.371518 0.284783 0.37117 0.280435
1 0.401462 0.272826 0.399373 0.26087 0.399025 0.25 0.39798100000000003 0.248913 0.397632 0.261957 0.396588 0.265217 0.396936 0.27391299999999996 0.401462 0.272826
1 0.878482 0.233696 0.8861420000000001 0.233696 0.8861420000000001 0.230435 0.885446 0.230435 0.884749 0.226087 0.883705 0.20434800000000003 0.881616 0.20434800000000003 0.8809189999999999 0.20760900000000002 0.880571 0.225 0.878482 0.230435 0.878482 0.233696
1 0.8050140000000001 0.236957 0.8050140000000001 0.233696 0.803969 0.232609 0.8032730000000001 0.228261 0.802577 0.21086999999999997 0.80188 0.208696 0.8004870000000001 0.208696 0.799095 0.231522 0.79805 0.233696 0.79805 0.236957 0.8050140000000001 0.236957
1 0.695334 0.213043 0.693593 0.236957 0.699164 0.236957 0.697075 0.21413000000000001 0.695334 0.213043
1 0.439415 0.265217 0.439415 0.261957 0.43837000000000004 0.259783 0.437326 0.24130400000000002 0.435237 0.24130400000000002 0.43488899999999997 0.25760900000000003 0.433496 0.261957 0.433496 0.265217 0.439415 0.265217
1 0.496518 0.25652200000000003 0.496518 0.252174 0.495474 0.25 0.494777 0.233696 0.49303600000000003 0.232609 0.49234 0.25 0.49094699999999997 0.253261 0.49094699999999997 0.25543499999999997 0.496518 0.25652200000000003
1 0.568245 0.24782600000000002 0.568593 0.244565 0.5672010000000001 0.24021699999999999 0.566156 0.22391299999999997 0.564763 0.22391299999999997 0.564067 0.24021699999999999 0.5630219999999999 0.244565 0.5630219999999999 0.24782600000000002 0.568245 0.24782600000000002
1 0.6371870000000001 0.24021699999999999 0.635794 0.22934800000000002 0.6354460000000001 0.21739099999999997 0.633357 0.21739099999999997 0.63266 0.23586999999999997 0.631616 0.238043 0.631616 0.24021699999999999 0.6371870000000001 0.24021699999999999