3 0.32311999999999996 0.530435 0.321727 0.534783 0.322423 0.5586960000000001 0.320682 0.580435 0.319638 0.584783 0.317201 0.58587 0.315808 0.58913 0.314415 0.597826 0.314415 0.602174 0.31754899999999997 0.603261 0.326602 0.6 0.329735 0.6010869999999999 0.33077999999999996 0.598913 0.332173 0.6010869999999999 0.337396 0.602174 0.340877 0.593478 0.340877 0.590217 0.339485 0.584783 0.337047 0.5826089999999999 0.336003 0.579348 0.333217 0.5478259999999999 0.333217 0.541304 0.331476 0.521739 0.33077999999999996 0.503261 0.330084 0.497826 0.328691 0.494565 0.32694999999999996 0.494565 0.325557 0.496739 0.324164 0.522826 0.32311999999999996 0.530435
3 0.446379 0.425 0.44568199999999997 0.43587 0.44603099999999996 0.43804299999999996 0.445334 0.443478 0.444986 0.457609 0.443942 0.465217 0.441852 0.46630399999999994 0.441504 0.470652 0.442201 0.47282599999999997 0.45369099999999996 0.47282599999999997 0.45543199999999995 0.470652 0.45543199999999995 0.46630399999999994 0.454039 0.46630399999999994 0.453343 0.463043 0.452646 0.44782599999999995 0.451253 0.441304 0.451602 0.428261 0.449861 0.411957 0.447423 0.41304299999999994 0.447075 0.415217 0.447075 0.421739 0.446379 0.425
3 0.567549 0.415217 0.566156 0.42391300000000004 0.566156 0.42717400000000005 0.566852 0.42934799999999995 0.573468 0.42934799999999995 0.575557 0.426087 0.573816 0.421739 0.5731200000000001 0.41086999999999996 0.572075 0.407609 0.5713790000000001 0.383696 0.5696380000000001 0.38260900000000003 0.5689420000000001 0.383696 0.5689420000000001 0.38913000000000003 0.567897 0.396739 0.567549 0.415217
3 0.697772 0.39891299999999996 0.696727 0.403261 0.698468 0.406522 0.705084 0.404348 0.705084 0.40108699999999997 0.703691 0.397826 0.702646 0.388043 0.702298 0.36956500000000003 0.700209 0.366304 0.699164 0.36956500000000003 0.699164 0.376087 0.6981200000000001 0.379348 0.697772 0.39891299999999996
1 0.747563 0.521739 0.746518 0.527174 0.745125 0.554348 0.743733 0.557609 0.741643 0.5586960000000001 0.739206 0.565217 0.739206 0.567391 0.740947 0.571739 0.745474 0.5771740000000001 0.76532 0.576087 0.766713 0.573913 0.765669 0.569565 0.76532 0.563043 0.763579 0.559783 0.761838 0.559783 0.7604460000000001 0.555435 0.759749 0.55 0.759401 0.536957 0.758357 0.5293479999999999 0.758008 0.51413 0.756964 0.508696 0.756964 0.497826 0.755223 0.47391300000000003 0.751393 0.47282599999999997 0.750348 0.476087 0.748607 0.496739 0.748259 0.511957 0.747563 0.521739
1 0.748607 0.45543500000000003 0.747911 0.459783 0.750348 0.46195700000000006 0.766713 0.46195700000000006 0.76532 0.459783 0.764276 0.454348 0.762535 0.454348 0.761838 0.452174 0.76149 0.43804299999999996 0.759749 0.418478 0.759749 0.40869600000000006 0.759053 0.40543500000000005 0.759053 0.40108699999999997 0.755571 0.4 0.754526 0.41086999999999996 0.7527860000000001 0.452174 0.751741 0.454348 0.748607 0.45543500000000003
3 0.8032730000000001 0.390217 0.8032730000000001 0.392391 0.8102370000000001 0.393478 0.8112809999999999 0.391304 0.8112809999999999 0.38913000000000003 0.8102370000000001 0.386957 0.809192 0.361957 0.8084960000000001 0.356522 0.8064069999999999 0.356522 0.8046659999999999 0.36956500000000003 0.8050140000000001 0.383696 0.8046659999999999 0.386957 0.8032730000000001 0.390217
3 0.631267 0.313043 0.631267 0.31630400000000003 0.636142 0.31630400000000003 0.634401 0.294565 0.633357 0.294565 0.633357 0.298913 0.63266 0.3 0.63266 0.306522 0.631267 0.313043
1 0.659123 0.338043 0.65773 0.325 0.65773 0.318478 0.656685 0.318478 0.6556409999999999 0.33260900000000004 0.654944 0.333696 0.654944 0.338043 0.659123 0.338043
3 0.659123 0.344565 0.659123 0.33913000000000004 0.655292 0.33913000000000004 0.655292 0.344565 0.6538999999999999 0.347826 0.6538999999999999 0.35 0.660515 0.35 0.660515 0.347826 0.659123 0.344565
1 0.61734 0.352174 0.61734 0.347826 0.615947 0.341304 0.615599 0.331522 0.6145539999999999 0.331522 0.614206 0.343478 0.6128129999999999 0.348913 0.6128129999999999 0.352174 0.61734 0.352174
1 0.728412 0.326087 0.727716 0.319565 0.726671 0.31521699999999997 0.725627 0.31521699999999997 0.725279 0.32934800000000003 0.7245820000000001 0.33587 0.728412 0.33587 0.728412 0.326087
1 0.5637190000000001 0.320652 0.5630219999999999 0.33260900000000004 0.565111 0.33260900000000004 0.564415 0.320652 0.5637190000000001 0.320652
1 0.871866 0.420652 0.869777 0.425 0.869777 0.428261 0.884053 0.428261 0.884053 0.425 0.883008 0.421739 0.881964 0.421739 0.880571 0.418478 0.8777860000000001 0.379348 0.875348 0.379348 0.8743040000000001 0.395652 0.873607 0.39891299999999996 0.873259 0.411957 0.871866 0.420652
1 0.711003 0.348913 0.718663 0.348913 0.717967 0.33587 0.715529 0.33587 0.714136 0.342391 0.711003 0.34565199999999996 0.711003 0.348913
1 0.64415 0.33913000000000004 0.64415 0.342391 0.648677 0.342391 0.648329 0.33587 0.646936 0.32717399999999996 0.646936 0.321739 0.645891 0.321739 0.645543 0.330435 0.6448470000000001 0.333696 0.6448470000000001 0.338043 0.64415 0.33913000000000004
1 0.693593 0.334783 0.693593 0.328261 0.6922010000000001 0.31413 0.691156 0.31413 0.690808 0.326087 0.689763 0.331522 0.689763 0.334783 0.693593 0.334783