3 0.38022300000000003 0.536957 0.379526 0.541304 0.377089 0.580435 0.375696 0.58913 0.372911 0.590217 0.371518 0.593478 0.37117 0.6054350000000001 0.372214 0.608696 0.395195 0.608696 0.397632 0.6 0.397632 0.593478 0.396588 0.590217 0.393454 0.5869570000000001 0.392409 0.5826089999999999 0.391017 0.568478 0.391017 0.563043 0.389972 0.555435 0.389972 0.545652 0.388579 0.5293479999999999 0.387535 0.504348 0.386838 0.496739 0.385794 0.494565 0.383705 0.494565 0.381964 0.496739 0.380919 0.508696 0.38022300000000003 0.536957
3 0.47736799999999996 0.457609 0.476323 0.46630399999999994 0.473886 0.468478 0.473886 0.476087 0.47876 0.479348 0.48015299999999994 0.47717400000000004 0.48085000000000006 0.478261 0.48676899999999995 0.476087 0.488858 0.47391300000000003 0.489206 0.471739 0.488162 0.467391 0.487117 0.467391 0.485724 0.46413000000000004 0.48363500000000004 0.422826 0.482242 0.411957 0.480501 0.411957 0.479457 0.41630399999999995 0.47736799999999996 0.446739 0.47736799999999996 0.457609
3 0.488162 0.407609 0.488162 0.41304299999999994 0.486421 0.41630399999999995 0.487117 0.41956499999999997 0.493384 0.41956499999999997 0.495474 0.417391 0.49442899999999995 0.41086999999999996 0.49442899999999995 0.404348 0.493384 0.396739 0.493384 0.386957 0.49199200000000004 0.376087 0.489903 0.379348 0.489206 0.394565 0.48955399999999993 0.39891299999999996 0.488162 0.407609
3 0.440808 0.38913000000000003 0.441156 0.392391 0.446379 0.391304 0.445334 0.371739 0.44463800000000003 0.36847799999999997 0.44463800000000003 0.361957 0.443942 0.359783 0.442201 0.363043 0.442201 0.377174 0.441504 0.386957 0.440808 0.38913000000000003
3 0.387187 0.376087 0.385794 0.378261 0.38649 0.38043499999999997 0.391365 0.379348 0.391017 0.370652 0.389972 0.365217 0.389972 0.354348 0.389276 0.352174 0.387883 0.353261 0.387883 0.366304 0.386838 0.370652 0.387187 0.376087
3 0.302577 0.372826 0.302925 0.36956500000000003 0.301532 0.347826 0.300139 0.347826 0.29979100000000003 0.358696 0.298747 0.36413 0.298398 0.371739 0.302577 0.372826
1 0.7075210000000001 0.45 0.706128 0.45543500000000003 0.704387 0.457609 0.704387 0.463043 0.7057800000000001 0.465217 0.7134400000000001 0.463043 0.718315 0.46413000000000004 0.719011 0.463043 0.719011 0.457609 0.716574 0.45543500000000003 0.7151810000000001 0.443478 0.7151810000000001 0.42934799999999995 0.7134400000000001 0.411957 0.7134400000000001 0.406522 0.712396 0.403261 0.710306 0.403261 0.7092620000000001 0.41086999999999996 0.708914 0.42391300000000004 0.707869 0.43260899999999997 0.7075210000000001 0.45
1 0.659471 0.411957 0.659123 0.417391 0.6709609999999999 0.418478 0.6709609999999999 0.41413 0.669568 0.411957 0.6674789999999999 0.403261 0.6657379999999999 0.372826 0.663997 0.372826 0.6633009999999999 0.376087 0.662256 0.392391 0.662256 0.407609 0.659471 0.411957
1 0.6072420000000001 0.388043 0.6055010000000001 0.391304 0.6055010000000001 0.394565 0.608983 0.395652 0.614206 0.393478 0.614206 0.38913000000000003 0.6128129999999999 0.386957 0.611769 0.377174 0.610724 0.357609 0.60968 0.357609 0.608635 0.36086999999999997 0.607939 0.383696 0.6072420000000001 0.388043
1 0.629875 0.356522 0.629526 0.343478 0.627437 0.341304 0.625696 0.36847799999999997 0.631267 0.36739099999999997 0.631267 0.363043 0.629875 0.356522
1 0.6956819999999999 0.379348 0.702298 0.38043499999999997 0.702994 0.379348 0.702994 0.375 0.70195 0.372826 0.701253 0.356522 0.700209 0.348913 0.698816 0.348913 0.697772 0.355435 0.697423 0.370652 0.6956819999999999 0.376087 0.6956819999999999 0.379348
1 0.5706819999999999 0.357609 0.5748610000000001 0.357609 0.573468 0.336957 0.572423 0.336957 0.571727 0.342391 0.571727 0.35 0.5706819999999999 0.354348 0.5706819999999999 0.357609
1 0.532033 0.375 0.531337 0.375 0.530292 0.36956500000000003 0.529596 0.354348 0.5288999999999999 0.35 0.527855 0.35 0.5271589999999999 0.365217 0.525766 0.378261 0.532033 0.378261 0.532033 0.375
1 0.530989 0.331522 0.529596 0.35 0.533426 0.35 0.532033 0.331522 0.530989 0.331522
1 0.49617000000000006 0.33913000000000004 0.495822 0.32934800000000003 0.494777 0.32934800000000003 0.494081 0.34565199999999996 0.49721399999999993 0.34565199999999996 0.49721399999999993 0.342391 0.49617000000000006 0.33913000000000004
3 0.7698470000000001 0.370652 0.776114 0.371739 0.776811 0.370652 0.776811 0.366304 0.77507 0.356522 0.773677 0.341304 0.772632 0.341304 0.772632 0.344565 0.771936 0.34565199999999996 0.770543 0.358696 0.7698470000000001 0.370652
3 0.691852 0.36086999999999997 0.692549 0.359783 0.692549 0.356522 0.691156 0.352174 0.690111 0.336957 0.689067 0.336957 0.6880219999999999 0.353261 0.6869780000000001 0.357609 0.6869780000000001 0.36086999999999997 0.691852 0.36086999999999997
3 0.633705 0.344565 0.633705 0.334783 0.633357 0.33260900000000004 0.632312 0.33260900000000004 0.630571 0.352174 0.635097 0.352174 0.635097 0.348913 0.633705 0.344565
3 0.581825 0.34565199999999996 0.586003 0.346739 0.586003 0.340217 0.585306 0.338043 0.58461 0.32717399999999996 0.583565 0.32717399999999996 0.583565 0.333696 0.582869 0.340217 0.581825 0.342391 0.581825 0.34565199999999996
3 0.549095 0.341304 0.54805 0.326087 0.547006 0.326087 0.547006 0.331522 0.5459609999999999 0.336957 0.5459609999999999 0.341304 0.549095 0.341304
3 0.497563 0.32934800000000003 0.497563 0.323913 0.496518 0.323913 0.496518 0.338043 0.498259 0.338043 0.498259 0.330435 0.497563 0.32934800000000003
3 0.443942 0.338043 0.446727 0.338043 0.446379 0.323913 0.445334 0.323913 0.444986 0.331522 0.443942 0.334783 0.443942 0.338043
3 0.40181100000000003 0.323913 0.40076599999999996 0.336957 0.4039 0.336957 0.402855 0.323913 0.40181100000000003 0.323913
3 0.241643 0.36086999999999997 0.24129499999999998 0.36847799999999997 0.24651800000000001 0.36847799999999997 0.24651800000000001 0.363043 0.24512499999999998 0.354348 0.244429 0.34565199999999996 0.243384 0.34565199999999996 0.24373300000000003 0.35108700000000004 0.24268800000000001 0.352174 0.24268800000000001 0.356522 0.241643 0.36086999999999997
3 0.21239599999999997 0.363043 0.21727 0.363043 0.215529 0.343478 0.21448499999999998 0.343478 0.21448499999999998 0.348913 0.213788 0.355435 0.21239599999999997 0.359783 0.21239599999999997 0.363043
3 0.21065499999999998 0.355435 0.21344 0.355435 0.21413600000000002 0.34565199999999996 0.21344 0.344565 0.21344 0.336957 0.21239599999999997 0.336957 0.21239599999999997 0.344565 0.21065499999999998 0.352174 0.21065499999999998 0.355435
3 0.21727 0.333696 0.216922 0.348913 0.21970800000000001 0.348913 0.21831499999999998 0.333696 0.21727 0.333696
3 0.22493 0.34565199999999996 0.22493 0.33913000000000004 0.22388599999999997 0.334783 0.22388599999999997 0.330435 0.22284099999999998 0.330435 0.22284099999999998 0.338043 0.22179700000000002 0.342391 0.22179700000000002 0.34565199999999996 0.22493 0.34565199999999996
3 0.229109 0.341304 0.228064 0.32717399999999996 0.227019 0.32717399999999996 0.227019 0.333696 0.22597499999999998 0.338043 0.22597499999999998 0.341304 0.229109 0.341304
3 0.23154599999999997 0.33913000000000004 0.231894 0.334783 0.23085 0.32934800000000003 0.23085 0.325 0.22980499999999998 0.325 0.22980499999999998 0.32934800000000003 0.229109 0.33260900000000004 0.22945700000000002 0.33913000000000004 0.23154599999999997 0.33913000000000004
1 0.449861 0.36739099999999997 0.449861 0.370652 0.456128 0.36956500000000003 0.456128 0.366304 0.454735 0.365217 0.45369099999999996 0.344565 0.452646 0.344565 0.451602 0.358696 0.450905 0.365217 0.449861 0.36739099999999997
1 0.449164 0.32717399999999996 0.44812 0.32717399999999996 0.44812 0.33587 0.447423 0.342391 0.45020899999999997 0.342391 0.449164 0.32717399999999996
1 0.40598900000000004 0.326087 0.40529200000000004 0.341304 0.40842599999999996 0.341304 0.40703300000000003 0.326087 0.40598900000000004 0.326087
1 0.386838 0.366304 0.386838 0.361957 0.385446 0.355435 0.38509699999999997 0.342391 0.38405300000000003 0.342391 0.383008 0.358696 0.381616 0.363043 0.381616 0.366304 0.386838 0.366304
1 0.36594699999999997 0.325 0.36490300000000003 0.33913000000000004 0.368036 0.33913000000000004 0.366992 0.325 0.36594699999999997 0.325
1 0.323816 0.36086999999999997 0.322423 0.343478 0.321727 0.33913000000000004 0.320682 0.33913000000000004 0.320334 0.35 0.318942 0.358696 0.318942 0.361957 0.323816 0.36086999999999997
1 0.29213100000000003 0.35108700000000004 0.291435 0.352174 0.291435 0.355435 0.295613 0.355435 0.295613 0.35108700000000004 0.294916 0.35 0.294568 0.334783 0.293524 0.334783 0.292827 0.336957 0.292827 0.344565 0.29213100000000003 0.35108700000000004
1 0.285864 0.33260900000000004 0.285167 0.347826 0.287953 0.347826 0.286908 0.33260900000000004 0.285864 0.33260900000000004
3 0.372214 0.320652 0.371518 0.33260900000000004 0.37360699999999997 0.33260900000000004 0.373259 0.320652 0.372214 0.320652
1 0.802577 0.396739 0.812674 0.396739 0.812674 0.394565 0.8095399999999999 0.38587 0.8081480000000001 0.359783 0.80571 0.359783 0.805362 0.36956500000000003 0.8046659999999999 0.372826 0.8046659999999999 0.383696 0.802577 0.396739
3 0.885794 0.384783 0.89415 0.384783 0.8948470000000001 0.383696 0.8948470000000001 0.379348 0.893802 0.378261 0.8931060000000001 0.375 0.891713 0.354348 0.8906689999999999 0.35108700000000004 0.8896240000000001 0.35108700000000004 0.888579 0.359783 0.8878830000000001 0.373913 0.885794 0.38043499999999997 0.885794 0.384783
1 0.337047 0.323913 0.336003 0.336957 0.338788 0.336957 0.338092 0.323913 0.337047 0.323913
3 0.232242 0.323913 0.232242 0.334783 0.23433099999999998 0.334783 0.23328700000000002 0.323913 0.232242 0.323913
3 0.235724 0.322826 0.23468 0.322826 0.23433099999999998 0.330435 0.23468 0.333696 0.235724 0.333696 0.235724 0.322826
3 0.377089 0.322826 0.376045 0.334783 0.37883 0.334783 0.378134 0.322826 0.377089 0.322826
1 0.283078 0.328261 0.282033 0.328261 0.281337 0.33913000000000004 0.283774 0.33913000000000004 0.283078 0.334783 0.283078 0.328261
1 0.28064100000000003 0.323913 0.279944 0.326087 0.279248 0.333696 0.28098900000000004 0.333696 0.28064100000000003 0.323913
1 0.278552 0.321739 0.277507 0.326087 0.27715900000000004 0.331522 0.27890000000000004 0.331522 0.278552 0.321739
1 0.327298 0.323913 0.326253 0.33587 0.328343 0.33587 0.327994 0.326087 0.327298 0.323913
1 0.324164 0.323913 0.323468 0.333696 0.325557 0.333696 0.32520899999999997 0.32717399999999996 0.324164 0.323913
1 0.285167 0.330435 0.28447100000000003 0.33260900000000004 0.283774 0.343478 0.285167 0.343478 0.285167 0.330435
1 0.745474 0.553261 0.742688 0.554348 0.741295 0.561957 0.7395539999999999 0.563043 0.7395539999999999 0.5663039999999999 0.742688 0.569565 0.750348 0.569565 0.755919 0.572826 0.763928 0.571739 0.76915 0.5663039999999999 0.767409 0.56413 0.765669 0.556522 0.763231 0.555435 0.76149 0.55 0.760794 0.536957 0.759053 0.5239130000000001 0.756616 0.471739 0.755571 0.46956499999999995 0.751393 0.470652 0.750348 0.48043500000000006 0.749652 0.516304 0.7472139999999999 0.545652 0.745474 0.553261