3 0.346448 0.569565 0.345752 0.5869570000000001 0.34435899999999997 0.603261 0.34435899999999997 0.623913 0.343315 0.641304 0.341574 0.646739 0.33843999999999996 0.647826 0.334958 0.656522 0.33286899999999997 0.6586960000000001 0.332173 0.66087 0.332173 0.665217 0.33460999999999996 0.668478 0.336351 0.668478 0.338092 0.671739 0.339136 0.669565 0.342967 0.669565 0.345404 0.671739 0.349234 0.671739 0.350975 0.673913 0.35585 0.673913 0.357591 0.671739 0.35968 0.671739 0.360376 0.669565 0.366295 0.66413 0.369429 0.66413 0.372911 0.6586960000000001 0.373259 0.655435 0.371518 0.651087 0.367688 0.6445649999999999 0.364554 0.643478 0.362465 0.63913 0.361421 0.631522 0.35968 0.596739 0.358287 0.5826089999999999 0.357591 0.565217 0.356894 0.561957 0.356894 0.548913 0.356198 0.545652 0.35585 0.536957 0.354457 0.531522 0.350279 0.531522 0.349234 0.534783 0.34818899999999997 0.5423910000000001 0.34818899999999997 0.554348 0.346448 0.569565
3 0.5424789999999999 0.463043 0.542131 0.47391300000000003 0.537604 0.479348 0.537604 0.484783 0.554666 0.484783 0.55571 0.48260899999999995 0.5553619999999999 0.47717400000000004 0.5536209999999999 0.476087 0.552577 0.47282599999999997 0.550836 0.457609 0.551532 0.452174 0.550836 0.44565200000000005 0.5501389999999999 0.422826 0.549095 0.41630399999999995 0.5459609999999999 0.41630399999999995 0.545265 0.42934799999999995 0.543175 0.448913 0.543175 0.45869600000000005 0.5424789999999999 0.463043
3 0.604457 0.42934799999999995 0.604457 0.43260899999999997 0.6055010000000001 0.43478300000000003 0.6145539999999999 0.43478300000000003 0.615251 0.42934799999999995 0.614206 0.428261 0.61351 0.42391300000000004 0.61351 0.41630399999999995 0.612117 0.40217400000000003 0.611769 0.38913000000000003 0.610724 0.384783 0.608983 0.384783 0.6072420000000001 0.404348 0.6068939999999999 0.426087 0.6055010000000001 0.42934799999999995 0.604457 0.42934799999999995
3 0.554666 0.404348 0.56163 0.40543500000000005 0.562674 0.40217400000000003 0.5612809999999999 0.396739 0.560933 0.38913000000000003 0.559889 0.383696 0.559889 0.372826 0.558844 0.366304 0.557451 0.366304 0.5560579999999999 0.370652 0.555014 0.4 0.5543180000000001 0.40217400000000003 0.554666 0.404348
3 0.494777 0.365217 0.494081 0.366304 0.49442899999999995 0.36847799999999997 0.49860699999999997 0.36739099999999997 0.498259 0.354348 0.496866 0.343478 0.495822 0.344565 0.495822 0.348913 0.494777 0.356522 0.494777 0.365217
3 0.515669 0.338043 0.514624 0.338043 0.513231 0.359783 0.5181060000000001 0.359783 0.516365 0.341304 0.515669 0.338043
3 0.524025 0.323913 0.522632 0.338043 0.526114 0.33913000000000004 0.52507 0.32717399999999996 0.524025 0.323913
3 0.5365599999999999 0.322826 0.535515 0.33587 0.5383009999999999 0.33587 0.537604 0.326087 0.5365599999999999 0.322826
3 0.545265 0.334783 0.544568 0.334783 0.5424789999999999 0.35108700000000004 0.547354 0.352174 0.546309 0.33913000000000004 0.545265 0.334783
3 0.544568 0.333696 0.547006 0.338043 0.544568 0.326087 0.5424789999999999 0.33587 0.542131 0.342391 0.543524 0.341304 0.544568 0.333696
3 0.570334 0.328261 0.5696380000000001 0.32717399999999996 0.568245 0.346739 0.572075 0.346739 0.571727 0.33913000000000004 0.570334 0.328261
1 0.800836 0.428261 0.803621 0.42717400000000005 0.809192 0.42934799999999995 0.810585 0.426087 0.808844 0.41956499999999997 0.807451 0.40217400000000003 0.807451 0.384783 0.8067550000000001 0.38043499999999997 0.8050140000000001 0.379348 0.803621 0.38260900000000003 0.802228 0.415217 0.799443 0.426087 0.800836 0.428261
1 0.7075210000000001 0.391304 0.706128 0.397826 0.713092 0.39891299999999996 0.714136 0.395652 0.713092 0.392391 0.712047 0.38152200000000003 0.711351 0.363043 0.7092620000000001 0.361957 0.708565 0.370652 0.708565 0.38043499999999997 0.7075210000000001 0.384783 0.7075210000000001 0.391304
1 0.641713 0.376087 0.641713 0.379348 0.647632 0.379348 0.6479809999999999 0.376087 0.647284 0.375 0.646936 0.36739099999999997 0.6462399999999999 0.365217 0.646588 0.36413 0.645891 0.348913 0.643802 0.348913 0.6427579999999999 0.36956500000000003 0.6431060000000001 0.372826 0.641713 0.376087
1 0.604457 0.36739099999999997 0.6051529999999999 0.36956500000000003 0.610376 0.36739099999999997 0.60968 0.359783 0.608983 0.358696 0.609331 0.348913 0.608287 0.342391 0.6072420000000001 0.342391 0.606546 0.34565199999999996 0.60585 0.363043 0.604457 0.36739099999999997
1 0.625348 0.340217 0.623955 0.33587 0.621518 0.36086999999999997 0.626741 0.36086999999999997 0.625348 0.352174 0.625348 0.340217
1 0.610724 0.330435 0.610724 0.322826 0.610028 0.320652 0.608983 0.322826 0.607939 0.336957 0.611421 0.33587 0.610724 0.330435
1 0.641713 0.35 0.640669 0.342391 0.639972 0.330435 0.638231 0.33587 0.637883 0.344565 0.636838 0.35108700000000004 0.641713 0.35
1 0.621866 0.341304 0.622911 0.33913000000000004 0.621866 0.323913 0.620822 0.325 0.620474 0.333696 0.619081 0.340217 0.621866 0.341304
1 0.636142 0.319565 0.635097 0.321739 0.634053 0.33260900000000004 0.637535 0.33260900000000004 0.636142 0.319565
1 0.6521589999999999 0.342391 0.651114 0.338043 0.651114 0.33260900000000004 0.649721 0.326087 0.648329 0.33587 0.6479809999999999 0.34565199999999996 0.6521589999999999 0.34565199999999996 0.6521589999999999 0.342391
1 0.683496 0.318478 0.682451 0.33260900000000004 0.685585 0.33260900000000004 0.684192 0.318478 0.683496 0.318478
1 0.71727 0.318478 0.715877 0.333696 0.719011 0.333696 0.719011 0.326087 0.71727 0.318478
1 0.74617 0.318478 0.744081 0.336957 0.748259 0.338043 0.7472139999999999 0.323913 0.74617 0.318478
1 0.762883 0.341304 0.767061 0.340217 0.766713 0.330435 0.765669 0.321739 0.764972 0.322826 0.764624 0.328261 0.762883 0.336957 0.762883 0.341304
1 0.9254870000000001 0.377174 0.934192 0.378261 0.9345399999999999 0.372826 0.9317550000000001 0.358696 0.9317550000000001 0.347826 0.9310579999999999 0.344565 0.929318 0.343478 0.9279249999999999 0.35 0.927228 0.361957 0.9254870000000001 0.373913 0.9254870000000001 0.377174
3 0.898329 0.348913 0.897284 0.333696 0.895891 0.32717399999999996 0.895195 0.328261 0.89415 0.334783 0.892758 0.348913 0.898329 0.348913
3 0.864903 0.343478 0.866643 0.344565 0.866992 0.340217 0.864903 0.325 0.8638579999999999 0.32934800000000003 0.8638579999999999 0.333696 0.864554 0.33587 0.864903 0.343478
3 0.837744 0.338043 0.836699 0.326087 0.8353059999999999 0.322826 0.832869 0.33587 0.832869 0.33913000000000004 0.837396 0.340217 0.837744 0.338043
3 0.8119780000000001 0.320652 0.810585 0.333696 0.814067 0.333696 0.812674 0.321739 0.8119780000000001 0.320652
1 0.819638 0.353261 0.8168519999999999 0.32934800000000003 0.8154600000000001 0.32934800000000003 0.8147629999999999 0.331522 0.814415 0.340217 0.812674 0.353261 0.819638 0.353261
1 0.790042 0.342391 0.7883009999999999 0.33260900000000004 0.7883009999999999 0.328261 0.786908 0.326087 0.7851670000000001 0.334783 0.7851670000000001 0.34565199999999996 0.790042 0.34565199999999996 0.790042 0.342391
3 0.788649 0.33260900000000004 0.791435 0.33260900000000004 0.789694 0.318478 0.788649 0.318478 0.787604 0.322826 0.787604 0.325 0.788649 0.328261 0.788649 0.33260900000000004
3 0.566504 0.328261 0.5654600000000001 0.320652 0.564067 0.325 0.5637190000000001 0.33260900000000004 0.566504 0.33260900000000004 0.566504 0.328261
3 0.6055010000000001 0.326087 0.603412 0.31630400000000003 0.602368 0.322826 0.602368 0.328261 0.6055010000000001 0.32934800000000003 0.6055010000000001 0.326087
3 0.651114 0.318478 0.6504179999999999 0.32717399999999996 0.6525070000000001 0.32934800000000003 0.651811 0.318478 0.651114 0.318478
3 0.6939420000000001 0.319565 0.692897 0.31521699999999997 0.691852 0.320652 0.691504 0.32717399999999996 0.6946380000000001 0.328261 0.6939420000000001 0.319565
3 0.7270190000000001 0.31521699999999997 0.725975 0.32717399999999996 0.729109 0.32717399999999996 0.727716 0.31630400000000003 0.7270190000000001 0.31521699999999997
3 0.76532 0.317391 0.763579 0.321739 0.762883 0.328261 0.764276 0.328261 0.76532 0.317391
3 0.49791100000000005 0.38260900000000003 0.505571 0.38260900000000003 0.505571 0.379348 0.504178 0.377174 0.503482 0.359783 0.5027860000000001 0.357609 0.503134 0.353261 0.501393 0.352174 0.500696 0.361957 0.49965200000000004 0.366304 0.49930399999999997 0.378261 0.49791100000000005 0.38260900000000003
1 0.8405290000000001 0.459783 0.839485 0.46956499999999995 0.836003 0.47717400000000004 0.836351 0.48043500000000006 0.837396 0.48260899999999995 0.841922 0.483696 0.853064 0.483696 0.85376 0.48260899999999995 0.854109 0.47717400000000004 0.853412 0.475 0.850975 0.47391300000000003 0.8495820000000001 0.45869600000000005 0.848189 0.453261 0.848189 0.430435 0.847145 0.41630399999999995 0.8461000000000001 0.41304299999999994 0.8433149999999999 0.41413 0.841922 0.426087 0.8415739999999999 0.44782599999999995 0.8405290000000001 0.45543500000000003 0.8405290000000001 0.459783
1 0.861421 0.352174 0.860028 0.357609 0.860028 0.36086999999999997 0.866643 0.36086999999999997 0.865251 0.354348 0.864554 0.33913000000000004 0.8638579999999999 0.334783 0.863162 0.33587 0.863162 0.33913000000000004 0.861421 0.348913 0.861421 0.352174