3 0.127437 0.501087 0.12604500000000002 0.515217 0.12604500000000002 0.528261 0.125 0.53913 0.123955 0.5423910000000001 0.12117 0.544565 0.12082200000000001 0.5478259999999999 0.11908099999999999 0.55 0.11942900000000001 0.557609 0.12117 0.561957 0.12082200000000001 0.563043 0.12465200000000001 0.563043 0.125 0.56087 0.12604500000000002 0.56087 0.126741 0.5586960000000001 0.131267 0.5586960000000001 0.133008 0.556522 0.136142 0.556522 0.138231 0.559783 0.139624 0.559783 0.142758 0.556522 0.143802 0.552174 0.143802 0.5478259999999999 0.143106 0.546739 0.143106 0.544565 0.142409 0.5423910000000001 0.14032 0.5423910000000001 0.139276 0.536957 0.135794 0.501087 0.134749 0.471739 0.133357 0.465217 0.12987500000000002 0.465217 0.12883 0.468478 0.127786 0.483696 0.127437 0.501087
3 0.054666000000000006 0.780435 0.057103 0.7739130000000001 0.064067 0.766304 0.065808 0.7608699999999999 0.065808 0.757609 0.064067 0.752174 0.060933 0.752174 0.059889000000000005 0.748913 0.053969 0.7445649999999999 0.052228 0.733696 0.05188 0.722826 0.050836000000000006 0.718478 0.050836000000000006 0.715217 0.048747 0.709783 0.048747 0.784783 0.049095 0.786957 0.050836000000000006 0.786957 0.054666000000000006 0.780435
3 0.431058 0.409783 0.429666 0.420652 0.42931800000000003 0.428261 0.426532 0.431522 0.426532 0.433696 0.42722800000000005 0.43587 0.429666 0.43695700000000004 0.439763 0.43695700000000004 0.44011100000000003 0.43260899999999997 0.437326 0.42717400000000005 0.437326 0.41956499999999997 0.435933 0.406522 0.435933 0.396739 0.43488899999999997 0.390217 0.432799 0.386957 0.431755 0.390217 0.431755 0.39891299999999996 0.431058 0.4 0.431058 0.409783
3 0.566504 0.40869600000000006 0.56337 0.41086999999999996 0.564067 0.415217 0.5766020000000001 0.415217 0.57695 0.41086999999999996 0.576253 0.40869600000000006 0.575209 0.40869600000000006 0.574164 0.404348 0.573468 0.38260900000000003 0.5713790000000001 0.372826 0.569986 0.373913 0.5689420000000001 0.38043499999999997 0.5672010000000001 0.406522 0.566504 0.40869600000000006
3 0.714485 0.39891299999999996 0.714485 0.40217400000000003 0.7151810000000001 0.404348 0.723886 0.403261 0.724234 0.39891299999999996 0.7228410000000001 0.396739 0.721448 0.391304 0.721797 0.386957 0.720404 0.36847799999999997 0.7193590000000001 0.365217 0.717967 0.366304 0.718315 0.36956500000000003 0.71727 0.372826 0.715529 0.396739 0.714485 0.39891299999999996
3 0.853412 0.38152200000000003 0.851671 0.39891299999999996 0.8502789999999999 0.40108699999999997 0.850975 0.40543500000000005 0.857939 0.40543500000000005 0.8593310000000001 0.404348 0.860028 0.40108699999999997 0.860028 0.396739 0.858287 0.38913000000000003 0.857939 0.38043499999999997 0.856198 0.36739099999999997 0.854805 0.36847799999999997 0.854805 0.371739 0.853412 0.376087 0.853412 0.38152200000000003
1 0.616295 0.48586999999999997 0.616295 0.49130399999999996 0.615251 0.49565200000000004 0.613162 0.496739 0.612465 0.49891300000000005 0.612465 0.502174 0.614206 0.508696 0.629526 0.508696 0.630571 0.5054350000000001 0.630223 0.49891300000000005 0.628134 0.496739 0.626741 0.48913 0.625696 0.475 0.625696 0.46195700000000006 0.624652 0.454348 0.623607 0.43260899999999997 0.620125 0.431522 0.619429 0.43260899999999997 0.618733 0.44021699999999997 0.618384 0.46413000000000004 0.616295 0.48586999999999997
1 0.785515 0.609783 0.783426 0.621739 0.782382 0.646739 0.780989 0.66087 0.779944 0.665217 0.779596 0.679348 0.778203 0.681522 0.774373 0.682609 0.773329 0.684783 0.772284 0.6913039999999999 0.770195 0.697826 0.76915 0.698913 0.76915 0.703261 0.770891 0.706522 0.775766 0.71087 0.781685 0.709783 0.789345 0.713043 0.797702 0.719565 0.8084960000000001 0.719565 0.8116300000000001 0.709783 0.8130219999999999 0.7076089999999999 0.8130219999999999 0.7021740000000001 0.8098890000000001 0.690217 0.805362 0.686957 0.8032730000000001 0.680435 0.8015319999999999 0.66413 0.8011839999999999 0.652174 0.798747 0.636957 0.798747 0.603261 0.797702 0.596739 0.797006 0.578261 0.796309 0.575 0.796309 0.5663039999999999 0.795613 0.56087 0.7924789999999999 0.556522 0.788649 0.557609 0.787953 0.559783 0.787953 0.565217 0.786908 0.575 0.785515 0.609783
1 0.704735 0.452174 0.705432 0.454348 0.719708 0.453261 0.719708 0.446739 0.71727 0.444565 0.716226 0.43913 0.7134400000000001 0.396739 0.711351 0.395652 0.709958 0.39891299999999996 0.7075210000000001 0.44239100000000003 0.704735 0.45 0.704735 0.452174
1 0.915042 0.428261 0.914345 0.441304 0.912604 0.446739 0.91156 0.454348 0.912256 0.456522 0.917827 0.456522 0.9213089999999999 0.45869600000000005 0.928621 0.457609 0.928621 0.45108699999999996 0.925836 0.443478 0.9254870000000001 0.43478300000000003 0.924095 0.42391300000000004 0.923747 0.41304299999999994 0.922354 0.40108699999999997 0.9213089999999999 0.396739 0.9195679999999999 0.395652 0.918872 0.396739 0.917131 0.40869600000000006 0.916783 0.417391 0.915042 0.428261
3 0.279596 0.465217 0.279596 0.47282599999999997 0.27715900000000004 0.475 0.27715900000000004 0.478261 0.278552 0.481522 0.283774 0.48260899999999995 0.286908 0.481522 0.28830100000000003 0.479348 0.291783 0.48043500000000006 0.293175 0.47717400000000004 0.292479 0.47282599999999997 0.290042 0.471739 0.28830100000000003 0.45869600000000005 0.28656000000000004 0.420652 0.285864 0.41630399999999995 0.283078 0.418478 0.282382 0.422826 0.282382 0.430435 0.279596 0.465217