3 0.142061 0.745652 0.14136500000000002 0.753261 0.140669 0.784783 0.139624 0.793478 0.139276 0.806522 0.138579 0.808696 0.137883 0.821739 0.13649 0.8304349999999999 0.13649 0.846739 0.161908 0.846739 0.16155999999999998 0.828261 0.160167 0.816304 0.158774 0.8108700000000001 0.158774 0.8043480000000001 0.15772999999999998 0.795652 0.157033 0.7793479999999999 0.154596 0.753261 0.154596 0.743478 0.15285500000000002 0.734783 0.149373 0.738043 0.145891 0.738043 0.143454 0.741304 0.142061 0.745652
3 0.149721 0.517391 0.148677 0.526087 0.148677 0.5336960000000001 0.146936 0.555435 0.146936 0.569565 0.145543 0.590217 0.143106 0.598913 0.138231 0.598913 0.135446 0.606522 0.135446 0.613043 0.161212 0.613043 0.165042 0.6054350000000001 0.169568 0.604348 0.171657 0.6010869999999999 0.171657 0.598913 0.167479 0.596739 0.166435 0.592391 0.165042 0.590217 0.163301 0.590217 0.16155999999999998 0.583696 0.161212 0.573913 0.159819 0.561957 0.159471 0.552174 0.158774 0.548913 0.158078 0.525 0.157033 0.515217 0.157033 0.509783 0.155641 0.49891300000000005 0.153203 0.496739 0.151811 0.497826 0.15006999999999998 0.503261 0.149721 0.517391
3 0.159471 0.418478 0.159471 0.422826 0.158426 0.426087 0.158426 0.43260899999999997 0.168524 0.433696 0.16921999999999998 0.43260899999999997 0.16921999999999998 0.430435 0.167827 0.425 0.167131 0.407609 0.165738 0.4 0.165738 0.394565 0.165042 0.390217 0.163649 0.386957 0.16155999999999998 0.396739 0.16051500000000002 0.406522 0.16051500000000002 0.41304299999999994 0.159471 0.418478
3 0.27715900000000004 0.361957 0.27715900000000004 0.359783 0.275766 0.352174 0.275766 0.346739 0.274373 0.342391 0.27332900000000004 0.347826 0.272284 0.361957 0.276462 0.363043 0.27715900000000004 0.361957
3 0.299095 0.361957 0.297702 0.344565 0.296309 0.33913000000000004 0.29596100000000003 0.35108700000000004 0.293872 0.36739099999999997 0.300139 0.36847799999999997 0.299095 0.361957
3 0.325557 0.375 0.331825 0.375 0.330432 0.36739099999999997 0.330432 0.357609 0.32903899999999997 0.35 0.327994 0.35 0.327298 0.354348 0.327298 0.359783 0.325557 0.370652 0.325557 0.375
3 0.336351 0.33260900000000004 0.334262 0.352174 0.339136 0.352174 0.337744 0.338043 0.336351 0.33260900000000004
3 0.389276 0.341304 0.387535 0.330435 0.38649 0.33260900000000004 0.385446 0.346739 0.389276 0.34565199999999996 0.389276 0.341304
3 0.447075 0.328261 0.445334 0.342391 0.44951299999999994 0.342391 0.448816 0.334783 0.447075 0.328261
3 0.116295 0.456522 0.116295 0.47282599999999997 0.114554 0.48043500000000006 0.11281300000000001 0.48043500000000006 0.11316200000000001 0.48804299999999995 0.118733 0.48804299999999995 0.122563 0.48586999999999997 0.126741 0.48695700000000003 0.128134 0.484783 0.128134 0.481522 0.125696 0.47391300000000003 0.125 0.463043 0.123955 0.459783 0.123955 0.45 0.12325900000000001 0.44239100000000003 0.123607 0.43478300000000003 0.122563 0.426087 0.12151799999999999 0.422826 0.11908099999999999 0.426087 0.11908099999999999 0.430435 0.11734 0.43913 0.116295 0.456522
3 0.22179700000000002 0.409783 0.225279 0.407609 0.225279 0.40543500000000005 0.22353800000000001 0.40108699999999997 0.22284099999999998 0.396739 0.222493 0.384783 0.221448 0.379348 0.221448 0.372826 0.220404 0.371739 0.21970800000000001 0.372826 0.21831499999999998 0.383696 0.216574 0.40869600000000006 0.22179700000000002 0.409783
3 0.28656000000000004 0.386957 0.287256 0.38587 0.286212 0.365217 0.28447100000000003 0.358696 0.283078 0.357609 0.281337 0.371739 0.28098900000000004 0.38260900000000003 0.280292 0.386957 0.28656000000000004 0.386957
1 0.549791 0.48695700000000003 0.549095 0.49347799999999997 0.549095 0.502174 0.547354 0.518478 0.546657 0.532609 0.545265 0.536957 0.543524 0.536957 0.542131 0.53913 0.5407379999999999 0.5478259999999999 0.543175 0.551087 0.547006 0.551087 0.5483979999999999 0.553261 0.552925 0.554348 0.557103 0.553261 0.558844 0.551087 0.564067 0.551087 0.564763 0.548913 0.566156 0.548913 0.566504 0.5478259999999999 0.565111 0.546739 0.5630219999999999 0.5380429999999999 0.5612809999999999 0.536957 0.559889 0.5336960000000001 0.5577989999999999 0.511957 0.558148 0.506522 0.557103 0.496739 0.5553619999999999 0.46413000000000004 0.5536209999999999 0.45869600000000005 0.550836 0.45869600000000005 0.5501389999999999 0.46195700000000006 0.5501389999999999 0.471739 0.549443 0.47717400000000004 0.549791 0.48695700000000003
1 0.409819 0.457609 0.409123 0.46195700000000006 0.41016700000000006 0.465217 0.41260399999999997 0.46413000000000004 0.413997 0.46630399999999994 0.420961 0.46413000000000004 0.423747 0.467391 0.42479100000000003 0.46413000000000004 0.42479100000000003 0.46195700000000006 0.423398 0.457609 0.421657 0.456522 0.419916 0.448913 0.418175 0.42717400000000005 0.418524 0.415217 0.41782700000000006 0.406522 0.41713100000000003 0.404348 0.414694 0.404348 0.41364900000000004 0.415217 0.412256 0.452174 0.411212 0.456522 0.409819 0.457609
1 0.354805 0.426087 0.353412 0.42717400000000005 0.353412 0.430435 0.36490300000000003 0.430435 0.36490300000000003 0.426087 0.362465 0.41956499999999997 0.362813 0.41630399999999995 0.361421 0.40869600000000006 0.360376 0.38587 0.358287 0.383696 0.357242 0.386957 0.356198 0.403261 0.35585 0.422826 0.354805 0.426087
1 0.391017 0.40217400000000003 0.391017 0.40543500000000005 0.398677 0.406522 0.399721 0.404348 0.399721 0.40108699999999997 0.39798100000000003 0.397826 0.39798100000000003 0.394565 0.396588 0.386957 0.396588 0.371739 0.39624000000000004 0.36956500000000003 0.39449900000000004 0.36847799999999997 0.393454 0.372826 0.393454 0.38587 0.392409 0.39891299999999996 0.391017 0.40217400000000003
1 0.437674 0.36739099999999997 0.437674 0.370652 0.44463800000000003 0.370652 0.44463800000000003 0.36739099999999997 0.443245 0.36086999999999997 0.442201 0.346739 0.441504 0.344565 0.44046 0.344565 0.439415 0.354348 0.439415 0.359783 0.43837000000000004 0.366304 0.437674 0.36739099999999997
1 0.42479100000000003 0.35 0.428621 0.35 0.427577 0.331522 0.426532 0.331522 0.425836 0.333696 0.425836 0.340217 0.42479100000000003 0.34565199999999996 0.42479100000000003 0.35
1 0.40181100000000003 0.361957 0.406337 0.363043 0.40668499999999996 0.357609 0.405641 0.35 0.405641 0.343478 0.40529200000000004 0.341304 0.40424800000000005 0.341304 0.403552 0.343478 0.403552 0.35108700000000004 0.40181100000000003 0.358696 0.40181100000000003 0.361957
1 0.39449900000000004 0.356522 0.39449900000000004 0.353261 0.393454 0.35 0.393106 0.341304 0.392409 0.336957 0.391365 0.336957 0.391017 0.344565 0.389624 0.352174 0.389624 0.355435 0.39449900000000004 0.356522
1 0.487117 0.330435 0.48607199999999995 0.330435 0.48468 0.348913 0.488162 0.347826 0.487117 0.330435
1 0.529596 0.342391 0.528552 0.331522 0.5275070000000001 0.331522 0.526114 0.348913 0.530292 0.348913 0.530292 0.344565 0.529596 0.342391
1 0.5672010000000001 0.348913 0.566156 0.343478 0.5654600000000001 0.33260900000000004 0.564415 0.33260900000000004 0.5630219999999999 0.353261 0.566504 0.354348 0.5672010000000001 0.353261 0.5672010000000001 0.348913
1 0.594011 0.359783 0.592967 0.352174 0.5919220000000001 0.334783 0.590877 0.334783 0.590877 0.336957 0.5898329999999999 0.340217 0.588788 0.359783 0.594011 0.359783
1 0.619777 0.36739099999999997 0.626045 0.36847799999999997 0.626393 0.36413 0.625348 0.361957 0.624304 0.342391 0.622563 0.342391 0.621866 0.344565 0.620822 0.361957 0.619777 0.36413 0.619777 0.36739099999999997
1 0.664345 0.379348 0.672354 0.379348 0.672354 0.376087 0.671657 0.375 0.670613 0.36739099999999997 0.668872 0.347826 0.667131 0.347826 0.666435 0.35 0.66539 0.36847799999999997 0.664345 0.372826 0.664345 0.379348
1 0.742688 0.393478 0.742688 0.396739 0.752089 0.396739 0.752089 0.391304 0.750348 0.38587 0.75 0.371739 0.748955 0.365217 0.748955 0.359783 0.746518 0.359783 0.745125 0.366304 0.744429 0.38587 0.743384 0.392391 0.742688 0.393478
1 0.870125 0.41630399999999995 0.868036 0.422826 0.868733 0.428261 0.868384 0.42934799999999995 0.881964 0.42934799999999995 0.882312 0.42391300000000004 0.8791779999999999 0.417391 0.8791779999999999 0.41086999999999996 0.8774369999999999 0.40543500000000005 0.877089 0.38913000000000003 0.876393 0.38587 0.8760450000000001 0.377174 0.872911 0.378261 0.8722139999999999 0.40543500000000005 0.8708220000000001 0.40869600000000006 0.869777 0.415217 0.870125 0.41630399999999995
3 0.851671 0.38587 0.860028 0.384783 0.85968 0.377174 0.8586349999999999 0.375 0.857939 0.36956500000000003 0.857939 0.358696 0.8568939999999999 0.348913 0.85585 0.348913 0.854457 0.355435 0.851671 0.38152200000000003 0.851671 0.38587
3 0.762883 0.370652 0.762883 0.365217 0.7604460000000001 0.340217 0.759401 0.340217 0.758705 0.342391 0.756267 0.371739 0.762883 0.370652
3 0.714485 0.33913000000000004 0.712744 0.361957 0.718663 0.361957 0.716226 0.340217 0.714485 0.33913000000000004
3 0.6786209999999999 0.35108700000000004 0.676184 0.334783 0.6751389999999999 0.334783 0.673747 0.342391 0.67305 0.355435 0.678273 0.356522 0.6786209999999999 0.35108700000000004
3 0.64032 0.35 0.6462399999999999 0.35 0.6462399999999999 0.34565199999999996 0.64415 0.336957 0.643454 0.330435 0.642409 0.330435 0.641713 0.333696 0.641365 0.341304 0.64032 0.34565199999999996 0.64032 0.35
3 0.613162 0.328261 0.612117 0.328261 0.610724 0.33913000000000004 0.610724 0.344565 0.614206 0.344565 0.613162 0.328261
3 0.581825 0.32717399999999996 0.581128 0.341304 0.583565 0.341304 0.582869 0.32717399999999996 0.581825 0.32717399999999996
3 0.537604 0.326087 0.5365599999999999 0.340217 0.540042 0.340217 0.538649 0.326087 0.537604 0.326087
3 0.49930399999999997 0.33587 0.49860699999999997 0.333696 0.49791100000000005 0.326087 0.496866 0.326087 0.49617000000000006 0.331522 0.49617000000000006 0.341304 0.49930399999999997 0.341304 0.49930399999999997 0.33587
1 0.420613 0.38152200000000003 0.420613 0.383696 0.42688 0.383696 0.42722800000000005 0.38152200000000003 0.425836 0.377174 0.42479100000000003 0.354348 0.42305000000000004 0.354348 0.422702 0.370652 0.421657 0.373913 0.421657 0.379348 0.420613 0.38152200000000003
1 0.896936 0.653261 0.89624 0.682609 0.89415 0.68913 0.89415 0.697826 0.892758 0.7163039999999999 0.892061 0.7206520000000001 0.8906689999999999 0.723913 0.8878830000000001 0.723913 0.883705 0.728261 0.8826599999999999 0.732609 0.8826599999999999 0.73587 0.881267 0.740217 0.8777860000000001 0.742391 0.8777860000000001 0.7445649999999999 0.879875 0.745652 0.885446 0.753261 0.892061 0.7554350000000001 0.913649 0.7695649999999999 0.922354 0.768478 0.9247909999999999 0.765217 0.93071 0.7630429999999999 0.932451 0.759783 0.935933 0.757609 0.9366300000000001 0.754348 0.9300140000000001 0.748913 0.92688 0.7391300000000001 0.923398 0.73587 0.920613 0.729348 0.919916 0.725 0.9195679999999999 0.713043 0.917827 0.7021740000000001 0.917827 0.695652 0.9164350000000001 0.68913 0.916783 0.671739 0.914345 0.656522 0.913997 0.647826 0.915042 0.634783 0.914345 0.628261 0.914345 0.620652 0.913649 0.617391 0.913301 0.607609 0.9112120000000001 0.593478 0.9084260000000001 0.58913 0.901114 0.58913 0.9004179999999999 0.5913039999999999 0.898329 0.6195649999999999 0.898329 0.641304 0.896936 0.653261