1 0.585655 0.422826 0.595752 0.428261 0.5995820000000001 0.428261 0.600975 0.426087 0.601323 0.422826 0.600627 0.421739 0.600279 0.417391 0.598886 0.417391 0.5978410000000001 0.415217 0.597145 0.388043 0.595752 0.36413 0.59227 0.36413 0.5884400000000001 0.411957 0.587744 0.415217 0.585655 0.41630399999999995 0.585655 0.422826
1 0.8387879999999999 0.403261 0.8387879999999999 0.409783 0.850975 0.41086999999999996 0.84993 0.409783 0.849234 0.40543500000000005 0.8478410000000001 0.40543500000000005 0.847145 0.403261 0.846448 0.36956500000000003 0.8433149999999999 0.36956500000000003 0.8422700000000001 0.378261 0.8408770000000001 0.40108699999999997 0.840181 0.403261 0.8387879999999999 0.403261
1 0.549095 0.470652 0.547006 0.470652 0.5459609999999999 0.47282599999999997 0.544916 0.48586999999999997 0.558496 0.490217 0.565111 0.490217 0.566504 0.484783 0.566504 0.481522 0.5654600000000001 0.475 0.562326 0.471739 0.5612809999999999 0.43587 0.559192 0.40108699999999997 0.555014 0.40108699999999997 0.552925 0.433696 0.550836 0.452174 0.549791 0.467391 0.549095 0.470652
1 0.645543 0.394565 0.645195 0.397826 0.643802 0.40108699999999997 0.649025 0.404348 0.658774 0.404348 0.658774 0.40108699999999997 0.655989 0.396739 0.655292 0.393478 0.6538999999999999 0.355435 0.653552 0.353261 0.650766 0.353261 0.65007 0.36739099999999997 0.647632 0.392391 0.646936 0.394565 0.645543 0.394565
1 0.718663 0.38913000000000003 0.71727 0.395652 0.729109 0.395652 0.729109 0.391304 0.727716 0.391304 0.7270190000000001 0.38587 0.725975 0.353261 0.723189 0.353261 0.720404 0.386957 0.719708 0.38913000000000003 0.718663 0.38913000000000003
1 0.917131 0.41630399999999995 0.916783 0.421739 0.920613 0.42391300000000004 0.9296659999999999 0.42391300000000004 0.9282730000000001 0.421739 0.9282730000000001 0.418478 0.92688 0.418478 0.9261839999999999 0.41630399999999995 0.9244429999999999 0.383696 0.922354 0.383696 0.919916 0.404348 0.9195679999999999 0.41304299999999994 0.918872 0.41630399999999995 0.917131 0.41630399999999995
3 0.368036 0.352174 0.366643 0.357609 0.370822 0.359783 0.378482 0.359783 0.381616 0.357609 0.38022300000000003 0.355435 0.38022300000000003 0.352174 0.378134 0.35108700000000004 0.37743699999999997 0.340217 0.37743699999999997 0.325 0.37639300000000003 0.311957 0.375696 0.307609 0.37360699999999997 0.307609 0.37117 0.334783 0.370474 0.348913 0.36977699999999997 0.352174 0.368036 0.352174
3 0.494777 0.340217 0.494777 0.344565 0.505571 0.344565 0.504526 0.343478 0.504178 0.340217 0.5027860000000001 0.33913000000000004 0.502437 0.321739 0.501393 0.313043 0.501045 0.305435 0.49930399999999997 0.305435 0.497563 0.323913 0.49721399999999993 0.33587 0.496518 0.33913000000000004 0.494777 0.340217
3 0.611769 0.348913 0.62117 0.348913 0.620474 0.344565 0.619081 0.343478 0.619081 0.330435 0.618384 0.32717399999999996 0.618036 0.31630400000000003 0.616295 0.31630400000000003 0.6145539999999999 0.340217 0.613858 0.343478 0.612465 0.344565 0.611769 0.348913
3 0.73468 0.363043 0.74234 0.363043 0.740947 0.354348 0.740251 0.331522 0.738162 0.331522 0.736421 0.355435 0.735724 0.358696 0.73468 0.358696 0.73468 0.363043
3 0.8568939999999999 0.384783 0.864903 0.384783 0.864903 0.38260900000000003 0.863162 0.376087 0.862465 0.354348 0.8603759999999999 0.354348 0.8586349999999999 0.377174 0.857591 0.38043499999999997 0.8568939999999999 0.38043499999999997 0.8568939999999999 0.384783
1 0.591574 0.55 0.5866990000000001 0.608696 0.5866990000000001 0.615217 0.5821729999999999 0.616304 0.580432 0.6195649999999999 0.580084 0.625 0.5766020000000001 0.625 0.5766020000000001 0.628261 0.579735 0.6358699999999999 0.583914 0.642391 0.585655 0.6489130000000001 0.615599 0.6489130000000001 0.615599 0.6445649999999999 0.612117 0.636957 0.611421 0.626087 0.610028 0.622826 0.606198 0.6195649999999999 0.604805 0.58913 0.604109 0.58587 0.603064 0.568478 0.603064 0.540217 0.6020190000000001 0.509783 0.600627 0.504348 0.595404 0.504348 0.5943590000000001 0.520652 0.592967 0.531522 0.592618 0.545652 0.591574 0.55
3 0.209262 0.40543500000000005 0.21831499999999998 0.409783 0.225279 0.409783 0.232242 0.40543500000000005 0.23050099999999998 0.403261 0.23050099999999998 0.397826 0.22771599999999997 0.397826 0.227019 0.395652 0.224582 0.344565 0.22353800000000001 0.33260900000000004 0.21970800000000001 0.331522 0.214833 0.395652 0.211699 0.39891299999999996 0.211003 0.404348 0.209262 0.40543500000000005