0 0.20264600000000002 0.422826 0.20195 0.441304 0.201253 0.444565 0.197423 0.446739 0.197075 0.453261 0.196379 0.45543500000000003 0.19429000000000002 0.456522 0.193942 0.45869600000000005 0.21413600000000002 0.459783 0.214833 0.457609 0.223189 0.45 0.22353800000000001 0.44782599999999995 0.220752 0.446739 0.22005599999999997 0.441304 0.216922 0.43913 0.21622599999999997 0.43695700000000004 0.21344 0.396739 0.21030600000000002 0.371739 0.20961 0.361957 0.208914 0.359783 0.205432 0.359783 0.205084 0.361957 0.204387 0.361957 0.203343 0.417391 0.20264600000000002 0.422826
3 0.495822 0.73587 0.495125 0.757609 0.49303600000000003 0.786957 0.49234 0.8054349999999999 0.49129500000000004 0.807609 0.486421 0.8108700000000001 0.48259100000000005 0.8206519999999999 0.481198 0.8304349999999999 0.472841 0.8358700000000001 0.472145 0.8380430000000001 0.472145 0.8423909999999999 0.474582 0.846739 0.546657 0.846739 0.537604 0.832609 0.535864 0.818478 0.533426 0.809783 0.526114 0.803261 0.525766 0.794565 0.524025 0.7793479999999999 0.523677 0.7630429999999999 0.5212399999999999 0.731522 0.5194989999999999 0.697826 0.517409 0.678261 0.515669 0.6489130000000001 0.513928 0.632609 0.513579 0.617391 0.512883 0.6141300000000001 0.511142 0.613043 0.505223 0.613043 0.502437 0.616304 0.501741 0.618478 0.501741 0.640217 0.500696 0.6630429999999999 0.495822 0.73587
3 0.720404 0.348913 0.720056 0.353261 0.717967 0.354348 0.723189 0.359783 0.740599 0.358696 0.738858 0.357609 0.737465 0.348913 0.735376 0.348913 0.73468 0.346739 0.733287 0.322826 0.733287 0.313043 0.7318939999999999 0.301087 0.731546 0.284783 0.727716 0.284783 0.726671 0.305435 0.725627 0.30978300000000003 0.723886 0.346739 0.720404 0.348913
3 0.588092 0.30869599999999997 0.588092 0.31413 0.602368 0.31413 0.600975 0.313043 0.600279 0.307609 0.598538 0.306522 0.597145 0.280435 0.5961000000000001 0.27391299999999996 0.595056 0.259783 0.59227 0.259783 0.590877 0.28913 0.5898329999999999 0.296739 0.5898329999999999 0.307609 0.588092 0.30869599999999997
3 0.567897 0.281522 0.567897 0.276087 0.565808 0.275 0.565111 0.25760900000000003 0.56337 0.23913 0.5612809999999999 0.23913 0.5595399999999999 0.277174 0.5577989999999999 0.278261 0.5577989999999999 0.281522 0.567897 0.281522
3 0.581128 0.254348 0.581128 0.25760900000000003 0.5901810000000001 0.25760900000000003 0.587744 0.253261 0.5866990000000001 0.232609 0.585655 0.22282600000000002 0.583914 0.22282600000000002 0.582869 0.23586999999999997 0.5825210000000001 0.251087 0.581825 0.254348 0.581128 0.254348
3 0.631616 0.243478 0.639972 0.243478 0.639972 0.24130400000000002 0.638928 0.24130400000000002 0.637535 0.238043 0.637535 0.226087 0.636142 0.211957 0.634053 0.211957 0.633008 0.23586999999999997 0.632312 0.23913 0.631616 0.23913 0.631616 0.243478
3 0.696727 0.232609 0.7040390000000001 0.232609 0.7040390000000001 0.22934800000000002 0.703343 0.22934800000000002 0.702298 0.225 0.7016020000000001 0.20434800000000003 0.6998610000000001 0.20434800000000003 0.699164 0.208696 0.698816 0.225 0.6981200000000001 0.22934800000000002 0.696727 0.232609
3 0.774373 0.227174 0.781685 0.227174 0.781685 0.225 0.779944 0.22282600000000002 0.779596 0.20543499999999998 0.778552 0.198913 0.7771589999999999 0.20108700000000002 0.776462 0.220652 0.774721 0.22391299999999997 0.774373 0.227174
3 0.8586349999999999 0.226087 0.8586349999999999 0.22391299999999997 0.8568939999999999 0.220652 0.8568939999999999 0.209783 0.85585 0.197826 0.85376 0.197826 0.852716 0.219565 0.851323 0.221739 0.851323 0.226087 0.8586349999999999 0.226087
1 0.531685 0.446739 0.527855 0.44782599999999995 0.526462 0.45 0.541086 0.457609 0.547702 0.457609 0.559889 0.45 0.5595399999999999 0.446739 0.556755 0.444565 0.5553619999999999 0.43587 0.552228 0.433696 0.548747 0.392391 0.5483979999999999 0.375 0.546309 0.348913 0.541086 0.348913 0.5365599999999999 0.43478300000000003 0.535864 0.43695700000000004 0.532033 0.43913 0.531685 0.446739
1 0.39798100000000003 0.336957 0.39832900000000004 0.343478 0.413997 0.344565 0.41364900000000004 0.341304 0.41016700000000006 0.333696 0.40842599999999996 0.31521699999999997 0.40773000000000004 0.29565199999999997 0.40668499999999996 0.283696 0.402855 0.282609 0.402159 0.301087 0.401462 0.306522 0.40076599999999996 0.333696 0.39798100000000003 0.336957
1 0.41364900000000004 0.28913 0.42688 0.288043 0.42688 0.28586999999999996 0.424095 0.281522 0.42130900000000004 0.24673899999999999 0.420265 0.244565 0.418524 0.24565199999999998 0.41713100000000003 0.281522 0.41539000000000004 0.282609 0.41539000000000004 0.284783 0.41364900000000004 0.28913
1 0.48537600000000003 0.25543499999999997 0.485724 0.253261 0.48363500000000004 0.25 0.48363500000000004 0.244565 0.48189399999999993 0.22391299999999997 0.479457 0.22391299999999997 0.47841199999999995 0.251087 0.47736799999999996 0.252174 0.47736799999999996 0.25652200000000003 0.48537600000000003 0.25543499999999997
1 0.564763 0.23586999999999997 0.564415 0.232609 0.56337 0.231522 0.5619780000000001 0.209783 0.559889 0.208696 0.558844 0.230435 0.5577989999999999 0.233696 0.5577989999999999 0.23586999999999997 0.564763 0.23586999999999997
1 0.6521589999999999 0.219565 0.650766 0.2 0.648677 0.2 0.6479809999999999 0.215217 0.646936 0.22391299999999997 0.6538999999999999 0.22391299999999997 0.6521589999999999 0.219565
1 0.744777 0.21739099999999997 0.751741 0.21739099999999997 0.75 0.211957 0.748955 0.19347799999999998 0.746866 0.19347799999999998 0.74617 0.196739 0.745474 0.213043 0.744777 0.21413000000000001 0.744777 0.21739099999999997
1 0.83844 0.213043 0.83844 0.215217 0.8461000000000001 0.215217 0.844708 0.209783 0.8436629999999999 0.191304 0.8415739999999999 0.190217 0.8405290000000001 0.198913 0.8405290000000001 0.208696 0.8398329999999999 0.211957 0.83844 0.213043