1 0.512883 0.431522 0.510794 0.431522 0.5104460000000001 0.43587 0.508008 0.441304 0.508008 0.443478 0.517409 0.444565 0.5198470000000001 0.446739 0.5271589999999999 0.44565200000000005 0.5275070000000001 0.44239100000000003 0.526462 0.43695700000000004 0.523329 0.430435 0.5212399999999999 0.373913 0.5177579999999999 0.373913 0.515669 0.4 0.514276 0.41086999999999996 0.513579 0.428261 0.512883 0.431522
1 0.48433099999999996 0.532609 0.48259100000000005 0.53587 0.48259100000000005 0.551087 0.48363500000000004 0.555435 0.49860699999999997 0.555435 0.503134 0.557609 0.509401 0.557609 0.508705 0.551087 0.507312 0.55 0.50766 0.541304 0.506267 0.536957 0.504526 0.53587 0.503482 0.531522 0.500696 0.481522 0.49965200000000004 0.446739 0.498259 0.443478 0.49442899999999995 0.443478 0.491643 0.47391300000000003 0.48781299999999994 0.528261 0.487117 0.531522 0.48433099999999996 0.532609
1 0.568245 0.38913000000000003 0.567549 0.391304 0.566156 0.391304 0.565808 0.395652 0.565111 0.397826 0.564067 0.397826 0.5637190000000001 0.4 0.578343 0.40108699999999997 0.577994 0.396739 0.575557 0.390217 0.574164 0.348913 0.5713790000000001 0.35 0.569986 0.36847799999999997 0.5689420000000001 0.375 0.568245 0.38913000000000003
1 0.596797 0.379348 0.606198 0.379348 0.606198 0.375 0.604805 0.370652 0.604457 0.347826 0.6037600000000001 0.338043 0.601323 0.336957 0.5995820000000001 0.36739099999999997 0.5978410000000001 0.373913 0.596797 0.375 0.596797 0.379348
1 0.604805 0.361957 0.609331 0.361957 0.607939 0.358696 0.607939 0.344565 0.606198 0.326087 0.6055010000000001 0.326087 0.6051529999999999 0.333696 0.604109 0.338043 0.604805 0.347826 0.604805 0.361957
3 0.244429 0.363043 0.243384 0.36956500000000003 0.23990300000000003 0.36956500000000003 0.239554 0.371739 0.255571 0.372826 0.258008 0.36847799999999997 0.258357 0.365217 0.255919 0.365217 0.25522300000000003 0.363043 0.254526 0.341304 0.253482 0.32934800000000003 0.253482 0.318478 0.25243699999999997 0.31087 0.250348 0.31087 0.24965199999999999 0.313043 0.24651800000000001 0.361957 0.244429 0.363043
3 0.43071000000000004 0.318478 0.43036199999999997 0.331522 0.428621 0.33260900000000004 0.427577 0.336957 0.426532 0.336957 0.426532 0.33913000000000004 0.43837000000000004 0.338043 0.435933 0.333696 0.435933 0.326087 0.435237 0.323913 0.43454 0.31521699999999997 0.43454 0.301087 0.432799 0.301087 0.432103 0.303261 0.432103 0.30869599999999997 0.43071000000000004 0.318478
3 0.4474665 0.329212203125 0.455084 0.328261 0.454039 0.322826 0.454039 0.31630400000000003 0.453343 0.311957 0.453343 0.3 0.452646 0.296739 0.451602 0.296739 0.450905 0.3 0.450905 0.305435 0.449861 0.30978300000000003 0.449164 0.323913 0.4474665 0.329212203125
3 0.44011100000000003 0.31521699999999997 0.44011100000000003 0.317391 0.447423 0.317391 0.44568199999999997 0.304348 0.44568199999999997 0.288043 0.443942 0.288043 0.443245 0.290217 0.442201 0.311957 0.44011100000000003 0.31521699999999997
3 0.424095 0.304348 0.423398 0.304348 0.423398 0.306522 0.43071000000000004 0.307609 0.42931800000000003 0.303261 0.42931800000000003 0.298913 0.428621 0.29782600000000004 0.428621 0.281522 0.427577 0.278261 0.426532 0.281522 0.42548700000000006 0.293478 0.42548700000000006 0.3 0.424095 0.304348
3 0.391365 0.29565199999999997 0.397284 0.29565199999999997 0.397284 0.291304 0.396588 0.290217 0.395543 0.270652 0.39415 0.271739 0.393106 0.280435 0.393106 0.286957 0.391365 0.29565199999999997
3 0.357591 0.28586999999999996 0.35550099999999996 0.281522 0.35550099999999996 0.277174 0.354805 0.27391299999999996 0.354805 0.261957 0.35375999999999996 0.259783 0.352716 0.266304 0.35201899999999997 0.281522 0.350975 0.284783 0.357591 0.28586999999999996
3 0.274373 0.266304 0.27332900000000004 0.261957 0.271936 0.243478 0.270891 0.24239099999999997 0.270195 0.254348 0.268454 0.266304 0.274373 0.266304
3 0.217618 0.24782600000000002 0.216922 0.243478 0.216574 0.230435 0.21518099999999998 0.22934800000000002 0.213788 0.24782600000000002 0.21239599999999997 0.251087 0.21901099999999998 0.251087 0.217618 0.24782600000000002
3 0.20090499999999997 0.23478300000000002 0.200557 0.22282600000000002 0.198816 0.22282600000000002 0.198816 0.231522 0.197772 0.24130400000000002 0.20195 0.24130400000000002 0.20090499999999997 0.23478300000000002
3 0.21901099999999998 0.221739 0.217618 0.220652 0.216922 0.238043 0.22005599999999997 0.238043 0.21901099999999998 0.231522 0.21901099999999998 0.221739
3 0.24686599999999997 0.236957 0.250696 0.238043 0.24965199999999999 0.230435 0.24965199999999999 0.22282600000000002 0.248259 0.22282600000000002 0.248259 0.230435 0.24756300000000003 0.231522 0.24756300000000003 0.23478300000000002 0.24686599999999997 0.236957
3 0.291783 0.227174 0.29039000000000004 0.227174 0.290738 0.24130400000000002 0.292479 0.24130400000000002 0.291783 0.23913 0.291783 0.227174
3 0.339136 0.24673899999999999 0.338788 0.236957 0.338092 0.233696 0.337396 0.23478300000000002 0.337396 0.24021699999999999 0.336351 0.24673899999999999 0.339136 0.24673899999999999
3 0.389276 0.24130400000000002 0.388579 0.24239099999999997 0.387535 0.254348 0.39032 0.254348 0.389276 0.24130400000000002
3 0.44254899999999997 0.263043 0.442897 0.26087 0.441852 0.25652200000000003 0.441852 0.251087 0.441156 0.25 0.441156 0.25543499999999997 0.44046 0.25652200000000003 0.44011100000000003 0.263043 0.44254899999999997 0.263043
3 0.47249299999999994 0.26413000000000003 0.47249299999999994 0.25760900000000003 0.471448 0.25652200000000003 0.4711 0.266304 0.470404 0.268478 0.47318899999999997 0.268478 0.47249299999999994 0.26413000000000003
1 0.5706819999999999 0.33260900000000004 0.5706819999999999 0.330435 0.5696380000000001 0.32934800000000003 0.5696380000000001 0.31413 0.5689420000000001 0.304348 0.567549 0.306522 0.566504 0.320652 0.564763 0.33260900000000004 0.5706819999999999 0.33260900000000004
1 0.52507 0.31413 0.524025 0.290217 0.522632 0.291304 0.522284 0.301087 0.520195 0.31413 0.52507 0.31413
1 0.46657400000000004 0.3 0.471797 0.3 0.471797 0.29782600000000004 0.47075199999999995 0.296739 0.47075199999999995 0.283696 0.46970799999999996 0.276087 0.46831500000000004 0.281522 0.46796699999999997 0.29239099999999996 0.466226 0.29782600000000004 0.46657400000000004 0.3
1 0.304666 0.258696 0.30362100000000003 0.25652200000000003 0.303273 0.24239099999999997 0.302577 0.23913 0.301532 0.24239099999999997 0.300836 0.253261 0.299443 0.258696 0.304666 0.258696
1 0.309192 0.24673899999999999 0.308148 0.233696 0.30745100000000003 0.233696 0.307103 0.24673899999999999 0.306407 0.248913 0.30988899999999997 0.248913 0.309192 0.24673899999999999
1 0.290042 0.251087 0.289345 0.238043 0.287953 0.24239099999999997 0.287256 0.253261 0.290738 0.253261 0.290042 0.251087
1 0.366295 0.252174 0.36594699999999997 0.24021699999999999 0.364554 0.24565199999999998 0.363858 0.254348 0.366992 0.254348 0.366295 0.252174
1 0.402159 0.259783 0.401462 0.24565199999999998 0.400418 0.24782600000000002 0.40007000000000004 0.254348 0.399025 0.259783 0.402159 0.259783
1 0.43036199999999997 0.26413000000000003 0.42931800000000003 0.25 0.428273 0.254348 0.428273 0.259783 0.42722800000000005 0.26413000000000003 0.43036199999999997 0.26413000000000003
1 0.47562699999999997 0.27391299999999996 0.47910899999999995 0.27391299999999996 0.47841199999999995 0.271739 0.47841199999999995 0.259783 0.47736799999999996 0.26087 0.477019 0.267391 0.476323 0.268478 0.47562699999999997 0.27391299999999996
1 0.8638579999999999 0.341304 0.865947 0.341304 0.8655989999999999 0.32934800000000003 0.864554 0.331522 0.864554 0.33587 0.86351 0.33913000000000004 0.8638579999999999 0.341304
1 0.832173 0.33260900000000004 0.831476 0.331522 0.831476 0.321739 0.8307800000000001 0.322826 0.8304320000000001 0.328261 0.829387 0.33260900000000004 0.832173 0.33260900000000004
2 0.8095399999999999 0.31087 0.8084960000000001 0.311957 0.8081480000000001 0.323913 0.8102370000000001 0.323913 0.8095399999999999 0.31087
2 0.8046659999999999 0.30869599999999997 0.8032730000000001 0.31087 0.802228 0.322826 0.8046659999999999 0.321739 0.8046659999999999 0.30869599999999997
2 0.771936 0.302174 0.770543 0.307609 0.7698470000000001 0.317391 0.772632 0.317391 0.771936 0.31521699999999997 0.7745474999999999 0.309239 0.771936 0.302174
2 0.77507 0.318478 0.777855 0.318478 0.7771589999999999 0.31630400000000003 0.7752157093750001 0.31104673437499997 0.77507 0.311957 0.77507 0.318478
3 0.8408770000000001 0.32934800000000003 0.8408770000000001 0.322826 0.8398329999999999 0.321739 0.839485 0.328261 0.83844 0.331522 0.8415739999999999 0.331522 0.8408770000000001 0.32934800000000003
3 0.8593310000000001 0.336957 0.8589829999999999 0.32934800000000003 0.858287 0.32717399999999996 0.857591 0.32934800000000003 0.857591 0.334783 0.856546 0.336957 0.8593310000000001 0.336957
3 0.883357 0.342391 0.883008 0.33260900000000004 0.881964 0.33260900000000004 0.881616 0.338043 0.880571 0.342391 0.883357 0.342391
3 0.909819 0.338043 0.9084260000000001 0.347826 0.911908 0.347826 0.910515 0.33913000000000004 0.909819 0.338043
1 0.337047 0.267391 0.336003 0.24673899999999999 0.334262 0.24673899999999999 0.333565 0.263043 0.332521 0.26413000000000003 0.332173 0.267391 0.337047 0.267391
3 0.376741 0.34565199999999996 0.386838 0.346739 0.386838 0.342391 0.385794 0.341304 0.384749 0.33587 0.383357 0.303261 0.38126699999999997 0.303261 0.37883 0.33913000000000004 0.378134 0.341304 0.376741 0.341304 0.376741 0.34565199999999996
1 0.572772 0.698913 0.5713790000000001 0.705435 0.5654600000000001 0.71087 0.5637190000000001 0.721739 0.5595399999999999 0.722826 0.559192 0.7260869999999999 0.574164 0.747826 0.5766020000000001 0.748913 0.577298 0.751087 0.580084 0.752174 0.581128 0.754348 0.5821729999999999 0.752174 0.592618 0.752174 0.592967 0.75 0.597145 0.75 0.609331 0.7445649999999999 0.608983 0.740217 0.607939 0.7369570000000001 0.603412 0.728261 0.603412 0.723913 0.602716 0.7206520000000001 0.598538 0.71413 0.5974929999999999 0.71413 0.595752 0.708696 0.595056 0.681522 0.594011 0.670652 0.59227 0.629348 0.59227 0.6010869999999999 0.591226 0.575 0.5901810000000001 0.570652 0.583565 0.570652 0.579735 0.613043 0.577994 0.6489130000000001 0.5745129999999999 0.677174 0.572772 0.698913
1 0.40598900000000004 0.283696 0.411212 0.283696 0.41016700000000006 0.27934800000000004 0.409819 0.263043 0.408774 0.263043 0.408078 0.265217 0.407382 0.277174 0.40598900000000004 0.283696
1 0.9129530000000001 0.352174 0.9157379999999999 0.352174 0.915042 0.33913000000000004 0.9129530000000001 0.352174
3 0.937326 0.353261 0.9366300000000001 0.348913 0.9366300000000001 0.342391 0.935933 0.342391 0.9348890000000001 0.34565199999999996 0.933844 0.353261 0.937326 0.353261