3 0.45194999999999996 0.645652 0.452298 0.646739 0.44951299999999994 0.688043 0.44951299999999994 0.696739 0.448816 0.7 0.44777199999999995 0.715217 0.44777199999999995 0.740217 0.44568199999999997 0.778261 0.439067 0.7880429999999999 0.436281 0.796739 0.435933 0.8010870000000001 0.428621 0.809783 0.428621 0.816304 0.435933 0.827174 0.43802199999999997 0.832609 0.442897 0.8391299999999999 0.444986 0.845652 0.46901099999999996 0.845652 0.472841 0.8391299999999999 0.478064 0.8380430000000001 0.481546 0.833696 0.48363500000000004 0.833696 0.486421 0.8293480000000001 0.491643 0.827174 0.494777 0.8228260000000001 0.495474 0.8206519999999999 0.494777 0.8141299999999999 0.488858 0.8054349999999999 0.487465 0.8010870000000001 0.487117 0.7923910000000001 0.48537600000000003 0.7836960000000001 0.482939 0.7793479999999999 0.477019 0.775 0.477019 0.765217 0.47597500000000004 0.75 0.47492999999999996 0.7445649999999999 0.47492999999999996 0.741304 0.47423400000000004 0.740217 0.472841 0.706522 0.47075199999999995 0.68913 0.467618 0.645652 0.466226 0.636957 0.464485 0.603261 0.46135099999999996 0.6010869999999999 0.457521 0.6010869999999999 0.454387 0.603261 0.452994 0.615217 0.453343 0.623913 0.452646 0.6304350000000001 0.45194999999999996 0.645652
2 0.689415 0.38587 0.68837 0.39891299999999996 0.68837 0.40869600000000006 0.687674 0.41304299999999994 0.6862809999999999 0.441304 0.6862809999999999 0.45 0.683844 0.479348 0.683844 0.49347799999999997 0.681407 0.521739 0.681407 0.5293479999999999 0.6803619999999999 0.53587 0.6793180000000001 0.55 0.678273 0.555435 0.675836 0.557609 0.674443 0.561957 0.674443 0.568478 0.673747 0.572826 0.666435 0.5826089999999999 0.666086 0.588043 0.669916 0.5913039999999999 0.678273 0.5913039999999999 0.682103 0.5956520000000001 0.6922010000000001 0.5956520000000001 0.6963790000000001 0.6010869999999999 0.698816 0.6010869999999999 0.6995129999999999 0.603261 0.710655 0.603261 0.718663 0.58587 0.721797 0.581522 0.723189 0.576087 0.7169220000000001 0.570652 0.7151810000000001 0.563043 0.712396 0.559783 0.711003 0.554348 0.710655 0.540217 0.709958 0.5380429999999999 0.708565 0.507609 0.7071729999999999 0.49891300000000005 0.706476 0.46956499999999995 0.7040390000000001 0.443478 0.703691 0.426087 0.70195 0.40869600000000006 0.70195 0.40217400000000003 0.701253 0.397826 0.700557 0.377174 0.699164 0.36413 0.698816 0.352174 0.697772 0.348913 0.691852 0.348913 0.690808 0.354348 0.690808 0.363043 0.689763 0.371739 0.689415 0.38587
3 0.717618 0.45108699999999996 0.717618 0.46087 0.716574 0.471739 0.716226 0.490217 0.7148329999999999 0.511957 0.713788 0.51413 0.709958 0.515217 0.7092620000000001 0.517391 0.710306 0.536957 0.7151810000000001 0.541304 0.720404 0.541304 0.7270190000000001 0.544565 0.736421 0.544565 0.742688 0.531522 0.743036 0.527174 0.739903 0.527174 0.7395539999999999 0.521739 0.738858 0.5195649999999999 0.73468 0.515217 0.733983 0.5130429999999999 0.732591 0.49565200000000004 0.7318939999999999 0.475 0.73085 0.46630399999999994 0.729805 0.43695700000000004 0.728412 0.418478 0.727716 0.415217 0.727716 0.406522 0.7270190000000001 0.404348 0.721448 0.404348 0.720752 0.415217 0.720056 0.417391 0.719011 0.43913 0.717618 0.45108699999999996
3 0.68071 0.330435 0.69429 0.330435 0.6939420000000001 0.325 0.692549 0.323913 0.691852 0.320652 0.6887190000000001 0.272826 0.685933 0.272826 0.683496 0.320652 0.6827989999999999 0.325 0.68071 0.325 0.68071 0.330435
3 0.600975 0.303261 0.611421 0.303261 0.611421 0.29782600000000004 0.610028 0.29782600000000004 0.609331 0.293478 0.6072420000000001 0.25760900000000003 0.604805 0.25760900000000003 0.603064 0.293478 0.602368 0.29782600000000004 0.600975 0.298913 0.600975 0.303261
3 0.508008 0.291304 0.506964 0.293478 0.517061 0.29239099999999996 0.517061 0.288043 0.515669 0.286957 0.514972 0.282609 0.513579 0.25652200000000003 0.512883 0.253261 0.51149 0.253261 0.510794 0.25652200000000003 0.509401 0.288043 0.508008 0.28913 0.508008 0.291304
3 0.420265 0.293478 0.41922 0.28913 0.418175 0.28913 0.417479 0.28586999999999996 0.41539000000000004 0.258696 0.412953 0.258696 0.412256 0.28913 0.410864 0.290217 0.410864 0.293478 0.420265 0.293478
3 0.306407 0.3 0.305362 0.3 0.304666 0.296739 0.302577 0.270652 0.300487 0.270652 0.299443 0.301087 0.29805000000000004 0.304348 0.306755 0.304348 0.306407 0.3
3 0.185237 0.326087 0.184889 0.320652 0.183844 0.320652 0.183148 0.318478 0.181058 0.291304 0.178621 0.290217 0.177228 0.322826 0.176184 0.323913 0.176184 0.326087 0.185237 0.326087
3 0.077994 0.35108700000000004 0.077994 0.34565199999999996 0.07694999999999999 0.34565199999999996 0.076253 0.343478 0.073468 0.313043 0.070334 0.311957 0.06928999999999999 0.346739 0.067549 0.348913 0.067549 0.352174 0.077994 0.35108700000000004
1 0.175487 0.31087 0.175139 0.306522 0.174095 0.307609 0.173398 0.305435 0.171309 0.281522 0.168872 0.280435 0.16817500000000002 0.307609 0.167131 0.30869599999999997 0.167131 0.31087 0.175487 0.31087
1 0.322772 0.28586999999999996 0.322075 0.281522 0.321031 0.27934800000000004 0.31928999999999996 0.25760900000000003 0.317201 0.25652200000000003 0.316504 0.280435 0.315808 0.281522 0.315808 0.28586999999999996 0.322772 0.28586999999999996
1 0.452994 0.271739 0.45960999999999996 0.271739 0.45960999999999996 0.267391 0.458217 0.265217 0.45717299999999994 0.244565 0.456128 0.24021699999999999 0.45543199999999995 0.24021699999999999 0.454735 0.24673899999999999 0.454039 0.267391 0.452994 0.268478 0.452994 0.271739
1 0.585655 0.268478 0.585655 0.266304 0.582869 0.258696 0.581825 0.238043 0.581128 0.23478300000000002 0.5790390000000001 0.23478300000000002 0.578343 0.263043 0.57695 0.26413000000000003 0.57695 0.268478 0.585655 0.268478
1 0.706825 0.276087 0.718315 0.275 0.7169220000000001 0.272826 0.716574 0.269565 0.7151810000000001 0.269565 0.714485 0.266304 0.712396 0.23586999999999997 0.709958 0.23586999999999997 0.708565 0.266304 0.707869 0.270652 0.706825 0.270652 0.706825 0.276087
1 0.836351 0.298913 0.849234 0.298913 0.849234 0.29239099999999996 0.847493 0.29239099999999996 0.8467969999999999 0.28913 0.8440110000000001 0.24782600000000002 0.841226 0.24782600000000002 0.8391360000000001 0.288043 0.83844 0.29239099999999996 0.836351 0.29239099999999996 0.836351 0.298913
0 0.848189 0.276087 0.8593310000000001 0.276087 0.860028 0.271739 0.8589829999999999 0.271739 0.858287 0.269565 0.856546 0.25760900000000003 0.8551529999999999 0.232609 0.852368 0.232609 0.850975 0.266304 0.8502789999999999 0.270652 0.848189 0.272826 0.848189 0.276087
0 0.8756959999999999 0.24239099999999997 0.8760450000000001 0.238043 0.874652 0.238043 0.8739549999999999 0.23478300000000002 0.8725630000000001 0.209783 0.870474 0.209783 0.8690810000000001 0.236957 0.868036 0.238043 0.868036 0.24239099999999997 0.8756959999999999 0.24239099999999997
0 0.8844010000000001 0.218478 0.883008 0.21413000000000001 0.882312 0.196739 0.880223 0.195652 0.879526 0.216304 0.8777860000000001 0.221739 0.8844010000000001 0.221739 0.8844010000000001 0.218478
0 0.8892760000000001 0.202174 0.888579 0.18804300000000002 0.886838 0.18695699999999998 0.885446 0.20760900000000002 0.89032 0.20760900000000002 0.89032 0.20543499999999998 0.8892760000000001 0.202174
0 0.9213089999999999 0.206522 0.919916 0.2 0.918872 0.184783 0.9174789999999999 0.184783 0.916783 0.191304 0.916783 0.2 0.9157379999999999 0.206522 0.9213089999999999 0.206522
0 0.950905 0.20543499999999998 0.950905 0.182609 0.9502090000000001 0.183696 0.949164 0.198913 0.94812 0.20543499999999998 0.950905 0.20543499999999998
3 0.744777 0.363043 0.7472139999999999 0.386957 0.7472139999999999 0.395652 0.755919 0.395652 0.755919 0.38587 0.752089 0.38043499999999997 0.751393 0.377174 0.750696 0.361957 0.749652 0.356522 0.749652 0.343478 0.748259 0.330435 0.7472139999999999 0.31087 0.744081 0.31087 0.743036 0.313043 0.743036 0.33260900000000004 0.744777 0.35108700000000004 0.744777 0.363043
2 0.732591 0.35 0.731198 0.358696 0.7305010000000001 0.383696 0.729805 0.386957 0.728412 0.40869600000000006 0.728412 0.417391 0.7301529999999999 0.43587 0.7301529999999999 0.444565 0.73085 0.44782599999999995 0.731198 0.463043 0.7322420000000001 0.47391300000000003 0.733287 0.497826 0.733983 0.504348 0.75383 0.504348 0.756267 0.49891300000000005 0.758008 0.492391 0.758705 0.484783 0.754875 0.483696 0.754178 0.478261 0.753134 0.475 0.751741 0.475 0.750696 0.470652 0.750348 0.46195700000000006 0.749652 0.45869600000000005 0.749652 0.44565200000000005 0.748607 0.43478300000000003 0.748607 0.421739 0.747911 0.41630399999999995 0.747563 0.40108699999999997 0.746866 0.396739 0.746866 0.388043 0.744429 0.363043 0.744429 0.35108700000000004 0.74234 0.32934800000000003 0.741992 0.319565 0.741295 0.31630400000000003 0.741295 0.30869599999999997 0.740599 0.306522 0.735028 0.306522 0.733983 0.31630400000000003 0.734331 0.318478 0.732939 0.32934800000000003 0.732591 0.35