2 0.663649 0.46630399999999994 0.6615599999999999 0.520652 0.656685 0.5869570000000001 0.6556409999999999 0.590217 0.6525070000000001 0.593478 0.651811 0.604348 0.651114 0.607609 0.646936 0.6141300000000001 0.643802 0.616304 0.641713 0.622826 0.641713 0.625 0.6845399999999999 0.643478 0.689415 0.643478 0.704735 0.6141300000000001 0.704735 0.61087 0.701253 0.6054350000000001 0.697423 0.604348 0.697423 0.6 0.6956819999999999 0.594565 0.69429 0.593478 0.6922010000000001 0.588043 0.690111 0.565217 0.678969 0.371739 0.677577 0.365217 0.669568 0.365217 0.6692199999999999 0.379348 0.668175 0.38913000000000003 0.666086 0.43478300000000003 0.663649 0.46630399999999994
2 0.713092 0.43804299999999996 0.713092 0.453261 0.7151810000000001 0.47717400000000004 0.717967 0.528261 0.740251 0.528261 0.74617 0.509783 0.74617 0.506522 0.741992 0.5054350000000001 0.741992 0.5 0.7378129999999999 0.49130399999999996 0.735376 0.457609 0.7318939999999999 0.375 0.7301529999999999 0.348913 0.728064 0.330435 0.727716 0.318478 0.726671 0.31630400000000003 0.7224929999999999 0.31630400000000003 0.720752 0.318478 0.720404 0.331522 0.719011 0.344565 0.713092 0.43804299999999996
3 0.38649 0.775 0.385446 0.809783 0.38405300000000003 0.834783 0.38405300000000003 0.846739 0.418175 0.846739 0.41782700000000006 0.8358700000000001 0.40947100000000003 0.733696 0.40668499999999996 0.706522 0.403203 0.659783 0.402159 0.657609 0.393106 0.6586960000000001 0.391713 0.661957 0.391017 0.669565 0.39032 0.7 0.38649 0.775
3 0.671657 0.32934800000000003 0.671657 0.334783 0.685237 0.334783 0.685585 0.328261 0.683496 0.32717399999999996 0.6827989999999999 0.322826 0.6827989999999999 0.318478 0.6810579999999999 0.303261 0.679666 0.276087 0.6768799999999999 0.276087 0.6768799999999999 0.283696 0.6751389999999999 0.301087 0.674095 0.328261 0.671657 0.32934800000000003
3 0.591226 0.303261 0.589485 0.304348 0.588788 0.306522 0.6020190000000001 0.305435 0.6020190000000001 0.3 0.600975 0.3 0.600279 0.296739 0.5974929999999999 0.259783 0.595056 0.259783 0.593315 0.3 0.591574 0.301087 0.591226 0.303261
3 0.506964 0.294565 0.506964 0.28913 0.505571 0.288043 0.504875 0.283696 0.503134 0.25543499999999997 0.501045 0.25543499999999997 0.49965200000000004 0.28913 0.49791100000000005 0.291304 0.496866 0.29565199999999997 0.506964 0.294565
3 0.41016700000000006 0.29565199999999997 0.408774 0.293478 0.408078 0.290217 0.40668499999999996 0.290217 0.40424800000000005 0.259783 0.402159 0.259783 0.401114 0.291304 0.399721 0.29239099999999996 0.399721 0.29565199999999997 0.41016700000000006 0.29565199999999997
3 0.293872 0.307609 0.293872 0.302174 0.292827 0.302174 0.29213100000000003 0.298913 0.290042 0.272826 0.287953 0.272826 0.28656000000000004 0.303261 0.285515 0.304348 0.285515 0.307609 0.293872 0.307609
3 0.16051500000000002 0.32717399999999996 0.16051500000000002 0.32934800000000003 0.170265 0.32934800000000003 0.170265 0.325 0.16817500000000002 0.321739 0.166086 0.293478 0.162953 0.29239099999999996 0.162604 0.31521699999999997 0.161908 0.318478 0.161908 0.326087 0.16051500000000002 0.32717399999999996
3 0.059192 0.356522 0.058843999999999994 0.35 0.057450999999999995 0.35 0.056755 0.347826 0.053969 0.31630400000000003 0.05118399999999999 0.31630400000000003 0.050139 0.35108700000000004 0.048747 0.352174 0.048747 0.356522 0.059192 0.356522
1 0.16155999999999998 0.313043 0.16155999999999998 0.30978300000000003 0.160167 0.307609 0.159123 0.3 0.158078 0.282609 0.155989 0.282609 0.155292 0.286957 0.155292 0.30869599999999997 0.154596 0.313043 0.16155999999999998 0.313043
1 0.31162999999999996 0.286957 0.31162999999999996 0.283696 0.310585 0.282609 0.30954000000000004 0.275 0.309192 0.259783 0.306755 0.258696 0.306407 0.282609 0.305362 0.283696 0.305362 0.286957 0.31162999999999996 0.286957
1 0.451602 0.272826 0.451253 0.268478 0.45020899999999997 0.267391 0.44951299999999994 0.26413000000000003 0.44812 0.243478 0.44603099999999996 0.24239099999999997 0.445334 0.268478 0.44428999999999996 0.269565 0.44428999999999996 0.272826 0.451602 0.272826
1 0.577646 0.268478 0.57695 0.26413000000000003 0.576253 0.26413000000000003 0.575209 0.259783 0.573816 0.23586999999999997 0.571727 0.23478300000000002 0.570334 0.263043 0.56929 0.265217 0.56929 0.268478 0.577646 0.268478
1 0.712396 0.278261 0.712396 0.275 0.710655 0.275 0.710306 0.271739 0.708565 0.270652 0.706476 0.23913 0.7057800000000001 0.23586999999999997 0.7040390000000001 0.236957 0.702298 0.269565 0.6998610000000001 0.27391299999999996 0.6998610000000001 0.278261 0.712396 0.278261
1 0.832173 0.303261 0.847145 0.303261 0.845404 0.29565199999999997 0.8436629999999999 0.29565199999999997 0.842967 0.293478 0.8415739999999999 0.267391 0.8405290000000001 0.25760900000000003 0.8405290000000001 0.25 0.837396 0.25 0.83461 0.293478 0.833914 0.29565199999999997 0.832173 0.296739 0.832173 0.303261
0 0.8450559999999999 0.278261 0.856546 0.278261 0.856546 0.27391299999999996 0.854109 0.272826 0.853064 0.26087 0.852019 0.23586999999999997 0.851323 0.232609 0.849234 0.232609 0.8485379999999999 0.23586999999999997 0.8467969999999999 0.271739 0.8450559999999999 0.272826 0.8450559999999999 0.278261
0 0.864903 0.243478 0.8739549999999999 0.243478 0.873607 0.238043 0.871866 0.236957 0.870125 0.208696 0.867688 0.208696 0.866992 0.215217 0.866295 0.236957 0.864903 0.24021699999999999 0.864903 0.243478
0 0.881616 0.221739 0.879875 0.203261 0.879875 0.195652 0.8774369999999999 0.19456500000000002 0.876393 0.21739099999999997 0.875348 0.218478 0.875348 0.221739 0.881616 0.221739
0 0.888231 0.20760900000000002 0.886838 0.197826 0.8861420000000001 0.184783 0.884749 0.184783 0.884053 0.18913 0.883705 0.20108700000000002 0.8826599999999999 0.20760900000000002 0.888231 0.20760900000000002
0 0.913301 0.203261 0.913301 0.206522 0.918872 0.206522 0.917131 0.191304 0.917131 0.184783 0.915042 0.183696 0.915042 0.18804300000000002 0.914345 0.191304 0.914345 0.202174 0.913301 0.203261
0 0.950905 0.191304 0.9502090000000001 0.18152200000000002 0.94812 0.18152200000000002 0.947772 0.19347799999999998 0.946379 0.20434800000000003 0.950905 0.20434800000000003 0.950905 0.191304
3 0.6998610000000001 0.5054350000000001 0.697772 0.53587 0.697075 0.540217 0.693245 0.541304 0.692549 0.543478 0.691504 0.543478 0.691156 0.555435 0.690111 0.557609 0.690808 0.568478 0.7134400000000001 0.575 0.720752 0.575 0.727716 0.5586960000000001 0.728064 0.554348 0.725279 0.553261 0.723538 0.545652 0.720752 0.541304 0.718663 0.540217 0.71727 0.525 0.7151810000000001 0.483696 0.714485 0.48043500000000006 0.7148329999999999 0.47717400000000004 0.714136 0.476087 0.714136 0.467391 0.712744 0.453261 0.711351 0.422826 0.705432 0.421739 0.704387 0.426087 0.703691 0.446739 0.700557 0.483696 0.6998610000000001 0.5054350000000001
3 0.732939 0.386957 0.733635 0.406522 0.746518 0.406522 0.746518 0.395652 0.745125 0.391304 0.742688 0.390217 0.739206 0.343478 0.738162 0.317391 0.73468 0.317391 0.733635 0.320652 0.731546 0.348913 0.731546 0.36847799999999997 0.732939 0.386957