2 0.443593 0.6586960000000001 0.441504 0.690217 0.441504 0.698913 0.440808 0.7021740000000001 0.440808 0.708696 0.439763 0.717391 0.439415 0.734783 0.437674 0.754348 0.43697800000000003 0.78587 0.436281 0.790217 0.435237 0.821739 0.43454 0.826087 0.43454 0.846739 0.481546 0.846739 0.481198 0.834783 0.479805 0.8228260000000001 0.47876 0.7978259999999999 0.477019 0.780435 0.47771600000000003 0.7793479999999999 0.47771600000000003 0.772826 0.476323 0.76413 0.474582 0.7304350000000001 0.473538 0.722826 0.472841 0.7076089999999999 0.472145 0.706522 0.472841 0.705435 0.471797 0.695652 0.4711 0.694565 0.46970799999999996 0.677174 0.46901099999999996 0.6586960000000001 0.46552899999999997 0.616304 0.46552899999999997 0.609783 0.464136 0.606522 0.463788 0.603261 0.464136 0.588043 0.46309199999999995 0.575 0.456825 0.570652 0.452646 0.570652 0.44812 0.573913 0.446727 0.580435 0.447075 0.609783 0.444986 0.622826 0.443593 0.6586960000000001
3 0.665042 0.48695700000000003 0.662953 0.508696 0.662256 0.532609 0.660515 0.557609 0.659471 0.56413 0.655989 0.5663039999999999 0.652855 0.571739 0.653203 0.579348 0.6525070000000001 0.584783 0.6504179999999999 0.590217 0.6504179999999999 0.596739 0.654944 0.5956520000000001 0.657382 0.597826 0.663997 0.597826 0.66539 0.6 0.672006 0.598913 0.678969 0.6 0.680014 0.602174 0.6869780000000001 0.602174 0.6880219999999999 0.597826 0.689763 0.576087 0.685585 0.568478 0.683148 0.5663039999999999 0.682103 0.563043 0.6810579999999999 0.554348 0.6803619999999999 0.5293479999999999 0.677577 0.490217 0.676532 0.48695700000000003 0.676184 0.47282599999999997 0.674095 0.43913 0.6674789999999999 0.43913 0.666783 0.44021699999999997 0.667131 0.45 0.66539 0.47391300000000003 0.665042 0.48695700000000003
3 0.6462399999999999 0.393478 0.641713 0.395652 0.641713 0.39891299999999996 0.641017 0.40108699999999997 0.638928 0.40108699999999997 0.638928 0.403261 0.639972 0.403261 0.643454 0.409783 0.663997 0.407609 0.664345 0.40543500000000005 0.662953 0.403261 0.6615599999999999 0.394565 0.6580779999999999 0.392391 0.6580779999999999 0.383696 0.656685 0.371739 0.656685 0.357609 0.654596 0.338043 0.654596 0.328261 0.6538999999999999 0.319565 0.652855 0.317391 0.65007 0.318478 0.648677 0.346739 0.646936 0.36413 0.647284 0.376087 0.6462399999999999 0.393478
3 0.568245 0.33587 0.566852 0.336957 0.5842620000000001 0.336957 0.5821729999999999 0.32934800000000003 0.5807800000000001 0.32934800000000003 0.579735 0.326087 0.5790390000000001 0.303261 0.578343 0.3 0.577994 0.291304 0.577298 0.28913 0.57695 0.277174 0.574164 0.277174 0.5731200000000001 0.304348 0.5713790000000001 0.330435 0.5689420000000001 0.331522 0.568245 0.33587
3 0.47492999999999996 0.305435 0.47492999999999996 0.30869599999999997 0.481198 0.30978300000000003 0.48433099999999996 0.307609 0.488162 0.307609 0.48607199999999995 0.306522 0.485724 0.302174 0.48433099999999996 0.3 0.482939 0.280435 0.48189399999999993 0.275 0.481198 0.261957 0.47910899999999995 0.26087 0.47771600000000003 0.278261 0.47736799999999996 0.298913 0.47667099999999996 0.303261 0.47492999999999996 0.305435
3 0.373259 0.29782600000000004 0.373259 0.301087 0.385446 0.3 0.383357 0.298913 0.381616 0.293478 0.381616 0.290217 0.380571 0.28586999999999996 0.379875 0.265217 0.37883 0.258696 0.376741 0.258696 0.37639300000000003 0.277174 0.375348 0.28586999999999996 0.375348 0.294565 0.373259 0.29782600000000004
3 0.252786 0.306522 0.262187 0.306522 0.262535 0.302174 0.260794 0.296739 0.260446 0.286957 0.258357 0.268478 0.255571 0.267391 0.254526 0.3 0.25383 0.303261 0.252786 0.303261 0.252786 0.306522
3 0.127786 0.326087 0.128482 0.323913 0.129526 0.323913 0.12604500000000002 0.31413 0.12325900000000001 0.283696 0.12117 0.283696 0.120125 0.28586999999999996 0.118733 0.320652 0.11734 0.322826 0.11734 0.326087 0.127786 0.326087
0 0.927577 0.306522 0.9265319999999999 0.31087 0.923747 0.31521699999999997 0.923398 0.320652 0.9331480000000001 0.320652 0.9401109999999999 0.322826 0.9422010000000001 0.317391 0.9418519999999999 0.311957 0.939415 0.311957 0.9383699999999999 0.307609 0.935933 0.282609 0.935933 0.267391 0.9352370000000001 0.25652200000000003 0.9314069999999999 0.25543499999999997 0.930362 0.26413000000000003 0.930362 0.269565 0.9296659999999999 0.27391299999999996 0.927577 0.306522
1 0.900766 0.35 0.90007 0.353261 0.897632 0.353261 0.895891 0.356522 0.895891 0.365217 0.896588 0.366304 0.895891 0.36739099999999997 0.9164350000000001 0.36739099999999997 0.917131 0.358696 0.916783 0.356522 0.914345 0.355435 0.913301 0.352174 0.9129530000000001 0.342391 0.91156 0.33260900000000004 0.9094709999999999 0.286957 0.9049440000000001 0.28586999999999996 0.9038999999999999 0.307609 0.901811 0.326087 0.901811 0.33587 0.900766 0.35
1 0.73085 0.281522 0.7301529999999999 0.291304 0.729457 0.29565199999999997 0.727368 0.29782600000000004 0.727368 0.303261 0.742688 0.301087 0.740599 0.3 0.740251 0.294565 0.738858 0.294565 0.738162 0.29239099999999996 0.737465 0.281522 0.736421 0.277174 0.736421 0.266304 0.735028 0.248913 0.732591 0.248913 0.7318939999999999 0.251087 0.731546 0.265217 0.73085 0.268478 0.73085 0.281522
1 0.579735 0.271739 0.5790390000000001 0.271739 0.577994 0.275 0.577994 0.277174 0.5898329999999999 0.277174 0.5898329999999999 0.275 0.5884400000000001 0.275 0.588092 0.271739 0.586351 0.268478 0.586003 0.261957 0.58461 0.25760900000000003 0.5842620000000001 0.23913 0.583565 0.23586999999999997 0.5821729999999999 0.23586999999999997 0.581476 0.23913 0.5807800000000001 0.25 0.5807800000000001 0.267391 0.579735 0.271739
1 0.443245 0.268478 0.442897 0.271739 0.451602 0.270652 0.450905 0.266304 0.44951299999999994 0.265217 0.44951299999999994 0.261957 0.448816 0.259783 0.44812 0.251087 0.44812 0.24130400000000002 0.447423 0.236957 0.44568199999999997 0.23586999999999997 0.445334 0.24782600000000002 0.44463800000000003 0.25 0.44428999999999996 0.267391 0.443245 0.268478
1 0.303273 0.27934800000000004 0.300487 0.26413000000000003 0.29979100000000003 0.24782600000000002 0.297702 0.24673899999999999 0.297006 0.25 0.297006 0.267391 0.295613 0.27934800000000004 0.303273 0.27934800000000004
1 0.135097 0.298913 0.134749 0.302174 0.143454 0.302174 0.143454 0.298913 0.142061 0.294565 0.14136500000000002 0.288043 0.140669 0.286957 0.139972 0.270652 0.138928 0.268478 0.13753500000000002 0.268478 0.136838 0.27391299999999996 0.13649 0.29565199999999997 0.135794 0.298913 0.135097 0.298913