2 0.526114 0.556522 0.523677 0.596739 0.524025 0.598913 0.523329 0.606522 0.521936 0.6489130000000001 0.51915 0.68913 0.5177579999999999 0.725 0.512883 0.809783 0.511838 0.8141299999999999 0.510794 0.8141299999999999 0.50766 0.8206519999999999 0.506267 0.825 0.504526 0.8391299999999999 0.501045 0.846739 0.5713790000000001 0.846739 0.574164 0.836957 0.574164 0.833696 0.571727 0.831522 0.571031 0.825 0.5672010000000001 0.8130430000000001 0.564067 0.808696 0.56337 0.8054349999999999 0.557103 0.708696 0.5459609999999999 0.554348 0.543872 0.5130429999999999 0.5424789999999999 0.5108699999999999 0.542131 0.490217 0.541435 0.48586999999999997 0.540042 0.484783 0.529596 0.48586999999999997 0.5288999999999999 0.48804299999999995 0.5288999999999999 0.509783 0.5275070000000001 0.518478 0.526114 0.556522
3 0.678969 0.448913 0.676532 0.448913 0.6751389999999999 0.45108699999999996 0.6751389999999999 0.468478 0.6995129999999999 0.467391 0.700209 0.46413000000000004 0.700209 0.452174 0.697075 0.45108699999999996 0.695334 0.446739 0.6922010000000001 0.4 0.690111 0.378261 0.689763 0.359783 0.684192 0.359783 0.683844 0.375 0.68071 0.421739 0.679666 0.44565200000000005 0.678969 0.448913
3 0.6444989999999999 0.366304 0.6448470000000001 0.363043 0.643802 0.36086999999999997 0.643454 0.357609 0.641713 0.356522 0.640669 0.353261 0.6371870000000001 0.30978300000000003 0.6371870000000001 0.29782600000000004 0.633357 0.296739 0.630223 0.356522 0.6277860000000001 0.358696 0.627437 0.365217 0.6444989999999999 0.366304
3 0.548747 0.320652 0.547006 0.321739 0.545613 0.326087 0.56163 0.326087 0.560933 0.323913 0.559889 0.323913 0.559192 0.318478 0.5577989999999999 0.318478 0.556407 0.31087 0.556407 0.302174 0.5543180000000001 0.281522 0.5543180000000001 0.27391299999999996 0.551184 0.27391299999999996 0.551184 0.284783 0.549791 0.303261 0.549791 0.31521699999999997 0.548747 0.320652
3 0.459958 0.305435 0.45717299999999994 0.268478 0.454735 0.268478 0.453343 0.305435 0.44951299999999994 0.311957 0.46344 0.31087 0.459958 0.305435
3 0.361072 0.30978300000000003 0.357591 0.305435 0.354805 0.272826 0.352716 0.272826 0.351323 0.304348 0.348538 0.311957 0.360724 0.31087 0.361072 0.30978300000000003
3 0.23885800000000001 0.322826 0.23816199999999998 0.317391 0.23711700000000002 0.317391 0.236421 0.31521699999999997 0.23537599999999997 0.29782600000000004 0.23433099999999998 0.29239099999999996 0.233983 0.28586999999999996 0.23154599999999997 0.28586999999999996 0.23050099999999998 0.318478 0.22945700000000002 0.320652 0.22945700000000002 0.323913 0.23885800000000001 0.322826
1 0.26532 0.29565199999999997 0.263928 0.291304 0.262187 0.269565 0.26009699999999997 0.269565 0.259749 0.28913 0.258705 0.298913 0.26532 0.298913 0.26532 0.29565199999999997
1 0.41190800000000005 0.283696 0.410515 0.277174 0.408774 0.253261 0.40668499999999996 0.252174 0.405641 0.27934800000000004 0.404596 0.280435 0.404596 0.283696 0.41190800000000005 0.283696
1 0.5442199999999999 0.281522 0.543175 0.275 0.542131 0.275 0.541435 0.272826 0.539694 0.244565 0.537256 0.244565 0.536212 0.276087 0.534471 0.277174 0.534471 0.282609 0.5442199999999999 0.281522
1 0.685585 0.293478 0.685585 0.290217 0.683496 0.28913 0.683148 0.284783 0.681755 0.28586999999999996 0.6810579999999999 0.283696 0.678273 0.24673899999999999 0.675836 0.24673899999999999 0.674095 0.284783 0.672006 0.286957 0.672006 0.293478 0.685585 0.293478
1 0.8130219999999999 0.326087 0.831476 0.326087 0.831128 0.323913 0.829387 0.322826 0.8283429999999999 0.318478 0.826253 0.31630400000000003 0.8255570000000001 0.313043 0.822423 0.265217 0.8185930000000001 0.265217 0.816156 0.313043 0.8154600000000001 0.317391 0.8130219999999999 0.318478 0.8130219999999999 0.326087
0 0.8290390000000001 0.293478 0.8422700000000001 0.293478 0.841922 0.286957 0.8391360000000001 0.28586999999999996 0.837396 0.266304 0.836351 0.244565 0.8335649999999999 0.244565 0.831476 0.283696 0.8307800000000001 0.288043 0.8290390000000001 0.288043 0.8290390000000001 0.293478
0 0.852019 0.248913 0.852019 0.252174 0.861421 0.252174 0.861421 0.24782600000000002 0.8603759999999999 0.24782600000000002 0.8593310000000001 0.24130400000000002 0.8593310000000001 0.233696 0.857939 0.216304 0.855501 0.215217 0.854805 0.22282600000000002 0.854457 0.243478 0.85376 0.24782600000000002 0.852019 0.248913
0 0.87117 0.227174 0.869777 0.218478 0.8690810000000001 0.20108700000000002 0.866643 0.2 0.865947 0.22391299999999997 0.864903 0.225 0.864903 0.227174 0.87117 0.227174
0 0.878134 0.211957 0.877089 0.20543499999999998 0.876393 0.18913 0.8743040000000001 0.18913 0.8739549999999999 0.202174 0.8725630000000001 0.208696 0.8725630000000001 0.211957 0.878134 0.211957
0 0.9108639999999999 0.20760900000000002 0.909819 0.20760900000000002 0.9091229999999999 0.20434800000000003 0.908078 0.18804300000000002 0.9063370000000001 0.18804300000000002 0.9059889999999999 0.20108700000000002 0.9042479999999999 0.21086999999999997 0.9108639999999999 0.21086999999999997 0.9108639999999999 0.20760900000000002
0 0.9449859999999999 0.206522 0.9439420000000001 0.20543499999999998 0.942549 0.184783 0.9404600000000001 0.184783 0.9397629999999999 0.203261 0.9380219999999999 0.208696 0.9449859999999999 0.208696 0.9449859999999999 0.206522
3 0.593663 0.705435 0.592967 0.7076089999999999 0.587047 0.713043 0.58461 0.725 0.58461 0.732609 0.583914 0.734783 0.580432 0.738043 0.577994 0.745652 0.577298 0.751087 0.611421 0.768478 0.618733 0.7695649999999999 0.630223 0.753261 0.6371870000000001 0.73587 0.637535 0.732609 0.631964 0.727174 0.629178 0.71413 0.624304 0.708696 0.622911 0.705435 0.620125 0.661957 0.615599 0.607609 0.6128129999999999 0.548913 0.610028 0.545652 0.603412 0.545652 0.602368 0.548913 0.600279 0.608696 0.595752 0.665217 0.593663 0.705435
2 0.633705 0.46956499999999995 0.631616 0.49565200000000004 0.625348 0.618478 0.624304 0.622826 0.6222139999999999 0.625 0.620474 0.629348 0.619777 0.636957 0.619777 0.651087 0.62117 0.668478 0.62883 0.6728259999999999 0.639972 0.676087 0.6504179999999999 0.681522 0.662256 0.681522 0.675836 0.645652 0.675836 0.640217 0.67305 0.636957 0.6678270000000001 0.6358699999999999 0.666435 0.629348 0.662953 0.623913 0.6615599999999999 0.618478 0.659471 0.588043 0.65773 0.543478 0.6538999999999999 0.471739 0.649721 0.407609 0.648329 0.395652 0.648677 0.38587 0.646936 0.383696 0.639972 0.383696 0.638928 0.384783 0.638928 0.40217400000000003 0.637883 0.403261 0.633705 0.46956499999999995
3 0.102019 0.348913 0.10236799999999999 0.343478 0.10027900000000001 0.340217 0.098538 0.326087 0.097493 0.30978300000000003 0.094359 0.30978300000000003 0.092618 0.343478 0.091226 0.34565199999999996 0.091226 0.35 0.102019 0.348913
1 0.10341199999999999 0.32934800000000003 0.10341199999999999 0.325 0.102019 0.322826 0.099582 0.307609 0.099234 0.29565199999999997 0.096448 0.294565 0.09609999999999999 0.307609 0.097841 0.30978300000000003 0.099234 0.328261 0.10341199999999999 0.32934800000000003