1 0.557451 0.49565200000000004 0.552577 0.543478 0.551532 0.545652 0.548747 0.546739 0.547702 0.55 0.5428270000000001 0.551087 0.542131 0.553261 0.546309 0.5586960000000001 0.548747 0.571739 0.57695 0.571739 0.576253 0.569565 0.574164 0.568478 0.573816 0.556522 0.572772 0.553261 0.570334 0.551087 0.5689420000000001 0.544565 0.566504 0.49130399999999996 0.566504 0.478261 0.565808 0.46630399999999994 0.566156 0.456522 0.5654600000000001 0.453261 0.560933 0.45108699999999996 0.5595399999999999 0.456522 0.559192 0.47282599999999997 0.5577989999999999 0.48260899999999995 0.557451 0.49565200000000004
1 0.7270190000000001 0.417391 0.726323 0.421739 0.728064 0.425 0.741992 0.425 0.740251 0.41956499999999997 0.738162 0.418478 0.737465 0.41630399999999995 0.736072 0.388043 0.736072 0.371739 0.733287 0.370652 0.731546 0.383696 0.729457 0.41413 0.728064 0.417391 0.7270190000000001 0.417391
1 0.831476 0.417391 0.830084 0.426087 0.827994 0.42934799999999995 0.827994 0.43260899999999997 0.829387 0.43587 0.8415739999999999 0.43695700000000004 0.8408770000000001 0.43587 0.8408770000000001 0.43260899999999997 0.8391360000000001 0.430435 0.83844 0.42717400000000005 0.837744 0.417391 0.838092 0.40869600000000006 0.837396 0.40108699999999997 0.837396 0.386957 0.836351 0.384783 0.8342620000000001 0.384783 0.832869 0.397826 0.832869 0.40543500000000005 0.831476 0.41413 0.831476 0.417391
3 0.089833 0.475 0.09609999999999999 0.475 0.10236799999999999 0.471739 0.10898300000000001 0.470652 0.104457 0.470652 0.10410900000000001 0.467391 0.09992999999999999 0.465217 0.099234 0.457609 0.094359 0.453261 0.09226999999999999 0.426087 0.09226999999999999 0.417391 0.090529 0.396739 0.090529 0.388043 0.088788 0.36413 0.084262 0.363043 0.083217 0.36413 0.081128 0.38913000000000003 0.081128 0.395652 0.079735 0.40108699999999997 0.077994 0.428261 0.077298 0.431522 0.07694999999999999 0.443478 0.075557 0.45543500000000003 0.071031 0.457609 0.070682 0.46413000000000004 0.069986 0.46630399999999994 0.065111 0.470652 0.065111 0.47282599999999997 0.075557 0.475 0.078343 0.47717400000000004 0.087744 0.47717400000000004 0.089833 0.475
3 0.299095 0.338043 0.299095 0.353261 0.298398 0.363043 0.297702 0.365217 0.295613 0.366304 0.294568 0.371739 0.291086 0.373913 0.293872 0.373913 0.293872 0.376087 0.31162999999999996 0.375 0.31162999999999996 0.371739 0.30988899999999997 0.370652 0.30954000000000004 0.36739099999999997 0.30745100000000003 0.36413 0.306058 0.33913000000000004 0.305362 0.313043 0.304666 0.31087 0.302577 0.31087 0.301532 0.31521699999999997 0.301184 0.326087 0.299095 0.338043
3 0.456476 0.32717399999999996 0.45578 0.346739 0.45369099999999996 0.347826 0.451602 0.352174 0.449861 0.352174 0.45020899999999997 0.354348 0.464485 0.354348 0.464485 0.35108700000000004 0.46309199999999995 0.348913 0.462047 0.343478 0.462047 0.33587 0.46135099999999996 0.331522 0.46135099999999996 0.311957 0.46065500000000004 0.307609 0.45891400000000004 0.307609 0.458217 0.30978300000000003 0.458217 0.31630400000000003 0.456476 0.32717399999999996
3 0.598189 0.358696 0.612117 0.359783 0.60968 0.354348 0.608635 0.343478 0.608287 0.321739 0.607591 0.319565 0.60585 0.320652 0.603412 0.35108700000000004 0.601323 0.356522 0.598189 0.358696
3 0.752437 0.38043499999999997 0.760097 0.38043499999999997 0.7604460000000001 0.378261 0.759053 0.375 0.759053 0.36739099999999997 0.758357 0.36413 0.758008 0.343478 0.755571 0.343478 0.753482 0.371739 0.752437 0.375 0.750348 0.377174 0.752437 0.38043499999999997
3 0.9094709999999999 0.407609 0.907033 0.409783 0.9073819999999999 0.41086999999999996 0.91156 0.41304299999999994 0.918175 0.41304299999999994 0.918872 0.41086999999999996 0.917827 0.409783 0.917131 0.406522 0.9157379999999999 0.375 0.913649 0.375 0.91156 0.392391 0.9108639999999999 0.404348 0.9094709999999999 0.407609
1 0.567897 0.441304 0.567549 0.45108699999999996 0.566852 0.457609 0.566156 0.45869600000000005 0.566504 0.47391300000000003 0.5672010000000001 0.476087 0.580084 0.476087 0.581476 0.47282599999999997 0.581825 0.468478 0.579735 0.467391 0.578343 0.46413000000000004 0.577994 0.44565200000000005 0.577298 0.44239100000000003 0.5766020000000001 0.397826 0.575905 0.393478 0.572075 0.392391 0.569986 0.415217 0.570334 0.420652 0.5689420000000001 0.43804299999999996 0.567897 0.441304
1 0.638928 0.425 0.637883 0.425 0.6371870000000001 0.42934799999999995 0.635794 0.431522 0.635794 0.433696 0.642061 0.43695700000000004 0.654248 0.43695700000000004 0.6538999999999999 0.43478300000000003 0.6525070000000001 0.43478300000000003 0.651811 0.430435 0.649721 0.426087 0.648329 0.406522 0.6479809999999999 0.372826 0.6444989999999999 0.371739 0.642061 0.406522 0.64032 0.41630399999999995 0.64032 0.41956499999999997 0.638928 0.425
1 0.6995129999999999 0.673913 0.698468 0.679348 0.698468 0.6836960000000001 0.696031 0.703261 0.696031 0.7076089999999999 0.695334 0.709783 0.694986 0.723913 0.691504 0.7554350000000001 0.690111 0.759783 0.687674 0.758696 0.683844 0.7630429999999999 0.682103 0.7739130000000001 0.675836 0.778261 0.675836 0.781522 0.6810579999999999 0.790217 0.682103 0.790217 0.687326 0.798913 0.691504 0.803261 0.693593 0.807609 0.695334 0.807609 0.698816 0.8108700000000001 0.700209 0.8141299999999999 0.704735 0.817391 0.710306 0.817391 0.713092 0.8130430000000001 0.716574 0.8119569999999999 0.7211000000000001 0.807609 0.725975 0.807609 0.727716 0.8054349999999999 0.729805 0.806522 0.733635 0.8043480000000001 0.733287 0.8021739999999999 0.727716 0.795652 0.725975 0.790217 0.725279 0.781522 0.723538 0.775 0.719011 0.771739 0.717967 0.7695649999999999 0.71727 0.743478 0.715877 0.728261 0.716226 0.719565 0.7148329999999999 0.690217 0.7134400000000001 0.6195649999999999 0.709958 0.6141300000000001 0.705432 0.6141300000000001 0.704387 0.616304 0.703691 0.6304350000000001 0.6995129999999999 0.669565 0.6995129999999999 0.673913