1 0.154596 0.44021699999999997 0.153552 0.44565200000000005 0.152507 0.46087 0.153203 0.463043 0.153203 0.471739 0.152159 0.48695700000000003 0.150766 0.492391 0.147284 0.494565 0.14519500000000002 0.497826 0.142409 0.504348 0.142409 0.508696 0.146588 0.5130429999999999 0.150418 0.51413 0.152159 0.517391 0.161212 0.517391 0.16434500000000002 0.515217 0.165042 0.516304 0.165738 0.51413 0.173398 0.511957 0.175836 0.508696 0.177577 0.508696 0.177925 0.506522 0.176184 0.502174 0.174791 0.494565 0.171309 0.492391 0.169916 0.490217 0.168872 0.48586999999999997 0.166783 0.456522 0.166086 0.433696 0.16538999999999998 0.42934799999999995 0.165738 0.422826 0.163649 0.394565 0.162604 0.391304 0.157382 0.392391 0.155641 0.417391 0.155292 0.430435 0.154596 0.433696 0.154596 0.44021699999999997
1 0.052228 0.25652200000000003 0.060933 0.25652200000000003 0.060933 0.254348 0.059889000000000005 0.252174 0.058496000000000006 0.252174 0.057799 0.25 0.057450999999999995 0.24130400000000002 0.056407 0.233696 0.056755 0.226087 0.055362 0.221739 0.053620999999999995 0.221739 0.052925 0.24239099999999997 0.050836000000000006 0.251087 0.050836000000000006 0.254348 0.052228 0.25652200000000003
1 0.13649 0.253261 0.143106 0.253261 0.143106 0.251087 0.141713 0.248913 0.141017 0.244565 0.141017 0.236957 0.139972 0.231522 0.14032 0.225 0.137883 0.22282600000000002 0.13649 0.23478300000000002 0.137187 0.24130400000000002 0.135794 0.251087 0.13649 0.253261
1 0.23885800000000001 0.25652200000000003 0.24547400000000003 0.25652200000000003 0.24547400000000003 0.254348 0.244081 0.251087 0.24303599999999997 0.24239099999999997 0.243384 0.23478300000000002 0.24268800000000001 0.228261 0.240599 0.228261 0.23990300000000003 0.233696 0.240251 0.248913 0.23920599999999997 0.252174 0.23885800000000001 0.25652200000000003
1 0.296657 0.259783 0.302925 0.259783 0.30188000000000004 0.251087 0.300487 0.24782600000000002 0.300836 0.233696 0.299443 0.232609 0.298398 0.236957 0.29805000000000004 0.254348 0.296657 0.25760900000000003 0.296657 0.259783
1 0.38126699999999997 0.269565 0.388579 0.269565 0.385794 0.258696 0.385446 0.244565 0.384401 0.243478 0.383705 0.24565199999999998 0.383008 0.265217 0.38126699999999997 0.267391 0.38126699999999997 0.269565
1 0.47005600000000003 0.275 0.469359 0.282609 0.474582 0.282609 0.473538 0.271739 0.47318899999999997 0.25760900000000003 0.471448 0.25652200000000003 0.471448 0.26087 0.47075199999999995 0.26413000000000003 0.47075199999999995 0.272826 0.47005600000000003 0.275
1 0.540042 0.291304 0.54039 0.293478 0.547006 0.293478 0.547006 0.290217 0.545613 0.288043 0.544916 0.282609 0.544916 0.266304 0.5442199999999999 0.26413000000000003 0.543175 0.26413000000000003 0.5428270000000001 0.278261 0.541783 0.281522 0.541783 0.28586999999999996 0.540042 0.291304
1 0.610724 0.301087 0.61734 0.303261 0.616992 0.3 0.615599 0.29782600000000004 0.614903 0.276087 0.613858 0.276087 0.6128129999999999 0.281522 0.6128129999999999 0.290217 0.612117 0.296739 0.610724 0.301087
1 0.708565 0.30978300000000003 0.708217 0.307609 0.706476 0.305435 0.706476 0.294565 0.7057800000000001 0.291304 0.7057800000000001 0.284783 0.704387 0.284783 0.702646 0.305435 0.7016020000000001 0.306522 0.701253 0.30978300000000003 0.708565 0.30978300000000003
1 0.7472139999999999 0.3 0.74617 0.301087 0.746518 0.304348 0.751741 0.304348 0.751741 0.301087 0.750696 0.298913 0.750696 0.283696 0.75 0.281522 0.749304 0.281522 0.748259 0.284783 0.747911 0.29565199999999997 0.7472139999999999 0.3
1 0.73085 0.282609 0.735028 0.282609 0.733983 0.278261 0.733983 0.272826 0.732591 0.268478 0.7318939999999999 0.271739 0.7318939999999999 0.278261 0.73085 0.280435 0.73085 0.282609
1 0.866643 0.294565 0.866643 0.288043 0.8655989999999999 0.288043 0.864206 0.302174 0.868384 0.302174 0.868384 0.3 0.866643 0.294565
1 0.755571 0.270652 0.754875 0.269565 0.754178 0.280435 0.753134 0.283696 0.756616 0.284783 0.755571 0.270652
1 0.909819 0.303261 0.9094709999999999 0.29565199999999997 0.9084260000000001 0.29565199999999997 0.9073819999999999 0.301087 0.907033 0.30978300000000003 0.9108639999999999 0.30978300000000003 0.909819 0.303261
3 0.20473499999999997 0.22934800000000002 0.202298 0.24021699999999999 0.20961 0.24021699999999999 0.207869 0.231522 0.207521 0.218478 0.205432 0.216304 0.20473499999999997 0.221739 0.205432 0.22391299999999997 0.204387 0.228261 0.20473499999999997 0.22934800000000002
3 0.089833 0.220652 0.08948500000000001 0.228261 0.087744 0.23586999999999997 0.09609999999999999 0.23586999999999997 0.095404 0.231522 0.094011 0.230435 0.094011 0.22282600000000002 0.092618 0.21413000000000001 0.092618 0.21086999999999997 0.091226 0.209783 0.091226 0.211957 0.090181 0.215217 0.090529 0.21739099999999997 0.089833 0.220652
3 0.305014 0.23913 0.304318 0.225 0.302925 0.225 0.301532 0.238043 0.30188000000000004 0.24782600000000002 0.306755 0.24782600000000002 0.305014 0.23913
3 0.48502799999999996 0.271739 0.49199200000000004 0.271739 0.490599 0.265217 0.49025100000000005 0.251087 0.48955399999999993 0.24782600000000002 0.488162 0.25 0.488162 0.258696 0.487465 0.26413000000000003 0.48502799999999996 0.271739
3 0.538649 0.27934800000000004 0.541783 0.280435 0.5424789999999999 0.278261 0.543175 0.263043 0.5428270000000001 0.25652200000000003 0.541435 0.25760900000000003 0.54039 0.267391 0.54039 0.275 0.538649 0.27934800000000004
3 0.5790390000000001 0.284783 0.586351 0.284783 0.58461 0.280435 0.583914 0.261957 0.5825210000000001 0.261957 0.581476 0.280435 0.5807800000000001 0.282609 0.579387 0.282609 0.5790390000000001 0.284783
3 0.624652 0.288043 0.623259 0.278261 0.623259 0.267391 0.621866 0.266304 0.621518 0.278261 0.620125 0.283696 0.619777 0.288043 0.624652 0.288043
3 0.650766 0.288043 0.65007 0.28586999999999996 0.649373 0.269565 0.648329 0.269565 0.646936 0.284783 0.645543 0.288043 0.650766 0.288043
3 0.6444989999999999 0.275 0.647632 0.275 0.646936 0.25760900000000003 0.645891 0.259783 0.645195 0.270652 0.64415 0.272826 0.6444989999999999 0.275
3 0.713788 0.263043 0.713092 0.261957 0.712047 0.27391299999999996 0.714485 0.27391299999999996 0.713788 0.269565 0.713788 0.263043
3 0.759749 0.280435 0.759401 0.270652 0.758705 0.267391 0.758008 0.268478 0.75766 0.278261 0.756964 0.280435 0.759749 0.280435
3 0.812326 0.28913 0.8112809999999999 0.282609 0.810933 0.275 0.8098890000000001 0.276087 0.8098890000000001 0.282609 0.808844 0.28913 0.812326 0.28913
3 0.930362 0.296739 0.929318 0.296739 0.9279249999999999 0.30978300000000003 0.9314069999999999 0.30978300000000003 0.9310579999999999 0.301087 0.930362 0.296739
1 0.937674 0.317391 0.9415039999999999 0.31630400000000003 0.940808 0.31521699999999997 0.9404600000000001 0.304348 0.9397629999999999 0.301087 0.9387190000000001 0.304348 0.9380219999999999 0.31413 0.9369780000000001 0.31630400000000003 0.937674 0.317391
3 0.867688 0.28586999999999996 0.866643 0.28586999999999996 0.866992 0.294565 0.868384 0.298913 0.867688 0.293478 0.867688 0.28586999999999996
3 0.6733979999999999 0.25652200000000003 0.672006 0.269565 0.6751389999999999 0.270652 0.674095 0.25652200000000003 0.6733979999999999 0.25652200000000003
3 0.40181100000000003 0.25760900000000003 0.400418 0.248913 0.399721 0.23586999999999997 0.398677 0.23586999999999997 0.39798100000000003 0.238043 0.39798100000000003 0.25 0.39624000000000004 0.25760900000000003 0.40181100000000003 0.25760900000000003
3 0.662604 0.286957 0.662604 0.284783 0.661212 0.280435 0.661212 0.27391299999999996 0.6601670000000001 0.26413000000000003 0.658774 0.26413000000000003 0.6580779999999999 0.269565 0.6580779999999999 0.27934800000000004 0.657382 0.286957 0.662604 0.286957
1 0.739206 0.305435 0.739206 0.30869599999999997 0.744777 0.307609 0.744777 0.304348 0.743733 0.302174 0.742688 0.28586999999999996 0.741992 0.28586999999999996 0.740599 0.29239099999999996 0.740251 0.301087 0.739206 0.305435
1 0.720752 0.270652 0.719011 0.269565 0.717967 0.28586999999999996 0.721797 0.28586999999999996 0.720752 0.277174 0.720752 0.270652
1 0.740251 0.291304 0.741295 0.288043 0.741295 0.278261 0.739206 0.278261 0.7378129999999999 0.29565199999999997 0.739903 0.29565199999999997 0.740251 0.291304
1 0.411212 0.583696 0.411212 0.593478 0.410515 0.5956520000000001 0.41016700000000006 0.607609 0.407382 0.632609 0.407382 0.651087 0.40598900000000004 0.671739 0.404596 0.681522 0.4039 0.6836960000000001 0.401462 0.684783 0.396588 0.693478 0.395543 0.7021740000000001 0.389276 0.708696 0.387883 0.7119570000000001 0.388231 0.715217 0.389972 0.71413 0.393454 0.719565 0.39449900000000004 0.719565 0.395891 0.722826 0.399025 0.722826 0.409819 0.733696 0.41260399999999997 0.7391300000000001 0.41713100000000003 0.7391300000000001 0.424095 0.734783 0.425836 0.731522 0.42722800000000005 0.731522 0.431407 0.7260869999999999 0.43454 0.725 0.43837000000000004 0.719565 0.440808 0.718478 0.442201 0.715217 0.441852 0.709783 0.438719 0.706522 0.437674 0.703261 0.437674 0.697826 0.43662999999999996 0.694565 0.432799 0.68913 0.43071000000000004 0.688043 0.429666 0.682609 0.428273 0.655435 0.42688 0.6445649999999999 0.42688 0.6358699999999999 0.426184 0.632609 0.425139 0.5913039999999999 0.42305000000000004 0.559783 0.422702 0.5423910000000001 0.421657 0.5380429999999999 0.414694 0.5380429999999999 0.41364900000000004 0.5423910000000001 0.41364900000000004 0.552174 0.411212 0.583696
1 0.788649 0.284783 0.7883009999999999 0.276087 0.787604 0.275 0.786908 0.278261 0.7865599999999999 0.288043 0.789345 0.288043 0.788649 0.284783
1 0.825905 0.281522 0.824861 0.294565 0.8272980000000001 0.294565 0.826602 0.282609 0.825905 0.281522