3 0.583217 0.603261 0.5821729999999999 0.607609 0.578343 0.609783 0.5748610000000001 0.617391 0.5748610000000001 0.6304350000000001 0.575905 0.641304 0.612117 0.642391 0.612117 0.6141300000000001 0.610724 0.609783 0.606198 0.606522 0.604457 0.602174 0.602368 0.573913 0.601323 0.570652 0.601323 0.56413 0.600279 0.555435 0.5995820000000001 0.534783 0.598189 0.5195649999999999 0.595752 0.478261 0.593663 0.476087 0.5901810000000001 0.47717400000000004 0.588788 0.481522 0.588092 0.509783 0.587047 0.5195649999999999 0.583217 0.603261
3 0.5271589999999999 0.43260899999999997 0.526114 0.43587 0.523329 0.43695700000000004 0.5229809999999999 0.441304 0.522284 0.443478 0.520891 0.443478 0.520543 0.44565200000000005 0.522284 0.446739 0.524025 0.45108699999999996 0.529944 0.448913 0.537953 0.448913 0.545265 0.44565200000000005 0.543524 0.44239100000000003 0.5424789999999999 0.43478300000000003 0.540042 0.433696 0.538997 0.431522 0.537604 0.417391 0.536212 0.388043 0.5348189999999999 0.379348 0.5348189999999999 0.36847799999999997 0.533774 0.358696 0.530292 0.359783 0.529596 0.363043 0.529596 0.375 0.528203 0.397826 0.5271589999999999 0.43260899999999997
3 0.43697800000000003 0.363043 0.435933 0.376087 0.436281 0.379348 0.435237 0.384783 0.433496 0.383696 0.431755 0.38913000000000003 0.436281 0.38913000000000003 0.44011100000000003 0.391304 0.445334 0.386957 0.45020899999999997 0.38587 0.448468 0.384783 0.447423 0.379348 0.444986 0.378261 0.441156 0.328261 0.43837000000000004 0.32717399999999996 0.437674 0.330435 0.437674 0.35108700000000004 0.43697800000000003 0.355435 0.43697800000000003 0.363043
3 0.329735 0.352174 0.329387 0.36413 0.328343 0.365217 0.32694999999999996 0.371739 0.325557 0.371739 0.324861 0.373913 0.335306 0.371739 0.336003 0.36956500000000003 0.341226 0.36847799999999997 0.337047 0.363043 0.334958 0.330435 0.334262 0.32934800000000003 0.334262 0.323913 0.333565 0.320652 0.331476 0.320652 0.330432 0.322826 0.330432 0.35 0.329735 0.352174
3 0.213092 0.36739099999999997 0.211351 0.373913 0.211351 0.376087 0.2211 0.376087 0.224582 0.372826 0.220752 0.36739099999999997 0.220404 0.358696 0.21796700000000002 0.33913000000000004 0.217618 0.330435 0.214833 0.330435 0.214833 0.353261 0.21448499999999998 0.356522 0.21344 0.357609 0.213092 0.36739099999999997
3 0.064415 0.38260900000000003 0.064415 0.390217 0.063022 0.395652 0.061978 0.396739 0.061978 0.4 0.070334 0.4 0.075209 0.396739 0.072075 0.388043 0.071379 0.371739 0.069638 0.361957 0.069638 0.358696 0.068593 0.354348 0.066156 0.354348 0.065111 0.365217 0.065808 0.36956500000000003 0.06545999999999999 0.379348 0.064415 0.38260900000000003
1 0.745474 0.363043 0.745125 0.36847799999999997 0.743733 0.36956500000000003 0.743733 0.371739 0.762883 0.370652 0.766365 0.372826 0.766365 0.370652 0.763231 0.36956500000000003 0.762535 0.363043 0.7604460000000001 0.361957 0.759053 0.357609 0.758357 0.344565 0.757312 0.338043 0.757312 0.32934800000000003 0.756267 0.321739 0.755571 0.303261 0.754875 0.298913 0.752089 0.298913 0.751045 0.305435 0.748607 0.359783 0.747911 0.361957 0.745474 0.363043
1 0.585306 0.323913 0.5842620000000001 0.32717399999999996 0.583217 0.32717399999999996 0.5821729999999999 0.33260900000000004 0.5807800000000001 0.333696 0.590877 0.334783 0.592618 0.33260900000000004 0.5978410000000001 0.33260900000000004 0.5974929999999999 0.330435 0.595056 0.32934800000000003 0.5943590000000001 0.326087 0.592618 0.323913 0.5919220000000001 0.31521699999999997 0.590877 0.31087 0.590877 0.302174 0.589485 0.28586999999999996 0.5898329999999999 0.283696 0.5884400000000001 0.280435 0.587396 0.280435 0.5866990000000001 0.282609 0.5866990000000001 0.29239099999999996 0.585655 0.3 0.585306 0.323913
1 0.441852 0.325 0.439763 0.322826 0.439067 0.319565 0.437674 0.317391 0.435933 0.29782600000000004 0.435585 0.28586999999999996 0.433148 0.284783 0.43245100000000003 0.28913 0.432103 0.318478 0.42896900000000004 0.32717399999999996 0.441852 0.325
1 0.285864 0.33260900000000004 0.285167 0.33260900000000004 0.285167 0.33587 0.294916 0.33587 0.294916 0.333696 0.29422000000000004 0.333696 0.29213100000000003 0.328261 0.29213100000000003 0.325 0.290738 0.317391 0.290042 0.3 0.287604 0.298913 0.287604 0.305435 0.28656000000000004 0.31521699999999997 0.28656000000000004 0.32934800000000003 0.285864 0.33260900000000004
1 0.123955 0.361957 0.12082200000000001 0.354348 0.120125 0.347826 0.11942900000000001 0.346739 0.119777 0.341304 0.118733 0.32717399999999996 0.11559900000000001 0.32717399999999996 0.11525099999999999 0.353261 0.114206 0.36413 0.122214 0.36413 0.123955 0.361957
0 0.759749 0.319565 0.757312 0.321739 0.757312 0.326087 0.758008 0.32717399999999996 0.768802 0.32717399999999996 0.771936 0.322826 0.771936 0.320652 0.7694989999999999 0.318478 0.768454 0.31413 0.766365 0.278261 0.76532 0.269565 0.763579 0.269565 0.762535 0.271739 0.7604460000000001 0.31630400000000003 0.759749 0.319565
0 0.77507 0.27391299999999996 0.78273 0.27391299999999996 0.784471 0.271739 0.784471 0.269565 0.78273 0.267391 0.782382 0.258696 0.781337 0.25652200000000003 0.7806409999999999 0.25 0.7806409999999999 0.23478300000000002 0.777855 0.23478300000000002 0.7771589999999999 0.24239099999999997 0.776462 0.266304 0.77507 0.270652 0.77507 0.27391299999999996
0 0.789345 0.244565 0.789694 0.24130400000000002 0.788649 0.23913 0.787256 0.22934800000000002 0.786908 0.215217 0.7851670000000001 0.215217 0.784123 0.238043 0.782382 0.24239099999999997 0.782382 0.244565 0.789345 0.244565
0 0.791086 0.216304 0.791086 0.20434800000000003 0.788997 0.20434800000000003 0.788997 0.21413000000000001 0.787604 0.226087 0.793524 0.226087 0.791086 0.216304
0 0.8238160000000001 0.22391299999999997 0.8238160000000001 0.221739 0.822772 0.221739 0.8220750000000001 0.21739099999999997 0.821379 0.2 0.819638 0.2 0.81929 0.21413000000000001 0.8185930000000001 0.221739 0.817897 0.22391299999999997 0.8238160000000001 0.22391299999999997
0 0.855501 0.220652 0.854457 0.218478 0.85376 0.213043 0.853412 0.196739 0.851323 0.196739 0.851323 0.208696 0.8502789999999999 0.21739099999999997 0.849234 0.220652 0.855501 0.220652
0 0.884749 0.218478 0.883008 0.213043 0.882312 0.20760900000000002 0.881964 0.19347799999999998 0.8809189999999999 0.19347799999999998 0.8791779999999999 0.21413000000000001 0.878134 0.216304 0.878134 0.218478 0.884749 0.218478
0 0.9049440000000001 0.231522 0.9032030000000001 0.230435 0.9014620000000001 0.20434800000000003 0.8997210000000001 0.20434800000000003 0.897981 0.22934800000000002 0.896588 0.23478300000000002 0.905292 0.23478300000000002 0.9049440000000001 0.231522
0 0.927577 0.258696 0.9265319999999999 0.258696 0.9265319999999999 0.261957 0.9380219999999999 0.263043 0.9380219999999999 0.258696 0.9366300000000001 0.258696 0.935585 0.25543499999999997 0.9334960000000001 0.22282600000000002 0.9327989999999999 0.219565 0.93071 0.219565 0.9300140000000001 0.24021699999999999 0.928969 0.24673899999999999 0.928969 0.25543499999999997 0.927577 0.258696