1 0.459958 0.42717400000000005 0.459958 0.43913 0.45717299999999994 0.476087 0.45578 0.48043500000000006 0.45369099999999996 0.481522 0.45194999999999996 0.48586999999999997 0.44812 0.490217 0.458565 0.503261 0.46552899999999997 0.503261 0.469359 0.501087 0.47423400000000004 0.502174 0.478064 0.49891300000000005 0.475279 0.49130399999999996 0.47492999999999996 0.48586999999999997 0.472841 0.484783 0.4711 0.48043500000000006 0.470404 0.47391300000000003 0.470404 0.463043 0.468663 0.45 0.46796699999999997 0.431522 0.46831500000000004 0.41956499999999997 0.467618 0.41630399999999995 0.46726999999999996 0.4 0.466226 0.397826 0.462744 0.397826 0.462047 0.4 0.46135099999999996 0.407609 0.46135099999999996 0.41413 0.459958 0.42717400000000005
1 0.293175 0.348913 0.291435 0.35 0.291783 0.355435 0.30571000000000004 0.356522 0.30571000000000004 0.353261 0.304666 0.352174 0.304666 0.347826 0.303273 0.347826 0.302577 0.344565 0.29979100000000003 0.298913 0.296657 0.298913 0.296309 0.30978300000000003 0.294568 0.32717399999999996 0.293872 0.34565199999999996 0.293175 0.348913
1 0.229109 0.298913 0.23920599999999997 0.298913 0.23851 0.293478 0.23746499999999998 0.293478 0.236769 0.28913 0.23502800000000001 0.258696 0.232591 0.258696 0.23085 0.290217 0.230153 0.293478 0.229109 0.293478 0.229109 0.298913
1 0.201253 0.259783 0.200209 0.236957 0.19812000000000002 0.236957 0.197075 0.258696 0.194986 0.267391 0.20299399999999998 0.267391 0.201253 0.259783
1 0.179318 0.24782600000000002 0.179318 0.244565 0.178273 0.243478 0.177577 0.22391299999999997 0.175139 0.22282600000000002 0.174443 0.24021699999999999 0.17304999999999998 0.244565 0.17304999999999998 0.24782600000000002 0.179318 0.24782600000000002
1 0.162953 0.22934800000000002 0.162604 0.226087 0.162604 0.21413000000000001 0.160864 0.213043 0.159123 0.23478300000000002 0.163997 0.23478300000000002 0.163997 0.231522 0.162953 0.22934800000000002
1 0.15285500000000002 0.22282600000000002 0.152159 0.221739 0.151462 0.206522 0.15006999999999998 0.206522 0.149721 0.21739099999999997 0.148329 0.225 0.15285500000000002 0.225 0.15285500000000002 0.22282600000000002
0 0.135794 0.197826 0.134749 0.196739 0.134749 0.202174 0.133357 0.21086999999999997 0.13649 0.21086999999999997 0.135794 0.197826
0 0.131267 0.197826 0.130571 0.19347799999999998 0.12987500000000002 0.19347799999999998 0.12987500000000002 0.20108700000000002 0.12883 0.206522 0.131616 0.206522 0.131267 0.197826
0 0.12465200000000001 0.191304 0.123955 0.202174 0.126393 0.202174 0.12604500000000002 0.191304 0.12465200000000001 0.191304
2 0.145543 0.21739099999999997 0.145543 0.208696 0.144847 0.20434800000000003 0.144499 0.192391 0.143454 0.190217 0.141713 0.190217 0.141017 0.197826 0.141017 0.21086999999999997 0.14032 0.216304 0.145543 0.21739099999999997