3 0.376045 0.8423909999999999 0.375 0.836957 0.37256300000000003 0.8130430000000001 0.371518 0.793478 0.369081 0.768478 0.369429 0.757609 0.368036 0.753261 0.366295 0.751087 0.360376 0.751087 0.354457 0.7554350000000001 0.351323 0.833696 0.351323 0.846739 0.376045 0.846739 0.376045 0.8423909999999999
2 0.46831500000000004 0.5380429999999999 0.465181 0.5869570000000001 0.46344 0.627174 0.45960999999999996 0.692391 0.458565 0.721739 0.454039 0.798913 0.452994 0.828261 0.448816 0.836957 0.446379 0.844565 0.446379 0.846739 0.512883 0.846739 0.512883 0.843478 0.511838 0.8380430000000001 0.509053 0.8293480000000001 0.506267 0.825 0.505223 0.825 0.504526 0.821739 0.5027860000000001 0.781522 0.49721399999999993 0.7 0.49373300000000003 0.633696 0.489206 0.575 0.48607199999999995 0.522826 0.48433099999999996 0.517391 0.48433099999999996 0.497826 0.48259100000000005 0.490217 0.47249299999999994 0.490217 0.47005600000000003 0.494565 0.47005600000000003 0.518478 0.468663 0.521739 0.46831500000000004 0.5380429999999999
3 0.6427579999999999 0.5195649999999999 0.642061 0.522826 0.637535 0.525 0.635794 0.5293479999999999 0.636142 0.5380429999999999 0.634401 0.546739 0.634401 0.55 0.654596 0.553261 0.667131 0.553261 0.668175 0.543478 0.668175 0.5293479999999999 0.666086 0.525 0.663649 0.5239130000000001 0.662256 0.520652 0.657382 0.44565200000000005 0.655989 0.41304299999999994 0.654596 0.409783 0.65007 0.409783 0.649373 0.41086999999999996 0.649025 0.421739 0.6462399999999999 0.457609 0.6427579999999999 0.5195649999999999
3 0.626741 0.391304 0.627437 0.393478 0.641365 0.393478 0.647284 0.391304 0.647632 0.390217 0.6462399999999999 0.388043 0.6462399999999999 0.38260900000000003 0.645543 0.38043499999999997 0.643802 0.379348 0.642061 0.372826 0.638579 0.30978300000000003 0.634749 0.30978300000000003 0.631964 0.35 0.630571 0.379348 0.627437 0.38043499999999997 0.626741 0.391304
3 0.5553619999999999 0.32934800000000003 0.560237 0.33260900000000004 0.568245 0.33260900000000004 0.573468 0.330435 0.573468 0.328261 0.572075 0.328261 0.5713790000000001 0.323913 0.5696380000000001 0.323913 0.568593 0.318478 0.5672010000000001 0.28913 0.5654600000000001 0.272826 0.562674 0.272826 0.560237 0.322826 0.5577989999999999 0.323913 0.557103 0.32717399999999996 0.5553619999999999 0.32934800000000003
3 0.465181 0.304348 0.479457 0.304348 0.479457 0.302174 0.47876 0.302174 0.47771600000000003 0.29782600000000004 0.476323 0.29782600000000004 0.47562699999999997 0.294565 0.47318899999999997 0.258696 0.470404 0.25760900000000003 0.468663 0.29565199999999997 0.46796699999999997 0.298913 0.466922 0.298913 0.465181 0.304348
3 0.36734 0.291304 0.36734 0.294565 0.379178 0.294565 0.375696 0.290217 0.375 0.286957 0.373259 0.25543499999999997 0.370474 0.25543499999999997 0.36977699999999997 0.26087 0.369429 0.28586999999999996 0.368384 0.291304 0.36734 0.291304
3 0.26009699999999997 0.3 0.259401 0.29565199999999997 0.25766 0.29565199999999997 0.256964 0.293478 0.25626699999999997 0.280435 0.254178 0.261957 0.25139300000000003 0.261957 0.250696 0.294565 0.24930400000000003 0.296739 0.24930400000000003 0.3 0.26009699999999997 0.3
3 0.115947 0.318478 0.12604500000000002 0.318478 0.12604500000000002 0.311957 0.123955 0.30869599999999997 0.121866 0.27934800000000004 0.118384 0.278261 0.11768799999999999 0.30978300000000003 0.11699200000000001 0.31413 0.115947 0.31413 0.115947 0.318478
1 0.139276 0.29565199999999997 0.139276 0.293478 0.13753500000000002 0.28913 0.13649 0.283696 0.135446 0.265217 0.132312 0.26413000000000003 0.131964 0.290217 0.130919 0.291304 0.130919 0.29565199999999997 0.139276 0.29565199999999997
1 0.289694 0.275 0.29596100000000003 0.275 0.29596100000000003 0.270652 0.294916 0.268478 0.29422000000000004 0.26413000000000003 0.293175 0.244565 0.291435 0.244565 0.29039000000000004 0.26087 0.29039000000000004 0.271739 0.289694 0.272826 0.289694 0.275
1 0.43454 0.268478 0.442897 0.268478 0.442201 0.26413000000000003 0.440808 0.263043 0.439415 0.251087 0.439067 0.236957 0.43837000000000004 0.233696 0.437326 0.233696 0.436281 0.23586999999999997 0.435585 0.26413000000000003 0.43454 0.265217 0.43454 0.268478
1 0.566156 0.275 0.5766020000000001 0.275 0.5766020000000001 0.271739 0.573816 0.265217 0.572423 0.25 0.572075 0.23586999999999997 0.5689420000000001 0.23478300000000002 0.567897 0.265217 0.5672010000000001 0.269565 0.566156 0.269565 0.566156 0.275
1 0.7092620000000001 0.29239099999999996 0.7092620000000001 0.3 0.7245820000000001 0.298913 0.721797 0.296739 0.721448 0.29239099999999996 0.719011 0.291304 0.718663 0.280435 0.716574 0.25652200000000003 0.716574 0.24782600000000002 0.713092 0.24782600000000002 0.712047 0.277174 0.711003 0.290217 0.710306 0.29239099999999996 0.7092620000000001 0.29239099999999996
1 0.866992 0.34565199999999996 0.86351 0.346739 0.86351 0.357609 0.881267 0.358696 0.8826599999999999 0.354348 0.8826599999999999 0.35 0.881616 0.347826 0.8791779999999999 0.346739 0.878482 0.342391 0.8756959999999999 0.283696 0.874652 0.281522 0.871518 0.281522 0.869429 0.305435 0.8690810000000001 0.318478 0.8673400000000001 0.33587 0.866992 0.34565199999999996
0 0.892061 0.307609 0.891713 0.31413 0.8910170000000001 0.31630400000000003 0.9094709999999999 0.31630400000000003 0.908078 0.313043 0.908078 0.30978300000000003 0.904596 0.307609 0.902507 0.275 0.9021589999999999 0.25652200000000003 0.897981 0.25652200000000003 0.896936 0.267391 0.895195 0.304348 0.894499 0.307609 0.892061 0.307609
0 0.9334960000000001 0.25760900000000003 0.9314069999999999 0.258696 0.9314069999999999 0.26413000000000003 0.9432449999999999 0.26413000000000003 0.9432449999999999 0.258696 0.9415039999999999 0.25760900000000003 0.940808 0.25543499999999997 0.939067 0.232609 0.9387190000000001 0.220652 0.935933 0.220652 0.9348890000000001 0.24021699999999999 0.934192 0.244565 0.934192 0.254348 0.9334960000000001 0.25760900000000003