3 0.506616 0.694565 0.50383 0.695652 0.500348 0.7021740000000001 0.49930399999999997 0.717391 0.49860699999999997 0.719565 0.49234 0.7260869999999999 0.49199200000000004 0.732609 0.523329 0.753261 0.528203 0.753261 0.537604 0.7391300000000001 0.54805 0.7260869999999999 0.548747 0.723913 0.548747 0.718478 0.5424789999999999 0.7119570000000001 0.540042 0.7021740000000001 0.533774 0.694565 0.524025 0.548913 0.522632 0.546739 0.516713 0.546739 0.515669 0.548913 0.514972 0.554348 0.507312 0.6913039999999999 0.506616 0.694565
3 0.68663 0.508696 0.683148 0.511957 0.6827989999999999 0.518478 0.701253 0.525 0.710306 0.525 0.715877 0.51413 0.716226 0.508696 0.714136 0.508696 0.712396 0.501087 0.708565 0.497826 0.7040390000000001 0.404348 0.702994 0.40108699999999997 0.698468 0.40108699999999997 0.697772 0.40543500000000005 0.691852 0.49565200000000004 0.6869780000000001 0.497826 0.68663 0.508696
3 0.7694989999999999 0.39891299999999996 0.7698470000000001 0.411957 0.777855 0.415217 0.7865599999999999 0.415217 0.7883009999999999 0.41086999999999996 0.7883009999999999 0.407609 0.786908 0.407609 0.7865599999999999 0.40217400000000003 0.783426 0.4 0.78273 0.397826 0.779596 0.344565 0.779248 0.330435 0.7754179999999999 0.330435 0.772284 0.366304 0.7712399999999999 0.392391 0.770543 0.396739 0.7694989999999999 0.39891299999999996
3 0.8252090000000001 0.328261 0.824861 0.333696 0.839485 0.333696 0.8398329999999999 0.330435 0.837396 0.326087 0.836351 0.320652 0.836003 0.306522 0.83461 0.290217 0.83461 0.280435 0.8342620000000001 0.278261 0.831476 0.278261 0.8290390000000001 0.305435 0.8283429999999999 0.321739 0.827646 0.325 0.8252090000000001 0.328261
3 0.8593310000000001 0.290217 0.857939 0.290217 0.857939 0.294565 0.868733 0.294565 0.8690810000000001 0.291304 0.866992 0.286957 0.864903 0.251087 0.862813 0.251087 0.861421 0.270652 0.8607239999999999 0.27391299999999996 0.8603759999999999 0.286957 0.8593310000000001 0.290217
3 0.87883 0.261957 0.87883 0.265217 0.887535 0.265217 0.887535 0.263043 0.885794 0.259783 0.884053 0.22934800000000002 0.8826599999999999 0.22934800000000002 0.881964 0.231522 0.8809189999999999 0.24239099999999997 0.880223 0.259783 0.87883 0.261957
3 0.8910170000000001 0.24565199999999998 0.8910170000000001 0.25 0.899373 0.25 0.899373 0.24565199999999998 0.898329 0.24565199999999998 0.897632 0.24130400000000002 0.896588 0.218478 0.89415 0.218478 0.893454 0.22391299999999997 0.892758 0.24239099999999997 0.892061 0.24565199999999998 0.8910170000000001 0.24565199999999998
3 0.912256 0.228261 0.91156 0.221739 0.9108639999999999 0.20760900000000002 0.9094709999999999 0.20760900000000002 0.907033 0.233696 0.913301 0.233696 0.913301 0.230435 0.912256 0.228261
3 0.932103 0.220652 0.9314069999999999 0.220652 0.93071 0.21739099999999997 0.9300140000000001 0.20108700000000002 0.9282730000000001 0.20108700000000002 0.927577 0.21413000000000001 0.925836 0.22391299999999997 0.932103 0.22391299999999997 0.932103 0.220652
3 0.9435930000000001 0.215217 0.9435930000000001 0.211957 0.942549 0.21086999999999997 0.9415039999999999 0.19456500000000002 0.9404600000000001 0.19456500000000002 0.939415 0.21086999999999997 0.9383699999999999 0.211957 0.9383699999999999 0.215217 0.9435930000000001 0.215217
3 0.949861 0.20543499999999998 0.949861 0.202174 0.949164 0.20108700000000002 0.9484680000000001 0.195652 0.94812 0.18695699999999998 0.9470750000000001 0.18695699999999998 0.946379 0.197826 0.9449859999999999 0.202174 0.9449859999999999 0.20543499999999998 0.949861 0.20543499999999998
2 0.748259 0.41956499999999997 0.745125 0.42391300000000004 0.742688 0.425 0.742688 0.428261 0.750696 0.428261 0.766713 0.433696 0.774025 0.433696 0.779248 0.426087 0.779596 0.422826 0.774025 0.420652 0.773677 0.415217 0.770195 0.41413 0.7694989999999999 0.411957 0.764972 0.290217 0.764624 0.288043 0.759749 0.288043 0.753482 0.38260900000000003 0.7527860000000001 0.40869600000000006 0.749304 0.409783 0.748259 0.41956499999999997
2 0.779944 0.342391 0.782382 0.383696 0.783426 0.392391 0.785515 0.394565 0.7942199999999999 0.395652 0.797354 0.390217 0.797702 0.386957 0.7959609999999999 0.386957 0.795265 0.384783 0.794916 0.379348 0.791783 0.377174 0.786908 0.270652 0.783774 0.270652 0.78273 0.276087 0.782382 0.288043 0.779596 0.322826 0.779944 0.342391