2 0.152273 0.627027 0.150455 0.643919 0.148636 0.677027 0.137273 0.689865 0.13409100000000002 0.691892 0.13136399999999998 0.696622 0.13136399999999998 0.6993240000000001 0.132273 0.700676 0.142273 0.700676 0.14818199999999998 0.697973 0.157727 0.6972970000000001 0.160909 0.695946 0.168182 0.695946 0.170455 0.694595 0.182273 0.692568 0.187273 0.689189 0.188636 0.689189 0.194545 0.683108 0.199091 0.676351 0.20409099999999997 0.6716219999999999 0.20409099999999997 0.668919 0.202273 0.6675679999999999 0.199545 0.668919 0.192727 0.668243 0.19045499999999999 0.6655409999999999 0.189091 0.662162 0.184091 0.635135 0.18090900000000001 0.622297 0.179545 0.610135 0.176818 0.6 0.175 0.587838 0.17136400000000002 0.5743240000000001 0.16999999999999998 0.565541 0.168182 0.561486 0.159545 0.562838 0.157727 0.566216 0.152273 0.617568 0.152273 0.627027
3 0.30181800000000003 0.553378 0.302273 0.560135 0.301364 0.568243 0.3 0.570946 0.297273 0.5722970000000001 0.29636399999999996 0.5743240000000001 0.29681799999999997 0.577027 0.298182 0.5783780000000001 0.308636 0.577027 0.310909 0.575676 0.31863600000000003 0.5743240000000001 0.320455 0.572973 0.320455 0.571622 0.318182 0.568243 0.315 0.567568 0.314091 0.565541 0.31136400000000003 0.547973 0.309545 0.541216 0.309091 0.534459 0.307273 0.533108 0.304545 0.533784 0.303636 0.536486 0.303636 0.541892 0.30181800000000003 0.553378
3 0.369091 0.525 0.375909 0.525 0.37772700000000003 0.523649 0.37909099999999996 0.525 0.383636 0.525 0.383636 0.520946 0.382273 0.518919 0.380455 0.518919 0.379545 0.517568 0.37909099999999996 0.511486 0.37636400000000003 0.497973 0.373182 0.497973 0.371818 0.512162 0.371818 0.519595 0.369091 0.521622 0.369091 0.525
3 0.422273 0.498649 0.431818 0.498649 0.432273 0.496622 0.42954499999999995 0.493919 0.42772699999999997 0.480405 0.425455 0.47973 0.424545 0.485811 0.424545 0.494595 0.422273 0.496622 0.422273 0.498649
3 0.47590899999999997 0.477703 0.475 0.468919 0.47363600000000006 0.468243 0.472727 0.478378 0.471364 0.482432 0.47772699999999996 0.482432 0.47590899999999997 0.477703
3 0.513182 0.472297 0.513182 0.470946 0.511818 0.468919 0.511818 0.464189 0.51 0.46081099999999997 0.509091 0.464189 0.509091 0.468919 0.507727 0.472297 0.513182 0.472297
3 0.561364 0.466216 0.559091 0.456081 0.5577270000000001 0.45878399999999997 0.5577270000000001 0.46283799999999997 0.555909 0.466216 0.561364 0.466216
3 0.6209089999999999 0.458108 0.62 0.451351 0.618182 0.461486 0.622727 0.461486 0.622727 0.460135 0.6209089999999999 0.458108
3 0.6799999999999999 0.457432 0.684545 0.457432 0.681818 0.44864899999999996 0.6799999999999999 0.457432
3 0.740909 0.44864899999999996 0.740909 0.445946 0.74 0.445946 0.7390909999999999 0.45270299999999997 0.737727 0.455405 0.743182 0.455405 0.740909 0.44864899999999996
3 0.8227270000000001 0.45270299999999997 0.8227270000000001 0.451351 0.821364 0.45 0.819545 0.44256799999999996 0.818182 0.44459499999999996 0.818182 0.449324 0.8168179999999999 0.45270299999999997 0.8227270000000001 0.45270299999999997
3 0.9327270000000001 0.45 0.930455 0.44662199999999996 0.9295450000000001 0.43851399999999996 0.928182 0.43851399999999996 0.9272729999999999 0.44054099999999996 0.9268179999999999 0.44662199999999996 0.925 0.45 0.9327270000000001 0.45
1 0.604091 0.5527029999999999 0.6009089999999999 0.55473 0.599091 0.557432 0.6009089999999999 0.560811 0.603182 0.562162 0.617273 0.562162 0.6209089999999999 0.560811 0.62 0.555405 0.617727 0.55473 0.616364 0.5527029999999999 0.6154550000000001 0.5486489999999999 0.6154550000000001 0.545946 0.613636 0.539189 0.613636 0.532432 0.612273 0.525676 0.612273 0.52027 0.610909 0.518243 0.607727 0.517568 0.606818 0.518919 0.606364 0.522973 0.606364 0.535135 0.604091 0.5527029999999999
1 0.578636 0.50473 0.578182 0.510135 0.577273 0.512162 0.574091 0.514189 0.574091 0.516216 0.586364 0.516216 0.589091 0.514865 0.589091 0.512162 0.5872729999999999 0.510811 0.585909 0.507432 0.583182 0.488514 0.5804549999999999 0.488514 0.579545 0.49527 0.579545 0.503378 0.578636 0.50473
2 0.687273 0.560135 0.6849999999999999 0.573649 0.685909 0.583784 0.6854549999999999 0.588514 0.684545 0.589189 0.683182 0.608108 0.6813640000000001 0.614865 0.6799999999999999 0.631081 0.677727 0.633784 0.668182 0.637162 0.668182 0.640541 0.670455 0.643919 0.673182 0.645946 0.678182 0.653378 0.6813640000000001 0.65473 0.684091 0.657432 0.694545 0.657432 0.705 0.655405 0.7168180000000001 0.655405 0.718182 0.654054 0.722273 0.653378 0.725 0.651351 0.725 0.647297 0.7204550000000001 0.643919 0.7154550000000001 0.637162 0.7122729999999999 0.635811 0.710909 0.633108 0.709545 0.616892 0.708182 0.612838 0.707727 0.60473 0.706364 0.6 0.705909 0.589189 0.704091 0.579054 0.703182 0.564865 0.701818 0.561486 0.699091 0.534459 0.697273 0.531757 0.6922729999999999 0.531757 0.691364 0.532432 0.690455 0.537162 0.689091 0.556081 0.687273 0.560135
1 0.5940909999999999 0.466216 0.5940909999999999 0.460135 0.5922729999999999 0.45878399999999997 0.5918180000000001 0.466216 0.589545 0.471622 0.5954550000000001 0.472297 0.5940909999999999 0.466216
1 0.637727 0.465541 0.6359090000000001 0.453378 0.6345449999999999 0.455405 0.634091 0.46283799999999997 0.632273 0.466216 0.637727 0.465541
1 0.705909 0.45067599999999997 0.704091 0.45 0.703636 0.457432 0.700909 0.461486 0.707727 0.462162 0.705909 0.45067599999999997
1 0.766818 0.459459 0.765455 0.44662199999999996 0.764091 0.44662199999999996 0.764091 0.453378 0.761364 0.459459 0.766818 0.459459
1 0.832727 0.457432 0.8400000000000001 0.457432 0.8400000000000001 0.455405 0.8377269999999999 0.45 0.8377269999999999 0.44527 0.8368180000000001 0.443919 0.835455 0.445946 0.835455 0.451351 0.832273 0.456081 0.832727 0.457432
1 0.918182 0.456081 0.9259090000000001 0.455405 0.924091 0.447973 0.924091 0.443243 0.921364 0.443243 0.920909 0.447973 0.917727 0.45472999999999997 0.918182 0.456081
1 0.570455 0.493919 0.570909 0.492568 0.5686359999999999 0.48648600000000003 0.5672729999999999 0.474324 0.566364 0.472973 0.565455 0.473649 0.563636 0.489189 0.5604549999999999 0.493919 0.570455 0.493919
1 0.578636 0.47973 0.575909 0.464865 0.574545 0.465541 0.573636 0.476351 0.570909 0.480405 0.578636 0.47973