3 0.231818 0.591216 0.22954500000000003 0.606081 0.228636 0.637838 0.227273 0.652703 0.22545500000000002 0.655405 0.219091 0.660811 0.216364 0.6655409999999999 0.21318199999999998 0.674324 0.211818 0.683108 0.206364 0.693919 0.20590899999999998 0.698649 0.208182 0.702027 0.21318199999999998 0.702027 0.215909 0.7 0.223182 0.7 0.22954500000000003 0.697973 0.23681800000000003 0.697973 0.240455 0.696622 0.247273 0.6972970000000001 0.272273 0.693243 0.277727 0.689189 0.27954500000000004 0.686486 0.28500000000000003 0.6695949999999999 0.288182 0.662838 0.289091 0.662838 0.288636 0.646622 0.281364 0.646622 0.275455 0.640541 0.270909 0.640541 0.268636 0.637838 0.261818 0.621622 0.26 0.614865 0.259091 0.607432 0.255909 0.6 0.25363600000000003 0.597297 0.25272700000000003 0.581081 0.250909 0.569595 0.24772699999999997 0.566216 0.247273 0.560811 0.244545 0.560135 0.242727 0.558108 0.23772700000000002 0.558108 0.234545 0.560135 0.233182 0.562838 0.231818 0.591216
3 0.812273 0.362162 0.812273 0.352027 0.810909 0.353378 0.806818 0.365541 0.813182 0.365541 0.812273 0.362162
3 0.6513639999999999 0.348649 0.656818 0.348649 0.655 0.33783799999999997 0.6513639999999999 0.348649
3 0.722727 0.358108 0.729091 0.358108 0.7272730000000001 0.345946 0.722727 0.358108
1 0.838182 0.34527 0.836364 0.345946 0.8340909999999999 0.353378 0.839091 0.353378 0.838182 0.34527
3 0.903636 0.347297 0.899545 0.355405 0.9054550000000001 0.355405 0.9054550000000001 0.352703 0.903636 0.347297
3 0.925455 0.508784 0.925455 0.510811 0.921818 0.516216 0.918636 0.526351 0.910455 0.5425679999999999 0.9054550000000001 0.541892 0.904091 0.539865 0.901364 0.539189 0.900455 0.541216 0.898636 0.539865 0.897727 0.5425679999999999 0.8963639999999999 0.543919 0.895909 0.5425679999999999 0.8954549999999999 0.543243 0.8954549999999999 0.547297 0.896818 0.5486489999999999 0.898636 0.553378 0.902727 0.557432 0.9113640000000001 0.562162 0.916364 0.562162 0.918182 0.563514 0.924091 0.564865 0.9295450000000001 0.568243 0.9349999999999999 0.568243 0.935909 0.566892 0.935909 0.485811 0.9336360000000001 0.487838 0.932273 0.492568 0.9272729999999999 0.503378 0.925455 0.508784
1 0.6477269999999999 0.343919 0.6513639999999999 0.343919 0.6513639999999999 0.334459 0.6477269999999999 0.343919
3 0.587727 0.32972999999999997 0.586818 0.330405 0.584091 0.339189 0.589545 0.339189 0.587727 0.32972999999999997
3 0.608636 0.343243 0.611364 0.341892 0.610909 0.33378399999999997 0.609091 0.334459 0.607727 0.339189 0.607727 0.342568 0.608636 0.343243
1 0.859545 0.366216 0.858182 0.362162 0.858182 0.353378 0.8563639999999999 0.352703 0.8545450000000001 0.35945900000000003 0.851364 0.363514 0.851364 0.364865 0.859545 0.366216
1 0.671818 0.347297 0.671364 0.33783799999999997 0.669091 0.338514 0.668636 0.341892 0.666364 0.347973 0.671818 0.347297