3 0.19318200000000002 0.664189 0.19318200000000002 0.6756759999999999 0.188636 0.718919 0.18818200000000002 0.729054 0.18545499999999998 0.733108 0.175909 0.737838 0.172273 0.741892 0.172273 0.746622 0.176818 0.755405 0.188636 0.762162 0.195455 0.760811 0.208182 0.753378 0.231818 0.742568 0.235909 0.739189 0.238636 0.738514 0.241818 0.735135 0.241818 0.733784 0.23681800000000003 0.729054 0.232273 0.720946 0.230455 0.719595 0.22545500000000002 0.718919 0.223636 0.717568 0.222273 0.714865 0.215 0.682432 0.21272700000000003 0.6756759999999999 0.208636 0.658108 0.205455 0.648649 0.20272700000000002 0.647297 0.197727 0.647973 0.195 0.650676 0.195 0.65473 0.19318200000000002 0.664189
1 0.610455 0.520946 0.609545 0.522297 0.606818 0.522973 0.605455 0.527027 0.6154550000000001 0.529054 0.6240910000000001 0.527703 0.6259089999999999 0.525676 0.621364 0.522297 0.62 0.518919 0.62 0.515541 0.618636 0.511486 0.617727 0.496622 0.616364 0.493919 0.613636 0.493243 0.612273 0.500676 0.611818 0.512838 0.610455 0.514865 0.610455 0.520946
1 0.43727299999999997 0.510811 0.438182 0.512162 0.44818199999999997 0.513514 0.45227300000000004 0.511486 0.44863600000000003 0.506081 0.44681800000000005 0.5 0.445909 0.489865 0.443636 0.485811 0.44227299999999997 0.488514 0.44227299999999997 0.495946 0.44045500000000004 0.508108 0.43727299999999997 0.510811
1 0.306818 0.522297 0.306818 0.520946 0.303636 0.518919 0.300909 0.510135 0.299091 0.499324 0.29590900000000003 0.498649 0.294545 0.520946 0.291818 0.524324 0.305455 0.524324 0.306818 0.522297
1 0.06454499999999999 0.5506759999999999 0.06454499999999999 0.5527029999999999 0.07363600000000001 0.5527029999999999 0.083636 0.55 0.08499999999999999 0.547973 0.08499999999999999 0.5466219999999999 0.081818 0.545946 0.080455 0.543919 0.076364 0.533784 0.07545500000000001 0.527027 0.07363600000000001 0.523649 0.069545 0.522973 0.06818199999999999 0.5385139999999999 0.06818199999999999 0.5466219999999999 0.066364 0.55 0.06454499999999999 0.5506759999999999
1 0.547273 0.472973 0.545 0.466892 0.544091 0.45878399999999997 0.542727 0.459459 0.541364 0.472297 0.540455 0.473649 0.547273 0.472973
1 0.664545 0.469595 0.664545 0.468243 0.661818 0.464189 0.660909 0.455405 0.6595449999999999 0.454054 0.6577270000000001 0.459459 0.6577270000000001 0.464865 0.655455 0.468919 0.664545 0.469595
1 0.7390909999999999 0.456081 0.738636 0.45067599999999997 0.737727 0.449324 0.736364 0.449324 0.735 0.459459 0.733636 0.46283799999999997 0.742273 0.46283799999999997 0.7390909999999999 0.456081
1 0.772273 0.45675699999999997 0.770455 0.453378 0.769545 0.44459499999999996 0.768182 0.44459499999999996 0.766818 0.44864899999999996 0.766818 0.452027 0.765 0.45675699999999997 0.772273 0.45675699999999997
1 0.756364 0.453378 0.756364 0.452027 0.7540910000000001 0.447973 0.753636 0.441216 0.751818 0.441892 0.7513639999999999 0.447297 0.7490910000000001 0.453378 0.756364 0.453378
1 0.728182 0.44662199999999996 0.727727 0.441216 0.726364 0.44054099999999996 0.725 0.447973 0.7236360000000001 0.45067599999999997 0.730455 0.45067599999999997 0.728182 0.44662199999999996
1 0.709545 0.44864899999999996 0.708182 0.44527 0.707273 0.439865 0.706364 0.44054099999999996 0.7054549999999999 0.44662199999999996 0.704091 0.44864899999999996 0.709545 0.44864899999999996
1 0.8868180000000001 0.43851399999999996 0.8845449999999999 0.43243200000000004 0.8845449999999999 0.42973 0.8836360000000001 0.42973 0.882727 0.431757 0.882273 0.43648600000000004 0.8813639999999999 0.437838 0.8868180000000001 0.43851399999999996
1 0.934545 0.427703 0.9331820000000001 0.427703 0.932273 0.43445900000000004 0.930909 0.435811 0.935909 0.435811 0.934545 0.427703
1 0.45 0.478378 0.45 0.477027 0.44818199999999997 0.475676 0.44681800000000005 0.471622 0.446364 0.465541 0.444545 0.464189 0.44409099999999996 0.474324 0.44227299999999997 0.477703 0.440909 0.478378 0.45 0.478378
1 0.335909 0.478378 0.333636 0.475 0.333182 0.469595 0.331818 0.468919 0.331364 0.475676 0.32999999999999996 0.47973 0.335909 0.47973 0.335909 0.478378
1 0.334545 0.475676 0.338636 0.476351 0.335909 0.468243 0.334545 0.475676
1 0.352727 0.470946 0.350909 0.466892 0.350909 0.464865 0.349545 0.463514 0.349091 0.469595 0.348182 0.472297 0.352273 0.472297 0.352727 0.470946
1 0.356364 0.461486 0.355 0.469595 0.358182 0.47027 0.358636 0.468243 0.356364 0.461486
1 0.31136400000000003 0.464189 0.31045500000000004 0.47027 0.31363599999999997 0.47027 0.31227299999999997 0.464189 0.31136400000000003 0.464189
1 0.273636 0.467568 0.272727 0.466892 0.271364 0.474324 0.275455 0.474324 0.273636 0.469595 0.273636 0.467568
1 0.23727299999999998 0.477027 0.23545500000000003 0.474324 0.23545500000000003 0.471622 0.234091 0.470946 0.233636 0.475676 0.232727 0.477703 0.23727299999999998 0.478378 0.23727299999999998 0.477027
1 0.191818 0.475676 0.19045499999999999 0.475 0.18954500000000002 0.482432 0.19045499999999999 0.483784 0.194545 0.483784 0.191818 0.475676
1 0.13136399999999998 0.487162 0.130909 0.483784 0.128182 0.482432 0.12681800000000001 0.490541 0.133182 0.491216 0.133182 0.489865 0.13136399999999998 0.487162
3 0.24818199999999999 0.590541 0.24681799999999998 0.595946 0.24681799999999998 0.604054 0.24227300000000002 0.606757 0.241364 0.608784 0.241364 0.611486 0.23954499999999998 0.614189 0.24772699999999997 0.614865 0.25 0.613514 0.266364 0.612162 0.274545 0.604054 0.271818 0.602703 0.270455 0.600676 0.265909 0.599324 0.259545 0.573649 0.258182 0.564189 0.255909 0.557432 0.251818 0.557432 0.250455 0.559459 0.249545 0.564865 0.24818199999999999 0.590541
3 0.08818200000000001 0.593919 0.08681799999999999 0.595946 0.083636 0.597297 0.082727 0.598649 0.082727 0.600676 0.085455 0.602703 0.1 0.601351 0.10636399999999999 0.6 0.11000000000000001 0.597297 0.112727 0.596622 0.113636 0.59527 0.113182 0.593243 0.11136399999999999 0.591216 0.108182 0.591216 0.10636399999999999 0.588514 0.10545500000000001 0.583784 0.10363599999999999 0.581081 0.103182 0.5743240000000001 0.098182 0.556081 0.096818 0.55473 0.093182 0.55473 0.091364 0.556081 0.09 0.565541 0.09 0.577027 0.08818200000000001 0.588514 0.08818200000000001 0.593919
3 0.605455 0.46283799999999997 0.611364 0.462162 0.61 0.459459 0.61 0.456081 0.608636 0.45067599999999997 0.607273 0.453378 0.606818 0.460135 0.605 0.461486 0.605455 0.46283799999999997
3 0.642727 0.451351 0.640909 0.443243 0.639545 0.443919 0.639545 0.447297 0.637273 0.452027 0.642727 0.451351
3 0.67 0.439865 0.668182 0.44662199999999996 0.672273 0.44662199999999996 0.671364 0.441216 0.67 0.439865
3 0.702727 0.441892 0.701364 0.437838 0.700455 0.437162 0.7 0.441892 0.699091 0.443919 0.702727 0.443919 0.702727 0.441892
3 0.741364 0.435135 0.74 0.435135 0.74 0.439189 0.738636 0.441892 0.743182 0.441892 0.741364 0.435135
3 0.797273 0.437838 0.795455 0.439189 0.8009090000000001 0.43851399999999996 0.799545 0.433784 0.798636 0.433108 0.797727 0.43445900000000004 0.797273 0.437838
3 0.9018179999999999 0.431081 0.906364 0.431081 0.903636 0.425 0.9018179999999999 0.431081
3 0.541364 0.465541 0.541364 0.460135 0.54 0.45472999999999997 0.538636 0.457432 0.538636 0.46081099999999997 0.536818 0.465541 0.541364 0.465541
3 0.43 0.467568 0.43 0.46283799999999997 0.429091 0.46081099999999997 0.42818199999999995 0.46081099999999997 0.42772699999999997 0.466892 0.425909 0.471622 0.432273 0.471622 0.43 0.467568
3 0.412727 0.466216 0.412727 0.462162 0.411364 0.46081099999999997 0.41045499999999996 0.468243 0.40954499999999994 0.47027 0.414091 0.47027 0.412727 0.466216
3 0.398182 0.45675699999999997 0.396818 0.464189 0.4 0.464189 0.399091 0.458108 0.398182 0.45675699999999997
3 0.404545 0.464189 0.406818 0.463514 0.406818 0.457432 0.404545 0.464189
3 0.374091 0.459459 0.373182 0.45878399999999997 0.37227299999999997 0.464865 0.375 0.464865 0.375455 0.463514 0.374091 0.459459
3 0.347727 0.460135 0.345909 0.466216 0.348636 0.466216 0.348636 0.46283799999999997 0.347727 0.460135
3 0.319545 0.468243 0.322727 0.468243 0.320909 0.46283799999999997 0.319545 0.468243
3 0.27999999999999997 0.471622 0.284091 0.471622 0.281818 0.465541 0.27999999999999997 0.471622
3 0.143636 0.481081 0.142273 0.47973 0.140455 0.485135 0.140455 0.487838 0.145455 0.487838 0.143636 0.481081
3 0.06999999999999999 0.487838 0.06772700000000001 0.495946 0.07409099999999999 0.495946 0.072727 0.491216 0.06999999999999999 0.487838
1 0.37363599999999997 0.480405 0.37090900000000004 0.475676 0.370455 0.47027 0.368636 0.469595 0.368182 0.478378 0.366818 0.482432 0.37363599999999997 0.481757 0.37363599999999997 0.480405
3 0.6477269999999999 0.453378 0.651818 0.453378 0.650455 0.44459499999999996 0.649545 0.44459499999999996 0.6490910000000001 0.447297 0.6477269999999999 0.441216 0.646818 0.441216 0.6463639999999999 0.44662199999999996 0.645455 0.44864899999999996 0.648636 0.449324 0.6477269999999999 0.453378
3 0.8881819999999999 0.43040500000000004 0.8877269999999999 0.427027 0.8868180000000001 0.427027 0.8868180000000001 0.43040500000000004 0.8859090000000001 0.433108 0.889545 0.433108 0.8881819999999999 0.43040500000000004
3 0.47909100000000004 0.468919 0.47772699999999996 0.466892 0.476818 0.460135 0.47590899999999997 0.458108 0.475 0.45878399999999997 0.47409100000000004 0.466892 0.472727 0.469595 0.47909100000000004 0.468919
1 0.747727 0.575 0.745 0.5763510000000001 0.745455 0.577703 0.75 0.5804050000000001 0.754545 0.581081 0.765455 0.585811 0.769545 0.583784 0.778636 0.5824320000000001 0.7813640000000001 0.581081 0.7813640000000001 0.57973 0.780455 0.57973 0.777273 0.5743240000000001 0.774545 0.572973 0.7727269999999999 0.569595 0.769545 0.549324 0.769545 0.541216 0.768636 0.539189 0.767727 0.52973 0.766364 0.527703 0.7609090000000001 0.527027 0.755455 0.566892 0.753182 0.570946 0.75 0.571622 0.747727 0.575