3 0.365 0.566216 0.362727 0.571622 0.384091 0.570946 0.387273 0.566892 0.387273 0.565541 0.381364 0.560811 0.38 0.5486489999999999 0.377273 0.537162 0.377273 0.534459 0.375909 0.530405 0.37227299999999997 0.52973 0.37136399999999997 0.531757 0.368636 0.563514 0.367727 0.565541 0.365 0.566216
2 0.25409099999999996 0.5824320000000001 0.25363600000000003 0.606081 0.252273 0.614189 0.251818 0.622973 0.252273 0.629054 0.249091 0.658784 0.247273 0.661486 0.243182 0.664865 0.241364 0.668243 0.23545500000000003 0.672297 0.233636 0.675 0.233636 0.679054 0.275909 0.679054 0.279091 0.6756759999999999 0.281818 0.674324 0.287273 0.6675679999999999 0.294091 0.662838 0.29636399999999996 0.658784 0.29636399999999996 0.656081 0.29500000000000004 0.65473 0.289545 0.65473 0.287273 0.652703 0.284091 0.652027 0.283182 0.65 0.28090899999999996 0.634459 0.278636 0.628378 0.277727 0.622297 0.275909 0.616892 0.272727 0.593243 0.26954500000000003 0.5804050000000001 0.267727 0.566892 0.264545 0.5527029999999999 0.256818 0.5527029999999999 0.255455 0.557432 0.255455 0.57027 0.25409099999999996 0.5824320000000001
3 0.441364 0.519595 0.442727 0.518243 0.439545 0.513514 0.439091 0.506081 0.43727299999999997 0.495946 0.435909 0.494595 0.434091 0.494595 0.432273 0.514865 0.43 0.516892 0.429091 0.519595 0.441364 0.519595
3 0.476818 0.493919 0.476818 0.495946 0.485 0.495946 0.48545499999999997 0.494595 0.482727 0.488514 0.482727 0.483784 0.481364 0.477703 0.479545 0.477703 0.478182 0.487838 0.478636 0.489189 0.47772699999999996 0.493243 0.476818 0.493919
3 0.53 0.480405 0.53 0.477703 0.529091 0.477703 0.5281819999999999 0.475 0.527273 0.467568 0.525909 0.466892 0.525 0.47027 0.525 0.476351 0.523182 0.480405 0.53 0.480405
2 0.7727269999999999 0.636486 0.772273 0.642568 0.767273 0.64527 0.7595449999999999 0.645946 0.7581819999999999 0.647297 0.757727 0.650676 0.766818 0.662162 0.778636 0.6695949999999999 0.825455 0.6695949999999999 0.825455 0.664865 0.8240909999999999 0.662838 0.8172729999999999 0.658108 0.815455 0.65473 0.811364 0.651351 0.8086360000000001 0.646622 0.804091 0.611486 0.804091 0.607432 0.802727 0.600676 0.8018179999999999 0.5864860000000001 0.798636 0.566892 0.798182 0.557432 0.796364 0.5466219999999999 0.796364 0.541216 0.795909 0.539189 0.7863640000000001 0.539189 0.7809090000000001 0.5844590000000001 0.779091 0.592568 0.7763639999999999 0.616892 0.7727269999999999 0.636486
1 0.673182 0.5486489999999999 0.672727 0.555405 0.671818 0.557432 0.669091 0.558108 0.667273 0.560135 0.667273 0.561486 0.669091 0.564865 0.671818 0.566892 0.693182 0.566892 0.6936359999999999 0.565541 0.691364 0.562838 0.690909 0.560811 0.6895450000000001 0.558784 0.6868179999999999 0.557432 0.685909 0.555405 0.685909 0.55 0.684091 0.545946 0.684091 0.533784 0.682273 0.521622 0.676818 0.520946 0.675455 0.527027 0.675455 0.537162 0.674545 0.5445949999999999 0.673182 0.5486489999999999
1 0.65 0.516892 0.65 0.514189 0.647273 0.511486 0.646818 0.506081 0.645909 0.50473 0.645909 0.493919 0.645 0.489865 0.641364 0.489865 0.639091 0.512162 0.637273 0.513514 0.636818 0.516892 0.65 0.516892
1 0.618636 0.493919 0.628182 0.494595 0.628636 0.492568 0.625455 0.488514 0.6240910000000001 0.476351 0.6222730000000001 0.474324 0.620455 0.489865 0.619545 0.491216 0.618182 0.491216 0.618636 0.493919
1 0.625455 0.480405 0.634091 0.481081 0.631818 0.475 0.631364 0.465541 0.629545 0.465541 0.628636 0.469595 0.628636 0.475 0.6277269999999999 0.477703 0.625455 0.480405
1 0.762273 0.464189 0.769545 0.464189 0.767273 0.459459 0.766364 0.452027 0.765 0.453378 0.764091 0.460135 0.762273 0.46283799999999997 0.762273 0.464189
1 0.8340909999999999 0.458108 0.833636 0.45067599999999997 0.831818 0.45067599999999997 0.830455 0.457432 0.828636 0.462162 0.835909 0.462162 0.8340909999999999 0.458108
1 0.9199999999999999 0.46081099999999997 0.917727 0.455405 0.9168179999999999 0.447973 0.915 0.449324 0.914545 0.456081 0.911818 0.46081099999999997 0.9199999999999999 0.46081099999999997
3 0.565455 0.472297 0.565455 0.470946 0.563636 0.469595 0.5631820000000001 0.462162 0.561364 0.46081099999999997 0.5604549999999999 0.464865 0.5604549999999999 0.469595 0.559091 0.472297 0.565455 0.472297
3 0.612727 0.465541 0.611364 0.461486 0.610909 0.45472999999999997 0.61 0.45472999999999997 0.609091 0.46283799999999997 0.607273 0.465541 0.612727 0.465541
3 0.805455 0.454054 0.8045450000000001 0.447973 0.803636 0.447973 0.802727 0.45472999999999997 0.8013640000000001 0.457432 0.806818 0.457432 0.805455 0.454054
3 0.673182 0.45270299999999997 0.672273 0.459459 0.670909 0.462162 0.675909 0.462162 0.673182 0.45270299999999997
3 0.7418180000000001 0.45878399999999997 0.7404550000000001 0.45675699999999997 0.7404550000000001 0.453378 0.7390909999999999 0.45067599999999997 0.738182 0.45675699999999997 0.736818 0.459459 0.7418180000000001 0.460135 0.7418180000000001 0.45878399999999997
3 0.899091 0.456081 0.897273 0.453378 0.895909 0.445946 0.8945449999999999 0.445946 0.8936360000000001 0.44864899999999996 0.8936360000000001 0.45270299999999997 0.8913639999999999 0.456081 0.899091 0.456081
1 0.650909 0.473649 0.6513639999999999 0.472297 0.648636 0.466892 0.648636 0.461486 0.646818 0.459459 0.645909 0.460135 0.645455 0.467568 0.643182 0.472973 0.650909 0.473649
1 0.6950000000000001 0.467568 0.693182 0.46283799999999997 0.6922729999999999 0.45675699999999997 0.690909 0.456081 0.6900000000000001 0.463514 0.687727 0.466216 0.687727 0.467568 0.6950000000000001 0.467568