3 0.112727 0.731757 0.111818 0.745946 0.110909 0.749324 0.110909 0.760811 0.108636 0.780405 0.106818 0.783108 0.099091 0.789865 0.09227300000000001 0.8 0.08681799999999999 0.804054 0.085455 0.806081 0.085909 0.809459 0.094545 0.813514 0.10772699999999999 0.817568 0.12181800000000001 0.818243 0.13 0.814189 0.140455 0.806081 0.157727 0.795946 0.165909 0.789865 0.170455 0.784459 0.172273 0.784459 0.174091 0.781757 0.177273 0.780405 0.179091 0.778378 0.179545 0.775676 0.176818 0.770946 0.175455 0.77027 0.168636 0.771622 0.16409100000000001 0.766892 0.159091 0.764865 0.15318199999999998 0.764189 0.151364 0.762162 0.15 0.758108 0.14727300000000002 0.741892 0.142727 0.725676 0.142727 0.722973 0.137727 0.708108 0.136818 0.7013510000000001 0.134545 0.693243 0.13409100000000002 0.687838 0.13272699999999998 0.683784 0.125 0.683108 0.118636 0.687838 0.115909 0.716216 0.112727 0.731757
3 0.436818 0.57027 0.435455 0.581081 0.42954499999999995 0.5864860000000001 0.42954499999999995 0.588514 0.43272700000000003 0.592568 0.43454499999999996 0.593243 0.438182 0.591892 0.447727 0.591892 0.45 0.590541 0.45636400000000005 0.589865 0.45499999999999996 0.583108 0.454091 0.581757 0.45090899999999995 0.581081 0.449545 0.5783780000000001 0.44818199999999997 0.563514 0.444545 0.541892 0.442727 0.539865 0.44000000000000006 0.5405409999999999 0.439091 0.543919 0.438182 0.557432 0.436818 0.563514 0.436818 0.57027
3 0.540909 0.512162 0.540455 0.526351 0.539091 0.529054 0.537273 0.530405 0.535909 0.533784 0.549091 0.534459 0.551818 0.532432 0.551818 0.529054 0.550455 0.529054 0.549545 0.527703 0.547727 0.512162 0.546818 0.510135 0.546818 0.506081 0.545455 0.500676 0.542727 0.501351 0.541818 0.505405 0.541818 0.510811 0.540909 0.512162
3 0.551818 0.497973 0.548182 0.502027 0.55 0.503378 0.5599999999999999 0.502703 0.560909 0.501351 0.558182 0.496622 0.5563640000000001 0.481757 0.5549999999999999 0.47973 0.553636 0.47973 0.552727 0.482432 0.553182 0.48445900000000003 0.552273 0.488514 0.551818 0.497973
3 0.5095449999999999 0.481081 0.517727 0.480405 0.516364 0.477703 0.515 0.471622 0.515 0.466892 0.512727 0.466216 0.511364 0.472297 0.511818 0.477027 0.5095449999999999 0.47973 0.5095449999999999 0.481081
3 0.487727 0.469595 0.487727 0.466216 0.48863599999999996 0.464865 0.487727 0.458108 0.486364 0.458108 0.485 0.468243 0.48545499999999997 0.47027 0.487727 0.469595
3 0.475455 0.46283799999999997 0.474545 0.457432 0.47363600000000006 0.455405 0.47227300000000005 0.455405 0.472727 0.45675699999999997 0.471818 0.457432 0.471364 0.46283799999999997 0.475455 0.46283799999999997
3 0.465 0.452027 0.46318200000000004 0.459459 0.464091 0.460135 0.466364 0.459459 0.465 0.452027
3 0.455909 0.457432 0.459545 0.457432 0.457273 0.45 0.455909 0.457432
3 0.454091 0.449324 0.453182 0.449324 0.451818 0.455405 0.454545 0.455405 0.454091 0.449324
3 0.449091 0.453378 0.451364 0.453378 0.45 0.447297 0.449091 0.453378
1 0.9263640000000001 0.5385139999999999 0.921364 0.557432 0.9204549999999999 0.558784 0.917727 0.558784 0.9159090000000001 0.560135 0.914545 0.563514 0.9113640000000001 0.563514 0.910909 0.564865 0.9199999999999999 0.566216 0.9227270000000001 0.568243 0.928182 0.568919 0.931818 0.570946 0.9331820000000001 0.570946 0.9340909999999999 0.568919 0.935909 0.569595 0.935909 0.52027 0.93 0.52027 0.929091 0.521622 0.9268179999999999 0.531757 0.9263640000000001 0.5385139999999999
1 0.8081820000000001 0.504054 0.803636 0.509459 0.804091 0.510811 0.819091 0.511486 0.8204549999999999 0.509459 0.8204549999999999 0.507432 0.818636 0.506081 0.817727 0.498649 0.8168179999999999 0.496622 0.8159090000000001 0.482432 0.814091 0.481757 0.811364 0.483784 0.809545 0.499324 0.8081820000000001 0.504054
1 0.696364 0.485135 0.6936359999999999 0.487838 0.6936359999999999 0.489865 0.704545 0.490541 0.7054549999999999 0.488514 0.702273 0.485135 0.700909 0.47027 0.697727 0.469595 0.696818 0.473649 0.697273 0.481081 0.696364 0.482432 0.696364 0.485135
1 0.5954550000000001 0.470946 0.601818 0.47027 0.600455 0.468243 0.600455 0.46283799999999997 0.599545 0.457432 0.5986360000000001 0.45675699999999997 0.597273 0.45878399999999997 0.597273 0.464189 0.595 0.47027 0.5954550000000001 0.470946
1 0.551364 0.461486 0.551364 0.463514 0.5563640000000001 0.46283799999999997 0.555909 0.45878399999999997 0.5549999999999999 0.458108 0.5549999999999999 0.45270299999999997 0.554091 0.452027 0.553182 0.45270299999999997 0.553182 0.456081 0.552273 0.46081099999999997 0.551364 0.461486
1 0.5331819999999999 0.451351 0.530455 0.460135 0.5349999999999999 0.459459 0.5331819999999999 0.454054 0.5331819999999999 0.451351
1 0.520455 0.45 0.52 0.454054 0.518636 0.457432 0.5227269999999999 0.457432 0.520455 0.45
1 0.5 0.44864899999999996 0.49909100000000006 0.454054 0.502273 0.454054 0.506688309375 0.45057923750000006 0.5013639999999999 0.44662199999999996 0.5 0.44864899999999996
1 0.512273 0.45472999999999997 0.509242228125 0.452477409375 0.508636 0.456081 0.511818 0.456081 0.512273 0.45472999999999997
1 0.490909 0.452027 0.49363599999999996 0.452027 0.492727 0.44662199999999996 0.490909 0.452027
1 0.701364 0.43648600000000004 0.700455 0.43648600000000004 0.699091 0.441216 0.701818 0.441216 0.701364 0.43648600000000004
1 0.762727 0.439865 0.766364 0.439865 0.765 0.433784 0.762727 0.439865
1 0.802727 0.439189 0.8018179999999999 0.433108 0.8009090000000001 0.433784 0.800455 0.437838 0.799545 0.439189 0.802727 0.439189
1 0.86 0.431757 0.857273 0.439865 0.859545 0.439865 0.860909 0.43851399999999996 0.86 0.431757
3 0.7609090000000001 0.433108 0.759091 0.437838 0.762273 0.43851399999999996 0.761818 0.433108 0.7609090000000001 0.433108
3 0.6545449999999999 0.435811 0.653636 0.435811 0.652273 0.439865 0.655 0.439865 0.6545449999999999 0.435811
3 0.6277269999999999 0.435811 0.626818 0.439865 0.629545 0.439865 0.628636 0.43648600000000004 0.6277269999999999 0.435811
3 0.457273 0.443919 0.455909 0.445946 0.45636400000000005 0.44864899999999996 0.458182 0.447973 0.457273 0.443919
3 0.466364 0.44256799999999996 0.465909 0.447297 0.468182 0.447297 0.46727299999999994 0.443243 0.466364 0.44256799999999996