3 0.268454 0.8423909999999999 0.264276 0.841304 0.262535 0.8380430000000001 0.247911 0.68587 0.24686599999999997 0.679348 0.24651800000000001 0.6673910000000001 0.24547400000000003 0.66413 0.240599 0.66413 0.23468 0.669565 0.229109 0.831522 0.229109 0.846739 0.27124000000000004 0.846739 0.268454 0.8423909999999999
3 0.43454 0.572826 0.43454 0.5826089999999999 0.431755 0.58913 0.431755 0.592391 0.462744 0.592391 0.46831500000000004 0.578261 0.46831500000000004 0.572826 0.465877 0.572826 0.465181 0.568478 0.463788 0.565217 0.460306 0.563043 0.459262 0.56087 0.451253 0.452174 0.44603099999999996 0.45108699999999996 0.44463800000000003 0.453261 0.44011100000000003 0.561957 0.439415 0.5663039999999999 0.43454 0.572826
3 0.46657400000000004 0.456522 0.466226 0.467391 0.487465 0.46630399999999994 0.48851000000000006 0.46195700000000006 0.48851000000000006 0.453261 0.488162 0.45108699999999996 0.48468 0.448913 0.483983 0.44565200000000005 0.47841199999999995 0.370652 0.47423400000000004 0.370652 0.47075199999999995 0.44782599999999995 0.47005600000000003 0.452174 0.468663 0.452174 0.46657400000000004 0.456522
3 0.496866 0.353261 0.495822 0.355435 0.508008 0.355435 0.510794 0.353261 0.511142 0.35108700000000004 0.509053 0.346739 0.508008 0.346739 0.506964 0.342391 0.504178 0.3 0.503482 0.29782600000000004 0.501045 0.298913 0.49895500000000004 0.344565 0.498259 0.348913 0.496866 0.348913 0.496866 0.353261
3 0.68071 0.261957 0.6786209999999999 0.23478300000000002 0.677577 0.23478300000000002 0.676184 0.26087 0.674095 0.267391 0.682451 0.267391 0.68071 0.261957
3 0.776114 0.238043 0.774721 0.216304 0.773329 0.216304 0.771936 0.24130400000000002 0.770195 0.24565199999999998 0.778203 0.24565199999999998 0.776114 0.238043
3 0.8861420000000001 0.22391299999999997 0.8844010000000001 0.20108700000000002 0.8826599999999999 0.20108700000000002 0.881616 0.22391299999999997 0.879875 0.228261 0.887535 0.228261 0.8861420000000001 0.22391299999999997
1 0.850975 0.4 0.848189 0.40108699999999997 0.847493 0.403261 0.851323 0.40869600000000006 0.876741 0.407609 0.8760450000000001 0.404348 0.874652 0.40217400000000003 0.8739549999999999 0.395652 0.87117 0.394565 0.869777 0.390217 0.864903 0.317391 0.8603759999999999 0.317391 0.855501 0.38913000000000003 0.854805 0.392391 0.852019 0.393478 0.850975 0.4
1 0.775766 0.343478 0.792131 0.343478 0.791435 0.334783 0.789345 0.333696 0.788649 0.331522 0.7848189999999999 0.278261 0.782033 0.278261 0.7788999999999999 0.33260900000000004 0.778203 0.33587 0.775766 0.336957 0.775766 0.343478
1 0.786908 0.3 0.793872 0.3 0.7942199999999999 0.296739 0.7928270000000001 0.293478 0.791783 0.293478 0.7907379999999999 0.28913 0.7883009999999999 0.251087 0.785864 0.251087 0.784471 0.268478 0.784471 0.277174 0.785515 0.278261 0.786908 0.3
1 0.831825 0.268478 0.829735 0.23478300000000002 0.829387 0.232609 0.8272980000000001 0.232609 0.824861 0.268478 0.822772 0.272826 0.8335649999999999 0.272826 0.831825 0.268478
1 0.89032 0.25543499999999997 0.9014620000000001 0.25543499999999997 0.898329 0.24673899999999999 0.89624 0.21739099999999997 0.89415 0.21739099999999997 0.892409 0.24673899999999999 0.8913650000000001 0.251087 0.89032 0.252174 0.89032 0.25543499999999997
3 0.594708 0.298913 0.593663 0.301087 0.601323 0.301087 0.603412 0.3 0.604109 0.29782600000000004 0.6020190000000001 0.291304 0.601671 0.277174 0.5995820000000001 0.258696 0.5978410000000001 0.259783 0.5961000000000001 0.294565 0.594708 0.296739 0.594708 0.298913