3 0.599234 0.415217 0.599234 0.418478 0.5978410000000001 0.420652 0.598189 0.42391300000000004 0.600627 0.428261 0.610724 0.428261 0.612117 0.397826 0.612117 0.371739 0.610724 0.341304 0.610028 0.340217 0.606198 0.341304 0.603064 0.407609 0.602368 0.411957 0.599234 0.415217
3 0.527855 0.36847799999999997 0.541783 0.36847799999999997 0.541435 0.358696 0.539694 0.357609 0.538997 0.355435 0.535515 0.30869599999999997 0.53273 0.30869599999999997 0.5306409999999999 0.355435 0.529596 0.36086999999999997 0.528203 0.361957 0.527855 0.36847799999999997
3 0.449164 0.348913 0.449164 0.342391 0.44777199999999995 0.342391 0.447075 0.33913000000000004 0.44463800000000003 0.302174 0.442201 0.301087 0.440808 0.341304 0.438719 0.344565 0.438719 0.348913 0.449164 0.348913
3 0.349582 0.348913 0.349582 0.343478 0.348538 0.342391 0.34784099999999996 0.33913000000000004 0.345404 0.307609 0.343315 0.307609 0.34226999999999996 0.342391 0.34052899999999997 0.34565199999999996 0.34052899999999997 0.35 0.349582 0.348913
3 0.232591 0.36413 0.23851 0.36086999999999997 0.23851 0.356522 0.236769 0.355435 0.236072 0.353261 0.233983 0.325 0.23154599999999997 0.323913 0.23050099999999998 0.357609 0.229109 0.359783 0.229109 0.36413 0.232591 0.36413
3 0.10724199999999999 0.38913000000000003 0.11316200000000001 0.38587 0.11316200000000001 0.38152200000000003 0.11142099999999999 0.378261 0.108635 0.348913 0.10619799999999999 0.347826 0.10515300000000001 0.38260900000000003 0.10376 0.384783 0.10376 0.38913000000000003 0.10724199999999999 0.38913000000000003
3 0.667131 0.28586999999999996 0.667131 0.280435 0.666435 0.280435 0.6657379999999999 0.277174 0.663649 0.24782600000000002 0.6615599999999999 0.24782600000000002 0.660515 0.27934800000000004 0.658774 0.281522 0.658774 0.28586999999999996 0.667131 0.28586999999999996
3 0.746518 0.258696 0.746518 0.254348 0.745822 0.254348 0.745125 0.251087 0.743733 0.226087 0.741643 0.226087 0.740599 0.252174 0.739206 0.254348 0.739206 0.258696 0.746518 0.258696
3 0.850627 0.232609 0.849234 0.228261 0.8478410000000001 0.20543499999999998 0.8461000000000001 0.20543499999999998 0.8450559999999999 0.216304 0.8461000000000001 0.23478300000000002 0.850627 0.23478300000000002 0.850627 0.232609
2 0.8896240000000001 0.334783 0.888231 0.366304 0.887535 0.36956500000000003 0.885794 0.370652 0.885097 0.372826 0.8844010000000001 0.379348 0.879526 0.38152200000000003 0.878482 0.383696 0.892061 0.390217 0.902507 0.390217 0.918175 0.38587 0.917131 0.38152200000000003 0.912604 0.38152200000000003 0.91156 0.379348 0.9108639999999999 0.371739 0.908078 0.370652 0.8997210000000001 0.254348 0.898677 0.251087 0.894499 0.252174 0.892061 0.29782600000000004 0.8913650000000001 0.301087 0.8913650000000001 0.30978300000000003 0.8896240000000001 0.334783
2 0.82312 0.35 0.822772 0.355435 0.819638 0.356522 0.8185930000000001 0.358696 0.826253 0.363043 0.837744 0.363043 0.8502789999999999 0.359783 0.8495820000000001 0.357609 0.845404 0.355435 0.844708 0.348913 0.8422700000000001 0.346739 0.835655 0.24565199999999998 0.831476 0.24565199999999998 0.826253 0.344565 0.8255570000000001 0.347826 0.8238160000000001 0.347826 0.82312 0.35
1 0.8485379999999999 0.36847799999999997 0.8467969999999999 0.36956500000000003 0.8461000000000001 0.371739 0.853064 0.376087 0.862465 0.376087 0.872911 0.372826 0.8722139999999999 0.370652 0.869777 0.36956500000000003 0.869429 0.365217 0.868384 0.361957 0.8655989999999999 0.36086999999999997 0.8607239999999999 0.296739 0.8568939999999999 0.296739 0.853064 0.357609 0.851671 0.361957 0.849234 0.363043 0.8485379999999999 0.36847799999999997
1 0.9310579999999999 0.236957 0.9296659999999999 0.236957 0.928969 0.233696 0.927577 0.206522 0.925139 0.206522 0.923747 0.233696 0.920613 0.24239099999999997 0.9327989999999999 0.24130400000000002 0.9310579999999999 0.236957
1 0.7754179999999999 0.319565 0.776462 0.321739 0.79039 0.321739 0.790042 0.31521699999999997 0.789345 0.313043 0.787604 0.311957 0.786908 0.30869599999999997 0.784123 0.265217 0.781337 0.265217 0.7788999999999999 0.311957 0.776462 0.31413 0.7754179999999999 0.317391 0.7754179999999999 0.319565
1 0.7865599999999999 0.286957 0.796657 0.286957 0.796657 0.280435 0.795265 0.27934800000000004 0.794568 0.276087 0.7928270000000001 0.24239099999999997 0.79039 0.24239099999999997 0.788649 0.276087 0.787604 0.280435 0.7865599999999999 0.281522 0.7865599999999999 0.286957
1 0.41713100000000003 0.31521699999999997 0.41713100000000003 0.30978300000000003 0.41608599999999996 0.30978300000000003 0.41539000000000004 0.306522 0.41364900000000004 0.281522 0.41190800000000005 0.281522 0.410864 0.30978300000000003 0.40947100000000003 0.313043 0.409819 0.31521699999999997 0.41713100000000003 0.31521699999999997
1 0.282033 0.333696 0.282033 0.328261 0.28098900000000004 0.328261 0.280292 0.325 0.27890000000000004 0.301087 0.276462 0.301087 0.276114 0.328261 0.274373 0.330435 0.274373 0.333696 0.282033 0.333696
1 0.135794 0.361957 0.135794 0.356522 0.134749 0.356522 0.134053 0.354348 0.132312 0.330435 0.130223 0.32934800000000003 0.129178 0.356522 0.128134 0.358696 0.128134 0.361957 0.135794 0.361957
0 0.640669 0.275 0.640669 0.270652 0.639972 0.270652 0.639276 0.267391 0.637535 0.24239099999999997 0.635794 0.24239099999999997 0.634749 0.269565 0.633357 0.271739 0.633357 0.275 0.640669 0.275
0 0.600279 0.252174 0.599234 0.233696 0.5978410000000001 0.233696 0.596448 0.258696 0.601323 0.258696 0.601323 0.25543499999999997 0.600279 0.252174
0 0.575557 0.243478 0.5748610000000001 0.22934800000000002 0.573816 0.228261 0.572772 0.248913 0.5766020000000001 0.248913 0.5766020000000001 0.24673899999999999 0.575557 0.243478
0 0.556755 0.226087 0.5560579999999999 0.24130400000000002 0.558844 0.24130400000000002 0.5577989999999999 0.226087 0.556755 0.226087
0 0.5383009999999999 0.228261 0.537256 0.244565 0.54039 0.244565 0.539345 0.228261 0.5383009999999999 0.228261
0 0.517061 0.232609 0.516365 0.248913 0.51915 0.248913 0.5181060000000001 0.232609 0.517061 0.232609
0 0.49617000000000006 0.23586999999999997 0.495474 0.252174 0.49791100000000005 0.252174 0.496866 0.23586999999999997 0.49617000000000006 0.23586999999999997
0 0.503482 0.24130400000000002 0.502089 0.24130400000000002 0.501045 0.26087 0.504875 0.26087 0.504178 0.25543499999999997 0.503482 0.24130400000000002
0 0.514624 0.275 0.514624 0.271739 0.513928 0.271739 0.513231 0.268478 0.5121870000000001 0.248913 0.510794 0.248913 0.510097 0.270652 0.509053 0.271739 0.509053 0.275 0.514624 0.275
0 0.527855 0.294565 0.527855 0.290217 0.5271589999999999 0.290217 0.526462 0.286957 0.524721 0.261957 0.5229809999999999 0.261957 0.521936 0.28913 0.520543 0.290217 0.520543 0.294565 0.527855 0.294565
2 0.591226 0.294565 0.586351 0.394565 0.58461 0.395652 0.583565 0.403261 0.580432 0.404348 0.581128 0.407609 0.58461 0.41304299999999994 0.602368 0.41086999999999996 0.603064 0.393478 0.602368 0.390217 0.596448 0.296739 0.595404 0.293478 0.5961000000000001 0.291304 0.5961000000000001 0.28586999999999996 0.595404 0.284783 0.591226 0.28586999999999996 0.591226 0.291304 0.5919220000000001 0.293478 0.591226 0.294565
1 0.838092 0.261957 0.8502789999999999 0.26087 0.84993 0.258696 0.847145 0.254348 0.844708 0.22282600000000002 0.8433149999999999 0.22282600000000002 0.8426180000000001 0.226087 0.841226 0.25543499999999997 0.839485 0.25652200000000003 0.838092 0.261957
1 0.537604 0.30869599999999997 0.537604 0.304348 0.5365599999999999 0.304348 0.535864 0.301087 0.534123 0.269565 0.532033 0.269565 0.530989 0.303261 0.529248 0.304348 0.529248 0.30869599999999997 0.537604 0.30869599999999997
3 0.623259 0.5336960000000001 0.622563 0.5380429999999999 0.619777 0.53913 0.616992 0.543478 0.616992 0.555435 0.616295 0.565217 0.646936 0.565217 0.648329 0.5586960000000001 0.648329 0.5478259999999999 0.646936 0.541304 0.645195 0.5380429999999999 0.642409 0.536957 0.641713 0.5336960000000001 0.634401 0.42934799999999995 0.632312 0.426087 0.62883 0.42717400000000005 0.6277860000000001 0.43260899999999997 0.627437 0.44565200000000005 0.626393 0.456522 0.623259 0.5336960000000001
2 0.612465 0.397826 0.611421 0.425 0.610376 0.430435 0.607591 0.43260899999999997 0.6072420000000001 0.43804299999999996 0.604805 0.43804299999999996 0.604805 0.44021699999999997 0.607939 0.45108699999999996 0.626741 0.45 0.6277860000000001 0.42934799999999995 0.629526 0.425 0.629526 0.417391 0.627089 0.38152200000000003 0.626393 0.377174 0.6222139999999999 0.313043 0.62117 0.30869599999999997 0.62117 0.3 0.616295 0.3 0.616295 0.30978300000000003 0.615251 0.31413 0.612465 0.38260900000000003 0.612465 0.397826