1 0.693245 0.846739 0.693245 0.8293480000000001 0.6922010000000001 0.8043480000000001 0.692549 0.794565 0.689763 0.7880429999999999 0.687674 0.78587 0.680014 0.78587 0.6786209999999999 0.7880429999999999 0.678969 0.795652 0.673747 0.8423909999999999 0.673747 0.846739 0.693245 0.846739
1 0.539694 0.58587 0.537604 0.596739 0.533774 0.598913 0.532382 0.602174 0.532033 0.626087 0.5536209999999999 0.6304350000000001 0.562674 0.6304350000000001 0.562674 0.615217 0.5619780000000001 0.607609 0.560237 0.603261 0.5577989999999999 0.602174 0.557103 0.597826 0.552925 0.494565 0.552577 0.492391 0.546657 0.492391 0.5459609999999999 0.49565200000000004 0.541086 0.552174 0.5407379999999999 0.570652 0.539694 0.58587
1 0.5612809999999999 0.478261 0.5748610000000001 0.48260899999999995 0.580432 0.48260899999999995 0.580432 0.46956499999999995 0.577646 0.46630399999999994 0.57695 0.44782599999999995 0.575905 0.443478 0.575905 0.425 0.5748610000000001 0.4 0.5706819999999999 0.39891299999999996 0.5654600000000001 0.465217 0.564763 0.468478 0.562326 0.46956499999999995 0.5612809999999999 0.478261
1 0.615947 0.425 0.6145539999999999 0.42717400000000005 0.620474 0.431522 0.63266 0.430435 0.631964 0.428261 0.629875 0.42717400000000005 0.629178 0.422826 0.627089 0.420652 0.625348 0.370652 0.621866 0.370652 0.618384 0.417391 0.617688 0.420652 0.615947 0.421739 0.615947 0.425
1 0.693593 0.41630399999999995 0.691504 0.409783 0.689415 0.407609 0.6880219999999999 0.366304 0.684889 0.366304 0.682103 0.403261 0.6786209999999999 0.41413 0.682451 0.41630399999999995 0.693593 0.41630399999999995
1 0.8004870000000001 0.415217 0.803621 0.418478 0.812326 0.418478 0.8095399999999999 0.411957 0.8081480000000001 0.377174 0.805362 0.376087 0.8029249999999999 0.407609 0.802228 0.41086999999999996 0.800836 0.411957 0.8004870000000001 0.415217
1 0.8391360000000001 0.38260900000000003 0.8415739999999999 0.38587 0.8433149999999999 0.38587 0.8440110000000001 0.377174 0.8461000000000001 0.376087 0.8467969999999999 0.378261 0.847145 0.38587 0.848189 0.38587 0.848189 0.38260900000000003 0.8461000000000001 0.36956500000000003 0.8457520000000001 0.357609 0.8440110000000001 0.356522 0.842967 0.361957 0.841922 0.379348 0.8398329999999999 0.38043499999999997 0.8391360000000001 0.38260900000000003
1 0.857242 0.397826 0.857242 0.395652 0.856198 0.394565 0.855501 0.391304 0.854457 0.36739099999999997 0.853064 0.36739099999999997 0.850975 0.392391 0.8495820000000001 0.395652 0.8495820000000001 0.397826 0.857242 0.397826
1 0.821031 0.365217 0.8203340000000001 0.34565199999999996 0.8182449999999999 0.34565199999999996 0.817549 0.361957 0.816156 0.36739099999999997 0.8220750000000001 0.36847799999999997 0.821031 0.365217
1 0.792131 0.356522 0.797702 0.357609 0.796657 0.354348 0.7959609999999999 0.336957 0.794568 0.336957 0.793872 0.35 0.7928270000000001 0.354348 0.792131 0.354348 0.792131 0.356522
1 0.765669 0.34565199999999996 0.764276 0.338043 0.763928 0.325 0.762883 0.325 0.7621870000000001 0.32717399999999996 0.761838 0.336957 0.760794 0.344565 0.765669 0.34565199999999996
1 0.737465 0.33587 0.737465 0.333696 0.736421 0.330435 0.736421 0.320652 0.735724 0.317391 0.734331 0.317391 0.733983 0.32717399999999996 0.732591 0.333696 0.733287 0.33587 0.737465 0.33587
1 0.69429 0.322826 0.6946380000000001 0.320652 0.693245 0.317391 0.692897 0.306522 0.691504 0.305435 0.690808 0.318478 0.689763 0.321739 0.6922010000000001 0.323913 0.69429 0.322826
1 0.668524 0.311957 0.6674789999999999 0.30869599999999997 0.667131 0.298913 0.6657379999999999 0.29782600000000004 0.664694 0.311957 0.66539 0.31413 0.668524 0.31413 0.668524 0.311957
3 0.264276 0.38260900000000003 0.262535 0.384783 0.268454 0.388043 0.28064100000000003 0.386957 0.28064100000000003 0.378261 0.278552 0.377174 0.277507 0.371739 0.276462 0.34565199999999996 0.275766 0.342391 0.27507000000000004 0.318478 0.27124000000000004 0.318478 0.267758 0.371739 0.266713 0.376087 0.264972 0.377174 0.264276 0.38260900000000003
3 0.41156 0.356522 0.42479100000000003 0.357609 0.42479100000000003 0.355435 0.422354 0.348913 0.420613 0.30978300000000003 0.418175 0.30978300000000003 0.415042 0.348913 0.41434499999999996 0.35108700000000004 0.412953 0.35108700000000004 0.41156 0.356522
3 0.547006 0.355435 0.544916 0.34565199999999996 0.544916 0.334783 0.5442199999999999 0.32934800000000003 0.543872 0.317391 0.541783 0.317391 0.539694 0.34565199999999996 0.537604 0.353261 0.539345 0.355435 0.547006 0.355435
3 0.6504179999999999 0.361957 0.6525070000000001 0.36413 0.658426 0.36413 0.6580779999999999 0.36086999999999997 0.657033 0.358696 0.655989 0.330435 0.654248 0.330435 0.652855 0.355435 0.6521589999999999 0.358696 0.650766 0.358696 0.6504179999999999 0.361957
3 0.709958 0.35108700000000004 0.708914 0.341304 0.708565 0.326087 0.7071729999999999 0.325 0.706476 0.328261 0.706128 0.33587 0.706825 0.35108700000000004 0.709958 0.35108700000000004
3 0.700557 0.343478 0.702646 0.343478 0.703691 0.32934800000000003 0.703343 0.320652 0.702298 0.320652 0.701253 0.338043 0.700209 0.341304 0.700557 0.343478
3 0.699164 0.338043 0.6981200000000001 0.31630400000000003 0.696727 0.31630400000000003 0.6956819999999999 0.33260900000000004 0.6946380000000001 0.33587 0.696031 0.338043 0.699164 0.338043
3 0.683496 0.31087 0.682451 0.31087 0.681755 0.325 0.68071 0.328261 0.6845399999999999 0.32934800000000003 0.683496 0.31087
3 0.663649 0.305435 0.662953 0.305435 0.662256 0.31630400000000003 0.661212 0.322826 0.665042 0.323913 0.663649 0.305435
3 0.630223 0.31413 0.634749 0.31521699999999997 0.634749 0.313043 0.633705 0.30978300000000003 0.633357 0.296739 0.63266 0.29565199999999997 0.631616 0.302174 0.631616 0.30978300000000003 0.630223 0.311957 0.630223 0.31413
1 0.8405290000000001 0.40543500000000005 0.840181 0.409783 0.849234 0.41304299999999994 0.84993 0.411957 0.84993 0.409783 0.848189 0.407609 0.846448 0.378261 0.8443590000000001 0.377174 0.8433149999999999 0.386957 0.8426180000000001 0.40217400000000003 0.841922 0.40543500000000005 0.8405290000000001 0.40543500000000005
3 0.678969 0.36086999999999997 0.68663 0.363043 0.685933 0.358696 0.684889 0.357609 0.684192 0.331522 0.682103 0.331522 0.68071 0.354348 0.680014 0.357609 0.678969 0.358696 0.678969 0.36086999999999997
3 0.700905 0.356522 0.7071729999999999 0.357609 0.706128 0.348913 0.7057800000000001 0.33260900000000004 0.705432 0.330435 0.703691 0.330435 0.702646 0.35108700000000004 0.70195 0.354348 0.700905 0.354348 0.700905 0.356522