1 0.6939420000000001 0.846739 0.6939420000000001 0.833696 0.6922010000000001 0.793478 0.692897 0.791304 0.692549 0.786957 0.687674 0.780435 0.680014 0.780435 0.6786209999999999 0.786957 0.674095 0.836957 0.673747 0.846739 0.6939420000000001 0.846739
1 0.45369099999999996 0.548913 0.45194999999999996 0.552174 0.45194999999999996 0.573913 0.48189399999999993 0.573913 0.48189399999999993 0.569565 0.48015299999999994 0.565217 0.48015299999999994 0.555435 0.478064 0.551087 0.47492999999999996 0.5478259999999999 0.4711 0.45 0.47075199999999995 0.44782599999999995 0.465181 0.44782599999999995 0.46344 0.46413000000000004 0.45717299999999994 0.543478 0.456128 0.5478259999999999 0.45369099999999996 0.548913
1 0.48676899999999995 0.430435 0.48676899999999995 0.441304 0.50383 0.441304 0.50383 0.433696 0.503134 0.431522 0.501393 0.430435 0.500696 0.426087 0.49930399999999997 0.379348 0.498259 0.36413 0.494777 0.365217 0.49025100000000005 0.425 0.48955399999999993 0.428261 0.48676899999999995 0.430435
1 0.566156 0.391304 0.564763 0.394565 0.570334 0.397826 0.581128 0.396739 0.579735 0.393478 0.579735 0.390217 0.57695 0.388043 0.575209 0.341304 0.572423 0.341304 0.56929 0.383696 0.568593 0.386957 0.566504 0.388043 0.566156 0.391304
1 0.665042 0.383696 0.6692199999999999 0.386957 0.677925 0.386957 0.6768799999999999 0.38043499999999997 0.6751389999999999 0.378261 0.673747 0.33913000000000004 0.671657 0.33913000000000004 0.668872 0.373913 0.668175 0.377174 0.666783 0.378261 0.665042 0.383696
1 0.779944 0.390217 0.7830779999999999 0.393478 0.789694 0.393478 0.789694 0.38913000000000003 0.7883009999999999 0.386957 0.787256 0.352174 0.7848189999999999 0.352174 0.782382 0.38260900000000003 0.781685 0.38587 0.779944 0.38587 0.779944 0.390217
1 0.9063370000000001 0.41304299999999994 0.908774 0.415217 0.917131 0.415217 0.917131 0.41086999999999996 0.9157379999999999 0.40869600000000006 0.914345 0.372826 0.911908 0.372826 0.908774 0.40543500000000005 0.908078 0.407609 0.9063370000000001 0.40869600000000006 0.9063370000000001 0.41304299999999994
3 0.069986 0.479348 0.068942 0.481522 0.068593 0.48804299999999995 0.067897 0.490217 0.06337000000000001 0.494565 0.063022 0.496739 0.07694999999999999 0.49891300000000005 0.092967 0.49891300000000005 0.10410900000000001 0.48913 0.09992999999999999 0.48695700000000003 0.099582 0.479348 0.097841 0.476087 0.094708 0.475 0.094011 0.471739 0.087744 0.379348 0.081128 0.379348 0.074513 0.475 0.073468 0.47717400000000004 0.069986 0.479348
3 0.274721 0.377174 0.27298100000000003 0.378261 0.272632 0.38043499999999997 0.277855 0.38260900000000003 0.288649 0.38260900000000003 0.293524 0.38043499999999997 0.291435 0.378261 0.291086 0.373913 0.28830100000000003 0.370652 0.285167 0.31521699999999997 0.282033 0.31521699999999997 0.278552 0.36847799999999997 0.277855 0.371739 0.275418 0.372826 0.274721 0.377174
3 0.427577 0.346739 0.43071000000000004 0.348913 0.441156 0.347826 0.44011100000000003 0.344565 0.44011100000000003 0.342391 0.43802199999999997 0.340217 0.436281 0.302174 0.434192 0.302174 0.431755 0.336957 0.431058 0.340217 0.429666 0.340217 0.427577 0.346739
3 0.581825 0.341304 0.581128 0.33587 0.580084 0.307609 0.577994 0.307609 0.575557 0.344565 0.582869 0.344565 0.582869 0.341304 0.581825 0.341304
3 0.715529 0.353261 0.7148329999999999 0.357609 0.723886 0.357609 0.723886 0.354348 0.7228410000000001 0.352174 0.721448 0.323913 0.7193590000000001 0.323913 0.717618 0.348913 0.7169220000000001 0.352174 0.715529 0.353261
3 0.863162 0.38260900000000003 0.871866 0.383696 0.871866 0.38043499999999997 0.870474 0.376087 0.8690810000000001 0.348913 0.866992 0.348913 0.864903 0.376087 0.864206 0.378261 0.863162 0.378261 0.863162 0.38260900000000003