0 0.8440110000000001 0.5478259999999999 0.840181 0.553261 0.862813 0.561957 0.868036 0.561957 0.869429 0.557609 0.869429 0.55 0.8673400000000001 0.544565 0.864903 0.543478 0.864206 0.5380429999999999 0.861421 0.46195700000000006 0.85585 0.46087 0.849234 0.53587 0.8485379999999999 0.5380429999999999 0.8443590000000001 0.540217 0.8440110000000001 0.5478259999999999
1 0.697772 0.709783 0.69429 0.71087 0.691156 0.715217 0.6904600000000001 0.717391 0.690111 0.725 0.684192 0.731522 0.684192 0.7369570000000001 0.711351 0.7608699999999999 0.719708 0.7608699999999999 0.735376 0.746739 0.735724 0.742391 0.73085 0.7369570000000001 0.7301529999999999 0.734783 0.7301529999999999 0.729348 0.7287600000000001 0.725 0.723189 0.717391 0.717967 0.58913 0.718315 0.579348 0.716226 0.5771740000000001 0.7092620000000001 0.5771740000000001 0.707869 0.598913 0.7071729999999999 0.602174 0.698468 0.7076089999999999 0.697772 0.709783
1 0.35201899999999997 0.433696 0.351323 0.43695700000000004 0.349234 0.43804299999999996 0.348538 0.44021699999999997 0.354805 0.44782599999999995 0.372911 0.446739 0.372911 0.44239100000000003 0.37117 0.441304 0.370125 0.43478300000000003 0.366992 0.431522 0.363858 0.36413 0.35968 0.36413 0.35550099999999996 0.428261 0.354805 0.431522 0.353412 0.431522 0.35201899999999997 0.433696
1 0.24756300000000003 0.34565199999999996 0.260446 0.346739 0.259749 0.341304 0.258008 0.340217 0.257312 0.336957 0.255571 0.29782600000000004 0.253134 0.296739 0.25 0.33587 0.24930400000000003 0.33913000000000004 0.24756300000000003 0.341304 0.24756300000000003 0.34565199999999996
1 0.203343 0.29782600000000004 0.203343 0.303261 0.213092 0.304348 0.212744 0.3 0.211003 0.29782600000000004 0.209958 0.268478 0.207521 0.267391 0.20682499999999998 0.271739 0.20578 0.294565 0.205084 0.29782600000000004 0.203343 0.29782600000000004
1 0.158426 0.261957 0.16434500000000002 0.263043 0.16434500000000002 0.259783 0.163301 0.25543499999999997 0.162256 0.23913 0.16051500000000002 0.23913 0.159819 0.25543499999999997 0.159123 0.258696 0.158426 0.258696 0.158426 0.261957
1 0.152507 0.252174 0.152507 0.248913 0.151462 0.24673899999999999 0.151114 0.232609 0.150418 0.230435 0.14902500000000002 0.230435 0.148329 0.24673899999999999 0.146936 0.248913 0.146936 0.252174 0.152507 0.252174
1 0.143106 0.243478 0.143106 0.24021699999999999 0.142061 0.23478300000000002 0.141713 0.225 0.139972 0.225 0.139624 0.23478300000000002 0.138579 0.24021699999999999 0.138579 0.243478 0.143106 0.243478
0 0.44463800000000003 0.338043 0.45194999999999996 0.338043 0.45194999999999996 0.33587 0.45020899999999997 0.331522 0.448468 0.298913 0.446727 0.298913 0.44463800000000003 0.330435 0.44254899999999997 0.333696 0.44254899999999997 0.33587 0.44463800000000003 0.338043
1 0.184192 0.27934800000000004 0.184192 0.276087 0.183148 0.275 0.182451 0.270652 0.182451 0.263043 0.181407 0.251087 0.179318 0.25 0.178273 0.272826 0.17687999999999998 0.275 0.17687999999999998 0.27934800000000004 0.184192 0.27934800000000004
1 0.13370500000000002 0.220652 0.13266 0.220652 0.131616 0.236957 0.135097 0.236957 0.134053 0.22934800000000002 0.13370500000000002 0.220652
1 0.127089 0.21739099999999997 0.126393 0.230435 0.129178 0.230435 0.128482 0.219565 0.127089 0.21739099999999997