1 0.593663 0.659783 0.592618 0.6673910000000001 0.581128 0.808696 0.579735 0.8119569999999999 0.576253 0.8141299999999999 0.572423 0.8206519999999999 0.569986 0.8304349999999999 0.566852 0.8304349999999999 0.5630219999999999 0.834783 0.562326 0.8380430000000001 0.562326 0.8423909999999999 0.564763 0.846739 0.62117 0.846739 0.620474 0.834783 0.61734 0.825 0.612465 0.8195650000000001 0.611421 0.8141299999999999 0.604805 0.6489130000000001 0.6037600000000001 0.646739 0.600975 0.6445649999999999 0.595752 0.6445649999999999 0.594011 0.6489130000000001 0.593663 0.659783
2 0.360724 0.49891300000000005 0.360028 0.502174 0.357591 0.502174 0.356894 0.504348 0.356546 0.509783 0.350975 0.509783 0.350975 0.511957 0.357591 0.521739 0.360724 0.528261 0.392409 0.527174 0.393106 0.525 0.393106 0.520652 0.388231 0.515217 0.387535 0.5130429999999999 0.387187 0.5054350000000001 0.38405300000000003 0.5 0.377089 0.358696 0.37639300000000003 0.355435 0.377089 0.353261 0.376741 0.346739 0.371518 0.346739 0.370125 0.348913 0.370474 0.355435 0.36977699999999997 0.357609 0.360724 0.49891300000000005
1 0.342618 0.49347799999999997 0.341226 0.49347799999999997 0.341226 0.49565200000000004 0.349234 0.508696 0.356546 0.508696 0.356546 0.504348 0.357591 0.501087 0.360028 0.501087 0.362117 0.47282599999999997 0.362117 0.46087 0.358983 0.4 0.358287 0.39891299999999996 0.354109 0.4 0.34784099999999996 0.48804299999999995 0.343315 0.48913 0.342618 0.49347799999999997
1 0.268802 0.370652 0.267409 0.372826 0.268802 0.375 0.285864 0.375 0.285515 0.372826 0.28447100000000003 0.372826 0.283426 0.36956500000000003 0.283426 0.36739099999999997 0.28098900000000004 0.365217 0.278203 0.31087 0.27507000000000004 0.31087 0.271588 0.363043 0.270891 0.366304 0.268802 0.366304 0.268802 0.370652
1 0.244429 0.331522 0.24686599999999997 0.333696 0.253134 0.333696 0.256616 0.331522 0.256616 0.328261 0.25522300000000003 0.32717399999999996 0.254526 0.322826 0.25243699999999997 0.284783 0.24930400000000003 0.284783 0.247214 0.322826 0.24651800000000001 0.326087 0.24477699999999997 0.32717399999999996 0.244429 0.331522
1 0.189067 0.302174 0.18836999999999998 0.304348 0.191504 0.306522 0.20090499999999997 0.305435 0.197423 0.298913 0.195682 0.263043 0.193245 0.263043 0.191504 0.29565199999999997 0.190808 0.298913 0.189067 0.298913 0.189067 0.302174
1 0.104457 0.27934800000000004 0.10724199999999999 0.281522 0.11281300000000001 0.281522 0.11525099999999999 0.27934800000000004 0.11525099999999999 0.277174 0.11351 0.275 0.11281300000000001 0.270652 0.11142099999999999 0.24239099999999997 0.108287 0.24239099999999997 0.106894 0.270652 0.10619799999999999 0.27391299999999996 0.104457 0.276087 0.104457 0.27934800000000004
1 0.098189 0.22934800000000002 0.09714500000000001 0.22282600000000002 0.096448 0.21086999999999997 0.094359 0.209783 0.09331500000000001 0.22391299999999997 0.09226999999999999 0.227174 0.09226999999999999 0.22934800000000002 0.098189 0.22934800000000002
1 0.16434500000000002 0.232609 0.163301 0.228261 0.162604 0.215217 0.160864 0.215217 0.16051500000000002 0.227174 0.159123 0.233696 0.163997 0.23478300000000002 0.16434500000000002 0.232609
3 0.085306 0.219565 0.084262 0.215217 0.083565 0.203261 0.08182500000000001 0.203261 0.08077999999999999 0.216304 0.079735 0.220652 0.084958 0.221739 0.085306 0.219565
3 0.12883 0.20760900000000002 0.127437 0.226087 0.131964 0.226087 0.130223 0.20760900000000002 0.12883 0.20760900000000002
3 0.167479 0.21086999999999997 0.165738 0.21086999999999997 0.16538999999999998 0.219565 0.163997 0.227174 0.168524 0.228261 0.167479 0.21086999999999997
3 0.185933 0.228261 0.19046000000000002 0.228261 0.189415 0.221739 0.189415 0.215217 0.188719 0.211957 0.188022 0.211957 0.186978 0.219565 0.186978 0.225 0.185933 0.226087 0.185933 0.228261
1 0.21518099999999998 0.230435 0.21448499999999998 0.218478 0.213788 0.21739099999999997 0.212744 0.231522 0.211699 0.23586999999999997 0.21622599999999997 0.23586999999999997 0.21518099999999998 0.230435
1 0.25522300000000003 0.236957 0.254178 0.231522 0.253482 0.220652 0.252786 0.22282600000000002 0.25243699999999997 0.231522 0.251045 0.236957 0.25522300000000003 0.236957
1 0.27890000000000004 0.233696 0.278203 0.22391299999999997 0.27681100000000003 0.22282600000000002 0.27681100000000003 0.230435 0.275418 0.236957 0.279944 0.236957 0.27890000000000004 0.233696
2 0.337396 0.467391 0.33669899999999997 0.470652 0.333914 0.471739 0.333565 0.478261 0.329387 0.478261 0.330084 0.481522 0.335655 0.49130399999999996 0.342618 0.49130399999999996 0.343315 0.48804299999999995 0.347493 0.48804299999999995 0.353412 0.403261 0.35375999999999996 0.4 0.355153 0.397826 0.355153 0.38913000000000003 0.352368 0.342391 0.35167099999999996 0.338043 0.35201899999999997 0.334783 0.351323 0.330435 0.345752 0.330435 0.34609999999999996 0.33913000000000004 0.345056 0.347826 0.337396 0.467391