0 0.27681100000000003 0.7793479999999999 0.276114 0.781522 0.268454 0.791304 0.268454 0.796739 0.297006 0.8195650000000001 0.300487 0.8195650000000001 0.324164 0.7880429999999999 0.324861 0.78587 0.333565 0.775 0.333914 0.772826 0.325905 0.765217 0.32520899999999997 0.7630429999999999 0.32520899999999997 0.756522 0.322772 0.748913 0.315808 0.7445649999999999 0.302577 0.602174 0.301532 0.58587 0.293175 0.584783 0.291435 0.5869570000000001 0.285515 0.753261 0.27681100000000003 0.770652 0.27681100000000003 0.7793479999999999
0 0.627437 0.378261 0.626045 0.38043499999999997 0.625696 0.383696 0.634053 0.38587 0.643802 0.38587 0.647632 0.38043499999999997 0.649025 0.376087 0.647284 0.375 0.646936 0.371739 0.645891 0.36956500000000003 0.6431060000000001 0.36739099999999997 0.638579 0.3 0.634401 0.3 0.631267 0.36739099999999997 0.630571 0.371739 0.6277860000000001 0.372826 0.627437 0.378261
0 0.7729809999999999 0.21086999999999997 0.771936 0.209783 0.7712399999999999 0.206522 0.7698470000000001 0.18587 0.7677579999999999 0.18587 0.767061 0.20543499999999998 0.76532 0.213043 0.772632 0.213043 0.7729809999999999 0.21086999999999997
0 0.7924789999999999 0.183696 0.791783 0.18043499999999998 0.791086 0.167391 0.789345 0.167391 0.787953 0.18695699999999998 0.793175 0.18695699999999998 0.793524 0.184783 0.7924789999999999 0.183696
0 0.7851670000000001 0.19456500000000002 0.783774 0.190217 0.78273 0.173913 0.7806409999999999 0.173913 0.779596 0.191304 0.778552 0.197826 0.7848189999999999 0.196739 0.7851670000000001 0.19456500000000002
0 0.755571 0.23478300000000002 0.75383 0.232609 0.753134 0.22934800000000002 0.751393 0.202174 0.748955 0.202174 0.747563 0.22934800000000002 0.745474 0.238043 0.755571 0.238043 0.755571 0.23478300000000002
0 0.7092620000000001 0.277174 0.708217 0.283696 0.7211000000000001 0.283696 0.722145 0.281522 0.722145 0.278261 0.7193590000000001 0.276087 0.7169220000000001 0.233696 0.714136 0.232609 0.7134400000000001 0.233696 0.711351 0.27391299999999996 0.710655 0.277174 0.7092620000000001 0.277174
0 0.7983979999999999 0.178261 0.798747 0.176087 0.797354 0.17282599999999998 0.797006 0.159783 0.795265 0.159783 0.794568 0.17282599999999998 0.793524 0.176087 0.793524 0.178261 0.7983979999999999 0.178261
0 0.802228 0.16956500000000002 0.8011839999999999 0.166304 0.800836 0.157609 0.799443 0.156522 0.798747 0.168478 0.797702 0.171739 0.802228 0.17282599999999998 0.802228 0.16956500000000002
0 0.8060579999999999 0.16413 0.8050140000000001 0.161957 0.804318 0.153261 0.8032730000000001 0.15434799999999999 0.802228 0.167391 0.8060579999999999 0.166304 0.8060579999999999 0.16413
0 0.940808 0.20543499999999998 0.9505570000000001 0.20543499999999998 0.950905 0.202174 0.9495129999999999 0.2 0.9488160000000001 0.196739 0.947423 0.17282599999999998 0.9449859999999999 0.17282599999999998 0.942897 0.198913 0.9422010000000001 0.20108700000000002 0.940808 0.20108700000000002 0.940808 0.20543499999999998
0 0.927228 0.18913 0.9261839999999999 0.184783 0.9244429999999999 0.163043 0.9227019999999999 0.163043 0.9213089999999999 0.18152200000000002 0.9195679999999999 0.18695699999999998 0.9195679999999999 0.18913 0.927228 0.18913
0 0.9112120000000001 0.17282599999999998 0.9101670000000001 0.157609 0.9084260000000001 0.157609 0.9073819999999999 0.171739 0.9063370000000001 0.178261 0.912256 0.178261 0.9112120000000001 0.17282599999999998
0 0.9004179999999999 0.165217 0.8997210000000001 0.152174 0.898329 0.152174 0.897284 0.167391 0.89624 0.170652 0.9014620000000001 0.170652 0.9004179999999999 0.165217