3 0.44603099999999996 0.616304 0.445334 0.622826 0.44428999999999996 0.6543479999999999 0.443245 0.661957 0.439067 0.7608699999999999 0.433844 0.767391 0.430014 0.778261 0.429666 0.7880429999999999 0.427925 0.7923910000000001 0.424095 0.7978259999999999 0.423747 0.808696 0.430014 0.8141299999999999 0.442897 0.8206519999999999 0.446727 0.825 0.450905 0.826087 0.466226 0.8239129999999999 0.482939 0.796739 0.48433099999999996 0.7923910000000001 0.48015299999999994 0.7880429999999999 0.47910899999999995 0.7739130000000001 0.47736799999999996 0.766304 0.47423400000000004 0.7608699999999999 0.46970799999999996 0.758696 0.468663 0.756522 0.462744 0.6728259999999999 0.46065500000000004 0.653261 0.459262 0.629348 0.456825 0.603261 0.456825 0.592391 0.454735 0.58913 0.448468 0.58913 0.446379 0.592391 0.446727 0.597826 0.44603099999999996 0.606522 0.44603099999999996 0.616304
3 0.562326 0.41956499999999997 0.560585 0.42391300000000004 0.565111 0.422826 0.566504 0.409783 0.5706819999999999 0.409783 0.571727 0.41304299999999994 0.572423 0.425 0.582869 0.42391300000000004 0.583217 0.421739 0.581825 0.418478 0.581825 0.411957 0.5790390000000001 0.41086999999999996 0.577646 0.406522 0.572772 0.33587 0.56929 0.33587 0.565808 0.406522 0.565111 0.41086999999999996 0.562326 0.41304299999999994 0.562326 0.41956499999999997
3 0.529596 0.366304 0.528552 0.36739099999999997 0.528552 0.370652 0.5306409999999999 0.372826 0.5459609999999999 0.371739 0.545265 0.363043 0.543175 0.361957 0.541783 0.357609 0.5383009999999999 0.303261 0.5351670000000001 0.303261 0.53273 0.358696 0.532033 0.363043 0.529944 0.363043 0.529596 0.366304
3 0.48433099999999996 0.336957 0.482939 0.338043 0.496866 0.338043 0.496866 0.331522 0.495125 0.330435 0.49442899999999995 0.32717399999999996 0.491643 0.283696 0.489206 0.283696 0.488162 0.296739 0.487117 0.330435 0.48502799999999996 0.33260900000000004 0.48433099999999996 0.336957
3 0.433844 0.325 0.446379 0.325 0.446727 0.318478 0.445334 0.317391 0.44428999999999996 0.313043 0.443593 0.29565199999999997 0.441852 0.278261 0.439763 0.277174 0.43802199999999997 0.318478 0.436281 0.319565 0.435933 0.323913 0.433844 0.325
3 0.321727 0.313043 0.33286899999999997 0.313043 0.329387 0.303261 0.327994 0.275 0.325905 0.275 0.324513 0.307609 0.32311999999999996 0.30869599999999997 0.32311999999999996 0.31087 0.321727 0.313043
3 0.280292 0.296739 0.28830100000000003 0.296739 0.288997 0.29565199999999997 0.286908 0.28913 0.286908 0.282609 0.285515 0.265217 0.284123 0.265217 0.283078 0.291304 0.282382 0.293478 0.28064100000000003 0.294565 0.280292 0.296739
3 0.31162999999999996 0.275 0.310933 0.275 0.30988899999999997 0.270652 0.308844 0.251087 0.30745100000000003 0.251087 0.306407 0.272826 0.304318 0.277174 0.31162999999999996 0.277174 0.31162999999999996 0.275
3 0.36594699999999997 0.25543499999999997 0.364554 0.238043 0.363162 0.236957 0.362813 0.252174 0.361072 0.258696 0.366992 0.258696 0.36594699999999997 0.25543499999999997
3 0.44011100000000003 0.24130400000000002 0.43837000000000004 0.228261 0.43837000000000004 0.22391299999999997 0.437326 0.22391299999999997 0.43662999999999996 0.236957 0.435585 0.24239099999999997 0.439415 0.243478 0.44011100000000003 0.24130400000000002
3 0.51915 0.228261 0.5177579999999999 0.213043 0.517061 0.211957 0.516365 0.225 0.514624 0.231522 0.520195 0.231522 0.51915 0.228261
3 0.598538 0.22282600000000002 0.596797 0.216304 0.5961000000000001 0.203261 0.595404 0.20543499999999998 0.594708 0.21739099999999997 0.592618 0.22282600000000002 0.598538 0.22282600000000002
3 0.6793180000000001 0.211957 0.6786209999999999 0.196739 0.677577 0.196739 0.6768799999999999 0.209783 0.6754870000000001 0.215217 0.6803619999999999 0.215217 0.6793180000000001 0.211957
3 0.763231 0.20760900000000002 0.762535 0.191304 0.76149 0.191304 0.7604460000000001 0.206522 0.759053 0.211957 0.764276 0.211957 0.763231 0.20760900000000002
3 0.854109 0.20543499999999998 0.853412 0.18695699999999998 0.852019 0.18695699999999998 0.850975 0.203261 0.848886 0.209783 0.855501 0.209783 0.854109 0.20543499999999998
3 0.8997210000000001 0.203261 0.898677 0.183696 0.897284 0.183696 0.89624 0.203261 0.894499 0.20760900000000002 0.901114 0.20760900000000002 0.8997210000000001 0.203261
1 0.916783 0.370652 0.913997 0.372826 0.924095 0.378261 0.9418519999999999 0.377174 0.9397629999999999 0.370652 0.939415 0.366304 0.9369780000000001 0.365217 0.935585 0.36086999999999997 0.930362 0.293478 0.9261839999999999 0.293478 0.9213089999999999 0.36086999999999997 0.920613 0.36413 0.9174789999999999 0.365217 0.916783 0.370652
1 0.766713 0.31413 0.764972 0.31630400000000003 0.782033 0.31630400000000003 0.780989 0.313043 0.780989 0.31087 0.779248 0.30978300000000003 0.778203 0.305435 0.77507 0.26087 0.772284 0.26087 0.7698470000000001 0.306522 0.76915 0.30978300000000003 0.767409 0.30978300000000003 0.766713 0.31413
1 0.662604 0.291304 0.676184 0.290217 0.6751389999999999 0.28913 0.674791 0.28586999999999996 0.67305 0.284783 0.670265 0.24673899999999999 0.668175 0.24673899999999999 0.666086 0.284783 0.663997 0.28586999999999996 0.663997 0.288043 0.662604 0.291304
1 0.564415 0.280435 0.575209 0.27934800000000004 0.572423 0.271739 0.570334 0.243478 0.568593 0.243478 0.5672010000000001 0.275 0.565808 0.276087 0.565808 0.278261 0.564415 0.280435
1 0.455084 0.277174 0.455084 0.275 0.453343 0.272826 0.452646 0.269565 0.451253 0.24565199999999998 0.44951299999999994 0.24565199999999998 0.44812 0.272826 0.447075 0.27391299999999996 0.446379 0.277174 0.455084 0.277174
1 0.424095 0.272826 0.421657 0.267391 0.420961 0.24673899999999999 0.41922 0.24673899999999999 0.418175 0.266304 0.41713100000000003 0.270652 0.415738 0.272826 0.424095 0.272826
1 0.41782700000000006 0.26413000000000003 0.418524 0.24673899999999999 0.419916 0.24565199999999998 0.419916 0.238043 0.418524 0.238043 0.417479 0.259783 0.415738 0.26413000000000003 0.41782700000000006 0.26413000000000003
1 0.447075 0.243478 0.446379 0.231522 0.44568199999999997 0.230435 0.444986 0.24565199999999998 0.443245 0.253261 0.448468 0.253261 0.447075 0.243478
1 0.48328699999999997 0.243478 0.481546 0.225 0.48085000000000006 0.22391299999999997 0.479805 0.24239099999999997 0.478064 0.24673899999999999 0.48468 0.24673899999999999 0.48328699999999997 0.243478
1 0.5383009999999999 0.23913 0.536908 0.233696 0.536212 0.219565 0.5348189999999999 0.216304 0.5348189999999999 0.228261 0.534123 0.23586999999999997 0.5330779999999999 0.23913 0.5383009999999999 0.23913
1 0.6055010000000001 0.226087 0.604457 0.209783 0.6037600000000001 0.209783 0.603064 0.22391299999999997 0.601323 0.230435 0.6068939999999999 0.230435 0.6055010000000001 0.226087
1 0.672006 0.219565 0.671309 0.20434800000000003 0.669916 0.20434800000000003 0.6692199999999999 0.218478 0.6674789999999999 0.225 0.6733979999999999 0.225 0.672006 0.219565
1 0.7322420000000001 0.216304 0.731198 0.2 0.7301529999999999 0.2 0.729109 0.215217 0.727716 0.22282600000000002 0.733287 0.22282600000000002 0.7322420000000001 0.216304
1 0.8353059999999999 0.211957 0.8342620000000001 0.196739 0.832869 0.196739 0.831476 0.218478 0.829735 0.22282600000000002 0.8370469999999999 0.22282600000000002 0.8353059999999999 0.211957
1 0.916086 0.216304 0.914345 0.192391 0.9129530000000001 0.192391 0.9112120000000001 0.216304 0.9094709999999999 0.220652 0.9174789999999999 0.220652 0.916086 0.216304
3 0.5595399999999999 0.518478 0.555014 0.522826 0.554666 0.5336960000000001 0.552577 0.53913 0.552577 0.5423910000000001 0.566852 0.544565 0.581476 0.544565 0.585306 0.532609 0.586003 0.527174 0.58461 0.526087 0.5842620000000001 0.522826 0.5825210000000001 0.5195649999999999 0.578691 0.515217 0.572075 0.431522 0.5713790000000001 0.41304299999999994 0.5706819999999999 0.41086999999999996 0.566504 0.41086999999999996 0.5654600000000001 0.421739 0.5654600000000001 0.42934799999999995 0.560585 0.51413 0.5595399999999999 0.518478