2 0.563462 0.624233 0.563462 0.631135 0.5602560000000001 0.641104 0.559615 0.657209 0.558333 0.6648769999999999 0.555769 0.669479 0.55 0.672546 0.548718 0.675613 0.548718 0.680982 0.5512819999999999 0.685583 0.569231 0.685583 0.575641 0.687117 0.580769 0.68635 0.580769 0.630368 0.578846 0.622699 0.578846 0.618098 0.577564 0.6157980000000001 0.575641 0.5973930000000001 0.5737180000000001 0.593558 0.569231 0.594325 0.566667 0.601227 0.566667 0.607362 0.563462 0.624233
2 0.452564 0.586656 0.452564 0.599693 0.45 0.608896 0.444872 0.61273 0.444872 0.6157980000000001 0.45320499999999997 0.618098 0.469231 0.618098 0.47243599999999997 0.616564 0.47435900000000003 0.613497 0.47243599999999997 0.610429 0.471154 0.610429 0.469231 0.608129 0.46730799999999995 0.602761 0.466667 0.595859 0.46538500000000005 0.592791 0.463462 0.56365 0.461538 0.559049 0.45769200000000004 0.558282 0.455769 0.56365 0.455769 0.569018 0.45384599999999997 0.575153 0.452564 0.586656
2 0.483333 0.572086 0.496795 0.572086 0.498077 0.571319 0.49871800000000005 0.568252 0.49615400000000004 0.565951 0.494872 0.562117 0.49230799999999997 0.536043 0.48974399999999996 0.535276 0.487821 0.53911 0.48461499999999996 0.565951 0.480128 0.570552 0.483333 0.572086
1 0.380128 0.659509 0.380128 0.6648769999999999 0.376282 0.684049 0.367308 0.690184 0.367308 0.692485 0.373718 0.703221 0.408974 0.69862 0.408333 0.695552 0.40512800000000004 0.690951 0.40512800000000004 0.687883 0.397436 0.682515 0.391667 0.639571 0.388462 0.63727 0.38461500000000004 0.638804 0.38205100000000003 0.647239 0.38205100000000003 0.654141 0.380128 0.659509
1 0.551923 0.596626 0.551923 0.598926 0.553846 0.60046 0.566667 0.599693 0.567949 0.596626 0.562821 0.569018 0.560897 0.569018 0.559615 0.570552 0.555769 0.592025 0.551923 0.596626
1 0.47692300000000004 0.572086 0.478846 0.572086 0.47948700000000005 0.568252 0.478205 0.565951 0.477564 0.559049 0.475 0.55138 0.47243599999999997 0.550613 0.471795 0.559049 0.47435900000000003 0.56135 0.475641 0.570552 0.47692300000000004 0.572086
3 0.5480769999999999 0.575153 0.5576920000000001 0.574387 0.558333 0.572086 0.555769 0.570552 0.5544870000000001 0.566718 0.552564 0.55138 0.55 0.55138 0.548718 0.56135 0.546795 0.567485 0.546795 0.5728530000000001 0.5480769999999999 0.575153
3 0.5352560000000001 0.5851230000000001 0.537821 0.586656 0.544872 0.586656 0.5512819999999999 0.584356 0.5512819999999999 0.582822 0.546795 0.577454 0.5455129999999999 0.562117 0.54359 0.558282 0.540385 0.560583 0.537821 0.5789880000000001 0.533974 0.582822 0.5352560000000001 0.5851230000000001
3 0.480128 0.601994 0.478846 0.601994 0.477564 0.605061 0.478846 0.606595 0.498077 0.606595 0.49871800000000005 0.604294 0.49359000000000003 0.60046 0.49166699999999997 0.582055 0.490385 0.5789880000000001 0.491026 0.57592 0.48974399999999996 0.57362 0.486538 0.57362 0.485256 0.57592 0.485256 0.582822 0.48205099999999995 0.599693 0.480128 0.601994
3 0.42948700000000006 0.618098 0.430128 0.618865 0.42884599999999995 0.625 0.423077 0.630368 0.423077 0.633436 0.42435900000000004 0.634969 0.430769 0.636503 0.43140999999999996 0.638037 0.444231 0.636503 0.449359 0.632669 0.44807699999999995 0.629601 0.44551299999999994 0.629601 0.44359000000000004 0.626534 0.440385 0.5973930000000001 0.43910299999999997 0.593558 0.437179 0.592025 0.43397399999999997 0.592791 0.432692 0.595092 0.43205099999999996 0.611196 0.42948700000000006 0.618098
1 0.466026 0.58589 0.46730799999999995 0.587423 0.478846 0.587423 0.478846 0.582822 0.47692300000000004 0.580521 0.47692300000000004 0.57592 0.475 0.570552 0.47371800000000003 0.56135 0.471154 0.559816 0.46987199999999996 0.562117 0.46794900000000006 0.5789880000000001 0.466667 0.580521 0.466026 0.58589