2 0.516026 0.6342019999999999 0.516026 0.644172 0.512821 0.661043 0.503846 0.6710119999999999 0.502564 0.680215 0.504487 0.683282 0.510897 0.683282 0.521154 0.685583 0.532692 0.685583 0.533974 0.687117 0.547436 0.687117 0.5506409999999999 0.684049 0.5512819999999999 0.670245 0.548718 0.667945 0.546795 0.667945 0.544231 0.6648769999999999 0.54359 0.657975 0.541667 0.65184 0.540385 0.623466 0.538462 0.617331 0.537179 0.601227 0.5358970000000001 0.5973930000000001 0.5358970000000001 0.5851230000000001 0.534615 0.581288 0.532692 0.579755 0.526923 0.579755 0.525641 0.581288 0.523077 0.595092 0.522436 0.608129 0.516026 0.6342019999999999
1 0.244231 0.614264 0.244231 0.622699 0.24102600000000002 0.635736 0.240385 0.643405 0.235256 0.647239 0.233333 0.651074 0.23269199999999998 0.659509 0.23461500000000002 0.661043 0.266667 0.661043 0.269872 0.657975 0.269872 0.648006 0.267949 0.6464719999999999 0.263462 0.645706 0.260256 0.638037 0.25961500000000004 0.627301 0.255769 0.614264 0.253846 0.601227 0.251923 0.599693 0.24807700000000002 0.60046 0.24679500000000001 0.601994 0.245513 0.611963 0.244231 0.614264
1 0.41474399999999995 0.57362 0.412821 0.576687 0.40961499999999995 0.578221 0.408974 0.582822 0.410897 0.5851230000000001 0.430769 0.5851230000000001 0.43140999999999996 0.5789880000000001 0.42628199999999994 0.5728530000000001 0.42371800000000004 0.5521469999999999 0.42179500000000003 0.54908 0.417949 0.54908 0.416026 0.555215 0.416026 0.565951 0.41474399999999995 0.568252 0.41474399999999995 0.57362
1 0.492949 0.553681 0.48974399999999996 0.555982 0.488462 0.559049 0.48910299999999995 0.560583 0.50641 0.560583 0.50641 0.558282 0.502564 0.554448 0.501923 0.549847 0.500641 0.548313 0.5 0.534509 0.497436 0.5337419999999999 0.495513 0.536043 0.494231 0.54908 0.492949 0.550613 0.492949 0.553681
1 0.6602560000000001 0.554448 0.659615 0.558282 0.673718 0.558282 0.673718 0.555982 0.671795 0.553681 0.671154 0.540644 0.669231 0.5337419999999999 0.665385 0.534509 0.663462 0.55138 0.661538 0.554448 0.6602560000000001 0.554448
2 0.551923 0.523006 0.549359 0.53911 0.544872 0.5460119999999999 0.546154 0.54908 0.5576920000000001 0.549847 0.561538 0.548313 0.558974 0.5398769999999999 0.5576920000000001 0.513804 0.55641 0.51227 0.553205 0.513037 0.552564 0.519172 0.5512819999999999 0.520706 0.551923 0.523006
2 0.396795 0.526074 0.396795 0.528374 0.41025600000000007 0.528374 0.40769200000000005 0.518405 0.40705099999999994 0.5030669999999999 0.40512800000000004 0.500767 0.403846 0.500767 0.40256400000000003 0.5030669999999999 0.40064099999999997 0.520706 0.396795 0.526074
3 0.378846 0.617331 0.371154 0.6219330000000001 0.369872 0.623466 0.370513 0.625767 0.373077 0.6280669999999999 0.38205100000000003 0.628834 0.40064099999999997 0.6280669999999999 0.405769 0.626534 0.40769200000000005 0.625 0.40769200000000005 0.622699 0.40256400000000003 0.617331 0.399359 0.616564 0.398077 0.614264 0.394872 0.59816 0.394231 0.58819 0.392308 0.581288 0.389744 0.578221 0.387179 0.578221 0.385256 0.581288 0.383974 0.601227 0.380769 0.615031 0.378846 0.617331
3 0.7403850000000001 0.589724 0.735897 0.592025 0.735897 0.594325 0.7378210000000001 0.596626 0.75641 0.5973930000000001 0.758974 0.595092 0.758333 0.592025 0.755769 0.589724 0.754487 0.58589 0.753205 0.56365 0.751923 0.562117 0.748718 0.562117 0.746795 0.56365 0.74359 0.584356 0.7403850000000001 0.589724
3 0.586538 0.569785 0.585256 0.57592 0.580769 0.579755 0.580128 0.582055 0.583974 0.584356 0.598077 0.5851230000000001 0.599359 0.583589 0.599359 0.579755 0.597436 0.578221 0.5961540000000001 0.575153 0.594231 0.565951 0.5935900000000001 0.555215 0.5916669999999999 0.5521469999999999 0.5897439999999999 0.5521469999999999 0.587821 0.556748 0.587821 0.56135 0.585897 0.566718 0.586538 0.569785
3 0.34935900000000003 0.548313 0.34935900000000003 0.550613 0.352564 0.5521469999999999 0.362179 0.55138 0.363462 0.550613 0.363462 0.547546 0.36089699999999997 0.543712 0.358974 0.530675 0.357692 0.5276069999999999 0.355769 0.5276069999999999 0.353846 0.532209 0.352564 0.543712 0.351282 0.547546 0.34935900000000003 0.548313
3 0.43974399999999997 0.542178 0.45 0.542178 0.452564 0.5398769999999999 0.447436 0.525307 0.446795 0.519939 0.444872 0.519939 0.44294900000000004 0.532209 0.438462 0.540644 0.43974399999999997 0.542178