3 0.167949 0.708589 0.170513 0.706288 0.20640999999999998 0.715491 0.211538 0.715491 0.21346199999999999 0.71319 0.21346199999999999 0.707822 0.176282 0.671779 0.176923 0.656442 0.17243599999999998 0.657209 0.151923 0.667945 0.144231 0.7101230000000001 0.144231 0.715491 0.157692 0.709356 0.167949 0.708589
2 0.12115400000000001 0.599693 0.11859 0.6035280000000001 0.114744 0.605828 0.114103 0.608129 0.130769 0.6096630000000001 0.148718 0.6096630000000001 0.158333 0.601994 0.158333 0.60046 0.149359 0.5973930000000001 0.148077 0.595092 0.139744 0.536043 0.132692 0.536043 0.13141 0.540644 0.125641 0.5973930000000001 0.124359 0.598926 0.12115400000000001 0.599693
2 0.169231 0.57592 0.169231 0.577454 0.18141000000000002 0.5789880000000001 0.196154 0.5789880000000001 0.20512800000000003 0.57362 0.20512800000000003 0.571319 0.20384600000000003 0.569785 0.197436 0.568252 0.195513 0.565184 0.189103 0.520706 0.18141000000000002 0.519939 0.180128 0.525307 0.176923 0.568252 0.17371799999999998 0.569785 0.169231 0.57592
1 0.24615399999999998 0.531442 0.25833300000000003 0.531442 0.262179 0.529141 0.261538 0.5276069999999999 0.257692 0.525307 0.25705100000000003 0.516871 0.255128 0.509969 0.252564 0.509969 0.25 0.52454 0.245513 0.529908 0.24615399999999998 0.531442
1 0.794872 0.620399 0.794872 0.6219330000000001 0.801923 0.629601 0.829487 0.629601 0.8269230000000001 0.626534 0.8269230000000001 0.623466 0.821795 0.619632 0.819231 0.582055 0.8121790000000001 0.581288 0.810897 0.582822 0.8025639999999999 0.615031 0.797436 0.619632 0.794872 0.620399
1 0.7980769999999999 0.575153 0.8051280000000001 0.575153 0.80641 0.57362 0.80641 0.571319 0.8051280000000001 0.569018 0.8025639999999999 0.567485 0.8 0.542178 0.7955129999999999 0.541411 0.790385 0.564417 0.786538 0.566718 0.784615 0.572086 0.7980769999999999 0.575153
1 0.855128 0.556748 0.855128 0.559049 0.85641 0.560583 0.860256 0.56135 0.8705130000000001 0.56135 0.8724360000000001 0.558282 0.869872 0.555215 0.869872 0.5460119999999999 0.867949 0.5398769999999999 0.867949 0.535276 0.866667 0.532975 0.863462 0.532975 0.860256 0.5521469999999999 0.8576919999999999 0.555982 0.85641 0.555215 0.855128 0.556748
3 0.419231 0.579755 0.44102600000000003 0.579755 0.441667 0.575153 0.440385 0.5728530000000001 0.437821 0.571319 0.433333 0.544479 0.427564 0.543712 0.42371800000000004 0.569018 0.422436 0.571319 0.419231 0.5728530000000001 0.419231 0.579755
3 0.541026 0.536043 0.5512819999999999 0.538344 0.558333 0.538344 0.558974 0.534509 0.5551280000000001 0.530675 0.553205 0.513804 0.549359 0.513037 0.547436 0.516104 0.5455129999999999 0.529141 0.541026 0.534509 0.541026 0.536043
3 0.653205 0.523773 0.6512819999999999 0.505368 0.646795 0.505368 0.644231 0.517638 0.641026 0.5214719999999999 0.641026 0.523006 0.653205 0.523773
3 0.773718 0.522239 0.770513 0.504601 0.766667 0.504601 0.764103 0.516104 0.761538 0.519172 0.761538 0.5214719999999999 0.773718 0.522239