3 0.157692 0.700153 0.157051 0.709356 0.155128 0.711656 0.15 0.714724 0.148718 0.718558 0.141026 0.72546 0.140385 0.726994 0.14166700000000002 0.730828 0.144872 0.733896 0.157051 0.732362 0.171154 0.7346630000000001 0.179487 0.7346630000000001 0.186538 0.731595 0.19294899999999998 0.724693 0.204487 0.715491 0.20384600000000003 0.711656 0.187821 0.707055 0.185897 0.704755 0.183974 0.694785 0.180128 0.684049 0.178846 0.67408 0.176282 0.667178 0.17307699999999998 0.650307 0.170513 0.647239 0.166026 0.647239 0.16217900000000002 0.64954 0.160897 0.677914 0.157692 0.700153
3 0.378205 0.547546 0.391667 0.546779 0.395513 0.545245 0.395513 0.542945 0.391667 0.540644 0.388462 0.523006 0.386538 0.519939 0.383974 0.5214719999999999 0.38205100000000003 0.542178 0.378205 0.544479 0.378205 0.547546
1 0.898718 0.6978530000000001 0.896795 0.702454 0.894872 0.704755 0.888462 0.705521 0.8846149999999999 0.709356 0.878205 0.711656 0.8826919999999999 0.717791 0.898077 0.726994 0.903846 0.733129 0.9089740000000001 0.733129 0.9089740000000001 0.655675 0.9064099999999999 0.66411 0.905128 0.67408 0.903205 0.677914 0.898718 0.6978530000000001
1 0.645513 0.5398769999999999 0.644231 0.542178 0.646154 0.544479 0.661538 0.544479 0.661538 0.541411 0.659615 0.540644 0.6583330000000001 0.538344 0.655128 0.518405 0.652564 0.518405 0.650641 0.522239 0.649359 0.535276 0.648077 0.53911 0.645513 0.5398769999999999
3 0.430128 0.5092019999999999 0.440385 0.508436 0.440385 0.506902 0.438462 0.504601 0.43589700000000003 0.493098 0.434615 0.49539900000000003 0.433333 0.505368 0.430128 0.506902 0.430128 0.5092019999999999
1 0.592308 0.507669 0.603205 0.507669 0.6 0.502301 0.599359 0.493098 0.597436 0.49233099999999996 0.5961540000000001 0.494632 0.594872 0.503834 0.592308 0.506135 0.592308 0.507669
1 0.5743590000000001 0.48006099999999996 0.573077 0.48006099999999996 0.571795 0.48773 0.5705129999999999 0.490031 0.5769230000000001 0.490031 0.5743590000000001 0.48006099999999996
3 0.458333 0.480828 0.455769 0.48006099999999996 0.45384599999999997 0.491564 0.46025600000000005 0.491564 0.458974 0.488497 0.458333 0.480828
2 0.751923 0.48926400000000003 0.750641 0.472393 0.748077 0.472393 0.746154 0.484663 0.744231 0.48926400000000003 0.751923 0.48926400000000003
3 0.466667 0.474693 0.46538500000000005 0.474693 0.46538500000000005 0.477761 0.463462 0.482362 0.46794900000000006 0.482362 0.466667 0.474693
3 0.47692300000000004 0.470859 0.475641 0.477761 0.478846 0.477761 0.478205 0.472393 0.47692300000000004 0.470859
1 0.558333 0.47392599999999996 0.55641 0.480828 0.560897 0.480828 0.559615 0.47546 0.558333 0.47392599999999996
1 0.552564 0.477761 0.555769 0.477761 0.553846 0.472393 0.552564 0.477761
2 0.696795 0.47699400000000003 0.696795 0.470092 0.696154 0.468558 0.69359 0.468558 0.691667 0.48006099999999996 0.698077 0.48006099999999996 0.698077 0.477761 0.696795 0.47699400000000003