3 0.160455 0.662838 0.157273 0.668919 0.15318199999999998 0.670946 0.15090900000000002 0.6736489999999999 0.169545 0.676351 0.18 0.676351 0.208636 0.660811 0.206818 0.658784 0.202273 0.657432 0.20136400000000002 0.65473 0.199091 0.652703 0.195455 0.652027 0.193636 0.65 0.182273 0.598649 0.175909 0.597973 0.173182 0.599324 0.165909 0.658108 0.160455 0.662838
3 0.40636400000000006 0.551351 0.406818 0.55 0.405455 0.55 0.403636 0.545946 0.401818 0.545946 0.40090899999999996 0.543919 0.395909 0.516216 0.392273 0.516216 0.39 0.545946 0.383182 0.553378 0.40090899999999996 0.553378 0.40636400000000006 0.551351
3 0.622727 0.457432 0.621818 0.452027 0.620455 0.452027 0.618636 0.461486 0.6240910000000001 0.461486 0.6240910000000001 0.459459 0.622727 0.457432
3 0.639091 0.45067599999999997 0.637727 0.45878399999999997 0.642273 0.45878399999999997 0.640909 0.45067599999999997 0.639091 0.45067599999999997
3 0.644545 0.453378 0.644545 0.44864899999999996 0.642727 0.447297 0.641818 0.45 0.641818 0.45472999999999997 0.645455 0.45472999999999997 0.644545 0.453378
3 0.651818 0.45675699999999997 0.650455 0.44864899999999996 0.6490910000000001 0.447973 0.6490910000000001 0.451351 0.6477269999999999 0.45472999999999997 0.6477269999999999 0.45675699999999997 0.651818 0.45675699999999997
3 0.666364 0.44459499999999996 0.665455 0.44256799999999996 0.664545 0.443919 0.664545 0.44662199999999996 0.666364 0.447297 0.666364 0.44459499999999996
3 0.688636 0.441892 0.687727 0.44662199999999996 0.690455 0.44662199999999996 0.690455 0.44459499999999996 0.688636 0.441892
3 0.72 0.44054099999999996 0.7190909999999999 0.44527 0.7218180000000001 0.44527 0.721364 0.441216 0.72 0.44054099999999996
3 0.755455 0.439865 0.754545 0.443919 0.756818 0.443919 0.756364 0.44054099999999996 0.755455 0.439865
3 0.7845449999999999 0.437838 0.7831819999999999 0.443919 0.7863640000000001 0.443919 0.785909 0.439189 0.7845449999999999 0.437838
3 0.791818 0.437838 0.790909 0.44256799999999996 0.793182 0.44256799999999996 0.793182 0.439865 0.791818 0.437838
3 0.795 0.437838 0.795 0.441892 0.798636 0.441216 0.797727 0.43648600000000004 0.795 0.437838
3 0.8099999999999999 0.435811 0.809545 0.439865 0.811818 0.439865 0.810909 0.435811 0.8099999999999999 0.435811
3 0.832273 0.435135 0.831818 0.439189 0.833636 0.439189 0.833636 0.435811 0.832273 0.435135
3 0.8618180000000001 0.433784 0.860909 0.435135 0.860909 0.437838 0.8631819999999999 0.437838 0.8618180000000001 0.433784
3 0.898182 0.43243200000000004 0.896818 0.437162 0.900455 0.437162 0.899091 0.433108 0.898182 0.43243200000000004
3 0.650455 0.445946 0.656818 0.447297 0.6563640000000001 0.443243 0.650909 0.44256799999999996 0.650455 0.445946
3 0.645455 0.44256799999999996 0.645 0.445946 0.6463639999999999 0.445946 0.6463639999999999 0.443243 0.645455 0.44256799999999996
3 0.629545 0.443243 0.6290910000000001 0.44662199999999996 0.630455 0.44662199999999996 0.630909 0.443919 0.629545 0.443243
3 0.613182 0.443919 0.612727 0.44662199999999996 0.614545 0.44662199999999996 0.614545 0.44459499999999996 0.613182 0.443919
3 0.597273 0.44459499999999996 0.5968180000000001 0.447973 0.5986360000000001 0.447973 0.5986360000000001 0.445946 0.597273 0.44459499999999996
3 0.581364 0.452027 0.58 0.45067599999999997 0.578636 0.458108 0.582273 0.458108 0.581364 0.455405 0.581364 0.452027
3 0.575455 0.445946 0.575455 0.44864899999999996 0.576364 0.44864899999999996 0.576364 0.445946 0.575455 0.445946
3 0.553182 0.460135 0.552273 0.453378 0.550909 0.453378 0.549091 0.461486 0.551818 0.461486 0.553182 0.460135
3 0.554545 0.44662199999999996 0.553182 0.447297 0.552727 0.45067599999999997 0.554091 0.45067599999999997 0.554545 0.44662199999999996
3 0.535909 0.44864899999999996 0.535455 0.45067599999999997 0.537273 0.451351 0.536818 0.44864899999999996 0.535909 0.44864899999999996
3 0.517727 0.449324 0.516364 0.451351 0.516818 0.453378 0.518182 0.45270299999999997 0.517727 0.449324
3 0.506818 0.464189 0.505909 0.463514 0.505 0.456081 0.5040910000000001 0.456081 0.503636 0.46283799999999997 0.5027269999999999 0.465541 0.506364 0.465541 0.506818 0.464189
3 0.49681800000000004 0.451351 0.495909 0.451351 0.49545500000000003 0.45472999999999997 0.49681800000000004 0.45472999999999997 0.497273 0.45270299999999997 0.49681800000000004 0.451351
3 0.47090899999999997 0.45270299999999997 0.470455 0.456081 0.471818 0.45675699999999997 0.471818 0.45270299999999997 0.47090899999999997 0.45270299999999997
3 0.449545 0.471622 0.44818199999999997 0.468243 0.447727 0.463514 0.446364 0.461486 0.44545500000000005 0.465541 0.44545500000000005 0.47027 0.44409099999999996 0.471622 0.449545 0.471622
3 0.441364 0.455405 0.44000000000000006 0.456081 0.44000000000000006 0.45878399999999997 0.44181800000000004 0.45878399999999997 0.441364 0.455405
3 0.40772700000000006 0.458108 0.407273 0.461486 0.409091 0.461486 0.408636 0.458108 0.40772700000000006 0.458108
3 0.396364 0.475676 0.395455 0.467568 0.394091 0.466892 0.392273 0.477703 0.396818 0.477703 0.397727 0.476351 0.396364 0.475676
3 0.375 0.460135 0.374091 0.460135 0.37363599999999997 0.464189 0.375 0.464865 0.375455 0.462162 0.375 0.460135
3 0.32727300000000004 0.463514 0.326818 0.468243 0.32909099999999997 0.468243 0.32909099999999997 0.464865 0.32727300000000004 0.463514
3 0.289545 0.488514 0.29545499999999997 0.487838 0.29681799999999997 0.48648600000000003 0.29545499999999997 0.485135 0.29545499999999997 0.481081 0.293182 0.475 0.291818 0.476351 0.291364 0.485135 0.289545 0.487162 0.289545 0.488514
3 0.276818 0.466892 0.275455 0.472973 0.278636 0.472973 0.278636 0.468919 0.276818 0.466892
3 0.203636 0.473649 0.202273 0.472973 0.200909 0.47973 0.205 0.479054 0.20409099999999997 0.477703 0.203636 0.473649
3 0.187727 0.495946 0.185909 0.494595 0.185 0.487838 0.183182 0.48445900000000003 0.18181799999999998 0.48445900000000003 0.18090900000000001 0.492568 0.179545 0.497297 0.18545499999999998 0.497297 0.187727 0.495946
3 0.10227299999999999 0.483108 0.100455 0.480405 0.099091 0.487838 0.10363599999999999 0.487838 0.10272699999999998 0.48648600000000003 0.10227299999999999 0.483108
3 0.071818 0.506081 0.082273 0.506081 0.080909 0.50473 0.08 0.498649 0.077727 0.492568 0.075 0.491216 0.07363600000000001 0.496622 0.073182 0.502703 0.071818 0.50473 0.071818 0.506081
1 0.768182 0.679054 0.768182 0.680405 0.7845449999999999 0.7013510000000001 0.814091 0.7033780000000001 0.831364 0.7033780000000001 0.830455 0.700676 0.825909 0.693919 0.824545 0.687838 0.815455 0.678378 0.803636 0.606081 0.794091 0.606081 0.7831819999999999 0.672973 0.775909 0.674324 0.7740910000000001 0.679054 0.768182 0.679054
1 0.690909 0.479054 0.699545 0.479054 0.699545 0.477027 0.698182 0.476351 0.696818 0.46283799999999997 0.6950000000000001 0.46283799999999997 0.6936359999999999 0.466892 0.692727 0.475 0.690909 0.477027 0.690909 0.479054
1 0.684091 0.470946 0.684545 0.468243 0.6827270000000001 0.466216 0.682273 0.45878399999999997 0.6813640000000001 0.457432 0.6799999999999999 0.457432 0.679091 0.466216 0.677273 0.468919 0.677273 0.470946 0.684091 0.470946
1 0.688636 0.464865 0.694091 0.464865 0.692727 0.453378 0.690909 0.454054 0.6900000000000001 0.46081099999999997 0.688636 0.462162 0.688636 0.464865
1 0.709091 0.45067599999999997 0.707273 0.45 0.7054549999999999 0.460135 0.710455 0.460135 0.709091 0.454054 0.709091 0.45067599999999997
1 0.725 0.457432 0.7236360000000001 0.45 0.7236360000000001 0.445946 0.722273 0.445946 0.721364 0.454054 0.72 0.455405 0.72 0.457432 0.725 0.457432
1 0.712727 0.44459499999999996 0.711364 0.443919 0.71 0.452027 0.714091 0.452027 0.712727 0.447973 0.712727 0.44459499999999996
1 0.7150000000000001 0.439865 0.7136359999999999 0.44662199999999996 0.7168180000000001 0.44662199999999996 0.716364 0.441892 0.7150000000000001 0.439865
1 0.768636 0.439865 0.767727 0.439865 0.766364 0.44527 0.769091 0.445946 0.769091 0.441216 0.768636 0.439865
1 0.813636 0.437162 0.812727 0.43851399999999996 0.811364 0.44527 0.8150000000000001 0.44527 0.813636 0.437162
1 0.845455 0.437838 0.844091 0.43445900000000004 0.842727 0.43445900000000004 0.841818 0.443243 0.8445449999999999 0.443243 0.845455 0.441216 0.845455 0.437838
1 0.8481820000000001 0.43648600000000004 0.847273 0.441892 0.85 0.441892 0.8490909999999999 0.43648600000000004 0.8481820000000001 0.43648600000000004
1 0.850455 0.433784 0.849545 0.433784 0.8490909999999999 0.435811 0.85 0.439189 0.850909 0.439189 0.850455 0.433784
1 0.8768179999999999 0.437162 0.875 0.433108 0.873636 0.435811 0.873636 0.437838 0.876364 0.43851399999999996 0.8768179999999999 0.437162
1 0.9131819999999999 0.43445900000000004 0.912727 0.431081 0.911818 0.431081 0.910455 0.43648600000000004 0.9131819999999999 0.437162 0.914091 0.435811 0.9131819999999999 0.43445900000000004
1 0.671818 0.44459499999999996 0.670909 0.45067599999999997 0.673636 0.451351 0.673182 0.44662199999999996 0.671818 0.44459499999999996
1 0.673182 0.44256799999999996 0.672727 0.44459499999999996 0.673636 0.447973 0.675 0.447973 0.673182 0.44256799999999996
1 0.639545 0.443919 0.638636 0.44864899999999996 0.640455 0.449324 0.640909 0.447973 0.639545 0.443919
1 0.631818 0.445946 0.630909 0.45270299999999997 0.6331819999999999 0.45270299999999997 0.6331819999999999 0.44864899999999996 0.631818 0.445946
1 0.6236360000000001 0.44256799999999996 0.622727 0.44256799999999996 0.621364 0.447973 0.6240910000000001 0.447297 0.6236360000000001 0.44256799999999996
1 0.619091 0.443919 0.618182 0.443919 0.617727 0.449324 0.620455 0.449324 0.62 0.445946 0.619091 0.443919
1 0.609545 0.443919 0.609091 0.447297 0.610909 0.447973 0.610455 0.443919 0.609545 0.443919
1 0.5940909999999999 0.443919 0.5936359999999999 0.447297 0.5954550000000001 0.447973 0.595 0.443919 0.5940909999999999 0.443919
1 0.585 0.45472999999999997 0.584091 0.44864899999999996 0.583182 0.449324 0.582273 0.45270299999999997 0.582727 0.455405 0.585 0.45472999999999997
1 0.574091 0.44527 0.573636 0.449324 0.575 0.449324 0.575 0.44662199999999996 0.574091 0.44527
1 0.555909 0.44662199999999996 0.555455 0.45 0.556818 0.45067599999999997 0.557273 0.449324 0.555909 0.44662199999999996
1 0.539545 0.447973 0.539545 0.452027 0.540455 0.452027 0.540909 0.45 0.539545 0.447973
1 0.536818 0.457432 0.5345449999999999 0.452027 0.533636 0.45878399999999997 0.535909 0.459459 0.536818 0.45878399999999997 0.536818 0.457432
1 0.52 0.453378 0.521818 0.453378 0.520455 0.449324 0.52 0.453378
1 0.502273 0.45472999999999997 0.500455 0.46283799999999997 0.503182 0.46283799999999997 0.503182 0.45675699999999997 0.502273 0.45472999999999997
1 0.49227299999999996 0.452027 0.491364 0.452027 0.491364 0.456081 0.492727 0.456081 0.493182 0.45472999999999997 0.49227299999999996 0.452027
1 0.46181799999999995 0.453378 0.460909 0.454054 0.460909 0.45878399999999997 0.462273 0.458108 0.46181799999999995 0.453378
1 0.450455 0.460135 0.449091 0.45878399999999997 0.44863600000000003 0.467568 0.451364 0.467568 0.451818 0.466216 0.450455 0.460135
1 0.42636399999999997 0.456081 0.425455 0.461486 0.42818199999999995 0.461486 0.42772699999999997 0.458108 0.42636399999999997 0.456081
1 0.398182 0.45878399999999997 0.397727 0.464189 0.4 0.464189 0.400455 0.46283799999999997 0.398182 0.45878399999999997
1 0.389545 0.465541 0.38772700000000004 0.465541 0.38772700000000004 0.471622 0.386818 0.474324 0.391364 0.474324 0.389545 0.465541
1 0.35 0.462162 0.349091 0.467568 0.351364 0.468243 0.350909 0.462162 0.35 0.462162
1 0.231818 0.482432 0.23090899999999998 0.477703 0.22954500000000003 0.477027 0.227727 0.488514 0.230455 0.489189 0.234091 0.487838 0.231818 0.482432
1 0.222273 0.472297 0.22090900000000002 0.472297 0.22000000000000003 0.479054 0.22272699999999998 0.47973 0.223636 0.478378 0.222273 0.472297
1 0.116818 0.480405 0.11454500000000001 0.480405 0.11454500000000001 0.485135 0.113636 0.488514 0.11909099999999999 0.488514 0.116818 0.480405
1 0.085909 0.500676 0.090455 0.499324 0.08818200000000001 0.495946 0.08681799999999999 0.489189 0.085455 0.487162 0.083636 0.487162 0.083636 0.493243 0.082727 0.497297 0.080909 0.500676 0.085909 0.500676
1 0.691364 0.553378 0.713182 0.553378 0.713182 0.552027 0.710909 0.549324 0.710909 0.5466219999999999 0.708636 0.545946 0.707273 0.543243 0.703182 0.511486 0.698636 0.511486 0.6936359999999999 0.543919 0.687727 0.547973 0.687727 0.549324 0.691364 0.553378
1 0.6799999999999999 0.517568 0.680455 0.513514 0.679545 0.513514 0.678182 0.511486 0.674545 0.489189 0.671364 0.489189 0.668636 0.510135 0.665 0.516216 0.665 0.517568 0.6799999999999999 0.517568
1 0.726364 0.491892 0.726818 0.489189 0.725 0.488514 0.7236360000000001 0.485811 0.722273 0.471622 0.7190909999999999 0.470946 0.7168180000000001 0.485811 0.714091 0.489865 0.714091 0.491216 0.726364 0.491892
3 0.44681800000000005 0.513514 0.460909 0.513514 0.460909 0.512162 0.45772700000000005 0.508784 0.45499999999999996 0.488514 0.451818 0.488514 0.45090899999999995 0.491216 0.449545 0.506757 0.44681800000000005 0.511486 0.44681800000000005 0.513514
3 0.558636 0.481081 0.557273 0.47973 0.5563640000000001 0.476351 0.5549999999999999 0.467568 0.553182 0.467568 0.552273 0.481757 0.550909 0.483784 0.558636 0.483784 0.558636 0.481081
3 0.583636 0.467568 0.582273 0.45878399999999997 0.5804549999999999 0.45878399999999997 0.579091 0.471622 0.585909 0.470946 0.585909 0.469595 0.583636 0.467568
1 0.309545 0.481081 0.308636 0.480405 0.307727 0.474324 0.30636399999999997 0.471622 0.305455 0.472297 0.304091 0.481757 0.307273 0.483108 0.309545 0.481081
3 0.6 0.454054 0.598182 0.464865 0.602727 0.464865 0.6009089999999999 0.454054 0.6 0.454054
3 0.6140909999999999 0.447973 0.612727 0.45 0.611818 0.456081 0.6154550000000001 0.456081 0.6140909999999999 0.447973
3 0.573636 0.477703 0.575455 0.477027 0.575455 0.475 0.573636 0.466892 0.573636 0.463514 0.572273 0.463514 0.570909 0.467568 0.570455 0.475 0.569545 0.477027 0.573636 0.477703
3 0.5263639999999999 0.491892 0.524545 0.494595 0.525 0.496622 0.5345449999999999 0.49527 0.531818 0.491216 0.530455 0.476351 0.528636 0.476351 0.5281819999999999 0.479054 0.527273 0.47973 0.5263639999999999 0.491892
1 0.299091 0.466892 0.29772699999999996 0.466216 0.29681799999999997 0.472973 0.300455 0.472297 0.299091 0.468919 0.299091 0.466892