3 0.212273 0.6993240000000001 0.206818 0.704054 0.20454500000000003 0.710811 0.199091 0.714189 0.197273 0.716892 0.223636 0.722297 0.230455 0.722297 0.26318199999999997 0.6972970000000001 0.260909 0.69527 0.254545 0.693243 0.252273 0.689865 0.25 0.688514 0.24545499999999998 0.688514 0.244545 0.687162 0.23090899999999998 0.626351 0.225 0.626351 0.22045499999999998 0.62973 0.21409099999999998 0.696622 0.212273 0.6993240000000001
3 0.380455 0.5804050000000001 0.379545 0.5824320000000001 0.38772700000000004 0.583784 0.397727 0.583784 0.408636 0.5783780000000001 0.409091 0.577027 0.405909 0.5763510000000001 0.40499999999999997 0.572973 0.401818 0.5722970000000001 0.40090899999999996 0.57027 0.395455 0.537838 0.390455 0.537162 0.38636400000000004 0.573649 0.383636 0.575 0.382273 0.579054 0.380455 0.5804050000000001
3 0.432273 0.535811 0.433636 0.537162 0.44000000000000006 0.537162 0.445909 0.535135 0.45 0.535135 0.45 0.533108 0.449091 0.531757 0.447727 0.531757 0.445 0.529054 0.443182 0.515541 0.44181800000000004 0.511486 0.44181800000000004 0.508108 0.44045500000000004 0.506081 0.43863599999999997 0.506757 0.435909 0.527703 0.43499999999999994 0.531081 0.43272700000000003 0.533108 0.432273 0.535811
3 0.494545 0.502703 0.494545 0.5 0.49363599999999996 0.5 0.49181800000000003 0.496622 0.49000000000000005 0.483108 0.48863599999999996 0.483108 0.48590900000000004 0.499324 0.48454499999999995 0.501351 0.48454499999999995 0.503378 0.494545 0.502703
3 0.530455 0.491216 0.5313640000000001 0.490541 0.5313640000000001 0.488514 0.5295449999999999 0.487162 0.5295449999999999 0.483784 0.528636 0.481757 0.527727 0.474324 0.5263639999999999 0.474324 0.524545 0.487162 0.5227269999999999 0.489189 0.5227269999999999 0.491216 0.530455 0.491216
3 0.511364 0.464189 0.51 0.475 0.514545 0.475 0.513182 0.464865 0.511364 0.464189
3 0.553182 0.483784 0.5599999999999999 0.483784 0.5577270000000001 0.469595 0.5563640000000001 0.469595 0.555455 0.470946 0.554545 0.47973 0.553182 0.481757 0.553182 0.483784
3 0.5686359999999999 0.464189 0.566364 0.477703 0.572727 0.477703 0.5700000000000001 0.464189 0.5686359999999999 0.464189
3 0.558182 0.469595 0.558636 0.473649 0.5604549999999999 0.473649 0.559091 0.470946 0.557273 0.46283799999999997 0.5563640000000001 0.462162 0.555909 0.467568 0.554091 0.473649 0.5563640000000001 0.468919 0.558182 0.469595
3 0.683636 0.44662199999999996 0.6827270000000001 0.44864899999999996 0.682273 0.453378 0.685909 0.453378 0.683636 0.44662199999999996
3 0.642273 0.44864899999999996 0.641364 0.447973 0.641364 0.454054 0.644091 0.45472999999999997 0.642273 0.45067599999999997 0.642273 0.44864899999999996
3 0.715909 0.445946 0.7150000000000001 0.452027 0.718182 0.452027 0.7172729999999999 0.447297 0.715909 0.445946
3 0.723182 0.449324 0.7218180000000001 0.44459499999999996 0.72 0.447297 0.72 0.45067599999999997 0.722727 0.45067599999999997 0.723182 0.449324
3 0.7186359999999999 0.443243 0.718182 0.44864899999999996 0.719545 0.44864899999999996 0.72 0.44527 0.7186359999999999 0.443243
3 0.729091 0.44256799999999996 0.7286360000000001 0.447297 0.730909 0.447297 0.730455 0.443919 0.729091 0.44256799999999996
3 0.75 0.441216 0.7490910000000001 0.44662199999999996 0.7513639999999999 0.44662199999999996 0.751818 0.44459499999999996 0.75 0.441216
3 0.777727 0.439189 0.777273 0.443919 0.779091 0.443919 0.779091 0.441892 0.777727 0.439189
3 0.813182 0.43851399999999996 0.812727 0.44256799999999996 0.8150000000000001 0.44256799999999996 0.8150000000000001 0.441216 0.813182 0.43851399999999996
3 0.8640909999999999 0.435811 0.8631819999999999 0.441216 0.8654550000000001 0.441216 0.8654550000000001 0.439189 0.8640909999999999 0.435811
3 0.905909 0.43445900000000004 0.905 0.439865 0.9077270000000001 0.439865 0.9077270000000001 0.437162 0.905909 0.43445900000000004
3 0.9331820000000001 0.43648600000000004 0.931364 0.433108 0.930455 0.43851399999999996 0.932273 0.439189 0.9331820000000001 0.43851399999999996 0.9331820000000001 0.43648600000000004
3 0.603182 0.45067599999999997 0.602727 0.45675699999999997 0.605 0.45675699999999997 0.605455 0.454054 0.603182 0.45067599999999997
3 0.574091 0.452027 0.573182 0.457432 0.575909 0.457432 0.575909 0.45472999999999997 0.574091 0.452027
3 0.560909 0.45675699999999997 0.5631820000000001 0.457432 0.5618179999999999 0.451351 0.560909 0.45675699999999997
3 0.560909 0.45472999999999997 0.5599999999999999 0.452027 0.558636 0.45472999999999997 0.559091 0.45675699999999997 0.5599999999999999 0.45675699999999997 0.560909 0.45472999999999997
3 0.5577270000000001 0.451351 0.556818 0.45270299999999997 0.5563640000000001 0.456081 0.558182 0.456081 0.5577270000000001 0.451351
3 0.555455 0.451351 0.554545 0.451351 0.553182 0.456081 0.555909 0.456081 0.555455 0.451351
3 0.547273 0.451351 0.546818 0.455405 0.548636 0.455405 0.548636 0.452027 0.547273 0.451351
3 0.529091 0.452027 0.528636 0.456081 0.53 0.456081 0.53 0.45270299999999997 0.529091 0.452027
3 0.51 0.453378 0.5095449999999999 0.456081 0.5109090000000001 0.45675699999999997 0.5109090000000001 0.453378 0.51 0.453378
3 0.491364 0.454054 0.490909 0.45675699999999997 0.49227299999999996 0.457432 0.49227299999999996 0.45472999999999997 0.491364 0.454054
3 0.465909 0.456081 0.465 0.45878399999999997 0.466364 0.460135 0.46681800000000007 0.45675699999999997 0.465909 0.456081
3 0.46454500000000004 0.479054 0.46454500000000004 0.477703 0.46318200000000004 0.476351 0.46318200000000004 0.472973 0.46181799999999995 0.468243 0.46045499999999995 0.468243 0.46045499999999995 0.475 0.458636 0.47973 0.463636 0.47973 0.46454500000000004 0.479054
3 0.439091 0.458108 0.43863599999999997 0.462162 0.44000000000000006 0.462162 0.44000000000000006 0.45878399999999997 0.439091 0.458108
3 0.41863599999999995 0.46081099999999997 0.417727 0.46081099999999997 0.41727299999999995 0.464189 0.41863599999999995 0.464189 0.419091 0.462162 0.41863599999999995 0.46081099999999997
3 0.415455 0.487162 0.415909 0.485135 0.41454500000000005 0.483108 0.412727 0.473649 0.41181799999999996 0.473649 0.411364 0.481757 0.40954499999999994 0.487162 0.414091 0.487838 0.415455 0.487162
3 0.39318200000000003 0.462162 0.392727 0.466216 0.39454500000000003 0.466892 0.39454500000000003 0.463514 0.39318200000000003 0.462162
3 0.365455 0.464865 0.364545 0.464865 0.364091 0.468919 0.366364 0.468919 0.366364 0.466892 0.365455 0.464865
3 0.32909099999999997 0.467568 0.32818200000000003 0.472297 0.330455 0.472973 0.32999999999999996 0.468243 0.32909099999999997 0.467568
3 0.315455 0.502027 0.317273 0.503378 0.32318199999999997 0.500676 0.32318199999999997 0.499324 0.321364 0.497297 0.320455 0.489189 0.31863600000000003 0.485811 0.317273 0.489189 0.317273 0.49527 0.315455 0.500676 0.315455 0.502027
3 0.283636 0.472297 0.282727 0.472973 0.282273 0.478378 0.284545 0.477703 0.283636 0.472297
3 0.22999999999999998 0.479054 0.228636 0.477027 0.227727 0.47973 0.227727 0.483108 0.22999999999999998 0.483108 0.22999999999999998 0.479054
3 0.169091 0.489189 0.169091 0.487838 0.166818 0.482432 0.165455 0.485135 0.165455 0.489189 0.168182 0.489865 0.169091 0.489189
3 0.16499999999999998 0.526351 0.175909 0.525 0.175455 0.522297 0.17363599999999998 0.522297 0.172273 0.520946 0.170909 0.512838 0.168636 0.505405 0.166364 0.50473 0.16499999999999998 0.510135 0.16409100000000001 0.52027 0.160455 0.525676 0.16499999999999998 0.526351
3 0.068636 0.490541 0.067273 0.490541 0.065909 0.5 0.070909 0.499324 0.06999999999999999 0.493243 0.068636 0.490541
1 0.802727 0.599324 0.8018179999999999 0.600676 0.815455 0.610811 0.8477270000000001 0.610135 0.845909 0.607432 0.843182 0.606081 0.841818 0.601351 0.836364 0.597973 0.835 0.59527 0.829091 0.547297 0.821364 0.547297 0.812273 0.594595 0.8077270000000001 0.594595 0.805909 0.598649 0.802727 0.599324
1 0.674545 0.470946 0.675 0.468243 0.676818 0.467568 0.675909 0.464865 0.675909 0.45878399999999997 0.675 0.457432 0.673636 0.45878399999999997 0.673182 0.466216 0.670455 0.470946 0.674545 0.470946
1 0.655 0.466892 0.655 0.465541 0.6531819999999999 0.46283799999999997 0.652273 0.455405 0.6513639999999999 0.455405 0.650455 0.459459 0.650909 0.46081099999999997 0.648636 0.466892 0.655 0.466892
1 0.642273 0.455405 0.640909 0.454054 0.640455 0.45 0.639091 0.45270299999999997 0.638182 0.457432 0.642273 0.45675699999999997 0.642273 0.455405
1 0.705 0.447973 0.704091 0.447973 0.703182 0.455405 0.706364 0.455405 0.705909 0.45 0.705 0.447973
1 0.756818 0.445946 0.755 0.44527 0.753636 0.453378 0.757727 0.453378 0.756818 0.45067599999999997 0.756818 0.445946
1 0.768182 0.44054099999999996 0.767273 0.447297 0.77 0.447297 0.769545 0.44256799999999996 0.768182 0.44054099999999996
1 0.773182 0.44527 0.772273 0.439865 0.770909 0.44054099999999996 0.770455 0.44662199999999996 0.772273 0.44662199999999996 0.773182 0.44527
1 0.775455 0.443919 0.775455 0.441216 0.774545 0.441216 0.773182 0.447297 0.7763639999999999 0.447973 0.776818 0.44662199999999996 0.775455 0.443919
1 0.785909 0.44662199999999996 0.785909 0.44256799999999996 0.7849999999999999 0.441216 0.7831819999999999 0.451351 0.787273 0.451351 0.7877270000000001 0.447973 0.785909 0.44662199999999996
1 0.795909 0.439189 0.795 0.439865 0.794091 0.44527 0.796818 0.44459499999999996 0.795909 0.439189
1 0.832273 0.437162 0.831364 0.443919 0.833636 0.443919 0.8340909999999999 0.44054099999999996 0.832273 0.437162
1 0.8731820000000001 0.441892 0.872727 0.437162 0.871818 0.435811 0.8709089999999999 0.43648600000000004 0.8695449999999999 0.44054099999999996 0.8699999999999999 0.44256799999999996 0.8731820000000001 0.441892
1 0.922273 0.43445900000000004 0.9204549999999999 0.441216 0.925 0.441216 0.9236359999999999 0.435135 0.922273 0.43445900000000004
1 0.594545 0.461486 0.5940909999999999 0.45675699999999997 0.592727 0.455405 0.590909 0.464865 0.595909 0.464865 0.595909 0.463514 0.594545 0.461486
1 0.5445450000000001 0.454054 0.543636 0.454054 0.542727 0.461486 0.545 0.461486 0.545909 0.460135 0.5445450000000001 0.454054
1 0.538636 0.459459 0.536818 0.45878399999999997 0.535909 0.468243 0.539091 0.468243 0.54 0.466892 0.538636 0.459459
1 0.523182 0.457432 0.521818 0.45270299999999997 0.520909 0.454054 0.52 0.45878399999999997 0.522273 0.45878399999999997 0.523182 0.457432
1 0.518182 0.45472999999999997 0.516364 0.454054 0.515455 0.460135 0.518636 0.46081099999999997 0.519091 0.459459 0.518182 0.45472999999999997
1 0.505909 0.453378 0.505 0.457432 0.506818 0.458108 0.506818 0.45472999999999997 0.505909 0.453378
1 0.487727 0.45472999999999997 0.48727299999999996 0.45878399999999997 0.489091 0.45878399999999997 0.48863599999999996 0.45472999999999997 0.487727 0.45472999999999997
1 0.46318200000000004 0.456081 0.46318200000000004 0.460135 0.465 0.460135 0.464091 0.456081 0.46318200000000004 0.456081
1 0.47090899999999997 0.471622 0.47090899999999997 0.468919 0.46863599999999994 0.463514 0.46863599999999994 0.466892 0.46727299999999994 0.472297 0.47000000000000003 0.472973 0.47090899999999997 0.471622
1 0.44227299999999997 0.458108 0.441364 0.462162 0.443182 0.46283799999999997 0.443182 0.460135 0.44227299999999997 0.458108
1 0.42136399999999996 0.460135 0.420909 0.463514 0.422273 0.464865 0.42272699999999996 0.46283799999999997 0.42136399999999996 0.460135
1 0.395909 0.462162 0.395455 0.466892 0.396364 0.467568 0.397273 0.465541 0.395909 0.462162
1 0.39454500000000003 0.475 0.39454500000000003 0.472297 0.39318200000000003 0.470946 0.391818 0.482432 0.396818 0.482432 0.396818 0.480405 0.39454500000000003 0.475
1 0.357727 0.47027 0.35681799999999997 0.468919 0.35681799999999997 0.466216 0.355909 0.465541 0.354545 0.470946 0.35681799999999997 0.472297 0.357727 0.471622 0.357727 0.47027
1 0.336364 0.478378 0.335 0.477703 0.332727 0.489865 0.339091 0.489865 0.336818 0.483784 0.336364 0.478378
1 0.31045500000000004 0.474324 0.31045500000000004 0.470946 0.309091 0.47027 0.308636 0.476351 0.31045500000000004 0.477027 0.31136400000000003 0.476351 0.31045500000000004 0.474324
1 0.254545 0.481081 0.25363600000000003 0.475676 0.25272700000000003 0.475676 0.251818 0.482432 0.254545 0.483108 0.255455 0.481757 0.254545 0.481081
1 0.219091 0.504054 0.219091 0.505405 0.223182 0.506081 0.225 0.50473 0.22818200000000002 0.50473 0.228636 0.503378 0.225909 0.5 0.22409099999999998 0.490541 0.222273 0.489865 0.22136399999999998 0.493243 0.22136399999999998 0.5 0.22090900000000002 0.502027 0.219091 0.504054
1 0.104545 0.498649 0.10500000000000001 0.497297 0.104091 0.496622 0.10272699999999998 0.490541 0.100909 0.489189 0.1 0.491216 0.099545 0.497973 0.100455 0.499324 0.104545 0.498649
1 0.200909 0.480405 0.2 0.487838 0.20454500000000003 0.487838 0.202273 0.480405 0.200909 0.480405
1 0.585909 0.452027 0.585455 0.45878399999999997 0.588182 0.45878399999999997 0.5872729999999999 0.452027 0.585909 0.452027
1 0.671364 0.52973 0.672273 0.531081 0.6895450000000001 0.531081 0.688636 0.527027 0.687273 0.526351 0.6854549999999999 0.522973 0.682273 0.498649 0.678182 0.498649 0.675455 0.522297 0.674091 0.525676 0.671364 0.527027 0.671364 0.52973
1 0.671364 0.48648600000000003 0.674091 0.487838 0.680455 0.487838 0.6813640000000001 0.485135 0.6799999999999999 0.483108 0.678636 0.468243 0.675455 0.468243 0.673636 0.482432 0.672273 0.48445900000000003 0.671364 0.48445900000000003 0.671364 0.48648600000000003
1 0.691364 0.475 0.6895450000000001 0.472297 0.688636 0.46283799999999997 0.685909 0.46283799999999997 0.684545 0.474324 0.683182 0.477027 0.691364 0.477027 0.691364 0.475
1 0.671818 0.5 0.671818 0.497297 0.6695450000000001 0.494595 0.667727 0.479054 0.664545 0.479054 0.662273 0.493243 0.660455 0.497297 0.660455 0.5 0.671818 0.5