3 0.14818199999999998 0.6675679999999999 0.143182 0.67027 0.140455 0.676351 0.135 0.67973 0.134545 0.682432 0.169545 0.682432 0.193636 0.664189 0.18681799999999998 0.6635139999999999 0.18545499999999998 0.658784 0.18 0.658108 0.179091 0.656757 0.165455 0.602703 0.159545 0.602027 0.15590900000000002 0.604054 0.15 0.6655409999999999 0.14818199999999998 0.6675679999999999
3 0.396364 0.5425679999999999 0.398182 0.5405409999999999 0.398182 0.5385139999999999 0.396818 0.536486 0.395 0.536486 0.394091 0.534459 0.390455 0.510135 0.38636400000000004 0.510135 0.383636 0.534459 0.380909 0.539865 0.380455 0.5425679999999999 0.396364 0.5425679999999999
3 0.49045500000000003 0.501351 0.49000000000000005 0.498649 0.48863599999999996 0.497973 0.487727 0.495946 0.48545499999999997 0.480405 0.482273 0.480405 0.48090900000000003 0.497973 0.48 0.499324 0.48 0.502027 0.49045500000000003 0.501351
3 0.542727 0.483108 0.539545 0.467568 0.537273 0.467568 0.535909 0.47973 0.5345449999999999 0.481081 0.5345449999999999 0.483108 0.542727 0.483108
3 0.606818 0.469595 0.604545 0.459459 0.602727 0.45878399999999997 0.6009089999999999 0.466892 0.6009089999999999 0.472297 0.606818 0.472297 0.606818 0.469595
3 0.687727 0.465541 0.685909 0.453378 0.683636 0.453378 0.6827270000000001 0.46081099999999997 0.6813640000000001 0.463514 0.6813640000000001 0.465541 0.687727 0.465541
3 0.770455 0.456081 0.77 0.449324 0.767273 0.449324 0.765455 0.456081 0.765 0.46081099999999997 0.772273 0.46081099999999997 0.770455 0.456081
3 0.853182 0.454054 0.852727 0.44527 0.849545 0.44527 0.847273 0.458108 0.8545450000000001 0.458108 0.8545450000000001 0.455405 0.853182 0.454054
1 0.912727 0.465541 0.9131819999999999 0.462162 0.911818 0.459459 0.910909 0.449324 0.9077270000000001 0.449324 0.905909 0.460135 0.9031819999999999 0.464189 0.9031819999999999 0.465541 0.912727 0.465541
1 0.811364 0.468919 0.820909 0.468919 0.821818 0.467568 0.819091 0.451351 0.8163639999999999 0.452027 0.8145450000000001 0.464865 0.811364 0.467568 0.811364 0.468919
1 0.7122729999999999 0.475676 0.721364 0.475 0.719545 0.46081099999999997 0.7186359999999999 0.458108 0.716364 0.45878399999999997 0.714091 0.471622 0.7122729999999999 0.474324 0.7122729999999999 0.475676
1 0.6559090000000001 0.485135 0.664091 0.485135 0.665455 0.483784 0.661818 0.465541 0.6595449999999999 0.466216 0.6581819999999999 0.478378 0.6559090000000001 0.483108 0.6559090000000001 0.485135
1 0.637727 0.503378 0.650909 0.503378 0.6513639999999999 0.497973 0.6490910000000001 0.495946 0.6477269999999999 0.493243 0.647273 0.481757 0.6463639999999999 0.479054 0.643182 0.479054 0.641364 0.495946 0.640455 0.499324 0.638182 0.501351 0.637727 0.503378
1 0.642273 0.5385139999999999 0.640455 0.5425679999999999 0.640455 0.5445949999999999 0.648636 0.545946 0.6595449999999999 0.545946 0.661818 0.5425679999999999 0.661818 0.539865 0.659091 0.537838 0.6577270000000001 0.535135 0.653636 0.505405 0.649545 0.505405 0.648636 0.506081 0.645455 0.535135 0.644545 0.537162 0.642273 0.5385139999999999
1 0.757727 0.6695949999999999 0.757273 0.6777029999999999 0.7527269999999999 0.684459 0.7527269999999999 0.685811 0.796818 0.700676 0.8009090000000001 0.700676 0.811818 0.684459 0.811818 0.682432 0.809545 0.680405 0.805455 0.679054 0.8018179999999999 0.674324 0.798182 0.672973 0.788182 0.600676 0.785909 0.598649 0.7781819999999999 0.599324 0.777273 0.6 0.767273 0.664189 0.765909 0.666892 0.757727 0.6695949999999999