1 0.860455 0.692568 0.852273 0.693919 0.852273 0.69527 0.8809089999999999 0.722297 0.932273 0.722973 0.925 0.715541 0.921364 0.710135 0.918636 0.7013510000000001 0.910455 0.6972970000000001 0.9090909999999999 0.694595 0.899545 0.619595 0.8913639999999999 0.617568 0.886364 0.617568 0.872727 0.685135 0.870455 0.687162 0.8631819999999999 0.688514 0.860455 0.692568
1 0.6950000000000001 0.5486489999999999 0.715909 0.5486489999999999 0.715909 0.541892 0.713182 0.539865 0.711818 0.536486 0.708636 0.508784 0.703636 0.508784 0.699091 0.5385139999999999 0.698182 0.5405409999999999 0.6950000000000001 0.541216 0.6950000000000001 0.5486489999999999
1 0.683636 0.511486 0.699545 0.511486 0.699545 0.508108 0.695909 0.506081 0.693182 0.483108 0.689091 0.483108 0.6868179999999999 0.504054 0.685909 0.506081 0.684091 0.506757 0.683636 0.511486
1 0.687273 0.492568 0.688636 0.483108 0.690909 0.482432 0.690455 0.473649 0.689091 0.47027 0.687727 0.47027 0.6854549999999999 0.487838 0.6827270000000001 0.491892 0.687273 0.492568
1 0.660909 0.473649 0.6595449999999999 0.46283799999999997 0.6577270000000001 0.462162 0.6559090000000001 0.474324 0.6531819999999999 0.479054 0.663636 0.479054 0.660909 0.473649
1 0.672727 0.44662199999999996 0.670909 0.45 0.670455 0.45675699999999997 0.674545 0.456081 0.672727 0.44662199999999996
1 0.627273 0.470946 0.624545 0.464189 0.624545 0.459459 0.6236360000000001 0.457432 0.6222730000000001 0.457432 0.6209089999999999 0.466892 0.619091 0.472297 0.626818 0.472297 0.627273 0.470946
1 0.599545 0.44864899999999996 0.598182 0.45067599999999997 0.597273 0.458108 0.601364 0.457432 0.599545 0.44864899999999996
1 0.729545 0.45472999999999997 0.7272730000000001 0.445946 0.7259089999999999 0.44864899999999996 0.725 0.453378 0.725455 0.455405 0.729545 0.45472999999999997
1 0.73 0.447297 0.732273 0.44527 0.730909 0.439189 0.7286360000000001 0.439865 0.727727 0.44459499999999996 0.728182 0.447297 0.73 0.447297
1 0.738636 0.441216 0.737273 0.44256799999999996 0.736818 0.44864899999999996 0.7404550000000001 0.447973 0.738636 0.441216
1 0.756818 0.44459499999999996 0.755909 0.443243 0.753636 0.449324 0.753636 0.45270299999999997 0.7581819999999999 0.452027 0.756818 0.44459499999999996
1 0.7509089999999999 0.45 0.753182 0.45 0.7540910000000001 0.447973 0.753182 0.44256799999999996 0.752273 0.44256799999999996 0.751818 0.445946 0.750455 0.44864899999999996 0.7509089999999999 0.45
1 0.752273 0.441892 0.755 0.443919 0.753182 0.43851399999999996 0.752273 0.441892
1 0.789545 0.437162 0.788182 0.443919 0.791818 0.443919 0.790455 0.437162 0.789545 0.437162
1 0.831364 0.441216 0.830455 0.439865 0.8300000000000001 0.43648600000000004 0.829091 0.435811 0.827727 0.439865 0.827727 0.44256799999999996 0.8309089999999999 0.443243 0.831364 0.441216
1 0.8813639999999999 0.435811 0.8804550000000001 0.435135 0.879545 0.43648600000000004 0.878636 0.441892 0.882273 0.44256799999999996 0.8813639999999999 0.435811
1 0.9272729999999999 0.435135 0.9259090000000001 0.433784 0.924091 0.439189 0.924091 0.441216 0.928182 0.441216 0.9272729999999999 0.435135
1 0.549545 0.465541 0.548182 0.45675699999999997 0.547273 0.456081 0.545455 0.464189 0.545455 0.468243 0.550909 0.468243 0.549545 0.465541
1 0.538636 0.457432 0.5377270000000001 0.456081 0.537273 0.451351 0.535909 0.45067599999999997 0.535909 0.455405 0.5345449999999999 0.460135 0.538182 0.460135 0.538636 0.457432
1 0.486364 0.453378 0.485 0.461486 0.48863599999999996 0.461486 0.48727299999999996 0.453378 0.486364 0.453378
1 0.47636399999999995 0.473649 0.47909100000000004 0.473649 0.48090900000000003 0.471622 0.47909100000000004 0.460135 0.478182 0.460135 0.47772699999999996 0.464865 0.47590899999999997 0.470946 0.47636399999999995 0.473649
1 0.445 0.451351 0.443182 0.45472999999999997 0.443636 0.45675699999999997 0.44545500000000005 0.456081 0.445 0.451351
1 0.462727 0.45270299999999997 0.46181799999999995 0.451351 0.45999999999999996 0.453378 0.45999999999999996 0.458108 0.46318200000000004 0.456081 0.462727 0.45270299999999997
1 0.45636400000000005 0.453378 0.45499999999999996 0.453378 0.454091 0.459459 0.455909 0.46081099999999997 0.458182 0.460135 0.45636400000000005 0.453378
1 0.42409100000000005 0.452027 0.423182 0.457432 0.425455 0.457432 0.425 0.453378 0.42409100000000005 0.452027
1 0.395909 0.45878399999999997 0.398182 0.45878399999999997 0.396818 0.453378 0.395909 0.45878399999999997
1 0.39 0.47973 0.393636 0.479054 0.39454500000000003 0.477027 0.39318200000000003 0.475676 0.391818 0.466892 0.390455 0.466216 0.389545 0.467568 0.389545 0.475 0.388636 0.478378 0.39 0.47973
1 0.37136399999999997 0.456081 0.37090900000000004 0.46081099999999997 0.373182 0.461486 0.37227299999999997 0.456081 0.37136399999999997 0.456081
1 0.348636 0.462162 0.347727 0.46081099999999997 0.347727 0.45878399999999997 0.34681799999999996 0.45878399999999997 0.345909 0.463514 0.347727 0.464189 0.348636 0.463514 0.348636 0.462162
1 0.31454499999999996 0.461486 0.314091 0.466892 0.316364 0.466892 0.315909 0.461486 0.31454499999999996 0.461486
1 0.19863599999999998 0.471622 0.197273 0.471622 0.197273 0.474324 0.195909 0.479054 0.200455 0.479054 0.19863599999999998 0.471622
1 0.191364 0.505405 0.191818 0.503378 0.18954500000000002 0.501351 0.187727 0.496622 0.187273 0.489865 0.184091 0.488514 0.182727 0.500676 0.18 0.506081 0.188636 0.506757 0.191364 0.505405
1 0.112727 0.47973 0.110909 0.478378 0.110909 0.483108 0.109545 0.487838 0.11499999999999999 0.487162 0.112727 0.47973
3 0.130909 0.735135 0.130909 0.737838 0.137727 0.753378 0.145 0.753378 0.149091 0.75 0.15090900000000002 0.75 0.152727 0.747973 0.166364 0.743243 0.17272700000000002 0.739865 0.192273 0.733784 0.196364 0.731081 0.199091 0.727703 0.199091 0.725676 0.19409099999999999 0.716892 0.19318200000000002 0.710811 0.182273 0.710811 0.181364 0.7094590000000001 0.165909 0.639189 0.159545 0.639189 0.154091 0.643243 0.146364 0.720946 0.130909 0.735135
3 0.46727299999999994 0.518243 0.466364 0.512838 0.465 0.512838 0.464091 0.510811 0.461364 0.491216 0.458182 0.491216 0.455455 0.512838 0.452727 0.515541 0.452727 0.518243 0.46727299999999994 0.518243
3 0.512273 0.499324 0.510455 0.497973 0.5095449999999999 0.495946 0.507273 0.481081 0.5040910000000001 0.47973 0.5013639999999999 0.498649 0.49909100000000006 0.501351 0.511818 0.501351 0.512273 0.499324
3 0.526818 0.489189 0.526818 0.487162 0.525 0.485135 0.5227269999999999 0.470946 0.520455 0.470946 0.519091 0.48445900000000003 0.517273 0.48648600000000003 0.517273 0.489189 0.526818 0.489189
3 0.500455 0.480405 0.500455 0.482432 0.503182 0.482432 0.5040910000000001 0.479054 0.506818 0.47973 0.5081819999999999 0.481757 0.5081819999999999 0.47973 0.506364 0.478378 0.505909 0.472297 0.504545 0.466892 0.5027269999999999 0.466892 0.5027269999999999 0.471622 0.501818 0.473649 0.501818 0.477703 0.500455 0.480405
3 0.37636400000000003 0.553378 0.37863600000000003 0.555405 0.386818 0.555405 0.398182 0.553378 0.398182 0.5506759999999999 0.396818 0.5466219999999999 0.393636 0.545946 0.392727 0.5445949999999999 0.38818199999999997 0.516216 0.383636 0.515541 0.380909 0.543919 0.379545 0.547297 0.37636400000000003 0.55 0.37636400000000003 0.553378
3 0.44818199999999997 0.481757 0.44681800000000005 0.480405 0.445 0.468243 0.443636 0.468243 0.442727 0.479054 0.44045500000000004 0.483108 0.447727 0.483108 0.44818199999999997 0.481757
3 0.37909099999999996 0.487162 0.377273 0.48445900000000003 0.375455 0.475 0.37363599999999997 0.474324 0.372727 0.485135 0.37136399999999997 0.489865 0.37863600000000003 0.489865 0.37909099999999996 0.487162
3 0.292273 0.503378 0.3 0.504054 0.305 0.502703 0.300909 0.497973 0.29772699999999996 0.485135 0.29590900000000003 0.48445900000000003 0.29500000000000004 0.487162 0.294545 0.498649 0.292273 0.502027 0.292273 0.503378
3 0.103182 0.533784 0.100909 0.535811 0.100909 0.537838 0.116364 0.535811 0.118636 0.534459 0.118636 0.532432 0.117727 0.532432 0.115455 0.527703 0.113182 0.519595 0.11000000000000001 0.512838 0.11000000000000001 0.510811 0.105909 0.510135 0.105909 0.52027 0.10500000000000001 0.522297 0.104545 0.528378 0.103182 0.533784
3 0.083636 0.482432 0.082727 0.481757 0.082727 0.480405 0.080909 0.480405 0.08 0.481757 0.079091 0.488514 0.084091 0.487838 0.083636 0.482432
3 0.166818 0.480405 0.166364 0.476351 0.16499999999999998 0.473649 0.163636 0.473649 0.163636 0.475 0.162727 0.475676 0.162273 0.481081 0.166818 0.480405
3 0.9231820000000001 0.431757 0.921818 0.431757 0.9204549999999999 0.43445900000000004 0.9204549999999999 0.43648600000000004 0.9231820000000001 0.437162 0.9231820000000001 0.431757
3 0.9022729999999999 0.435811 0.9022729999999999 0.433108 0.9009090000000001 0.433108 0.9 0.43851399999999996 0.902727 0.439189 0.9031819999999999 0.43648600000000004 0.9022729999999999 0.435811
3 0.883182 0.43445900000000004 0.882727 0.439865 0.885455 0.439865 0.885 0.435135 0.883182 0.43445900000000004
3 0.860455 0.435135 0.8590909999999999 0.435811 0.8590909999999999 0.441216 0.8618180000000001 0.44054099999999996 0.860455 0.435135
3 0.819091 0.43648600000000004 0.817727 0.435811 0.8172729999999999 0.441216 0.82 0.441892 0.8204549999999999 0.44054099999999996 0.819091 0.43648600000000004
3 0.767727 0.437838 0.767273 0.443243 0.769545 0.443243 0.768636 0.437838 0.767727 0.437838
3 0.735 0.44256799999999996 0.733182 0.43851399999999996 0.732273 0.44256799999999996 0.732727 0.443919 0.734545 0.443919 0.735 0.44256799999999996
3 0.707273 0.44054099999999996 0.706364 0.441216 0.7054549999999999 0.44527 0.708182 0.44527 0.707273 0.44054099999999996
3 0.6868179999999999 0.441216 0.685909 0.441216 0.6854549999999999 0.44662199999999996 0.687727 0.44662199999999996 0.687727 0.443243 0.6868179999999999 0.441216
3 0.678636 0.44459499999999996 0.677727 0.441892 0.676818 0.441892 0.675909 0.44459499999999996 0.675909 0.447973 0.678636 0.447973 0.678636 0.44459499999999996
3 0.6813640000000001 0.44256799999999996 0.680455 0.44527 0.682273 0.445946 0.682273 0.443919 0.6813640000000001 0.44256799999999996
3 0.684091 0.443243 0.683182 0.443243 0.682273 0.45 0.6849999999999999 0.45067599999999997 0.6849999999999999 0.445946 0.684091 0.443243
3 0.681818 0.45 0.681818 0.44662199999999996 0.679545 0.445946 0.678636 0.452027 0.682273 0.452027 0.6827270000000001 0.45067599999999997 0.681818 0.45
3 0.6463639999999999 0.454054 0.647273 0.453378 0.647273 0.451351 0.645909 0.44527 0.644545 0.44527 0.644091 0.451351 0.643182 0.452027 0.643182 0.453378 0.6463639999999999 0.454054
3 0.598182 0.449324 0.599545 0.447973 0.5986360000000001 0.44662199999999996 0.597727 0.447973 0.5968180000000001 0.45472999999999997 0.597727 0.454054 0.598182 0.449324
3 0.555909 0.45 0.5549999999999999 0.44864899999999996 0.554091 0.45067599999999997 0.553636 0.456081 0.556818 0.456081 0.555909 0.45
3 0.520909 0.45 0.519545 0.45675699999999997 0.522273 0.457432 0.5227269999999999 0.454054 0.520909 0.45
3 0.5081819999999999 0.452027 0.506818 0.45 0.505909 0.455405 0.506364 0.45675699999999997 0.508636 0.45675699999999997 0.5081819999999999 0.452027
3 0.5040910000000001 0.45 0.503182 0.456081 0.505455 0.456081 0.505455 0.45270299999999997 0.5040910000000001 0.45
3 0.5013639999999999 0.449324 0.500455 0.45472999999999997 0.5027269999999999 0.45472999999999997 0.502273 0.45 0.5013639999999999 0.449324
3 0.498182 0.44864899999999996 0.497727 0.454054 0.49909100000000006 0.454054 0.499545 0.452027 0.498182 0.44864899999999996
3 0.49045500000000003 0.449324 0.49000000000000005 0.453378 0.49181800000000003 0.453378 0.49181800000000003 0.45 0.49045500000000003 0.449324
3 0.47000000000000003 0.45 0.469545 0.454054 0.471364 0.454054 0.47090899999999997 0.45067599999999997 0.47000000000000003 0.45
3 0.44863600000000003 0.451351 0.44863600000000003 0.45472999999999997 0.45 0.455405 0.450455 0.454054 0.44863600000000003 0.451351
3 0.428636 0.452027 0.42772699999999997 0.456081 0.43 0.456081 0.43 0.454054 0.428636 0.452027
3 0.399545 0.454054 0.399091 0.457432 0.40090899999999996 0.458108 0.40090899999999996 0.454054 0.399545 0.454054
3 0.369091 0.456081 0.368182 0.460135 0.37 0.46081099999999997 0.370455 0.45878399999999997 0.369091 0.456081
3 0.34409100000000004 0.45878399999999997 0.343182 0.462162 0.34500000000000003 0.46283799999999997 0.345909 0.460135 0.34409100000000004 0.45878399999999997
3 0.315455 0.46081099999999997 0.314091 0.46081099999999997 0.31318199999999996 0.465541 0.314091 0.461486 0.315455 0.46081099999999997
3 0.278636 0.463514 0.277273 0.464865 0.276818 0.468919 0.27954500000000004 0.468243 0.278636 0.463514
3 0.23090899999999998 0.467568 0.22954500000000003 0.468243 0.228636 0.472973 0.231818 0.472297 0.23090899999999998 0.467568
1 0.28500000000000003 0.492568 0.287727 0.491216 0.285455 0.487838 0.285455 0.483108 0.284545 0.47973 0.283182 0.477703 0.282273 0.477703 0.281818 0.488514 0.27999999999999997 0.490541 0.27999999999999997 0.492568 0.28500000000000003 0.492568
1 0.26272700000000004 0.465541 0.262273 0.472297 0.265 0.472297 0.26409099999999996 0.467568 0.26272700000000004 0.465541