2 0.780243 0.585906 0.7886949999999999 0.585906 0.791337 0.583893 0.792393 0.581208 0.792393 0.567114 0.789752 0.56443 0.786054 0.563758 0.783941 0.5617449999999999 0.777073 0.451007 0.767565 0.45033599999999996 0.7427360000000001 0.554362 0.7427360000000001 0.569128 0.7437929999999999 0.579866 0.780243 0.585906
1 0.703117 0.6134229999999999 0.701532 0.616779 0.693608 0.618792 0.692023 0.620805 0.692023 0.622819 0.720549 0.646309 0.7284729999999999 0.646309 0.764395 0.6402680000000001 0.7638670000000001 0.6369130000000001 0.756471 0.627517 0.755415 0.621477 0.750132 0.616107 0.746434 0.6140939999999999 0.740095 0.543624 0.731115 0.542953 0.72953 0.544966 0.713682 0.607383 0.711569 0.609396 0.703117 0.6134229999999999
1 0.688854 0.512081 0.687269 0.513423 0.681986 0.5261739999999999 0.712625 0.532215 0.7189650000000001 0.532215 0.727417 0.522148 0.727417 0.520134 0.7253040000000001 0.518792 0.7221339999999999 0.513423 0.7189650000000001 0.512081 0.71738 0.508725 0.712097 0.460403 0.7047019999999999 0.459732 0.703117 0.462416 0.6941360000000001 0.508725 0.692552 0.511409 0.688854 0.512081
1 0.41151600000000005 0.501342 0.41257299999999997 0.504698 0.414686 0.508054 0.42842 0.508054 0.448494 0.5060399999999999 0.447438 0.49463100000000004 0.44532499999999997 0.491946 0.44215499999999996 0.491275 0.440571 0.488591 0.43264699999999995 0.44362399999999996 0.425779 0.44362399999999996 0.41944 0.491946 0.414686 0.49396000000000007 0.412044 0.49731500000000006 0.41151600000000005 0.501342
2 0.159535 0.518792 0.160063 0.524161 0.163761 0.531544 0.173798 0.531544 0.193872 0.527517 0.215003 0.524832 0.215003 0.51745 0.211833 0.512081 0.20655 0.508725 0.20443699999999998 0.508725 0.20338099999999998 0.507383 0.182779 0.41610699999999995 0.181722 0.41409399999999996 0.175383 0.41409399999999996 0.173798 0.41543599999999997 0.167459 0.512752 0.163761 0.5147649999999999 0.159535 0.518792
3 0.475436 0.47047 0.470681 0.471812 0.470153 0.47315399999999996 0.484945 0.47785200000000005 0.496038 0.47785200000000005 0.5092450000000001 0.47315399999999996 0.509773 0.471141 0.5066029999999999 0.469128 0.505018 0.46644300000000005 0.501849 0.465772 0.500792 0.463758 0.49445300000000003 0.421477 0.488642 0.420805 0.481775 0.463758 0.480718 0.46510100000000004 0.47807700000000003 0.46510100000000004 0.475436 0.47047
3 0.292657 0.5295300000000001 0.29212899999999997 0.532215 0.302166 0.5422819999999999 0.308505 0.5422819999999999 0.342842 0.534899 0.342842 0.533557 0.33703099999999997 0.527517 0.334918 0.522148 0.328051 0.516779 0.318542 0.46711400000000003 0.31114600000000003 0.46711400000000003 0.303222 0.521477 0.30163799999999996 0.524161 0.297412 0.5255029999999999 0.292657 0.5295300000000001
0 0.475964 0.5570470000000001 0.47807700000000003 0.561074 0.517697 0.561074 0.518753 0.560403 0.518753 0.555705 0.516112 0.543624 0.513471 0.538926 0.509773 0.538255 0.508188 0.534899 0.500264 0.483221 0.49392500000000006 0.483221 0.491812 0.485235 0.482831 0.538255 0.474908 0.5422819999999999 0.475964 0.5570470000000001
0 0.354464 0.46308699999999997 0.354464 0.46510100000000004 0.36872699999999997 0.467785 0.380349 0.467785 0.394612 0.46308699999999997 0.394612 0.46174499999999996 0.38351799999999997 0.45302 0.376123 0.413423 0.36978300000000003 0.413423 0.364501 0.45503400000000005 0.359746 0.459732 0.35552 0.46174499999999996 0.354464 0.46308699999999997
0 0.205494 0.479195 0.205494 0.481879 0.210777 0.485235 0.226624 0.485235 0.247227 0.479866 0.247755 0.475839 0.24405700000000002 0.47516800000000003 0.241416 0.471141 0.237718 0.471141 0.236133 0.469128 0.225568 0.42550299999999996 0.21869999999999998 0.424832 0.21394600000000003 0.47315399999999996 0.210248 0.47449700000000006 0.207607 0.479195 0.205494 0.479195
3 0.5573159999999999 0.499329 0.555732 0.501342 0.5541470000000001 0.512081 0.55309 0.5140939999999999 0.549392 0.515436 0.547279 0.51745 0.546223 0.520134 0.540412 0.522148 0.539884 0.524161 0.562599 0.533557 0.56841 0.533557 0.590069 0.5261739999999999 0.589012 0.524161 0.584786 0.521477 0.5821449999999999 0.516107 0.576862 0.5140939999999999 0.574749 0.49328900000000003 0.573164 0.48791900000000005 0.571051 0.462416 0.563656 0.462416 0.561543 0.47047 0.561543 0.475839 0.558901 0.48590600000000006 0.5573159999999999 0.499329
2 0.5536190000000001 0.489933 0.557845 0.489933 0.561014 0.475839 0.561014 0.47047 0.562599 0.46308699999999997 0.563656 0.46174499999999996 0.569466 0.46174499999999996 0.5689379999999999 0.44899300000000003 0.5642039546875 0.40387975468750004 0.562599 0.394631 0.55626 0.394631 0.543053 0.47449700000000006 0.5388270000000001 0.475839 0.533016 0.479866 0.533016 0.483893 0.5536190000000001 0.489933