1 0.9336360000000001 0.724324 0.927727 0.724324 0.9231820000000001 0.726351 0.921818 0.727703 0.9204549999999999 0.731757 0.9090909999999999 0.733108 0.9090909999999999 0.734459 0.910909 0.737162 0.9349999999999999 0.760135 0.935909 0.760135 0.935909 0.706081 0.934545 0.710135 0.9349999999999999 0.715541 0.9340909999999999 0.718243 0.9336360000000001 0.724324
1 0.727727 0.55473 0.7259089999999999 0.556757 0.7259089999999999 0.559459 0.730909 0.563514 0.75 0.562838 0.75 0.558108 0.7490910000000001 0.555405 0.746364 0.555405 0.745 0.552027 0.740909 0.518243 0.736818 0.518243 0.733636 0.533108 0.731364 0.5506759999999999 0.729545 0.55473 0.727727 0.55473
1 0.672273 0.511486 0.686364 0.512162 0.6854549999999999 0.507432 0.684545 0.507432 0.681818 0.502027 0.6813640000000001 0.493243 0.6799999999999999 0.485135 0.677273 0.485135 0.675 0.497297 0.674545 0.505405 0.671818 0.507432 0.672273 0.511486
1 0.6950000000000001 0.476351 0.6950000000000001 0.474324 0.693182 0.472297 0.6922729999999999 0.461486 0.6895450000000001 0.461486 0.688636 0.472973 0.687273 0.475 0.687273 0.476351 0.6950000000000001 0.476351
1 0.738182 0.468243 0.738182 0.469595 0.745455 0.47027 0.745455 0.468919 0.744091 0.466892 0.743182 0.45675699999999997 0.740909 0.45675699999999997 0.740909 0.46081099999999997 0.739545 0.463514 0.739545 0.466892 0.738182 0.468243
1 0.8295450000000001 0.465541 0.837273 0.465541 0.837273 0.462162 0.835909 0.46081099999999997 0.834545 0.452027 0.8331820000000001 0.452027 0.832273 0.453378 0.8309089999999999 0.46283799999999997 0.8295450000000001 0.463514 0.8295450000000001 0.465541
1 0.920909 0.460135 0.9199999999999999 0.456081 0.919545 0.449324 0.916364 0.449324 0.9131819999999999 0.463514 0.921364 0.463514 0.921818 0.46081099999999997 0.920909 0.460135
3 0.207727 0.683108 0.203636 0.716892 0.197273 0.721622 0.193636 0.727027 0.19318200000000002 0.733784 0.18818200000000002 0.737162 0.186364 0.740541 0.185909 0.743243 0.21136400000000002 0.743919 0.22999999999999998 0.742568 0.25409099999999996 0.717568 0.25409099999999996 0.716216 0.251818 0.714189 0.247273 0.714865 0.24590900000000002 0.713514 0.24545499999999998 0.710811 0.242727 0.710135 0.240455 0.708108 0.23636400000000002 0.7074320000000001 0.23545500000000003 0.706081 0.22136399999999998 0.641216 0.21318199999999998 0.641216 0.210909 0.643243 0.209545 0.654054 0.207727 0.683108
3 0.400455 0.558108 0.4 0.559459 0.418182 0.559459 0.419545 0.557432 0.422273 0.556081 0.42272699999999996 0.554054 0.420455 0.551351 0.418182 0.551351 0.41727299999999995 0.55 0.412273 0.52027 0.40818199999999993 0.52027 0.405455 0.5527029999999999 0.403636 0.554054 0.40272699999999995 0.556757 0.400455 0.558108
3 0.491364 0.510811 0.49181800000000003 0.507432 0.490909 0.506081 0.489545 0.506081 0.48863599999999996 0.504054 0.486364 0.487838 0.48318199999999994 0.487838 0.482273 0.503378 0.47909100000000004 0.509459 0.47909100000000004 0.510811 0.491364 0.510811
3 0.547727 0.485135 0.546364 0.483108 0.545 0.471622 0.543182 0.471622 0.541364 0.483784 0.539091 0.487162 0.547273 0.487838 0.547727 0.485135
3 0.587727 0.472297 0.586364 0.462162 0.584091 0.462162 0.582727 0.475 0.589091 0.475 0.589091 0.473649 0.587727 0.472297
3 0.639091 0.455405 0.638182 0.467568 0.643182 0.467568 0.641818 0.455405 0.639091 0.455405
3 0.7150000000000001 0.452027 0.712727 0.452027 0.7122729999999999 0.459459 0.711364 0.462162 0.716364 0.462162 0.7150000000000001 0.452027
3 0.791364 0.44864899999999996 0.789545 0.460135 0.795 0.460135 0.793182 0.44864899999999996 0.791364 0.44864899999999996
3 0.874545 0.456081 0.872727 0.454054 0.871818 0.445946 0.8695449999999999 0.445946 0.867727 0.453378 0.867727 0.457432 0.874545 0.457432 0.874545 0.456081
1 0.676364 0.488514 0.677273 0.48445900000000003 0.6799999999999999 0.48445900000000003 0.6813640000000001 0.488514 0.680455 0.48445900000000003 0.679091 0.482432 0.677273 0.470946 0.675 0.47027 0.673182 0.48445900000000003 0.671364 0.48648600000000003 0.671364 0.488514 0.676364 0.488514