3 0.41 0.566892 0.40954499999999994 0.568243 0.420909 0.570946 0.428636 0.570946 0.439545 0.566216 0.44000000000000006 0.564865 0.43727299999999997 0.564189 0.435909 0.562838 0.435455 0.560811 0.432273 0.560135 0.431364 0.558784 0.425455 0.523649 0.420909 0.522973 0.416818 0.560135 0.414091 0.562162 0.412273 0.565541 0.41 0.566892
3 0.601364 0.506757 0.604545 0.508108 0.618182 0.508108 0.618636 0.504054 0.615 0.501351 0.611364 0.479054 0.608182 0.479054 0.605 0.501351 0.602727 0.502703 0.601364 0.50473 0.601364 0.506757
3 0.698636 0.485135 0.699091 0.483108 0.696818 0.481081 0.695909 0.478378 0.694091 0.462162 0.690909 0.462162 0.688636 0.479054 0.687273 0.481757 0.687273 0.48445900000000003 0.698636 0.485135
3 0.7763639999999999 0.470946 0.776818 0.468919 0.7740910000000001 0.464865 0.7727269999999999 0.452027 0.770455 0.452027 0.768636 0.464189 0.766364 0.468243 0.766364 0.47027 0.7763639999999999 0.470946
3 0.8331820000000001 0.462162 0.833636 0.459459 0.832727 0.459459 0.831364 0.45675699999999997 0.830455 0.44662199999999996 0.827727 0.445946 0.825909 0.45675699999999997 0.8236359999999999 0.46081099999999997 0.8236359999999999 0.462162 0.8331820000000001 0.462162
3 0.908182 0.427703 0.906818 0.427703 0.906364 0.431757 0.908182 0.43243200000000004 0.9086360000000001 0.429054 0.908182 0.427703
3 0.870455 0.435135 0.8690910000000001 0.43243200000000004 0.868182 0.43243200000000004 0.865909 0.44054099999999996 0.870455 0.44054099999999996 0.870455 0.435135
3 0.865 0.42973 0.8640909999999999 0.433784 0.865909 0.43445900000000004 0.8663639999999999 0.431081 0.865 0.42973
3 0.825909 0.43243200000000004 0.824545 0.431081 0.8236359999999999 0.43243200000000004 0.8236359999999999 0.435135 0.825455 0.43648600000000004 0.825909 0.43243200000000004
3 0.818182 0.437838 0.8168179999999999 0.435811 0.815455 0.437838 0.814091 0.443919 0.818636 0.443243 0.818182 0.437838
3 0.789545 0.433784 0.788636 0.43243200000000004 0.787273 0.43445900000000004 0.787273 0.437838 0.789091 0.437838 0.789545 0.433784
3 0.745 0.43445900000000004 0.744091 0.43445900000000004 0.743636 0.439189 0.745455 0.439189 0.7459089999999999 0.437162 0.745 0.43445900000000004
3 0.74 0.441216 0.738636 0.43851399999999996 0.737727 0.43851399999999996 0.735909 0.44662199999999996 0.74 0.445946 0.74 0.441216
3 0.703636 0.43648600000000004 0.703182 0.44054099999999996 0.705909 0.44054099999999996 0.7054549999999999 0.437838 0.703636 0.43648600000000004
3 0.674091 0.44054099999999996 0.672727 0.44864899999999996 0.676364 0.44864899999999996 0.675909 0.443919 0.674091 0.44054099999999996
3 0.6559090000000001 0.439189 0.655 0.437838 0.654091 0.439865 0.654091 0.443243 0.6563640000000001 0.443243 0.6559090000000001 0.439189
3 0.6277269999999999 0.443919 0.6263639999999999 0.441892 0.625 0.44662199999999996 0.625 0.449324 0.628182 0.45 0.6277269999999999 0.443919
3 0.602727 0.44054099999999996 0.6022730000000001 0.445946 0.6036360000000001 0.445946 0.604091 0.44256799999999996 0.602727 0.44054099999999996
3 0.574545 0.451351 0.577727 0.45 0.576364 0.44256799999999996 0.575455 0.443243 0.575455 0.44662199999999996 0.574091 0.449324 0.574545 0.451351
3 0.540455 0.44527 0.539091 0.447297 0.539545 0.451351 0.541364 0.45067599999999997 0.540455 0.44527
3 0.540909 0.443243 0.541364 0.447973 0.542273 0.44864899999999996 0.542273 0.44527 0.540909 0.443243
3 0.527727 0.443919 0.5263639999999999 0.445946 0.5263639999999999 0.449324 0.528636 0.44864899999999996 0.527727 0.443919
3 0.516818 0.44527 0.516818 0.45 0.518636 0.45 0.517727 0.44527 0.516818 0.44527
3 0.515909 0.44527 0.515 0.44527 0.514545 0.451351 0.516818 0.451351 0.515909 0.44864899999999996 0.515909 0.44527
1 0.559091 0.443243 0.558636 0.449324 0.561364 0.449324 0.5604549999999999 0.443919 0.559091 0.443243
1 0.5650000000000001 0.441892 0.564091 0.44864899999999996 0.566364 0.44864899999999996 0.566364 0.44256799999999996 0.5650000000000001 0.441892
1 0.58 0.447973 0.577727 0.441892 0.577273 0.44662199999999996 0.578182 0.45 0.579091 0.45 0.58 0.447973
1 0.590909 0.441892 0.5900000000000001 0.441216 0.589091 0.44662199999999996 0.590909 0.447297 0.5918180000000001 0.44527 0.590909 0.441892
1 0.614545 0.439865 0.6140909999999999 0.44527 0.616364 0.445946 0.615909 0.441892 0.614545 0.439865
1 0.621364 0.44256799999999996 0.62 0.441216 0.619091 0.44864899999999996 0.621818 0.449324 0.6222730000000001 0.44662199999999996 0.621364 0.44256799999999996
1 0.67 0.437838 0.669091 0.443243 0.670909 0.443919 0.671364 0.44054099999999996 0.67 0.437838
1 0.695909 0.44662199999999996 0.694091 0.441892 0.694091 0.43851399999999996 0.6922729999999999 0.43851399999999996 0.6922729999999999 0.443919 0.690909 0.44527 0.690909 0.44662199999999996 0.695909 0.44662199999999996
1 0.722727 0.435135 0.7218180000000001 0.44054099999999996 0.724091 0.441216 0.724091 0.437162 0.722727 0.435135
1 0.744091 0.443243 0.743182 0.437838 0.742273 0.437162 0.740909 0.44459499999999996 0.744545 0.44527 0.745 0.443919 0.744091 0.443243
1 0.766364 0.433108 0.765 0.43851399999999996 0.767727 0.439189 0.767727 0.435811 0.766364 0.433108
1 0.8104549999999999 0.43851399999999996 0.8099999999999999 0.43445900000000004 0.8090909999999999 0.433784 0.807273 0.441892 0.811364 0.44256799999999996 0.811818 0.44054099999999996 0.8104549999999999 0.43851399999999996
1 0.8163639999999999 0.435135 0.815455 0.431757 0.8145450000000001 0.43243200000000004 0.814091 0.437162 0.815455 0.437162 0.8163639999999999 0.435135
1 0.847273 0.42973 0.846364 0.435135 0.849545 0.435811 0.8481820000000001 0.42973 0.847273 0.42973
1 0.875455 0.437162 0.874091 0.435135 0.874091 0.43040500000000004 0.8722730000000001 0.43040500000000004 0.871364 0.43851399999999996 0.874545 0.439189 0.875455 0.43851399999999996 0.875455 0.437162
1 0.8940910000000001 0.429054 0.892273 0.427703 0.8913639999999999 0.433108 0.8936360000000001 0.433784 0.8945449999999999 0.433108 0.8940910000000001 0.429054
1 0.902727 0.503378 0.911818 0.50473 0.9227270000000001 0.50473 0.9231820000000001 0.5 0.920909 0.499324 0.919545 0.495946 0.9168179999999999 0.471622 0.9122730000000001 0.471622 0.906364 0.495946 0.9054550000000001 0.497297 0.902727 0.497973 0.902727 0.503378
1 0.8768179999999999 0.533784 0.8790910000000001 0.537162 0.905909 0.537162 0.904545 0.52973 0.9009090000000001 0.52973 0.9 0.527703 0.8954549999999999 0.493243 0.889545 0.493243 0.882727 0.521622 0.8804550000000001 0.527027 0.876364 0.530405 0.8768179999999999 0.533784
1 0.875909 0.601351 0.8709089999999999 0.602703 0.8695449999999999 0.604054 0.8695449999999999 0.605405 0.884091 0.616892 0.9131819999999999 0.62027 0.9231820000000001 0.62027 0.9236359999999999 0.616892 0.9199999999999999 0.614189 0.918182 0.611486 0.917727 0.608784 0.9159090000000001 0.605405 0.9113640000000001 0.604054 0.9095449999999999 0.601351 0.903636 0.547973 0.9022729999999999 0.5466219999999999 0.8936360000000001 0.547297 0.882273 0.596622 0.8809089999999999 0.598649 0.8777269999999999 0.599324 0.875909 0.601351
3 0.93 0.44864899999999996 0.928182 0.45 0.928636 0.451351 0.935909 0.451351 0.935909 0.441216 0.9349999999999999 0.439865 0.9349999999999999 0.437162 0.9327270000000001 0.437162 0.931818 0.439865 0.931818 0.443243 0.93 0.44864899999999996
3 0.861364 0.453378 0.861364 0.455405 0.8695449999999999 0.455405 0.8695449999999999 0.453378 0.8686360000000001 0.45270299999999997 0.8686360000000001 0.44527 0.867727 0.44459499999999996 0.867727 0.441216 0.8654550000000001 0.441892 0.864545 0.447973 0.8631819999999999 0.452027 0.861364 0.453378