2 0.14727300000000002 0.527206 0.14727300000000002 0.530147 0.14818199999999998 0.532353 0.193636 0.531618 0.210455 0.508088 0.210455 0.5058819999999999 0.2 0.5007349999999999 0.195909 0.496324 0.167273 0.375 0.163182 0.37426499999999996 0.159091 0.37573500000000004 0.158636 0.5088239999999999 0.155 0.513971 0.152727 0.519853 0.14727300000000002 0.527206
2 0.198182 0.475 0.198182 0.47794100000000006 0.240455 0.476471 0.250909 0.45955899999999994 0.250909 0.457353 0.248636 0.455147 0.241364 0.452206 0.24 0.45 0.215909 0.341912 0.208636 0.34117600000000003 0.207727 0.458824 0.20318200000000003 0.46617600000000003 0.200909 0.47205899999999995 0.198182 0.475
2 0.700909 0.480882 0.700909 0.48308799999999996 0.710455 0.503676 0.736818 0.503676 0.763636 0.5007349999999999 0.763636 0.491176 0.756818 0.480147 0.751818 0.47573499999999996 0.7509089999999999 0.47205899999999995 0.739545 0.335294 0.731818 0.335294 0.729091 0.34117600000000003 0.7136359999999999 0.473529 0.7122729999999999 0.476471 0.700909 0.480882
3 0.364545 0.31544099999999997 0.367273 0.31176499999999996 0.367273 0.307353 0.364091 0.306618 0.36181800000000003 0.303676 0.35681799999999997 0.270588 0.351364 0.270588 0.35 0.303676 0.346364 0.30955900000000003 0.345909 0.316176 0.364545 0.31544099999999997
3 0.415909 0.255882 0.415909 0.25220600000000004 0.413636 0.251471 0.412273 0.248529 0.409091 0.227941 0.40636400000000006 0.227941 0.403182 0.251471 0.403182 0.258088 0.412727 0.258824 0.415909 0.255882
3 0.43 0.223529 0.43 0.226471 0.432273 0.227941 0.43636400000000003 0.227941 0.439091 0.224265 0.439091 0.222794 0.436818 0.217647 0.43454499999999996 0.20514700000000002 0.43318199999999996 0.20441199999999998 0.432273 0.20514700000000002 0.431364 0.209559 0.431364 0.220588 0.43 0.223529
3 0.453182 0.20441199999999998 0.453182 0.199265 0.451818 0.197059 0.45090899999999995 0.190441 0.45 0.18823499999999999 0.44863600000000003 0.18823499999999999 0.447727 0.18970599999999999 0.44681800000000005 0.20441199999999998 0.45227300000000004 0.20514700000000002 0.453182 0.20441199999999998
3 0.461364 0.190441 0.462727 0.18823499999999999 0.462727 0.186029 0.46045499999999995 0.175735 0.459091 0.175735 0.458182 0.177206 0.45772700000000005 0.188971 0.459091 0.190441 0.461364 0.190441
3 0.469545 0.176471 0.468182 0.173529 0.467727 0.169118 0.466364 0.168382 0.46545500000000006 0.178676 0.46681800000000007 0.18088200000000001 0.469545 0.18088200000000001 0.469545 0.176471
3 0.47409100000000004 0.17205900000000002 0.47409100000000004 0.167647 0.473182 0.163235 0.471818 0.163235 0.47090899999999997 0.164706 0.47090899999999997 0.17205900000000002 0.473182 0.172794 0.47409100000000004 0.17205900000000002
3 0.474545 0.166912 0.478182 0.166176 0.478182 0.161765 0.477273 0.160294 0.476818 0.15661799999999998 0.475455 0.15661799999999998 0.475455 0.158088 0.474545 0.15882400000000002 0.47409100000000004 0.165441 0.474545 0.166912
3 0.481364 0.15661799999999998 0.47909100000000004 0.15 0.47772699999999996 0.154412 0.47772699999999996 0.15882400000000002 0.48090900000000003 0.159559 0.481364 0.15661799999999998
3 0.483636 0.154412 0.482273 0.147794 0.48090900000000003 0.147794 0.48045499999999997 0.152206 0.481364 0.15588200000000002 0.482273 0.15588200000000002 0.483636 0.154412
1 0.599091 0.297059 0.619091 0.297059 0.619091 0.292647 0.617727 0.288971 0.6154550000000001 0.286765 0.610455 0.25073500000000004 0.605455 0.25073500000000004 0.601818 0.286765 0.600455 0.289706 0.5986360000000001 0.290441 0.599091 0.297059
1 0.579545 0.241912 0.58 0.23823500000000003 0.578182 0.236029 0.575 0.213235 0.574545 0.21176499999999998 0.570455 0.21176499999999998 0.5700000000000001 0.23455900000000002 0.567727 0.2375 0.567727 0.242647 0.579545 0.241912
1 0.5604549999999999 0.214706 0.5618179999999999 0.213235 0.5618179999999999 0.21176499999999998 0.5599999999999999 0.20882399999999998 0.5577270000000001 0.193382 0.5549999999999999 0.19264699999999998 0.553636 0.209559 0.552273 0.211029 0.552273 0.214706 0.5604549999999999 0.214706
1 0.55 0.18970599999999999 0.547727 0.175735 0.545909 0.175735 0.544091 0.195588 0.550909 0.195588 0.551818 0.19264699999999998 0.55 0.18970599999999999
1 0.543636 0.18088200000000001 0.543636 0.179412 0.542727 0.177206 0.541364 0.166176 0.54 0.166176 0.539091 0.176471 0.5377270000000001 0.18088200000000001 0.542273 0.181618 0.543636 0.18088200000000001
1 0.539091 0.168382 0.537273 0.161765 0.535909 0.161029 0.534091 0.17205900000000002 0.5377270000000001 0.173529 0.539091 0.171324 0.539091 0.168382
1 0.534091 0.166176 0.5349999999999999 0.1625 0.5331819999999999 0.15661799999999998 0.532273 0.15588200000000002 0.5309090000000001 0.160294 0.5309090000000001 0.163971 0.531818 0.166176 0.534091 0.166176
1 0.5313640000000001 0.15882400000000002 0.531818 0.15367599999999998 0.5309090000000001 0.152206 0.530455 0.148529 0.5295449999999999 0.148529 0.528636 0.151471 0.528636 0.15588200000000002 0.5295449999999999 0.15882400000000002 0.5313640000000001 0.15882400000000002
1 0.573182 0.133824 0.571818 0.124265 0.570455 0.125 0.569545 0.136029 0.571818 0.136029 0.573182 0.133824
2 0.675909 0.431618 0.675 0.433088 0.675 0.436029 0.683636 0.45 0.715909 0.449265 0.717727 0.434559 0.717727 0.421324 0.7054549999999999 0.308824 0.704091 0.305147 0.697727 0.305147 0.696364 0.305882 0.6854549999999999 0.423529 0.683636 0.427941 0.675909 0.431618