2 0.230322 0.555034 0.230322 0.55906 0.275225 0.55906 0.278394 0.557718 0.285261 0.549664 0.285261 0.548322 0.28103500000000003 0.54698 0.279451 0.544966 0.275753 0.543624 0.274696 0.541611 0.26149 0.449664 0.253038 0.449664 0.240359 0.544295 0.236133 0.546309 0.230322 0.555034
2 0.474908 0.48456400000000005 0.475436 0.48590600000000006 0.505018 0.487248 0.505018 0.481879 0.503434 0.47785200000000005 0.500264 0.47516800000000003 0.49551 0.416779 0.49075499999999994 0.416779 0.480718 0.472483 0.479134 0.47516800000000003 0.474908 0.477181 0.474908 0.48456400000000005
2 0.634443 0.520805 0.645536 0.5295300000000001 0.678817 0.5295300000000001 0.678288 0.5255029999999999 0.670893 0.516107 0.664554 0.44094 0.6587430000000001 0.440268 0.645536 0.510738 0.640254 0.516779 0.634443 0.518792 0.634443 0.520805
0 0.520866 0.510738 0.5182249999999999 0.512752 0.5182249999999999 0.5140939999999999 0.524564 0.51745 0.536714 0.51745 0.55309 0.515436 0.55309 0.5140939999999999 0.550449 0.512081 0.549392 0.509396 0.545166 0.5067109999999999 0.54411 0.504698 0.5382990000000001 0.46510100000000004 0.533016 0.46443 0.525621 0.505369 0.524564 0.507383 0.5213949999999999 0.508725 0.520866 0.510738
1 0.36133099999999996 0.515436 0.36133099999999996 0.516779 0.37665099999999996 0.518792 0.388801 0.518792 0.399366 0.5147649999999999 0.399366 0.512752 0.396725 0.512081 0.394612 0.508725 0.390914 0.507383 0.389329 0.504698 0.38351799999999997 0.46510100000000004 0.377707 0.46510100000000004 0.37031200000000003 0.507383 0.366614 0.510067 0.364501 0.513423 0.36133099999999996 0.515436
1 0.599049 0.571141 0.600634 0.579195 0.603275 0.586577 0.642895 0.587248 0.642895 0.58255 0.640782 0.577852 0.640254 0.5731539999999999 0.637084 0.57047 0.634443 0.5697989999999999 0.6328579999999999 0.566443 0.628632 0.515436 0.621236 0.5147649999999999 0.6201800000000001 0.515436 0.609614 0.565772 0.608558 0.567114 0.599049 0.571141
1 0.587427 0.675168 0.58373 0.685906 0.5784469999999999 0.696644 0.5784469999999999 0.698658 0.6265189999999999 0.712081 0.6339140000000001 0.7127519999999999 0.645536 0.689262 0.645536 0.686577 0.631273 0.675168 0.623877 0.6 0.622293 0.597987 0.6138399999999999 0.597987 0.611727 0.6 0.596936 0.67047 0.59588 0.6724829999999999 0.587427 0.675168
3 0.43317500000000003 0.541611 0.42894899999999997 0.543624 0.42894899999999997 0.546309 0.43951399999999996 0.5536909999999999 0.44902300000000006 0.5536909999999999 0.472266 0.5503359999999999 0.47279499999999997 0.547651 0.468568 0.544966 0.466455 0.539597 0.462758 0.538926 0.461701 0.536913 0.45483399999999996 0.488591 0.44902300000000006 0.48791900000000005 0.440571 0.5342279999999999 0.438457 0.5375840000000001 0.435288 0.538255 0.43317500000000003 0.541611
3 0.335446 0.612752 0.319599 0.62349 0.319599 0.6248319999999999 0.338616 0.6369130000000001 0.34337 0.64094 0.351294 0.6402680000000001 0.384046 0.630201 0.38351799999999997 0.628188 0.375594 0.621477 0.374538 0.61745 0.37136800000000003 0.6134229999999999 0.36767 0.612081 0.366614 0.610738 0.360275 0.548322 0.35657700000000003 0.54698 0.351823 0.54698 0.350766 0.5489930000000001 0.337559 0.610067 0.335446 0.612752
3 0.596408 0.5 0.597464 0.501342 0.6233489999999999 0.501342 0.6233489999999999 0.49597300000000005 0.621236 0.49328900000000003 0.618595 0.49261699999999997 0.6175379999999999 0.489933 0.613312 0.45503400000000005 0.6080300000000001 0.45503400000000005 0.60169 0.490604 0.600634 0.49261699999999997 0.596408 0.495302 0.596408 0.5
0 0.310618 0.471141 0.31695700000000004 0.475839 0.326994 0.475839 0.334918 0.47449700000000006 0.335975 0.469128 0.334918 0.46711400000000003 0.332805 0.46644300000000005 0.33121999999999996 0.46308699999999997 0.327522 0.431544 0.322768 0.431544 0.31642899999999996 0.46308699999999997 0.312203 0.465772 0.310618 0.46845600000000004 0.310618 0.471141
0 0.326994 0.49261699999999997 0.330692 0.49664400000000003 0.35657700000000003 0.49597300000000005 0.357105 0.491275 0.351823 0.48657700000000004 0.350766 0.483893 0.344955 0.44899300000000003 0.34020100000000003 0.44899300000000003 0.333862 0.483893 0.332277 0.48657700000000004 0.327522 0.489933 0.326994 0.49261699999999997