3 0.322727 0.571622 0.322273 0.573649 0.343182 0.573649 0.350909 0.57027 0.351818 0.568919 0.351818 0.566892 0.348636 0.566892 0.348182 0.564189 0.34500000000000003 0.562838 0.34409100000000004 0.560811 0.338636 0.528378 0.333182 0.527703 0.32954500000000003 0.564865 0.325909 0.566892 0.325 0.57027 0.322727 0.571622
3 0.5349999999999999 0.512838 0.5377270000000001 0.511486 0.5377270000000001 0.509459 0.533636 0.507432 0.530455 0.485135 0.527273 0.485135 0.524545 0.508784 0.5227269999999999 0.510811 0.5227269999999999 0.512838 0.5349999999999999 0.512838
3 0.6168180000000001 0.491216 0.618182 0.489865 0.618182 0.487162 0.6168180000000001 0.48648600000000003 0.6154550000000001 0.483784 0.613636 0.468919 0.610909 0.468919 0.608636 0.485135 0.607273 0.488514 0.607273 0.491892 0.6168180000000001 0.491216
3 0.6900000000000001 0.474324 0.688636 0.471622 0.687273 0.46081099999999997 0.684091 0.46081099999999997 0.683182 0.470946 0.681818 0.476351 0.6900000000000001 0.476351 0.6900000000000001 0.474324
3 0.7418180000000001 0.468243 0.7390909999999999 0.465541 0.738636 0.455405 0.736818 0.45472999999999997 0.735909 0.46283799999999997 0.733636 0.469595 0.7418180000000001 0.469595 0.7418180000000001 0.468243
3 0.765909 0.46283799999999997 0.7727269999999999 0.46283799999999997 0.773182 0.461486 0.772273 0.46081099999999997 0.7713639999999999 0.45270299999999997 0.770455 0.45067599999999997 0.769091 0.45067599999999997 0.767727 0.455405 0.767727 0.459459 0.765909 0.460135 0.765909 0.46283799999999997
3 0.822273 0.459459 0.8295450000000001 0.459459 0.828636 0.458108 0.8272729999999999 0.447973 0.825909 0.447973 0.824545 0.451351 0.824545 0.45472999999999997 0.822273 0.459459
3 0.858182 0.454054 0.857273 0.44527 0.8559089999999999 0.44527 0.853182 0.45675699999999997 0.858182 0.457432 0.860455 0.456081 0.858182 0.454054
3 0.879545 0.454054 0.885455 0.454054 0.885 0.445946 0.884091 0.443919 0.882727 0.443919 0.8813639999999999 0.44662199999999996 0.8809089999999999 0.451351 0.879545 0.454054
3 0.8945449999999999 0.439189 0.891818 0.43851399999999996 0.890455 0.44527 0.8954549999999999 0.44527 0.8954549999999999 0.441892 0.8945449999999999 0.439189
3 0.9031819999999999 0.441216 0.900455 0.441216 0.898636 0.451351 0.905 0.451351 0.903636 0.447297 0.9031819999999999 0.441216
3 0.9022729999999999 0.435135 0.9018179999999999 0.43851399999999996 0.904091 0.439189 0.904091 0.43648600000000004 0.9022729999999999 0.435135
3 0.929091 0.433784 0.928636 0.43851399999999996 0.930455 0.43851399999999996 0.93 0.433784 0.929091 0.433784
3 0.935909 0.439865 0.9336360000000001 0.443243 0.932273 0.44864899999999996 0.935909 0.44864899999999996 0.935909 0.439865
3 0.931364 0.443919 0.9331820000000001 0.443919 0.9349999999999999 0.44054099999999996 0.9340909999999999 0.437162 0.9331820000000001 0.437162 0.9327270000000001 0.441216 0.931364 0.44256799999999996 0.931364 0.443919
3 0.875 0.43851399999999996 0.875 0.43648600000000004 0.874091 0.43648600000000004 0.873636 0.44054099999999996 0.875455 0.44054099999999996 0.875909 0.439189 0.875 0.43851399999999996
3 0.8445449999999999 0.439865 0.846364 0.441216 0.845455 0.437162 0.8445449999999999 0.439865
3 0.836364 0.443243 0.835 0.441216 0.8331820000000001 0.447973 0.8377269999999999 0.447973 0.836364 0.445946 0.836364 0.443243
3 0.813182 0.43851399999999996 0.812727 0.44256799999999996 0.8145450000000001 0.44256799999999996 0.8150000000000001 0.441216 0.813182 0.43851399999999996
3 0.778636 0.44527 0.776818 0.443919 0.7763639999999999 0.447297 0.775 0.45 0.779091 0.45 0.778636 0.44527
3 0.7781819999999999 0.44054099999999996 0.777727 0.443919 0.7795449999999999 0.443919 0.7795449999999999 0.441216 0.7781819999999999 0.44054099999999996
3 0.745 0.44054099999999996 0.743636 0.44256799999999996 0.743636 0.44527 0.7459089999999999 0.44459499999999996 0.745 0.44054099999999996
3 0.735 0.45 0.734545 0.44527 0.733636 0.44459499999999996 0.732273 0.452027 0.735455 0.452027 0.735909 0.45067599999999997 0.735 0.45
3 0.712727 0.441892 0.7122729999999999 0.44662199999999996 0.714091 0.44662199999999996 0.714091 0.44256799999999996 0.712727 0.441892
3 0.664545 0.44864899999999996 0.664091 0.454054 0.667273 0.454054 0.667273 0.447973 0.6713460109375 0.44547974999999995 0.665455 0.44662199999999996 0.664545 0.44864899999999996
3 0.638636 0.44459499999999996 0.637273 0.44527 0.637273 0.449324 0.639091 0.447973 0.638636 0.44459499999999996
3 0.609091 0.45067599999999997 0.608182 0.44864899999999996 0.606818 0.45067599999999997 0.605909 0.456081 0.609545 0.456081 0.609091 0.45067599999999997
3 0.592727 0.445946 0.591364 0.447973 0.591364 0.45067599999999997 0.593182 0.45067599999999997 0.592727 0.445946
3 0.5618179999999999 0.45067599999999997 0.560909 0.45675699999999997 0.5631820000000001 0.45675699999999997 0.563636 0.45270299999999997 0.5618179999999999 0.45067599999999997
3 0.541818 0.447973 0.540909 0.452027 0.542727 0.45270299999999997 0.542727 0.44864899999999996 0.541818 0.447973
3 0.515455 0.457432 0.515455 0.456081 0.514545 0.455405 0.514545 0.452027 0.513636 0.452027 0.512727 0.453378 0.513182 0.45472999999999997 0.512273 0.457432 0.515455 0.457432
3 0.505455 0.44864899999999996 0.505455 0.453378 0.506364 0.454054 0.506818 0.451351 0.505455 0.44864899999999996
3 0.48181799999999997 0.45 0.48045499999999997 0.45270299999999997 0.48090900000000003 0.455405 0.482273 0.45472999999999997 0.48181799999999997 0.45
3 0.48 0.454054 0.47909100000000004 0.451351 0.47772699999999996 0.453378 0.47772699999999996 0.458108 0.48 0.457432 0.48 0.454054
3 0.46681800000000007 0.45067599999999997 0.466364 0.456081 0.468182 0.456081 0.468182 0.45270299999999997 0.46681800000000007 0.45067599999999997
3 0.456818 0.451351 0.45636400000000005 0.456081 0.458182 0.45675699999999997 0.458636 0.455405 0.456818 0.451351
3 0.455455 0.455405 0.455455 0.45270299999999997 0.454545 0.452027 0.45363600000000004 0.458108 0.455909 0.45878399999999997 0.45636400000000005 0.45675699999999997 0.455455 0.455405
1 0.733636 0.589189 0.732727 0.593243 0.730909 0.595946 0.730909 0.6 0.754545 0.604054 0.762273 0.604054 0.764545 0.599324 0.765 0.595946 0.761818 0.591216 0.7595449999999999 0.590541 0.7581819999999999 0.587838 0.7513639999999999 0.5425679999999999 0.7459089999999999 0.5425679999999999 0.7404550000000001 0.5743240000000001 0.739545 0.585811 0.738636 0.587838 0.733636 0.589189
1 0.7540910000000001 0.52973 0.752273 0.531081 0.751818 0.533108 0.765455 0.535811 0.772273 0.535811 0.775455 0.533108 0.775909 0.531081 0.7740910000000001 0.528378 0.771818 0.527703 0.770909 0.525676 0.767273 0.497973 0.762273 0.497973 0.7581819999999999 0.525 0.756818 0.527703 0.7540910000000001 0.527703 0.7540910000000001 0.52973
1 0.7827270000000001 0.502703 0.7813640000000001 0.504054 0.7813640000000001 0.506081 0.788182 0.507432 0.798182 0.507432 0.8009090000000001 0.506081 0.799091 0.502027 0.797727 0.501351 0.796364 0.498649 0.793182 0.478378 0.789545 0.478378 0.785909 0.499324 0.784091 0.501351 0.7827270000000001 0.501351 0.7827270000000001 0.502703
1 0.850455 0.485811 0.850909 0.481757 0.8490909999999999 0.481081 0.8481820000000001 0.479054 0.8468180000000001 0.463514 0.8422729999999999 0.463514 0.8400000000000001 0.478378 0.8368180000000001 0.483108 0.8368180000000001 0.485135 0.850455 0.485811
1 0.8913639999999999 0.475 0.8913639999999999 0.471622 0.889545 0.468919 0.8881819999999999 0.45675699999999997 0.8845449999999999 0.45675699999999997 0.881818 0.469595 0.8790910000000001 0.473649 0.8790910000000001 0.475 0.8913639999999999 0.475
1 0.9009090000000001 0.468919 0.912727 0.468243 0.912727 0.466892 0.910909 0.464865 0.9095449999999999 0.453378 0.905909 0.453378 0.903636 0.464189 0.902727 0.466216 0.9009090000000001 0.467568 0.9009090000000001 0.468919
1 0.9331820000000001 0.433784 0.931818 0.43445900000000004 0.931364 0.43851399999999996 0.9327270000000001 0.43851399999999996 0.9331820000000001 0.433784
1 0.907273 0.43445900000000004 0.905909 0.437162 0.906364 0.439865 0.9077270000000001 0.439189 0.907273 0.43445900000000004
1 0.8790910000000001 0.437838 0.8777269999999999 0.435811 0.8768179999999999 0.443919 0.878636 0.44527 0.8800000000000001 0.443919 0.8790910000000001 0.437838
1 0.8377269999999999 0.44662199999999996 0.839545 0.445946 0.8400000000000001 0.44459499999999996 0.8386359999999999 0.437838 0.8377269999999999 0.43851399999999996 0.8368180000000001 0.441892 0.8368180000000001 0.445946 0.8377269999999999 0.44662199999999996
1 0.8009090000000001 0.43851399999999996 0.8 0.443243 0.8018179999999999 0.443919 0.8022729999999999 0.441216 0.8009090000000001 0.43851399999999996
1 0.7831819999999999 0.445946 0.7831819999999999 0.441216 0.781818 0.441216 0.780455 0.447973 0.783636 0.44864899999999996 0.784091 0.44662199999999996 0.7831819999999999 0.445946
1 0.764091 0.439865 0.762727 0.439865 0.762273 0.44459499999999996 0.764545 0.44527 0.764545 0.441216 0.764091 0.439865
1 0.736364 0.441216 0.735 0.441216 0.735 0.44527 0.736364 0.445946 0.736818 0.44256799999999996 0.736364 0.441216
1 0.694091 0.44256799999999996 0.693182 0.44256799999999996 0.692727 0.447297 0.694545 0.447973 0.6950000000000001 0.445946 0.694091 0.44256799999999996
1 0.672273 0.451351 0.670909 0.445946 0.67 0.44527 0.669091 0.447297 0.668636 0.452027 0.670909 0.453378 0.672273 0.451351
1 0.654091 0.443919 0.6531819999999999 0.449324 0.655455 0.449324 0.655455 0.44459499999999996 0.654091 0.443919
1 0.626818 0.453378 0.6259089999999999 0.44662199999999996 0.625 0.447297 0.6236360000000001 0.45270299999999997 0.624545 0.454054 0.626818 0.453378
1 0.605 0.44527 0.604545 0.45067599999999997 0.606364 0.45067599999999997 0.606364 0.44662199999999996 0.605 0.44527
1 0.5563640000000001 0.44864899999999996 0.5549999999999999 0.455405 0.558636 0.456081 0.5577270000000001 0.449324 0.5563640000000001 0.44864899999999996
1 0.551818 0.453378 0.554091 0.45270299999999997 0.553182 0.447297 0.551818 0.453378
1 0.53 0.45067599999999997 0.529091 0.44864899999999996 0.5281819999999999 0.449324 0.527727 0.454054 0.53 0.453378 0.53 0.45067599999999997
1 0.517727 0.454054 0.516364 0.45 0.515 0.455405 0.515909 0.45675699999999997 0.517273 0.45675699999999997 0.517727 0.454054
1 0.5040910000000001 0.449324 0.503636 0.45472999999999997 0.505 0.455405 0.505 0.449324 0.5040910000000001 0.449324
1 0.5 0.456081 0.5 0.454054 0.49909100000000006 0.45067599999999997 0.498182 0.45 0.498182 0.453378 0.497273 0.456081 0.49909100000000006 0.45675699999999997 0.5 0.456081
1 0.730455 0.449324 0.729545 0.447297 0.729545 0.443919 0.728182 0.443919 0.7272730000000001 0.45067599999999997 0.729091 0.451351 0.730455 0.45067599999999997 0.730455 0.449324