2 0.142273 0.523529 0.141818 0.526471 0.13999999999999999 0.530147 0.135909 0.535294 0.135 0.538235 0.135 0.543382 0.173182 0.5419120000000001 0.185 0.538971 0.199545 0.521324 0.201818 0.516912 0.201818 0.513971 0.199091 0.511765 0.189091 0.509559 0.18681799999999998 0.5058819999999999 0.15681799999999999 0.378676 0.150455 0.37794099999999997 0.147727 0.381618 0.148636 0.516176 0.145455 0.518382 0.142273 0.523529
2 0.193636 0.473529 0.19045499999999999 0.478676 0.19045499999999999 0.48455899999999996 0.205455 0.48455899999999996 0.222273 0.482353 0.231818 0.482353 0.23500000000000001 0.480882 0.239091 0.476471 0.244545 0.46691200000000005 0.244545 0.46176500000000004 0.23772700000000002 0.46029400000000004 0.23636400000000002 0.45808799999999994 0.23636400000000002 0.456618 0.232727 0.456618 0.231818 0.455147 0.208636 0.34411800000000003 0.202273 0.34338199999999997 0.2 0.347059 0.199545 0.463971 0.194545 0.46911800000000003 0.193636 0.473529
2 0.7122729999999999 0.4875 0.709545 0.488971 0.708636 0.490441 0.708636 0.494118 0.715909 0.513971 0.7390909999999999 0.513971 0.744091 0.5125 0.766818 0.5125 0.773182 0.511029 0.773182 0.5022059999999999 0.766364 0.490441 0.761364 0.486765 0.76 0.48455899999999996 0.7472730000000001 0.339706 0.738636 0.338971 0.736818 0.34338199999999997 0.72 0.48308799999999996 0.716364 0.4875 0.7122729999999999 0.4875
3 0.343182 0.31544099999999997 0.365 0.31470600000000004 0.364545 0.307353 0.36363599999999996 0.305882 0.36090900000000004 0.305147 0.36 0.302941 0.355 0.271324 0.354091 0.269853 0.35 0.269853 0.347727 0.304412 0.34681799999999996 0.306618 0.343636 0.308824 0.343182 0.31544099999999997
3 0.411364 0.255882 0.414091 0.25441199999999997 0.41454500000000005 0.25073500000000004 0.412727 0.246324 0.40954499999999994 0.225 0.40409100000000003 0.225 0.404545 0.25 0.403182 0.251471 0.403182 0.255147 0.411364 0.255882
3 0.439545 0.224265 0.44000000000000006 0.220588 0.43727299999999997 0.216912 0.435455 0.20367600000000002 0.432273 0.20367600000000002 0.43090900000000004 0.219118 0.42954499999999995 0.221324 0.42954499999999995 0.224265 0.439545 0.224265
3 0.454545 0.201471 0.454545 0.198529 0.453182 0.197794 0.451818 0.194853 0.45090899999999995 0.18529400000000001 0.447727 0.18529400000000001 0.44681800000000005 0.197059 0.445 0.2 0.445 0.201471 0.454545 0.201471
3 0.462727 0.18676500000000001 0.46318200000000004 0.18235300000000002 0.461364 0.176471 0.460909 0.169853 0.459091 0.169853 0.458636 0.176471 0.456818 0.18088200000000001 0.456818 0.186029 0.462727 0.18676500000000001
3 0.470455 0.173529 0.469091 0.169118 0.469091 0.163971 0.466364 0.163235 0.46545500000000006 0.165441 0.46545500000000006 0.177206 0.470455 0.177941 0.470455 0.173529
3 0.475455 0.169118 0.475 0.165441 0.47409100000000004 0.163971 0.47363600000000006 0.159559 0.471818 0.15882400000000002 0.47090899999999997 0.169853 0.471818 0.171324 0.474545 0.171324 0.475455 0.169118
3 0.477273 0.163971 0.47909100000000004 0.161765 0.47909100000000004 0.158088 0.47772699999999996 0.152941 0.47590899999999997 0.152206 0.475 0.15588200000000002 0.475 0.1625 0.47590899999999997 0.163971 0.477273 0.163971
3 0.48181799999999997 0.15367599999999998 0.48045499999999997 0.147794 0.479545 0.147059 0.478636 0.15 0.47909100000000004 0.15735300000000002 0.481364 0.15735300000000002 0.48181799999999997 0.15367599999999998
3 0.482727 0.142647 0.48181799999999997 0.142647 0.48090900000000003 0.144853 0.481364 0.150735 0.484091 0.151471 0.482727 0.142647
1 0.462727 0.147059 0.46318200000000004 0.142647 0.461364 0.138971 0.45999999999999996 0.14044099999999998 0.45999999999999996 0.145588 0.46045499999999995 0.147059 0.462727 0.147059
1 0.573636 0.124265 0.572727 0.12132400000000002 0.571364 0.12132400000000002 0.5700000000000001 0.127941 0.570455 0.133824 0.575 0.133088 0.573636 0.124265
1 0.6009089999999999 0.298529 0.613636 0.298529 0.620455 0.297059 0.620455 0.290441 0.617727 0.288235 0.6168180000000001 0.285294 0.613636 0.249265 0.611818 0.247794 0.609091 0.247794 0.607273 0.25 0.6036360000000001 0.288971 0.6009089999999999 0.291176 0.6009089999999999 0.298529
1 0.568182 0.236029 0.568182 0.23970600000000003 0.5804549999999999 0.23970600000000003 0.5804549999999999 0.23455900000000002 0.578636 0.23235299999999998 0.575909 0.20882399999999998 0.572727 0.208088 0.571818 0.20882399999999998 0.570455 0.23161800000000002 0.5700000000000001 0.23455900000000002 0.568182 0.236029
1 0.553182 0.2125 0.5618179999999999 0.2125 0.562727 0.21176499999999998 0.562727 0.20735299999999998 0.561364 0.20661800000000002 0.5604549999999999 0.20441199999999998 0.559091 0.18823499999999999 0.5563640000000001 0.18823499999999999 0.555455 0.18970599999999999 0.554091 0.208088 0.553182 0.20882399999999998 0.553182 0.2125
1 0.551364 0.19264699999999998 0.551818 0.1875 0.549545 0.175735 0.548636 0.173529 0.546818 0.173529 0.545455 0.18823499999999999 0.544091 0.190441 0.544091 0.19264699999999998 0.551364 0.19264699999999998
1 0.540455 0.178676 0.542727 0.178676 0.5445450000000001 0.176471 0.542273 0.1625 0.540909 0.163235 0.539545 0.169853 0.539545 0.176471 0.540455 0.178676
1 0.54 0.166176 0.538182 0.159559 0.5363640000000001 0.158088 0.535455 0.169118 0.5363640000000001 0.17058800000000002 0.538636 0.17058800000000002 0.54 0.166176
1 0.535455 0.1625 0.5349999999999999 0.15588200000000002 0.534091 0.152941 0.5327270000000001 0.152941 0.531818 0.15514699999999998 0.5313640000000001 0.161029 0.532273 0.163235 0.535455 0.1625
1 0.5327270000000001 0.152206 0.5313640000000001 0.146324 0.530455 0.146324 0.5295449999999999 0.149265 0.530455 0.15661799999999998 0.5327270000000001 0.152206
1 0.53 0.146324 0.53 0.144118 0.529091 0.142647 0.527273 0.146324 0.527273 0.149265 0.529091 0.15 0.53 0.146324
2 0.6868179999999999 0.433088 0.6849999999999999 0.436765 0.680455 0.439706 0.6813640000000001 0.444853 0.6849999999999999 0.45294100000000004 0.6895450000000001 0.456618 0.722273 0.45441200000000004 0.723182 0.453676 0.725455 0.433088 0.71 0.308824 0.703182 0.308824 0.690909 0.429412 0.6895450000000001 0.431618 0.6868179999999999 0.433088