2 0.230851 0.44698000000000004 0.253038 0.444966 0.253566 0.44094 0.25145300000000004 0.439597 0.24933999999999998 0.436242 0.246698 0.436242 0.245114 0.43355699999999997 0.232435 0.365772 0.226096 0.365772 0.21975699999999998 0.436242 0.21236100000000002 0.44228199999999995 0.21817199999999998 0.44698000000000004 0.230851 0.44698000000000004
2 0.368199 0.430201 0.37401 0.430201 0.378236 0.431544 0.390914 0.431544 0.403064 0.42953 0.405177 0.42751700000000004 0.405177 0.42617399999999994 0.39883799999999997 0.42214799999999997 0.397781 0.420134 0.388801 0.361074 0.38299 0.361074 0.37665099999999996 0.42349 0.372425 0.426846 0.369255 0.42751700000000004 0.368199 0.430201
1 0.216059 0.520134 0.21288999999999997 0.524161 0.21288999999999997 0.528188 0.215531 0.536913 0.216587 0.538255 0.224511 0.538255 0.263603 0.532215 0.263603 0.528859 0.260433 0.518121 0.256735 0.515436 0.252509 0.5147649999999999 0.25092400000000004 0.511409 0.238246 0.45369099999999996 0.229794 0.454362 0.22873700000000002 0.455705 0.22292700000000001 0.5147649999999999 0.22187 0.51745 0.216059 0.520134
1 0.343899 0.512752 0.343899 0.515436 0.347596 0.5228189999999999 0.36185900000000004 0.5228189999999999 0.389857 0.520134 0.389857 0.51745 0.387216 0.508725 0.38351799999999997 0.505369 0.380877 0.505369 0.379292 0.5026849999999999 0.36978300000000003 0.44698000000000004 0.36133099999999996 0.446309 0.360275 0.44899300000000003 0.352879 0.5067109999999999 0.346012 0.510067 0.343899 0.512752
1 0.465399 0.5 0.465399 0.5026849999999999 0.472266 0.510067 0.48441599999999996 0.510067 0.510301 0.507383 0.510301 0.505369 0.505547 0.49463100000000004 0.49973599999999996 0.49396000000000007 0.498679 0.491946 0.49075499999999994 0.43892600000000004 0.48335999999999996 0.438255 0.474908 0.49396000000000007 0.469625 0.49664400000000003 0.46698399999999995 0.5 0.465399 0.5
3 0.241944 0.619463 0.239831 0.621477 0.240359 0.626846 0.241416 0.628188 0.246698 0.6449659999999999 0.254094 0.645638 0.310618 0.636242 0.31114600000000003 0.62953 0.31009000000000003 0.628188 0.31009000000000003 0.6248319999999999 0.307977 0.621477 0.307977 0.61745 0.305864 0.611409 0.303751 0.608725 0.300581 0.607383 0.29635500000000004 0.607383 0.294242 0.604698 0.277338 0.527517 0.267301 0.526846 0.26465900000000003 0.528188 0.25620699999999996 0.610738 0.24986799999999998 0.6134229999999999 0.244585 0.618792 0.241944 0.619463
3 0.412044 0.585906 0.40729 0.590604 0.40781799999999996 0.594631 0.41785500000000003 0.614765 0.42842 0.6140939999999999 0.47121 0.6060399999999999 0.470153 0.602013 0.465399 0.59396 0.463814 0.5845640000000001 0.45906 0.579866 0.45483399999999996 0.579866 0.453777 0.578523 0.442684 0.505369 0.43476 0.505369 0.43317500000000003 0.507383 0.42102500000000004 0.581208 0.412044 0.585906
3 0.5446380000000001 0.567114 0.543582 0.569128 0.536714 0.572483 0.536714 0.5738260000000001 0.559958 0.592617 0.5662969999999999 0.592617 0.602747 0.5845640000000001 0.602747 0.583221 0.594823 0.5765100000000001 0.5937669999999999 0.569128 0.585843 0.563087 0.5784469999999999 0.49396000000000007 0.576862 0.491946 0.570523 0.491946 0.567353 0.49597300000000005 0.5541470000000001 0.560403 0.5446380000000001 0.567114
0 0.528262 0.722819 0.5266770000000001 0.7248319999999999 0.51664 0.731544 0.5124139999999999 0.737584 0.505547 0.743624 0.502377 0.7442949999999999 0.499208 0.74698 0.49973599999999996 0.751007 0.543053 0.793289 0.549392 0.791946 0.6048600000000001 0.7637579999999999 0.6048600000000001 0.762416 0.592182 0.748322 0.588484 0.73557 0.585314 0.731544 0.575277 0.7241609999999999 0.562599 0.6248319999999999 0.558901 0.620805 0.552034 0.620805 0.548336 0.62349 0.546751 0.626174 0.528262 0.722819
0 0.727417 0.675168 0.71738 0.679866 0.7131540000000001 0.685235 0.707871 0.686577 0.699947 0.692617 0.699947 0.69396 0.711041 0.702685 0.711569 0.704027 0.7437929999999999 0.730872 0.749076 0.730872 0.803487 0.716779 0.803487 0.715436 0.787639 0.700671 0.7855260000000001 0.69396 0.779715 0.685906 0.776545 0.685906 0.774432 0.6838930000000001 0.7670359999999999 0.589262 0.7638670000000001 0.587248 0.760169 0.586577 0.7591129999999999 0.5852350000000001 0.75383 0.5852350000000001 0.751189 0.587248 0.729002 0.673154 0.727417 0.675168
0 0.906498 0.6140939999999999 0.898045 0.616779 0.8969889999999999 0.618121 0.8969889999999999 0.620805 0.921289 0.630872 0.9255150000000001 0.631544 0.9255150000000001 0.590604 0.921289 0.603356 0.909667 0.6060399999999999 0.907554 0.608054 0.906498 0.6140939999999999