2 0.372425 0.520805 0.37084 0.518792 0.36872699999999997 0.518121 0.36714199999999997 0.515436 0.362916 0.48590600000000006 0.359746 0.48590600000000006 0.35552 0.51745 0.35235099999999997 0.522148 0.372425 0.522148 0.372425 0.520805
2 0.48019 0.557718 0.49022699999999997 0.557718 0.49762300000000004 0.555705 0.498151 0.55302 0.494982 0.551678 0.491812 0.547651 0.485473 0.505369 0.481775 0.505369 0.475964 0.5489930000000001 0.47121 0.55302 0.47121 0.555705 0.48019 0.557718
2 0.525092 0.5140939999999999 0.525092 0.510067 0.523508 0.508054 0.519282 0.48120799999999997 0.5182249999999999 0.47852300000000003 0.516112 0.47852300000000003 0.512942 0.508725 0.509773 0.512081 0.509773 0.5140939999999999 0.525092 0.5140939999999999
0 0.503962 0.5261739999999999 0.503962 0.5228189999999999 0.501321 0.522148 0.49973599999999996 0.520134 0.497095 0.502013 0.49392500000000006 0.502013 0.491284 0.519463 0.489699 0.522148 0.489699 0.5255029999999999 0.503962 0.5261739999999999
0 0.5229790000000001 0.538255 0.537242 0.538255 0.537242 0.53557 0.534601 0.533557 0.533016 0.530872 0.529319 0.511409 0.526149 0.511409 0.522451 0.532886 0.51981 0.53557 0.51981 0.536913 0.5229790000000001 0.538255
0 0.575806 0.5255029999999999 0.571051 0.5228189999999999 0.56841 0.5033559999999999 0.564712 0.5033559999999999 0.562071 0.52349 0.558901 0.527517 0.575806 0.528859 0.575806 0.5255029999999999
3 0.429477 0.533557 0.429477 0.530201 0.42789200000000005 0.5295300000000001 0.425779 0.5255029999999999 0.42313799999999996 0.508725 0.418912 0.508725 0.416799 0.528188 0.414157 0.530872 0.414157 0.532886 0.429477 0.533557
3 0.535658 0.561074 0.5541470000000001 0.561074 0.554675 0.558389 0.552034 0.555034 0.550449 0.555034 0.549392 0.5536909999999999 0.5446380000000001 0.528188 0.540412 0.528188 0.537242 0.55302 0.533016 0.5570470000000001 0.533016 0.559732 0.535658 0.561074
3 0.586371 0.5140939999999999 0.599049 0.5140939999999999 0.599577 0.511409 0.597993 0.510738 0.59588 0.507383 0.5937669999999999 0.49261699999999997 0.591125 0.49261699999999997 0.590069 0.495302 0.5879559999999999 0.510067 0.586371 0.511409 0.586371 0.5140939999999999
1 0.384575 0.546309 0.388273 0.548322 0.402536 0.547651 0.402536 0.544295 0.397781 0.538926 0.393555 0.520805 0.393555 0.51745 0.390914 0.518121 0.388273 0.539597 0.38668800000000003 0.5422819999999999 0.384575 0.543624 0.384575 0.546309
1 0.453777 0.522148 0.453777 0.519463 0.450079 0.51745 0.44902300000000006 0.515436 0.446381 0.499329 0.44321200000000005 0.499329 0.440571 0.516107 0.438457 0.520134 0.438457 0.522148 0.453777 0.522148
1 0.613312 0.552349 0.631273 0.552349 0.630217 0.54698 0.627575 0.546309 0.6265189999999999 0.543624 0.6233489999999999 0.521477 0.619651 0.521477 0.615425 0.544966 0.610671 0.5489930000000001 0.610671 0.551007 0.613312 0.552349