3 0.182727 0.661486 0.175455 0.657432 0.174091 0.65473 0.171818 0.652703 0.166818 0.652703 0.165909 0.651351 0.155 0.597973 0.14727300000000002 0.597973 0.14454499999999998 0.599324 0.138636 0.658784 0.130909 0.664865 0.129091 0.668919 0.12318199999999999 0.670946 0.122727 0.672297 0.140909 0.67973 0.145909 0.67973 0.182273 0.662838 0.182727 0.661486
3 0.385 0.553378 0.40272699999999995 0.553378 0.405455 0.55 0.40499999999999997 0.545946 0.40272699999999995 0.54527 0.40090899999999996 0.543243 0.396364 0.516216 0.392273 0.516216 0.38909099999999996 0.54527 0.38636400000000004 0.547973 0.38636400000000004 0.5506759999999999 0.385 0.553378
3 0.512727 0.508108 0.5109090000000001 0.506757 0.51 0.50473 0.507727 0.487838 0.504545 0.487838 0.5027269999999999 0.50473 0.498636 0.510811 0.512273 0.510811 0.512727 0.508108
3 0.568182 0.493243 0.568182 0.490541 0.5672729999999999 0.490541 0.565909 0.487838 0.564091 0.475 0.562273 0.475 0.5599999999999999 0.488514 0.5577270000000001 0.491892 0.5577270000000001 0.493243 0.568182 0.493243
3 0.594545 0.482432 0.594545 0.480405 0.593182 0.478378 0.5918180000000001 0.467568 0.5900000000000001 0.467568 0.588182 0.479054 0.586818 0.480405 0.586818 0.482432 0.594545 0.482432
3 0.643182 0.472297 0.642273 0.46283799999999997 0.640455 0.462162 0.637273 0.475676 0.644091 0.476351 0.644545 0.475 0.643182 0.472297
3 0.665909 0.468919 0.665 0.468243 0.663636 0.45878399999999997 0.6613640000000001 0.45878399999999997 0.660455 0.466892 0.659091 0.470946 0.665455 0.470946 0.665909 0.468919
3 0.6827270000000001 0.466216 0.6827270000000001 0.464865 0.681818 0.464189 0.680909 0.456081 0.679091 0.456081 0.678182 0.46283799999999997 0.675909 0.466892 0.6827270000000001 0.466216
3 0.691818 0.454054 0.6895450000000001 0.454054 0.687727 0.463514 0.694091 0.463514 0.692727 0.46081099999999997 0.691818 0.454054
3 0.71 0.45067599999999997 0.708182 0.459459 0.713182 0.459459 0.711818 0.45067599999999997 0.71 0.45067599999999997
3 0.733182 0.45067599999999997 0.731364 0.45 0.73 0.453378 0.729545 0.457432 0.734545 0.457432 0.733182 0.45067599999999997
3 0.731818 0.44662199999999996 0.73 0.451351 0.731364 0.449324 0.732273 0.449324 0.731818 0.44662199999999996
3 0.7540910000000001 0.45472999999999997 0.753182 0.453378 0.752273 0.44864899999999996 0.7513639999999999 0.44864899999999996 0.750455 0.454054 0.749545 0.455405 0.753636 0.456081 0.7540910000000001 0.45472999999999997
3 0.760455 0.44662199999999996 0.7595449999999999 0.445946 0.7581819999999999 0.44864899999999996 0.7581819999999999 0.454054 0.761364 0.453378 0.760455 0.44662199999999996
3 0.763636 0.44662199999999996 0.761818 0.453378 0.765455 0.454054 0.764545 0.447297 0.763636 0.44662199999999996
3 0.7795449999999999 0.441892 0.778636 0.44527 0.78 0.445946 0.780455 0.443243 0.7795449999999999 0.441892
3 0.787273 0.44662199999999996 0.7877270000000001 0.443919 0.786818 0.441892 0.785455 0.441892 0.784091 0.443919 0.784091 0.44527 0.785455 0.44662199999999996 0.787273 0.44662199999999996
3 0.797727 0.443919 0.795909 0.441892 0.795 0.44527 0.795909 0.44662199999999996 0.797727 0.44662199999999996 0.797727 0.443919
3 0.822273 0.441216 0.821364 0.441216 0.8204549999999999 0.44527 0.8227270000000001 0.445946 0.8231820000000001 0.443243 0.822273 0.441216
3 0.8586360000000001 0.443243 0.857727 0.439189 0.8563639999999999 0.44054099999999996 0.8559089999999999 0.443919 0.856818 0.44459499999999996 0.8586360000000001 0.443243
3 0.935909 0.44256799999999996 0.935909 0.43648600000000004 0.9349999999999999 0.43648600000000004 0.9331820000000001 0.44054099999999996 0.9336360000000001 0.44256799999999996 0.935909 0.44256799999999996
3 0.900455 0.443243 0.900455 0.441892 0.898636 0.43851399999999996 0.897727 0.439865 0.897273 0.443243 0.899091 0.443919 0.900455 0.443243
3 0.762273 0.443243 0.761818 0.44527 0.763182 0.445946 0.763636 0.443919 0.762273 0.443243
3 0.7286360000000001 0.44459499999999996 0.7272730000000001 0.445946 0.727727 0.447973 0.729091 0.445946 0.7286360000000001 0.44459499999999996
3 0.704545 0.445946 0.705 0.447297 0.705909 0.447297 0.705909 0.445946 0.704545 0.445946
3 0.701364 0.455405 0.7 0.44864899999999996 0.699091 0.449324 0.697727 0.455405 0.698636 0.456081 0.701364 0.455405
3 0.681818 0.447297 0.6813640000000001 0.449324 0.6827270000000001 0.45 0.683182 0.44864899999999996 0.681818 0.447297
3 0.672273 0.451351 0.671364 0.45067599999999997 0.67 0.457432 0.673182 0.457432 0.673636 0.456081 0.672273 0.451351
3 0.664091 0.45067599999999997 0.665455 0.45 0.665 0.447973 0.664091 0.45067599999999997
3 0.645455 0.44864899999999996 0.645 0.452027 0.646818 0.452027 0.646818 0.45067599999999997 0.645455 0.44864899999999996
3 0.630455 0.454054 0.6290910000000001 0.456081 0.628636 0.46081099999999997 0.631364 0.460135 0.630455 0.454054
3 0.625 0.45 0.624545 0.45270299999999997 0.6263639999999999 0.45270299999999997 0.6259089999999999 0.45 0.625 0.45
3 0.601818 0.451351 0.601364 0.454054 0.6022730000000001 0.45472999999999997 0.602727 0.45270299999999997 0.601818 0.451351
3 0.584091 0.464189 0.582273 0.457432 0.581364 0.45878399999999997 0.581364 0.461486 0.5804549999999999 0.463514 0.584091 0.464189
3 0.574091 0.453378 0.573636 0.456081 0.574545 0.457432 0.575 0.45472999999999997 0.574091 0.453378
3 0.545455 0.455405 0.545 0.45878399999999997 0.546818 0.45878399999999997 0.546364 0.456081 0.545455 0.455405
3 0.542273 0.459459 0.540909 0.467568 0.544091 0.467568 0.544091 0.463514 0.542273 0.459459
3 0.518182 0.45675699999999997 0.517273 0.457432 0.517273 0.46081099999999997 0.518636 0.460135 0.518182 0.45675699999999997
3 0.481364 0.45878399999999997 0.48 0.460135 0.48045499999999997 0.463514 0.48181799999999997 0.46283799999999997 0.481364 0.45878399999999997
3 0.471818 0.472973 0.475455 0.472297 0.47363600000000006 0.464189 0.47227300000000005 0.468243 0.47227300000000005 0.470946 0.471364 0.471622 0.471818 0.472973
3 0.443182 0.461486 0.442727 0.464865 0.44409099999999996 0.465541 0.444545 0.463514 0.443182 0.461486
3 0.41 0.477027 0.409091 0.471622 0.407273 0.468919 0.406818 0.475 0.405909 0.477027 0.409091 0.477703 0.41 0.477027
3 0.39318200000000003 0.465541 0.392727 0.468919 0.39454500000000003 0.469595 0.39454500000000003 0.466216 0.39318200000000003 0.465541
3 0.353636 0.475 0.351818 0.471622 0.350455 0.480405 0.354545 0.480405 0.353636 0.478378 0.353636 0.475
3 0.334091 0.468919 0.333182 0.474324 0.335909 0.474324 0.335 0.469595 0.334091 0.468919
3 0.290909 0.480405 0.29 0.477027 0.288636 0.475676 0.287727 0.477703 0.287273 0.48445900000000003 0.290909 0.48445900000000003 0.290909 0.480405
3 0.287273 0.472297 0.285909 0.473649 0.286364 0.477703 0.288182 0.476351 0.287273 0.472297
3 0.25409099999999996 0.476351 0.25272700000000003 0.475 0.251818 0.477027 0.251818 0.480405 0.254545 0.480405 0.25409099999999996 0.476351
3 0.23954499999999998 0.477703 0.23772700000000002 0.48648600000000003 0.241818 0.48648600000000003 0.241364 0.480405 0.23954499999999998 0.477703
3 0.233182 0.483108 0.233182 0.481757 0.232273 0.481081 0.231364 0.474324 0.22999999999999998 0.476351 0.229091 0.483108 0.22999999999999998 0.483784 0.233182 0.483108
3 0.215455 0.483108 0.215 0.479054 0.213636 0.477027 0.212273 0.485135 0.215909 0.485135 0.216364 0.483784 0.215455 0.483108
3 0.20727299999999999 0.47973 0.206364 0.47973 0.205 0.487162 0.208636 0.487162 0.209091 0.485135 0.20727299999999999 0.47973
1 0.732273 0.700676 0.732273 0.7054050000000001 0.735455 0.725 0.738182 0.727027 0.7845449999999999 0.734459 0.790909 0.734459 0.790909 0.731757 0.785909 0.7094590000000001 0.7781819999999999 0.702703 0.776818 0.7 0.766364 0.626351 0.763182 0.623649 0.758636 0.623649 0.755 0.625 0.744091 0.69527 0.739545 0.696622 0.735909 0.7 0.732273 0.700676
1 0.684091 0.567568 0.684091 0.571622 0.6827270000000001 0.573649 0.6827270000000001 0.5763510000000001 0.6950000000000001 0.577703 0.708182 0.577703 0.71 0.575 0.71 0.5722970000000001 0.708636 0.567568 0.706364 0.566892 0.704545 0.564865 0.699091 0.527027 0.6936359999999999 0.527027 0.6881820000000001 0.564189 0.687273 0.566216 0.6849999999999999 0.566216 0.684091 0.567568
1 0.697727 0.510811 0.696818 0.516216 0.7122729999999999 0.516216 0.7122729999999999 0.511486 0.710909 0.510811 0.709545 0.508108 0.706364 0.487162 0.703636 0.487162 0.702273 0.489865 0.7 0.508784 0.699091 0.510811 0.697727 0.510811
1 0.7259089999999999 0.49527 0.7259089999999999 0.492568 0.724091 0.490541 0.722273 0.473649 0.7190909999999999 0.473649 0.7172729999999999 0.489865 0.7150000000000001 0.491892 0.714545 0.49527 0.7259089999999999 0.49527
1 0.73 0.485811 0.730455 0.483108 0.7286360000000001 0.481081 0.7272730000000001 0.468919 0.725 0.468243 0.724091 0.472297 0.7236360000000001 0.483784 0.724091 0.485135 0.73 0.485811
1 0.786818 0.475 0.786818 0.472973 0.785455 0.471622 0.7845449999999999 0.459459 0.7813640000000001 0.459459 0.78 0.471622 0.778636 0.473649 0.778636 0.475 0.786818 0.475
1 0.7727269999999999 0.468919 0.78 0.468919 0.78 0.466892 0.779091 0.466216 0.779091 0.464189 0.7781819999999999 0.46283799999999997 0.777273 0.456081 0.775909 0.457432 0.774545 0.461486 0.774545 0.464189 0.7727269999999999 0.468919
1 0.771818 0.464189 0.7740910000000001 0.464189 0.7740910000000001 0.461486 0.775909 0.45675699999999997 0.775455 0.45270299999999997 0.773636 0.454054 0.773182 0.460135 0.7713639999999999 0.46283799999999997 0.771818 0.464189
1 0.795909 0.458108 0.795 0.45675699999999997 0.794091 0.45 0.792727 0.45 0.791818 0.456081 0.790455 0.459459 0.794091 0.460135 0.795909 0.458108
1 0.794091 0.443243 0.793182 0.443919 0.791818 0.449324 0.795455 0.449324 0.794091 0.443243
1 0.8013640000000001 0.441216 0.8 0.44662199999999996 0.802727 0.447297 0.8022729999999999 0.44256799999999996 0.8013640000000001 0.441216
1 0.8172729999999999 0.45472999999999997 0.8159090000000001 0.451351 0.815455 0.447297 0.8145450000000001 0.447297 0.812273 0.456081 0.8159090000000001 0.45675699999999997 0.8172729999999999 0.456081 0.8172729999999999 0.45472999999999997
1 0.8481820000000001 0.439189 0.847273 0.439865 0.846364 0.445946 0.849545 0.44527 0.8481820000000001 0.439189
1 0.9095449999999999 0.441892 0.9090909999999999 0.437838 0.908182 0.437838 0.906818 0.443919 0.9095449999999999 0.44459499999999996 0.910455 0.443243 0.9095449999999999 0.441892
1 0.8404550000000001 0.443919 0.8386359999999999 0.452027 0.842727 0.452027 0.841818 0.44662199999999996 0.8404550000000001 0.443919
1 0.835455 0.44527 0.8340909999999999 0.44662199999999996 0.832273 0.45472999999999997 0.837273 0.454054 0.835455 0.44527
1 0.8340909999999999 0.445946 0.833636 0.44256799999999996 0.831818 0.44662199999999996 0.831818 0.45 0.8331820000000001 0.45 0.8340909999999999 0.445946
1 0.766818 0.443243 0.765909 0.443919 0.765909 0.44864899999999996 0.767727 0.447297 0.766818 0.443243
1 0.753636 0.443243 0.753182 0.44662199999999996 0.754545 0.447297 0.755 0.445946 0.753636 0.443243
1 0.7540910000000001 0.451351 0.7527269999999999 0.44527 0.751818 0.44527 0.7513639999999999 0.447973 0.752273 0.447973 0.753182 0.451351 0.7540910000000001 0.451351
1 0.746818 0.443919 0.745455 0.44527 0.745455 0.44864899999999996 0.747727 0.447973 0.746818 0.443919
1 0.7404550000000001 0.443919 0.7390909999999999 0.445946 0.739545 0.447973 0.740909 0.447297 0.7404550000000001 0.443919
1 0.7236360000000001 0.447297 0.725455 0.447973 0.724091 0.443919 0.7236360000000001 0.447297
1 0.704545 0.447297 0.703636 0.453378 0.705909 0.453378 0.706364 0.45 0.704545 0.447297
1 0.704091 0.447973 0.703636 0.445946 0.702273 0.447973 0.702727 0.449324 0.703636 0.449324 0.704091 0.447973
1 0.684545 0.44662199999999996 0.684091 0.45 0.6854549999999999 0.45 0.6854549999999999 0.447973 0.684545 0.44662199999999996
1 0.668182 0.447297 0.667727 0.45067599999999997 0.668636 0.451351 0.669091 0.449324 0.668182 0.447297
1 0.6577270000000001 0.45067599999999997 0.656818 0.45675699999999997 0.6595449999999999 0.45675699999999997 0.658636 0.45067599999999997 0.6577270000000001 0.45067599999999997
1 0.648182 0.45270299999999997 0.649545 0.452027 0.6490910000000001 0.45 0.648182 0.45270299999999997
1 0.628636 0.456081 0.629545 0.45472999999999997 0.6290910000000001 0.452027 0.627273 0.456081 0.6277269999999999 0.45878399999999997 0.628636 0.458108 0.628636 0.456081
1 0.621818 0.451351 0.620455 0.453378 0.6209089999999999 0.45472999999999997 0.6222730000000001 0.454054 0.621818 0.451351
1 0.5922729999999999 0.456081 0.5940909999999999 0.456081 0.592727 0.452027 0.5922729999999999 0.456081
1 0.585 0.456081 0.583636 0.45472999999999997 0.583182 0.459459 0.584091 0.462162 0.585455 0.462162 0.585 0.456081
1 0.562273 0.453378 0.561364 0.458108 0.5631820000000001 0.45878399999999997 0.5631820000000001 0.454054 0.562273 0.453378
1 0.538182 0.455405 0.5377270000000001 0.460135 0.539545 0.460135 0.54 0.45878399999999997 0.538182 0.455405
1 0.538182 0.464189 0.536818 0.46081099999999997 0.536818 0.45878399999999997 0.535909 0.45878399999999997 0.5349999999999999 0.465541 0.537273 0.466892 0.538182 0.466216 0.538182 0.464189
1 0.5 0.457432 0.49909100000000006 0.458108 0.498636 0.46283799999999997 0.500455 0.46283799999999997 0.5 0.457432
1 0.479545 0.468243 0.478636 0.466892 0.478636 0.463514 0.477273 0.46283799999999997 0.47636399999999995 0.47027 0.478182 0.470946 0.479545 0.47027 0.479545 0.468243
1 0.460909 0.460135 0.45999999999999996 0.46081099999999997 0.459545 0.465541 0.461364 0.465541 0.460909 0.460135
1 0.43090900000000004 0.472973 0.42954499999999995 0.469595 0.429091 0.465541 0.42772699999999997 0.467568 0.42772699999999997 0.470946 0.42681800000000003 0.473649 0.43090900000000004 0.472973
1 0.41 0.468243 0.409091 0.464189 0.40818199999999993 0.463514 0.40772700000000006 0.468243 0.40818199999999993 0.469595 0.40954499999999994 0.469595 0.41 0.468243
1 0.34500000000000003 0.479054 0.349545 0.479054 0.347727 0.470946 0.34500000000000003 0.479054
1 0.34545499999999996 0.474324 0.347273 0.47027 0.34681799999999996 0.468243 0.34545499999999996 0.474324
1 0.316364 0.470946 0.315455 0.471622 0.314091 0.477027 0.317273 0.477027 0.316364 0.470946
1 0.293182 0.481757 0.29772699999999996 0.481757 0.29636399999999996 0.478378 0.29590900000000003 0.473649 0.29500000000000004 0.473649 0.294091 0.475 0.294091 0.47973 0.293182 0.480405 0.293182 0.481757
1 0.284545 0.47973 0.283182 0.472973 0.282273 0.472973 0.282273 0.475676 0.28090899999999996 0.480405 0.284545 0.47973
1 0.272273 0.474324 0.270909 0.481757 0.275 0.481757 0.273182 0.475 0.272273 0.474324