3 0.775455 0.639865 0.775455 0.644595 0.770909 0.65 0.770909 0.652703 0.807273 0.662838 0.8172729999999999 0.664189 0.824545 0.655405 0.825455 0.652703 0.8204549999999999 0.649324 0.818636 0.645946 0.8099999999999999 0.640541 0.803182 0.579054 0.792727 0.5783780000000001 0.791364 0.5824320000000001 0.785909 0.635811 0.7849999999999999 0.637838 0.775455 0.639865
3 0.560909 0.577703 0.5604549999999999 0.585135 0.585 0.585135 0.585 0.577027 0.5804549999999999 0.575 0.579091 0.571622 0.575455 0.537162 0.569545 0.537162 0.565455 0.5722970000000001 0.5645450000000001 0.575 0.562273 0.575 0.560909 0.577703
3 0.35 0.589189 0.35 0.591216 0.368182 0.591216 0.37863600000000003 0.585811 0.37909099999999996 0.583784 0.377273 0.581081 0.37227299999999997 0.577027 0.364545 0.54527 0.359091 0.5445949999999999 0.355909 0.5824320000000001 0.353636 0.585135 0.352273 0.588514 0.35 0.589189
3 0.195 0.48648600000000003 0.19318200000000002 0.495946 0.199091 0.49527 0.197727 0.487838 0.195 0.48648600000000003
3 0.285909 0.481081 0.28500000000000003 0.47973 0.283636 0.47973 0.281818 0.487162 0.286818 0.487162 0.287273 0.485811 0.285909 0.481081
3 0.36227299999999996 0.477703 0.36227299999999996 0.475 0.36 0.472973 0.358636 0.476351 0.358636 0.480405 0.363182 0.47973 0.36227299999999996 0.477703
3 0.429091 0.467568 0.42772699999999997 0.466216 0.42636399999999997 0.472973 0.42954499999999995 0.473649 0.43 0.472297 0.429091 0.467568
3 0.482273 0.46283799999999997 0.48090900000000003 0.461486 0.48 0.468243 0.48318199999999994 0.468243 0.483636 0.466892 0.482273 0.46283799999999997
3 0.525 0.460135 0.523636 0.45878399999999997 0.5227269999999999 0.460135 0.522273 0.464189 0.525455 0.464189 0.525 0.460135
3 0.562273 0.46081099999999997 0.560909 0.456081 0.559545 0.45675699999999997 0.559091 0.45878399999999997 0.5599999999999999 0.461486 0.562273 0.46081099999999997
3 0.6277269999999999 0.451351 0.6263639999999999 0.456081 0.630455 0.456081 0.6290910000000001 0.452027 0.6277269999999999 0.451351
3 0.664091 0.45 0.663182 0.45472999999999997 0.666818 0.45472999999999997 0.666364 0.45067599999999997 0.664091 0.45
3 0.694091 0.45 0.6936359999999999 0.44864899999999996 0.6922729999999999 0.44864899999999996 0.690909 0.452027 0.690909 0.454054 0.694091 0.454054 0.694091 0.45
3 0.7218180000000001 0.447973 0.720909 0.45270299999999997 0.725 0.453378 0.7236360000000001 0.447973 0.7218180000000001 0.447973
3 0.7540910000000001 0.447973 0.753182 0.449324 0.7527269999999999 0.454054 0.757727 0.454054 0.755455 0.447973 0.7540910000000001 0.447973
3 0.768636 0.447973 0.766364 0.447973 0.765455 0.456081 0.769545 0.456081 0.77 0.45 0.768636 0.447973
3 0.774545 0.45 0.7713639999999999 0.45 0.77 0.458108 0.775 0.458108 0.775909 0.455405 0.774545 0.45
3 0.780455 0.460135 0.7809090000000001 0.455405 0.7795449999999999 0.45067599999999997 0.776818 0.45067599999999997 0.775909 0.454054 0.7763639999999999 0.45675699999999997 0.775455 0.459459 0.780455 0.460135
3 0.785909 0.452027 0.7831819999999999 0.452027 0.7813640000000001 0.456081 0.7809090000000001 0.462162 0.7877270000000001 0.46283799999999997 0.785909 0.452027
3 0.818182 0.462162 0.8159090000000001 0.453378 0.813636 0.45270299999999997 0.812727 0.454054 0.8099999999999999 0.464865 0.818182 0.464865 0.818182 0.462162
3 0.899545 0.457432 0.898182 0.45270299999999997 0.8945449999999999 0.452027 0.8913639999999999 0.466216 0.9018179999999999 0.465541 0.9 0.464189 0.899545 0.457432
1 0.935909 0.52973 0.935909 0.521622 0.932273 0.524324 0.93 0.528378 0.928636 0.529054 0.935909 0.52973
1 0.851818 0.475676 0.8640909999999999 0.476351 0.8640909999999999 0.475 0.861364 0.471622 0.860455 0.45878399999999997 0.8554550000000001 0.45878399999999997 0.854091 0.470946 0.853182 0.472973 0.851818 0.473649 0.851818 0.475676
1 0.7459089999999999 0.464865 0.745455 0.460135 0.742273 0.460135 0.74 0.473649 0.748182 0.473649 0.748182 0.471622 0.7459089999999999 0.464865
1 0.7204550000000001 0.519595 0.722273 0.518243 0.722727 0.516216 0.72 0.514865 0.7186359999999999 0.512162 0.7154550000000001 0.489865 0.71 0.489865 0.707273 0.513514 0.703636 0.516892 0.703636 0.519595 0.7204550000000001 0.519595
1 0.710909 0.45675699999999997 0.71 0.451351 0.707273 0.45067599999999997 0.706364 0.457432 0.707273 0.45878399999999997 0.710455 0.458108 0.710909 0.45675699999999997
1 0.705 0.45472999999999997 0.705 0.45270299999999997 0.703636 0.45270299999999997 0.701818 0.458108 0.701818 0.46081099999999997 0.707273 0.46081099999999997 0.705 0.45472999999999997
1 0.696818 0.468243 0.6950000000000001 0.456081 0.691818 0.455405 0.691364 0.46081099999999997 0.6895450000000001 0.466892 0.690909 0.468243 0.696818 0.468243
1 0.682273 0.45067599999999997 0.6813640000000001 0.457432 0.685909 0.457432 0.684545 0.451351 0.682273 0.45067599999999997
1 0.6581819999999999 0.45067599999999997 0.656818 0.45 0.655455 0.456081 0.658636 0.45675699999999997 0.659091 0.455405 0.6581819999999999 0.45067599999999997
1 0.623182 0.45472999999999997 0.6222730000000001 0.452027 0.621364 0.452027 0.620455 0.458108 0.6222730000000001 0.45878399999999997 0.623182 0.458108 0.623182 0.45472999999999997
1 0.591364 0.456081 0.589545 0.45472999999999997 0.5886359999999999 0.46081099999999997 0.590909 0.46081099999999997 0.5918180000000001 0.458108 0.591364 0.456081
1 0.558636 0.458108 0.557273 0.45675699999999997 0.555909 0.46283799999999997 0.559545 0.463514 0.5599999999999999 0.462162 0.558636 0.458108
1 0.518636 0.464865 0.518182 0.460135 0.516364 0.460135 0.515455 0.466216 0.517727 0.467568 0.519545 0.466892 0.518636 0.464865
1 0.45636400000000005 0.473649 0.45499999999999996 0.466216 0.453182 0.465541 0.452727 0.47027 0.451818 0.472297 0.45227300000000004 0.474324 0.45636400000000005 0.473649
1 0.381364 0.477027 0.381364 0.472973 0.379545 0.472297 0.37772700000000003 0.480405 0.382273 0.481081 0.382727 0.47973 0.381364 0.477027
1 0.292727 0.487162 0.291818 0.481081 0.29 0.481081 0.288636 0.489865 0.293182 0.489865 0.293636 0.488514 0.292727 0.487162
1 0.211818 0.493243 0.21136400000000002 0.489189 0.210455 0.487838 0.208182 0.487838 0.206364 0.498649 0.21000000000000002 0.499324 0.21409099999999998 0.497297 0.211818 0.493243
1 0.27954500000000004 0.5486489999999999 0.286364 0.545946 0.286364 0.543243 0.284091 0.5425679999999999 0.282727 0.5405409999999999 0.27818200000000004 0.518919 0.275 0.518919 0.272727 0.5425679999999999 0.27 0.545946 0.27 0.5486489999999999 0.27954500000000004 0.5486489999999999
1 0.510455 0.519595 0.511818 0.521622 0.515455 0.521622 0.525 0.518243 0.525 0.516892 0.522273 0.514865 0.520909 0.512162 0.519091 0.494595 0.514545 0.494595 0.513636 0.498649 0.512727 0.515541 0.510455 0.517568 0.510455 0.519595