2 0.291601 0.45704700000000004 0.303751 0.45906 0.314316 0.45906 0.32646600000000003 0.45503400000000005 0.327522 0.45369099999999996 0.324353 0.45302 0.319599 0.447651 0.31009000000000003 0.39396 0.304807 0.39396 0.298996 0.447651 0.295298 0.454362 0.29212899999999997 0.454362 0.291601 0.45704700000000004
2 0.54411 0.7 0.54094 0.699329 0.537771 0.701342 0.530903 0.703356 0.529847 0.7046979999999999 0.529847 0.7134229999999999 0.535658 0.731544 0.541469 0.741611 0.546751 0.74698 0.561543 0.74698 0.574749 0.744966 0.606445 0.743624 0.6111989999999999 0.737584 0.6111989999999999 0.730201 0.606973 0.722148 0.606445 0.718792 0.601162 0.707383 0.597993 0.703356 0.5937669999999999 0.7 0.580032 0.571812 0.578975 0.57047 0.569995 0.57047 0.567882 0.574497 0.5668249999999999 0.5845640000000001 0.546223 0.697315 0.54411 0.7
2 0.866878 0.608725 0.862652 0.6134229999999999 0.8563129999999999 0.6134229999999999 0.851558 0.616107 0.851558 0.620134 0.853671 0.622819 0.8816689999999999 0.638926 0.891178 0.642953 0.9070259999999999 0.642953 0.9255150000000001 0.638926 0.9255150000000001 0.628188 0.920232 0.626174 0.919176 0.622819 0.913365 0.61745 0.909667 0.5067109999999999 0.908611 0.505369 0.898574 0.5060399999999999 0.871632 0.607383 0.870576 0.608725 0.866878 0.608725
3 0.371896 0.536242 0.372425 0.5375840000000001 0.40570500000000004 0.5375840000000001 0.406233 0.530201 0.405177 0.5261739999999999 0.403592 0.52349 0.399366 0.522148 0.39831 0.520805 0.39144199999999996 0.477181 0.384575 0.477181 0.378236 0.521477 0.37717900000000004 0.524161 0.371896 0.527517 0.371896 0.536242
3 0.199683 0.534899 0.196513 0.5375840000000001 0.195457 0.549664 0.205494 0.549664 0.23454799999999998 0.546309 0.23507699999999998 0.536242 0.232964 0.532215 0.227153 0.531544 0.226096 0.530201 0.215531 0.48456400000000005 0.20813500000000001 0.48456400000000005 0.20655 0.49396000000000007 0.20338099999999998 0.530872 0.202324 0.5342279999999999 0.199683 0.534899
3 0.35235099999999997 0.42617399999999994 0.359218 0.42751700000000004 0.369255 0.42751700000000004 0.369255 0.42214799999999997 0.36714199999999997 0.42214799999999997 0.366086 0.41946300000000003 0.36185900000000004 0.395973 0.35869 0.395973 0.357633 0.396644 0.35499200000000003 0.421477 0.35235099999999997 0.42349 0.35235099999999997 0.42617399999999994
1 0.238246 0.454362 0.23454799999999998 0.45906 0.24300099999999997 0.461074 0.254094 0.461074 0.26465900000000003 0.45838900000000005 0.26465900000000003 0.45704700000000004 0.260961 0.452349 0.257264 0.45167799999999997 0.250396 0.420134 0.245642 0.420134 0.244585 0.42349 0.241944 0.452349 0.240887 0.45369099999999996 0.238246 0.454362
1 0.388273 0.451007 0.39725299999999997 0.45369099999999996 0.40676199999999996 0.45369099999999996 0.415742 0.45167799999999997 0.415742 0.44899300000000003 0.414157 0.44899300000000003 0.41257299999999997 0.44563800000000003 0.409931 0.444966 0.408347 0.44228199999999995 0.403592 0.41409399999999996 0.399366 0.41409399999999996 0.395668 0.44362399999999996 0.394612 0.44563800000000003 0.393555 0.44563800000000003 0.388273 0.451007
1 0.272055 0.43221499999999996 0.290544 0.43221499999999996 0.292657 0.43087200000000003 0.29212899999999997 0.428188 0.287903 0.42550299999999996 0.283148 0.4 0.278922 0.4 0.27680899999999997 0.424832 0.275753 0.42751700000000004 0.272583 0.428188 0.272055 0.43221499999999996
0 0.368199 0.473826 0.36978300000000003 0.472483 0.36978300000000003 0.467785 0.364501 0.463758 0.35869 0.43087200000000003 0.35340699999999997 0.43087200000000003 0.348125 0.46510100000000004 0.344427 0.46845600000000004 0.344427 0.473826 0.368199 0.473826
0 0.558373 0.444966 0.562599 0.446309 0.582673 0.446309 0.582673 0.44362399999999996 0.581088 0.441611 0.5773900000000001 0.439597 0.573164 0.410067 0.56841 0.410067 0.564184 0.436913 0.562071 0.440268 0.558373 0.442953 0.558373 0.444966
0 0.6978340000000001 0.477181 0.702588 0.48120799999999997 0.726889 0.481879 0.726889 0.479195 0.7253040000000001 0.47516800000000003 0.723191 0.472483 0.721078 0.472483 0.720021 0.46979899999999997 0.716323 0.43556999999999996 0.711041 0.43556999999999996 0.704173 0.46979899999999997 0.699419 0.471812 0.6978340000000001 0.473826 0.6978340000000001 0.477181