2 0.576334 0.5879190000000001 0.58056 0.5932890000000001 0.610671 0.5932890000000001 0.6111989999999999 0.589933 0.609086 0.5879190000000001 0.608558 0.5852350000000001 0.6048600000000001 0.583221 0.603803 0.580537 0.59588 0.519463 0.591125 0.519463 0.582673 0.580537 0.581088 0.583221 0.576334 0.5852350000000001 0.576334 0.5879190000000001
0 0.510301 0.569128 0.508188 0.569128 0.508188 0.571141 0.512942 0.5738260000000001 0.530375 0.5738260000000001 0.535658 0.571812 0.535658 0.57047 0.52879 0.563087 0.524036 0.532886 0.519282 0.532886 0.515584 0.563087 0.513999 0.565772 0.511358 0.566443 0.510301 0.569128
0 0.409403 0.577852 0.408875 0.579195 0.414157 0.58255 0.423666 0.58255 0.436873 0.580537 0.436873 0.577852 0.431062 0.571141 0.425779 0.539597 0.420497 0.539597 0.41627000000000003 0.5731539999999999 0.413101 0.5738260000000001 0.41257299999999997 0.575839 0.409403 0.577852
1 0.432118 0.538926 0.43370300000000006 0.536242 0.43370300000000006 0.533557 0.429477 0.531544 0.42842 0.5295300000000001 0.425779 0.507383 0.421553 0.507383 0.418384 0.530201 0.414686 0.534899 0.414686 0.538926 0.432118 0.538926
1 0.460644 0.5536909999999999 0.48124700000000004 0.554362 0.481775 0.551678 0.480718 0.5503359999999999 0.480718 0.548322 0.47807700000000003 0.54698 0.477021 0.544966 0.473323 0.520134 0.469097 0.520134 0.465399 0.5456380000000001 0.463814 0.548322 0.460644 0.549664 0.460644 0.5536909999999999
1 0.550449 0.544966 0.549921 0.54698 0.555203 0.5489930000000001 0.567882 0.5489930000000001 0.574221 0.54698 0.571051 0.5422819999999999 0.567882 0.540268 0.564184 0.5147649999999999 0.560486 0.5147649999999999 0.55626 0.541611 0.5536190000000001 0.5422819999999999 0.551506 0.544966 0.550449 0.544966
3 0.5029049999999999 0.6369130000000001 0.500792 0.639597 0.500792 0.642953 0.516112 0.644295 0.5324880000000001 0.644295 0.5382990000000001 0.636242 0.5382990000000001 0.634228 0.535658 0.6335569999999999 0.5335449999999999 0.630872 0.530903 0.62953 0.529847 0.627517 0.5229790000000001 0.5845640000000001 0.516112 0.5845640000000001 0.510301 0.627517 0.5092450000000001 0.62953 0.503434 0.632886 0.5029049999999999 0.6369130000000001
3 0.37031200000000003 0.612081 0.36978300000000003 0.6140939999999999 0.384575 0.618121 0.39144199999999996 0.618121 0.40781799999999996 0.612081 0.408347 0.610738 0.40464900000000004 0.608725 0.403064 0.606711 0.403064 0.6053689999999999 0.39831 0.604027 0.39725299999999997 0.602013 0.39144199999999996 0.56443 0.38510300000000003 0.56443 0.37982 0.604698 0.375594 0.607383 0.37401 0.611409 0.37031200000000003 0.612081
2 0.499208 0.5067109999999999 0.499208 0.508054 0.511886 0.508054 0.5124139999999999 0.495302 0.5092450000000001 0.472483 0.5066029999999999 0.472483 0.503434 0.500671 0.5029049999999999 0.5026849999999999 0.499208 0.5067109999999999
2 0.460644 0.5033559999999999 0.460644 0.500671 0.458003 0.497987 0.453777 0.469128 0.45166399999999995 0.469128 0.447438 0.498658 0.44585299999999994 0.5 0.44532499999999997 0.5026849999999999 0.460644 0.5033559999999999
0 0.450608 0.521477 0.450608 0.518121 0.447438 0.515436 0.44374 0.49597300000000005 0.441099 0.49597300000000005 0.437929 0.516779 0.43423100000000003 0.520134 0.43423100000000003 0.521477 0.450608 0.521477
3 0.505547 0.528188 0.522451 0.528859 0.524564 0.527517 0.525092 0.5255029999999999 0.5219229999999999 0.52349 0.520338 0.520805 0.517697 0.500671 0.513471 0.500671 0.510829 0.521477 0.509773 0.52349 0.50766 0.52349 0.505547 0.528188