2 0.249545 0.397794 0.244091 0.40588199999999997 0.244091 0.40882399999999997 0.262273 0.40882399999999997 0.281364 0.40661800000000003 0.288182 0.397794 0.288636 0.394853 0.281364 0.393382 0.27954500000000004 0.390441 0.26409099999999996 0.296324 0.259545 0.296324 0.257727 0.299265 0.25363600000000003 0.391912 0.25 0.394853 0.249545 0.397794
2 0.27999999999999997 0.37426499999999996 0.277727 0.376471 0.27818200000000004 0.380147 0.31136400000000003 0.380147 0.31181800000000004 0.378676 0.316364 0.37426499999999996 0.316364 0.371324 0.31181800000000004 0.366176 0.308636 0.366176 0.307727 0.36470600000000003 0.294091 0.28382399999999997 0.293182 0.28161800000000003 0.288636 0.28161800000000003 0.285909 0.329412 0.28500000000000003 0.367647 0.28090899999999996 0.37058800000000003 0.27999999999999997 0.37426499999999996
2 0.636364 0.37794099999999997 0.6345449999999999 0.380882 0.6345449999999999 0.38529399999999997 0.637273 0.391176 0.673636 0.390441 0.674545 0.389706 0.674545 0.381618 0.670455 0.37794099999999997 0.668182 0.37720600000000004 0.665909 0.369853 0.6581819999999999 0.28235299999999997 0.656818 0.27867600000000003 0.652727 0.27867600000000003 0.6513639999999999 0.283088 0.641364 0.37205900000000003 0.64 0.375 0.636364 0.37794099999999997
3 0.332273 0.20220600000000002 0.330455 0.19411799999999999 0.32999999999999996 0.184559 0.32954500000000003 0.183088 0.327727 0.183088 0.326364 0.1875 0.325455 0.197059 0.324091 0.201471 0.332273 0.20220600000000002
0 0.385909 0.286765 0.397727 0.2875 0.40136399999999994 0.286029 0.401818 0.28235299999999997 0.400455 0.28014700000000003 0.398182 0.279412 0.397273 0.277941 0.39318200000000003 0.25073500000000004 0.389545 0.25073500000000004 0.388636 0.25220600000000004 0.387273 0.279412 0.385909 0.283088 0.385909 0.286765
0 0.43272700000000003 0.244853 0.44000000000000006 0.245588 0.443182 0.244118 0.443636 0.23970600000000003 0.44045500000000004 0.23455900000000002 0.439091 0.216912 0.435909 0.216176 0.43454499999999996 0.219118 0.433636 0.238971 0.43272700000000003 0.240441 0.43272700000000003 0.244853
0 0.458182 0.216176 0.458182 0.220588 0.46727299999999994 0.220588 0.468182 0.219853 0.468182 0.217647 0.465909 0.213235 0.464091 0.2 0.461364 0.199265 0.46045499999999995 0.20073500000000002 0.459545 0.20661800000000002 0.459545 0.213971 0.458182 0.216176
0 0.47636399999999995 0.186029 0.475 0.20514700000000002 0.48181799999999997 0.20514700000000002 0.47909100000000004 0.186029 0.47636399999999995 0.186029
0 0.51 0.20220600000000002 0.510455 0.199265 0.508636 0.195588 0.507273 0.18529400000000001 0.505 0.184559 0.504545 0.19117599999999998 0.503636 0.193382 0.503636 0.20220600000000002 0.51 0.20220600000000002
0 0.54 0.194853 0.5377270000000001 0.183088 0.5363640000000001 0.183088 0.5349999999999999 0.190441 0.5345449999999999 0.199265 0.54 0.199265 0.54 0.194853
0 0.570455 0.198529 0.571364 0.197059 0.571364 0.18823499999999999 0.5700000000000001 0.180147 0.566818 0.179412 0.565909 0.1875 0.5645450000000001 0.19264699999999998 0.5645450000000001 0.197794 0.570455 0.198529
0 0.590909 0.196324 0.590909 0.190441 0.589091 0.179412 0.585909 0.178676 0.583636 0.19117599999999998 0.583636 0.197059 0.5900000000000001 0.197794 0.590909 0.196324
0 0.5936359999999999 0.23088199999999998 0.591364 0.226471 0.589091 0.20661800000000002 0.586364 0.20588199999999998 0.584545 0.21176499999999998 0.582727 0.23455900000000002 0.593182 0.23529399999999998 0.5936359999999999 0.23088199999999998
0 0.6 0.277206 0.6140909999999999 0.277941 0.6168180000000001 0.275 0.6168180000000001 0.272794 0.613636 0.269118 0.609545 0.23823500000000003 0.606818 0.23823500000000003 0.604091 0.244853 0.603182 0.269853 0.600455 0.272059 0.6 0.277206
2 0.629545 0.352941 0.6277269999999999 0.352941 0.627273 0.354412 0.627273 0.3625 0.628636 0.36470600000000003 0.641818 0.363971 0.648636 0.30220600000000003 0.649545 0.298529 0.649545 0.283088 0.6477269999999999 0.266176 0.642727 0.266176 0.6331819999999999 0.347794 0.631818 0.350735 0.629545 0.352941
1 0.25272700000000003 0.25 0.25363600000000003 0.247794 0.25363600000000003 0.244853 0.251818 0.244118 0.250455 0.241176 0.248636 0.225 0.24545499999999998 0.225 0.244091 0.23970600000000003 0.241364 0.246324 0.241364 0.25073500000000004 0.25272700000000003 0.25
0 0.572273 0.213235 0.5804549999999999 0.213235 0.580909 0.209559 0.579091 0.20735299999999998 0.578182 0.19117599999999998 0.575455 0.19117599999999998 0.574545 0.191912 0.573182 0.20588199999999998 0.572273 0.20882399999999998 0.572273 0.213235