3 0.391818 0.603378 0.388636 0.606081 0.388636 0.607432 0.414091 0.607432 0.42136399999999996 0.6 0.421818 0.597973 0.419091 0.597297 0.41863599999999995 0.59527 0.415455 0.594595 0.41318200000000005 0.592568 0.40636400000000006 0.553378 0.40090899999999996 0.5527029999999999 0.397273 0.593919 0.396364 0.596622 0.392273 0.6 0.391818 0.603378
3 0.513182 0.533108 0.513182 0.535811 0.514545 0.537162 0.530455 0.536486 0.530455 0.533784 0.529091 0.532432 0.529091 0.530405 0.527273 0.531081 0.5263639999999999 0.52973 0.525 0.514189 0.5227269999999999 0.50473 0.519545 0.50473 0.516818 0.529054 0.515909 0.531757 0.514091 0.531757 0.513182 0.533108
3 0.642727 0.505405 0.641818 0.502703 0.639545 0.501351 0.637273 0.483108 0.634091 0.483108 0.632273 0.498649 0.629545 0.504054 0.629545 0.505405 0.642727 0.505405
3 0.770909 0.489189 0.770909 0.487838 0.769091 0.48648600000000003 0.767727 0.483784 0.766364 0.47027 0.763182 0.47027 0.761364 0.48445900000000003 0.76 0.487838 0.76 0.489865 0.770909 0.489189
3 0.861364 0.480405 0.8618180000000001 0.478378 0.86 0.476351 0.8586360000000001 0.46283799999999997 0.8550000000000001 0.46283799999999997 0.853182 0.477027 0.851818 0.478378 0.851818 0.480405 0.861364 0.480405
3 0.905 0.447973 0.903636 0.447297 0.9018179999999999 0.45472999999999997 0.9054550000000001 0.455405 0.905909 0.452027 0.905 0.447973
3 0.895909 0.445946 0.8949999999999999 0.45 0.898182 0.45 0.897273 0.447297 0.895909 0.445946
3 0.842727 0.45270299999999997 0.8422729999999999 0.449324 0.8413639999999999 0.44864899999999996 0.8400000000000001 0.455405 0.843182 0.456081 0.843636 0.454054 0.842727 0.45270299999999997
3 0.824545 0.447973 0.8231820000000001 0.45 0.8231820000000001 0.45270299999999997 0.825455 0.452027 0.824545 0.447973
3 0.7831819999999999 0.45067599999999997 0.781818 0.456081 0.7849999999999999 0.456081 0.7849999999999999 0.454054 0.7831819999999999 0.45067599999999997
3 0.777273 0.454054 0.7795449999999999 0.454054 0.777727 0.449324 0.777273 0.454054
3 0.7490910000000001 0.45 0.748182 0.454054 0.7509089999999999 0.454054 0.75 0.45067599999999997 0.7490910000000001 0.45
3 0.744545 0.45067599999999997 0.743182 0.453378 0.743182 0.45675699999999997 0.745455 0.456081 0.744545 0.45067599999999997
3 0.732273 0.45472999999999997 0.735 0.45472999999999997 0.733182 0.45067599999999997 0.732273 0.45472999999999997
3 0.7218180000000001 0.451351 0.721364 0.45472999999999997 0.7236360000000001 0.45472999999999997 0.722727 0.451351 0.7218180000000001 0.451351
3 0.72 0.451351 0.7190909999999999 0.452027 0.718182 0.456081 0.720909 0.456081 0.72 0.451351
1 0.836364 0.565541 0.8340909999999999 0.568243 0.8340909999999999 0.57027 0.8545450000000001 0.573649 0.8627269999999999 0.573649 0.866818 0.57027 0.867273 0.568243 0.860909 0.563514 0.859545 0.560811 0.8545450000000001 0.524324 0.848636 0.524324 0.841818 0.561486 0.839545 0.562838 0.836364 0.562838 0.836364 0.565541
1 0.866818 0.525676 0.8663639999999999 0.527703 0.877273 0.52973 0.8872730000000001 0.52973 0.892727 0.527703 0.892727 0.526351 0.8909090000000001 0.525676 0.889545 0.522973 0.8877269999999999 0.522973 0.886364 0.521622 0.882727 0.49527 0.8777269999999999 0.49527 0.872727 0.521622 0.870455 0.522297 0.868182 0.525676 0.866818 0.525676
1 0.935909 0.445946 0.934545 0.445946 0.9327270000000001 0.453378 0.935909 0.453378 0.935909 0.445946
1 0.915455 0.44527 0.914091 0.45067599999999997 0.917273 0.45067599999999997 0.916364 0.44527 0.915455 0.44527
1 0.839545 0.45472999999999997 0.838182 0.447297 0.837273 0.447297 0.837273 0.45 0.835455 0.455405 0.839545 0.45472999999999997
1 0.806364 0.45 0.806364 0.447973 0.805455 0.44864899999999996 0.8045450000000001 0.454054 0.8077270000000001 0.453378 0.806364 0.45
1 0.789091 0.455405 0.788182 0.449324 0.787273 0.449324 0.787273 0.452027 0.785909 0.456081 0.789091 0.455405
1 0.775909 0.44864899999999996 0.775 0.449324 0.7740910000000001 0.45472999999999997 0.776818 0.454054 0.775909 0.44864899999999996
1 0.765909 0.455405 0.769091 0.455405 0.768182 0.449324 0.765909 0.455405