3 0.140909 0.526471 0.13999999999999999 0.535294 0.138636 0.538235 0.135909 0.539706 0.134545 0.5419120000000001 0.134545 0.543382 0.174091 0.5419120000000001 0.177727 0.539706 0.191818 0.522794 0.191818 0.519853 0.19045499999999999 0.518382 0.184091 0.516176 0.183182 0.513235 0.177727 0.5125 0.175455 0.510294 0.158182 0.441176 0.157273 0.440441 0.15318199999999998 0.440441 0.14954499999999998 0.443382 0.147727 0.519853 0.140909 0.526471
3 0.348182 0.32279399999999997 0.361364 0.323529 0.370455 0.320588 0.37136399999999997 0.319118 0.37136399999999997 0.31323500000000004 0.366818 0.311029 0.365 0.308824 0.359091 0.275 0.355909 0.275 0.355 0.28014700000000003 0.353636 0.31176499999999996 0.348182 0.317647 0.348182 0.32279399999999997
3 0.427273 0.251471 0.428636 0.249265 0.428636 0.243382 0.42636399999999997 0.242647 0.425455 0.241176 0.42136399999999996 0.218382 0.41727299999999995 0.217647 0.416818 0.243382 0.41500000000000004 0.247059 0.41500000000000004 0.251471 0.427273 0.251471
3 0.445 0.214706 0.454545 0.214706 0.455455 0.213971 0.455455 0.209559 0.454091 0.208088 0.450455 0.19117599999999998 0.44818199999999997 0.19117599999999998 0.44727300000000003 0.196324 0.44681800000000005 0.20735299999999998 0.445 0.21029399999999998 0.445 0.214706
3 0.47090899999999997 0.197794 0.47090899999999997 0.19117599999999998 0.468182 0.180147 0.465 0.179412 0.464091 0.183088 0.464091 0.190441 0.46318200000000004 0.197059 0.47090899999999997 0.197794
3 0.481364 0.184559 0.48090900000000003 0.177941 0.479545 0.17058800000000002 0.47772699999999996 0.169853 0.47590899999999997 0.178676 0.47590899999999997 0.183088 0.478636 0.18529400000000001 0.481364 0.184559
3 0.488182 0.177206 0.489091 0.175735 0.489091 0.17205900000000002 0.48727299999999996 0.163235 0.48590900000000004 0.1625 0.485 0.164706 0.48454499999999995 0.175735 0.48545499999999997 0.177206 0.488182 0.177206
3 0.492727 0.15735300000000002 0.49181800000000003 0.15735300000000002 0.490909 0.167647 0.492727 0.168382 0.49409099999999995 0.164706 0.492727 0.15735300000000002
2 0.49636399999999997 0.164706 0.49909100000000006 0.1625 0.49909100000000006 0.15882400000000002 0.497727 0.15588200000000002 0.49636399999999997 0.145588 0.49545500000000003 0.145588 0.49545500000000003 0.150735 0.49363599999999996 0.161029 0.494545 0.163971 0.49636399999999997 0.164706
0 0.40954499999999994 0.165441 0.40772700000000006 0.18382400000000002 0.414091 0.183088 0.411364 0.167647 0.40954499999999994 0.165441
1 0.44045500000000004 0.151471 0.439091 0.159559 0.442727 0.159559 0.44181800000000004 0.154412 0.44045500000000004 0.151471
1 0.659091 0.147059 0.656818 0.1375 0.655455 0.1375 0.6531819999999999 0.152206 0.6581819999999999 0.152206 0.659091 0.151471 0.659091 0.147059
1 0.6900000000000001 0.48455899999999996 0.6895450000000001 0.493382 0.6922729999999999 0.505147 0.739545 0.505147 0.7390909999999999 0.499265 0.736818 0.490441 0.736818 0.486029 0.735909 0.482353 0.734545 0.480147 0.728182 0.47794100000000006 0.726818 0.475 0.719545 0.397059 0.711818 0.396324 0.708636 0.397794 0.699091 0.47573499999999996 0.697727 0.478676 0.6936359999999999 0.480147 0.6900000000000001 0.48455899999999996
1 0.609091 0.30220600000000003 0.628636 0.302941 0.632273 0.301471 0.632273 0.296324 0.629545 0.292647 0.627273 0.291912 0.6263639999999999 0.289706 0.6222730000000001 0.25220600000000004 0.617273 0.25220600000000004 0.613182 0.288971 0.611364 0.294118 0.609091 0.294853 0.609091 0.30220600000000003
1 0.585909 0.2375 0.597727 0.2375 0.599091 0.236029 0.599091 0.23308800000000002 0.5968180000000001 0.23088199999999998 0.592727 0.20367600000000002 0.5886359999999999 0.20367600000000002 0.5872729999999999 0.22867600000000002 0.584091 0.23235299999999998 0.584091 0.236029 0.585909 0.2375
1 0.571364 0.20514700000000002 0.579091 0.20514700000000002 0.581364 0.20367600000000002 0.581364 0.199265 0.579545 0.196324 0.577727 0.180147 0.575455 0.180147 0.573182 0.197059 0.571364 0.201471 0.571364 0.20514700000000002
1 0.569545 0.168382 0.566818 0.168382 0.5645450000000001 0.1875 0.572273 0.1875 0.572273 0.18235300000000002 0.569545 0.168382
1 0.5645450000000001 0.174265 0.5631820000000001 0.160294 0.560909 0.160294 0.559091 0.175 0.560909 0.176471 0.5631820000000001 0.176471 0.5645450000000001 0.174265
1 0.558182 0.158088 0.556818 0.15735300000000002 0.5549999999999999 0.168382 0.558636 0.169118 0.5599999999999999 0.166176 0.558182 0.158088
1 0.5563640000000001 0.158088 0.5563640000000001 0.15514699999999998 0.555455 0.15367599999999998 0.554091 0.15588200000000002 0.552727 0.163235 0.5549999999999999 0.163971 0.5563640000000001 0.158088
2 0.552727 0.161029 0.554091 0.15514699999999998 0.553182 0.147794 0.552273 0.146324 0.550909 0.147794 0.55 0.159559 0.550909 0.161029 0.552727 0.161029