3 0.6140909999999999 0.685135 0.61 0.685811 0.609091 0.687162 0.609091 0.689189 0.626818 0.708784 0.632727 0.708784 0.665 0.7013510000000001 0.665 0.7 0.660455 0.695946 0.6563640000000001 0.683108 0.6513639999999999 0.67973 0.65 0.677027 0.640455 0.610811 0.632273 0.610811 0.6236360000000001 0.675 0.621364 0.679054 0.618636 0.680405 0.6140909999999999 0.685135
3 0.574091 0.57973 0.571364 0.583784 0.582727 0.585135 0.595909 0.585135 0.601364 0.5804050000000001 0.601818 0.5783780000000001 0.599545 0.575676 0.595909 0.573649 0.594545 0.570946 0.5886359999999999 0.533784 0.584091 0.533784 0.579091 0.5722970000000001 0.577727 0.575 0.575 0.575676 0.574091 0.57973
3 0.43454499999999996 0.558784 0.452727 0.558784 0.453182 0.552027 0.45090899999999995 0.5506759999999999 0.449545 0.547973 0.445 0.520946 0.440909 0.52027 0.43772700000000003 0.55 0.435909 0.553378 0.43454499999999996 0.554054 0.43454499999999996 0.558784
3 0.264545 0.5783780000000001 0.276364 0.5743240000000001 0.276364 0.5722970000000001 0.275 0.568919 0.26954500000000003 0.563514 0.262273 0.5385139999999999 0.257273 0.537838 0.255909 0.57027 0.25363600000000003 0.571622 0.249091 0.5783780000000001 0.264545 0.5783780000000001
3 0.129091 0.498649 0.129091 0.496622 0.12681800000000001 0.491216 0.12454499999999999 0.491892 0.122727 0.500676 0.125909 0.500676 0.129091 0.498649
3 0.225 0.485811 0.22409099999999998 0.483108 0.222273 0.483108 0.22090900000000002 0.485135 0.22045499999999998 0.489865 0.225 0.489865 0.225 0.485811
3 0.300909 0.474324 0.3 0.474324 0.298636 0.481757 0.302273 0.481757 0.30181800000000003 0.476351 0.300909 0.474324
3 0.357727 0.468919 0.356364 0.475 0.359545 0.475 0.359545 0.47027 0.357727 0.468919
3 0.40272699999999995 0.469595 0.402273 0.465541 0.400455 0.466892 0.400455 0.470946 0.401818 0.470946 0.40272699999999995 0.469595
3 0.438182 0.46081099999999997 0.436818 0.46283799999999997 0.436818 0.466892 0.439545 0.466216 0.438182 0.46081099999999997
3 0.503182 0.455405 0.5013639999999999 0.45675699999999997 0.5013639999999999 0.46081099999999997 0.5040910000000001 0.460135 0.503182 0.455405
3 0.535455 0.454054 0.5345449999999999 0.45878399999999997 0.5377270000000001 0.45878399999999997 0.537273 0.455405 0.535455 0.454054
3 0.5604549999999999 0.45270299999999997 0.559545 0.45270299999999997 0.558636 0.458108 0.560909 0.458108 0.561364 0.45472999999999997 0.5604549999999999 0.45270299999999997
3 0.585909 0.452027 0.584091 0.453378 0.584091 0.457432 0.586364 0.45675699999999997 0.585909 0.452027
3 0.611364 0.452027 0.61 0.451351 0.608636 0.45675699999999997 0.611818 0.457432 0.612273 0.456081 0.611364 0.452027
3 0.621818 0.45472999999999997 0.620455 0.452027 0.618636 0.454054 0.618636 0.45878399999999997 0.621364 0.45878399999999997 0.621818 0.45472999999999997
3 0.625 0.45878399999999997 0.625 0.454054 0.6240910000000001 0.45270299999999997 0.6222730000000001 0.454054 0.621818 0.460135 0.624545 0.460135 0.625 0.45878399999999997
3 0.6277269999999999 0.461486 0.628182 0.456081 0.626818 0.453378 0.625455 0.45472999999999997 0.625455 0.45878399999999997 0.624545 0.462162 0.6277269999999999 0.461486
3 0.630909 0.455405 0.629545 0.45472999999999997 0.627273 0.464189 0.632273 0.464189 0.631818 0.458108 0.630909 0.455405
3 0.654091 0.464865 0.6531819999999999 0.463514 0.6513639999999999 0.455405 0.6490910000000001 0.45878399999999997 0.648182 0.466216 0.6513639999999999 0.466216 0.654091 0.464865
3 0.701818 0.465541 0.705909 0.466216 0.708182 0.464865 0.707273 0.46283799999999997 0.707273 0.459459 0.705909 0.454054 0.705 0.454054 0.703636 0.45675699999999997 0.703182 0.461486 0.701818 0.465541
3 0.786818 0.463514 0.785909 0.461486 0.7849999999999999 0.452027 0.784091 0.45067599999999997 0.782273 0.45067599999999997 0.7813640000000001 0.452027 0.7813640000000001 0.456081 0.779091 0.464189 0.786818 0.463514
3 0.875455 0.460135 0.874091 0.461486 0.874091 0.46283799999999997 0.879545 0.463514 0.883182 0.462162 0.881818 0.45878399999999997 0.8813639999999999 0.45270299999999997 0.8800000000000001 0.44864899999999996 0.877273 0.449324 0.8768179999999999 0.45270299999999997 0.875909 0.453378 0.875455 0.460135
3 0.931364 0.453378 0.935909 0.453378 0.935909 0.441216 0.9349999999999999 0.441216 0.9331820000000001 0.44459499999999996 0.9331820000000001 0.447297 0.931364 0.453378
3 0.9259090000000001 0.439189 0.924545 0.441892 0.924091 0.447297 0.930909 0.44662199999999996 0.928182 0.43851399999999996 0.9259090000000001 0.439189
3 0.9204549999999999 0.445946 0.918636 0.439865 0.9168179999999999 0.439865 0.914091 0.447973 0.914091 0.45 0.9204549999999999 0.45 0.9204549999999999 0.445946
1 0.149091 0.555405 0.161818 0.552027 0.161364 0.547973 0.158182 0.547973 0.157273 0.5466219999999999 0.153636 0.526351 0.14818199999999998 0.525676 0.145909 0.5486489999999999 0.143182 0.5527029999999999 0.143182 0.555405 0.149091 0.555405
1 0.140455 0.502027 0.13909100000000002 0.497973 0.138636 0.493243 0.137727 0.491892 0.135 0.491892 0.135 0.495946 0.133636 0.502703 0.137273 0.503378 0.140455 0.502027
1 0.24636399999999997 0.490541 0.25 0.489189 0.24818199999999999 0.481081 0.24681799999999998 0.481081 0.24590900000000002 0.482432 0.24545499999999998 0.489865 0.24636399999999997 0.490541
1 0.32999999999999996 0.472297 0.32818200000000003 0.474324 0.32818200000000003 0.481757 0.331818 0.480405 0.32999999999999996 0.472297
1 0.395909 0.473649 0.397273 0.472297 0.395909 0.466216 0.395 0.466216 0.394091 0.468243 0.393636 0.473649 0.395909 0.473649
1 0.435455 0.462162 0.434091 0.464865 0.434091 0.469595 0.436818 0.468243 0.435455 0.462162
1 0.403636 0.518243 0.403182 0.514865 0.40090899999999996 0.512162 0.398182 0.49527 0.394091 0.494595 0.392727 0.513514 0.391364 0.515541 0.391364 0.518243 0.403636 0.518243
1 0.46727299999999994 0.460135 0.46545500000000006 0.459459 0.46454500000000004 0.465541 0.466364 0.466216 0.468182 0.464189 0.46727299999999994 0.460135
1 0.49681800000000004 0.456081 0.49545500000000003 0.45878399999999997 0.495 0.46283799999999997 0.497727 0.46283799999999997 0.49681800000000004 0.456081
1 0.5295449999999999 0.458108 0.529091 0.45472999999999997 0.527273 0.45472999999999997 0.526818 0.46081099999999997 0.53 0.460135 0.530455 0.45878399999999997 0.5295449999999999 0.458108
1 0.553182 0.460135 0.551818 0.454054 0.550909 0.454054 0.55 0.461486 0.551818 0.461486 0.553182 0.460135
1 0.5549999999999999 0.47027 0.558182 0.47027 0.5599999999999999 0.467568 0.5577270000000001 0.458108 0.555455 0.46081099999999997 0.555455 0.466216 0.554545 0.468919 0.5549999999999999 0.47027
1 0.5700000000000001 0.459459 0.568182 0.455405 0.566818 0.457432 0.565455 0.464189 0.5700000000000001 0.464189 0.5700000000000001 0.459459
1 0.573182 0.456081 0.572273 0.454054 0.571364 0.454054 0.570455 0.457432 0.570455 0.461486 0.573182 0.461486 0.573182 0.456081
1 0.599545 0.472297 0.598182 0.47027 0.597273 0.46283799999999997 0.595909 0.46081099999999997 0.594545 0.463514 0.593182 0.473649 0.599091 0.473649 0.599545 0.472297
1 0.6799999999999999 0.473649 0.6799999999999999 0.472297 0.678182 0.469595 0.676818 0.459459 0.675 0.459459 0.674091 0.468243 0.671364 0.474324 0.678636 0.475 0.6799999999999999 0.473649
1 0.5645450000000001 0.509459 0.566818 0.507432 0.566818 0.505405 0.5650000000000001 0.504054 0.564091 0.502027 0.5618179999999999 0.485135 0.5577270000000001 0.485135 0.5563640000000001 0.504054 0.553636 0.506757 0.553636 0.509459 0.5645450000000001 0.509459
1 0.7168180000000001 0.504054 0.7150000000000001 0.503378 0.7136359999999999 0.500676 0.710909 0.481757 0.705909 0.481757 0.703182 0.5 0.698636 0.508108 0.7168180000000001 0.507432 0.7168180000000001 0.504054
1 0.8 0.472973 0.8009090000000001 0.471622 0.8009090000000001 0.468919 0.799091 0.467568 0.798182 0.456081 0.793636 0.456081 0.792273 0.467568 0.790455 0.470946 0.790455 0.472973 0.8 0.472973