2 0.148636 0.526471 0.148636 0.530147 0.160909 0.530882 0.195455 0.527206 0.210909 0.511029 0.21318199999999998 0.5073529999999999 0.21318199999999998 0.5044120000000001 0.211818 0.501471 0.20590899999999998 0.501471 0.201818 0.497794 0.199091 0.497059 0.197727 0.494853 0.16999999999999998 0.37205900000000003 0.16499999999999998 0.371324 0.160455 0.37279399999999996 0.161364 0.506618 0.15590900000000002 0.511765 0.155 0.516912 0.148636 0.526471
2 0.20409099999999997 0.46544100000000005 0.199091 0.473529 0.199091 0.47720599999999996 0.208636 0.47720599999999996 0.242727 0.47279400000000005 0.252273 0.45808799999999994 0.252273 0.455147 0.24545499999999998 0.45294100000000004 0.242727 0.45 0.241364 0.45 0.24 0.447794 0.21818200000000001 0.340441 0.21000000000000002 0.339706 0.209091 0.455882 0.206818 0.45955899999999994 0.205 0.46029400000000004 0.20409099999999997 0.46544100000000005
2 0.700455 0.47941200000000006 0.7 0.482353 0.708182 0.5007349999999999 0.733636 0.5007349999999999 0.763636 0.496324 0.763636 0.491912 0.761818 0.4875 0.7581819999999999 0.481618 0.750455 0.47279400000000005 0.738182 0.333824 0.729091 0.333824 0.727727 0.340441 0.712727 0.47058799999999995 0.711364 0.473529 0.700455 0.47941200000000006
1 0.5986360000000001 0.290441 0.5986360000000001 0.296324 0.599545 0.297794 0.616364 0.297059 0.617727 0.294853 0.617727 0.289706 0.6140909999999999 0.288235 0.610909 0.2625 0.610455 0.25294099999999997 0.61 0.251471 0.605455 0.251471 0.604545 0.255147 0.6036360000000001 0.273529 0.601364 0.2875 0.5986360000000001 0.290441
1 0.566364 0.241176 0.5672729999999999 0.242647 0.577273 0.241912 0.579091 0.23970600000000003 0.579091 0.23676499999999998 0.577727 0.23529399999999998 0.575909 0.23014700000000002 0.574091 0.2125 0.570909 0.21176499999999998 0.570909 0.218382 0.569091 0.23308800000000002 0.566364 0.238971 0.566364 0.241176
1 0.552273 0.214706 0.560909 0.213235 0.560909 0.21029399999999998 0.558636 0.20367600000000002 0.557273 0.19264699999999998 0.555455 0.19264699999999998 0.554091 0.20441199999999998 0.552273 0.21029399999999998 0.552273 0.214706
1 0.543182 0.19264699999999998 0.543636 0.195588 0.549545 0.194853 0.547727 0.176471 0.546364 0.176471 0.545 0.180147 0.545 0.18676500000000001 0.543182 0.19264699999999998
1 0.538182 0.181618 0.541818 0.181618 0.542727 0.180147 0.542727 0.175 0.541364 0.166176 0.54 0.166176 0.54 0.167647 0.539091 0.168382 0.538182 0.181618
1 0.537273 0.160294 0.535455 0.159559 0.5345449999999999 0.17205900000000002 0.538636 0.17205900000000002 0.538636 0.167647 0.537273 0.160294
3 0.34545499999999996 0.316176 0.356364 0.316176 0.367273 0.313971 0.367273 0.31029399999999996 0.365909 0.305882 0.362727 0.305147 0.36181800000000003 0.303676 0.35681799999999997 0.269853 0.351818 0.269853 0.349091 0.305147 0.346364 0.30808800000000003 0.34545499999999996 0.31176499999999996 0.34545499999999996 0.316176
3 0.41318200000000005 0.256618 0.415455 0.25441199999999997 0.415455 0.251471 0.41318200000000005 0.247794 0.40954499999999994 0.22720600000000002 0.405909 0.226471 0.404545 0.251471 0.403182 0.25294099999999997 0.403182 0.257353 0.41318200000000005 0.256618
3 0.43 0.227941 0.43499999999999994 0.227941 0.439545 0.225 0.439545 0.222059 0.43727299999999997 0.219853 0.43636400000000003 0.21176499999999998 0.43454499999999996 0.20514700000000002 0.432273 0.20588199999999998 0.431364 0.221324 0.42954499999999995 0.224265 0.43 0.227941
3 0.453182 0.20441199999999998 0.454091 0.20220600000000002 0.451818 0.199265 0.450455 0.1875 0.44818199999999997 0.18823499999999999 0.44818199999999997 0.195588 0.44681800000000005 0.20514700000000002 0.451818 0.20514700000000002 0.453182 0.20441199999999998
3 0.461364 0.18382400000000002 0.46045499999999995 0.175735 0.458636 0.177941 0.457273 0.18970599999999999 0.462727 0.188971 0.461364 0.18382400000000002
3 0.469545 0.178676 0.46727299999999994 0.169853 0.466364 0.169118 0.465 0.180147 0.467727 0.181618 0.469091 0.18088200000000001 0.469545 0.178676
3 0.472727 0.166176 0.47227300000000005 0.1625 0.471364 0.1625 0.470455 0.17205900000000002 0.47363600000000006 0.17205900000000002 0.47409100000000004 0.169118 0.472727 0.166176
3 0.478636 0.1625 0.476818 0.15661799999999998 0.475455 0.15588200000000002 0.475 0.166176 0.477273 0.166912 0.478636 0.165441 0.478636 0.1625
3 0.48 0.152206 0.478636 0.151471 0.478636 0.159559 0.481364 0.159559 0.481364 0.15661799999999998 0.48 0.152206
3 0.482273 0.148529 0.48090900000000003 0.147794 0.48045499999999997 0.152941 0.481364 0.154412 0.48318199999999994 0.154412 0.482273 0.148529
3 0.48545499999999997 0.146324 0.484091 0.143382 0.482727 0.143382 0.48181799999999997 0.144853 0.482727 0.15 0.485 0.15 0.48545499999999997 0.146324
1 0.532273 0.154412 0.5309090000000001 0.164706 0.534091 0.164706 0.5349999999999999 0.161765 0.532273 0.154412
1 0.531818 0.152941 0.53 0.15 0.528636 0.15514699999999998 0.5295449999999999 0.158088 0.5309090000000001 0.158088 0.531818 0.152941
1 0.5295449999999999 0.148529 0.529091 0.146324 0.527727 0.144853 0.5263639999999999 0.148529 0.5263639999999999 0.152206 0.528636 0.152941 0.5295449999999999 0.148529
1 0.525455 0.14191199999999998 0.5240910000000001 0.147059 0.5263639999999999 0.147794 0.526818 0.142647 0.525455 0.14191199999999998
2 0.675909 0.436765 0.6813640000000001 0.446324 0.7150000000000001 0.445588 0.7172729999999999 0.428676 0.7172729999999999 0.419118 0.704091 0.305147 0.696364 0.303676 0.6849999999999999 0.419853 0.684091 0.423529 0.675909 0.431618 0.675909 0.436765