2 0.21236100000000002 0.583221 0.24828299999999998 0.583221 0.254622 0.578523 0.254622 0.5738260000000001 0.247227 0.571141 0.24617 0.569128 0.23401999999999998 0.504027 0.22820900000000002 0.504027 0.22187 0.5731539999999999 0.215531 0.579195 0.21288999999999997 0.579866 0.21236100000000002 0.583221
2 0.349181 0.5026849999999999 0.350238 0.502013 0.350238 0.499329 0.34653999999999996 0.497987 0.345483 0.49597300000000005 0.34020100000000003 0.45906 0.33703099999999997 0.45906 0.332277 0.49396000000000007 0.328051 0.501342 0.328051 0.5026849999999999 0.349181 0.5026849999999999
2 0.545166 0.499329 0.546751 0.497987 0.546751 0.49597300000000005 0.543053 0.49328900000000003 0.5419970000000001 0.491275 0.537242 0.456376 0.534073 0.456376 0.529847 0.49261699999999997 0.525621 0.49597300000000005 0.524564 0.498658 0.545166 0.499329
0 0.473323 0.5140939999999999 0.47860500000000006 0.515436 0.491284 0.515436 0.49234 0.5147649999999999 0.49234 0.511409 0.488642 0.508725 0.484945 0.48456400000000005 0.480718 0.48456400000000005 0.47807700000000003 0.508725 0.474379 0.510738 0.473323 0.512081 0.473323 0.5140939999999999
0 0.5541470000000001 0.520805 0.558373 0.5228189999999999 0.575277 0.5228189999999999 0.575806 0.520134 0.572108 0.51745 0.570523 0.5147649999999999 0.5662969999999999 0.489262 0.562599 0.489262 0.559429 0.5147649999999999 0.557845 0.51745 0.554675 0.518792 0.5541470000000001 0.520805
0 0.755943 0.551678 0.755943 0.5536909999999999 0.758584 0.555705 0.763339 0.5570470000000001 0.788167 0.5570470000000001 0.783413 0.551007 0.7791859999999999 0.547651 0.7733760000000001 0.513423 0.769149 0.513423 0.7696780000000001 0.5147649999999999 0.763339 0.5456380000000001 0.760697 0.549664 0.755943 0.551678
1 0.585843 0.567114 0.595351 0.567114 0.594823 0.558389 0.591125 0.5570470000000001 0.590069 0.555034 0.5842579999999999 0.520805 0.578975 0.520805 0.573164 0.555034 0.569466 0.55906 0.569466 0.5651010000000001 0.585843 0.567114
1 0.44215499999999996 0.5067109999999999 0.442684 0.504027 0.438986 0.502013 0.435288 0.47852300000000003 0.432118 0.47852300000000003 0.42894899999999997 0.5 0.424723 0.504698 0.424723 0.5060399999999999 0.44215499999999996 0.5067109999999999
1 0.298468 0.538926 0.320655 0.539597 0.320655 0.532886 0.31642899999999996 0.532886 0.315372 0.530872 0.31114600000000003 0.5033559999999999 0.30691999999999997 0.5033559999999999 0.302694 0.530872 0.30110899999999996 0.533557 0.298468 0.534899 0.298468 0.538926
3 0.239303 0.516107 0.257264 0.516107 0.262018 0.512752 0.262018 0.511409 0.257264 0.509396 0.25620699999999996 0.507383 0.251981 0.485235 0.24828299999999998 0.485235 0.244585 0.509396 0.240887 0.511409 0.239303 0.5140939999999999 0.239303 0.516107
3 0.441627 0.574497 0.466455 0.574497 0.469097 0.571812 0.469097 0.5684560000000001 0.46803999999999996 0.565772 0.465399 0.5651010000000001 0.462758 0.562416 0.45641800000000005 0.527517 0.452192 0.527517 0.446381 0.562416 0.44532499999999997 0.5651010000000001 0.441627 0.566443 0.441627 0.574497
3 0.635499 0.504027 0.637084 0.5026849999999999 0.637084 0.500671 0.6328579999999999 0.497987 0.629688 0.47516800000000003 0.62599 0.47516800000000003 0.622821 0.497987 0.619651 0.501342 0.619651 0.5033559999999999 0.635499 0.504027