3 0.125909 0.547794 0.125909 0.551471 0.120909 0.5580879999999999 0.120455 0.5625 0.163182 0.5625 0.179091 0.5419120000000001 0.179091 0.539706 0.177273 0.5375 0.174091 0.5375 0.170455 0.533824 0.16772700000000001 0.533088 0.165455 0.530882 0.163636 0.531618 0.162727 0.530147 0.145 0.458824 0.144091 0.457353 0.135455 0.45808799999999994 0.134545 0.45955899999999994 0.133636 0.541176 0.12681800000000001 0.544853 0.125909 0.547794
3 0.350455 0.328676 0.349091 0.330882 0.349091 0.334559 0.357727 0.335294 0.37090900000000004 0.333088 0.373182 0.329412 0.373182 0.326471 0.37090900000000004 0.323529 0.366364 0.322059 0.360455 0.286029 0.355909 0.286029 0.355 0.291912 0.353636 0.32279399999999997 0.350909 0.325735 0.350455 0.328676
3 0.417727 0.26029399999999997 0.432273 0.259559 0.43318199999999996 0.258088 0.43318199999999996 0.25441199999999997 0.429091 0.249265 0.425909 0.23014700000000002 0.422273 0.23014700000000002 0.42136399999999996 0.23382399999999998 0.42000000000000004 0.25294099999999997 0.417727 0.257353 0.417727 0.26029399999999997
3 0.45999999999999996 0.223529 0.46181799999999995 0.221324 0.46181799999999995 0.218382 0.459545 0.214706 0.457273 0.2 0.454545 0.2 0.45363600000000004 0.21176499999999998 0.451818 0.217647 0.451818 0.222794 0.45999999999999996 0.223529
3 0.47636399999999995 0.20367600000000002 0.47909100000000004 0.20073500000000002 0.47909100000000004 0.198529 0.47590899999999997 0.190441 0.475455 0.18529400000000001 0.472727 0.184559 0.47227300000000005 0.19264699999999998 0.47090899999999997 0.197059 0.47090899999999997 0.20294099999999998 0.47636399999999995 0.20367600000000002
3 0.49045500000000003 0.186029 0.489091 0.177206 0.487727 0.173529 0.48590900000000004 0.173529 0.485 0.180147 0.485 0.18823499999999999 0.489091 0.188971 0.49045500000000003 0.186029
3 0.497727 0.175 0.49636399999999997 0.166912 0.49545500000000003 0.164706 0.494545 0.164706 0.493182 0.171324 0.493182 0.177941 0.497273 0.178676 0.497727 0.175
3 0.503636 0.169118 0.5040910000000001 0.166176 0.502273 0.15882400000000002 0.5013639999999999 0.15735300000000002 0.5 0.15735300000000002 0.49909100000000006 0.166912 0.500455 0.169853 0.502273 0.17058800000000002 0.503636 0.169118
3 0.507273 0.163971 0.5081819999999999 0.1625 0.507727 0.15735300000000002 0.505 0.151471 0.5040910000000001 0.152206 0.503636 0.15882400000000002 0.505455 0.163971 0.507273 0.163971
3 0.5109090000000001 0.152941 0.5095449999999999 0.149265 0.5081819999999999 0.148529 0.507727 0.15661799999999998 0.5081819999999999 0.158088 0.510455 0.158088 0.5109090000000001 0.152941
1 0.6168180000000001 0.12867599999999998 0.6140909999999999 0.126471 0.612273 0.14044099999999998 0.6168180000000001 0.141176 0.617727 0.139706 0.6168180000000001 0.12867599999999998
1 0.613182 0.30808800000000003 0.613182 0.313971 0.6140909999999999 0.316176 0.628636 0.316176 0.6359090000000001 0.31470600000000004 0.6359090000000001 0.30955900000000003 0.635 0.306618 0.632273 0.304412 0.631364 0.30220600000000003 0.625455 0.264706 0.621364 0.264706 0.617273 0.302941 0.616364 0.305147 0.6140909999999999 0.305882 0.613182 0.30808800000000003
1 0.601818 0.245588 0.603182 0.243382 0.603182 0.240441 0.6 0.236029 0.597273 0.2125 0.5936359999999999 0.2125 0.591364 0.2375 0.589545 0.23970600000000003 0.589545 0.245588 0.601818 0.245588
1 0.589091 0.20735299999999998 0.586818 0.20514700000000002 0.583636 0.18676500000000001 0.5804549999999999 0.186029 0.577727 0.2125 0.587727 0.2125 0.589091 0.209559 0.589091 0.20735299999999998
1 0.571818 0.19264699999999998 0.572727 0.19411799999999999 0.579091 0.193382 0.579545 0.18970599999999999 0.577273 0.181618 0.576818 0.175735 0.575909 0.174265 0.574545 0.174265 0.573182 0.179412 0.573182 0.18676500000000001 0.572273 0.1875 0.571818 0.19264699999999998
1 0.572727 0.180147 0.573182 0.177206 0.571818 0.173529 0.570909 0.166176 0.5700000000000001 0.164706 0.5686359999999999 0.164706 0.566818 0.175 0.566818 0.179412 0.568182 0.18088200000000001 0.572727 0.180147
1 0.5672729999999999 0.171324 0.567727 0.169118 0.567727 0.161765 0.566818 0.158088 0.5650000000000001 0.159559 0.563636 0.17058800000000002 0.565455 0.17205900000000002 0.5672729999999999 0.171324
1 0.565455 0.15588200000000002 0.564091 0.15367599999999998 0.562727 0.15367599999999998 0.562273 0.161765 0.5631820000000001 0.163971 0.564091 0.163971 0.565455 0.15588200000000002
1 0.5618179999999999 0.15882400000000002 0.5618179999999999 0.154412 0.5631820000000001 0.152941 0.5631820000000001 0.150735 0.5618179999999999 0.147794 0.560909 0.147794 0.5599999999999999 0.149265 0.5599999999999999 0.15661799999999998 0.560909 0.15882400000000002 0.5618179999999999 0.15882400000000002
1 0.701818 0.515441 0.698182 0.518382 0.695909 0.5220589999999999 0.695909 0.525735 0.701818 0.544853 0.703182 0.545588 0.7172729999999999 0.545588 0.749545 0.5419120000000001 0.7509089999999999 0.539706 0.7509089999999999 0.534559 0.748182 0.521324 0.744545 0.515441 0.739545 0.513971 0.738636 0.511765 0.729091 0.428676 0.727727 0.427206 0.7204550000000001 0.427206 0.718182 0.430882 0.708182 0.511765 0.706364 0.514706 0.701818 0.515441
1 0.48090900000000003 0.15735300000000002 0.484091 0.15588200000000002 0.484091 0.152206 0.482727 0.147059 0.48181799999999997 0.147059 0.48 0.150735 0.48 0.15588200000000002 0.48090900000000003 0.15735300000000002