3 0.31454499999999996 0.585811 0.314091 0.587838 0.32318199999999997 0.589189 0.334091 0.589189 0.343636 0.583784 0.343182 0.581757 0.340455 0.579054 0.337727 0.5783780000000001 0.336364 0.5763510000000001 0.330455 0.541892 0.326364 0.541892 0.321818 0.577027 0.317273 0.583784 0.31454499999999996 0.585811
3 0.44000000000000006 0.531081 0.452727 0.531757 0.455909 0.530405 0.45636400000000005 0.529054 0.455455 0.528378 0.455455 0.526351 0.45363600000000004 0.525676 0.45227300000000004 0.522973 0.449091 0.502703 0.445909 0.502703 0.44409099999999996 0.525676 0.44181800000000004 0.527027 0.44000000000000006 0.52973 0.44000000000000006 0.531081
3 0.49681800000000004 0.50473 0.49636399999999997 0.502027 0.49363599999999996 0.500676 0.491364 0.48445900000000003 0.489091 0.48445900000000003 0.48727299999999996 0.500676 0.48545499999999997 0.502703 0.48545499999999997 0.505405 0.49681800000000004 0.50473
3 0.558636 0.491892 0.559545 0.490541 0.5577270000000001 0.488514 0.555909 0.475 0.553636 0.475 0.552273 0.48648600000000003 0.549545 0.490541 0.549545 0.491892 0.558636 0.491892
3 0.581818 0.481081 0.58 0.478378 0.579091 0.468243 0.576818 0.468243 0.575909 0.477027 0.574091 0.483108 0.581818 0.483108 0.581818 0.481081
3 0.597727 0.473649 0.596364 0.464189 0.5940909999999999 0.464189 0.593182 0.472973 0.5918180000000001 0.477703 0.599091 0.477703 0.597727 0.473649
3 0.607727 0.47027 0.606364 0.468919 0.605455 0.461486 0.6036360000000001 0.461486 0.6022730000000001 0.467568 0.6022730000000001 0.472297 0.607273 0.472297 0.607727 0.47027
3 0.624545 0.462162 0.6240910000000001 0.456081 0.6222730000000001 0.456081 0.621364 0.458108 0.62 0.466892 0.6259089999999999 0.466892 0.624545 0.462162
3 0.642273 0.45472999999999997 0.640909 0.463514 0.645909 0.463514 0.644545 0.455405 0.642273 0.45472999999999997
3 0.639091 0.456081 0.638182 0.45270299999999997 0.637273 0.452027 0.636364 0.454054 0.6359090000000001 0.45878399999999997 0.639091 0.45878399999999997 0.639091 0.456081
3 0.661818 0.454054 0.6599999999999999 0.457432 0.6595449999999999 0.461486 0.663636 0.46081099999999997 0.661818 0.454054
3 0.666364 0.451351 0.665 0.452027 0.664091 0.458108 0.667727 0.458108 0.666364 0.451351
3 0.672273 0.452027 0.671364 0.452027 0.67 0.459459 0.673636 0.459459 0.672273 0.455405 0.672273 0.452027
3 0.671818 0.44662199999999996 0.671364 0.449324 0.673182 0.449324 0.672727 0.44662199999999996 0.671818 0.44662199999999996
3 0.690455 0.447297 0.6895450000000001 0.45 0.6922729999999999 0.45067599999999997 0.691364 0.447297 0.690455 0.447297
3 0.677273 0.44662199999999996 0.677727 0.45 0.682273 0.45067599999999997 0.681818 0.44662199999999996 0.677273 0.44662199999999996
3 0.7136359999999999 0.445946 0.713182 0.45 0.7154550000000001 0.45 0.7150000000000001 0.44662199999999996 0.7136359999999999 0.445946
3 0.744545 0.44459499999999996 0.744545 0.44864899999999996 0.746818 0.44864899999999996 0.746364 0.44459499999999996 0.744545 0.44459499999999996
3 0.781818 0.443243 0.780455 0.443243 0.78 0.447973 0.7831819999999999 0.447973 0.781818 0.44527 0.781818 0.443243
3 0.810909 0.44256799999999996 0.8099999999999999 0.447297 0.812273 0.447297 0.811818 0.44256799999999996 0.810909 0.44256799999999996
3 0.8204549999999999 0.445946 0.819091 0.441216 0.818182 0.441892 0.818182 0.44459499999999996 0.8172729999999999 0.44662199999999996 0.8204549999999999 0.445946
3 0.8227270000000001 0.44054099999999996 0.822273 0.44527 0.825 0.44527 0.8240909999999999 0.441216 0.8227270000000001 0.44054099999999996
3 0.8263640000000001 0.441216 0.825 0.44054099999999996 0.824545 0.441892 0.825455 0.44459499999999996 0.8263640000000001 0.44459499999999996 0.8263640000000001 0.441216
3 0.839545 0.439189 0.839545 0.44256799999999996 0.8413639999999999 0.443243 0.8409090000000001 0.44054099999999996 0.839545 0.439189
3 0.8631819999999999 0.437838 0.8622730000000001 0.44256799999999996 0.865 0.44256799999999996 0.865 0.44054099999999996 0.8631819999999999 0.437838
3 0.8940910000000001 0.437162 0.893182 0.441216 0.895909 0.441216 0.895909 0.439189 0.8940910000000001 0.437162
3 0.9327270000000001 0.435811 0.931818 0.439865 0.9336360000000001 0.44054099999999996 0.9340909999999999 0.43851399999999996 0.9327270000000001 0.435811
3 0.6559090000000001 0.447297 0.6559090000000001 0.44864899999999996 0.657273 0.44864899999999996 0.657273 0.447297 0.6559090000000001 0.447297
3 0.64 0.447297 0.639545 0.45067599999999997 0.641364 0.45067599999999997 0.640909 0.447973 0.64 0.447297
3 0.6236360000000001 0.44864899999999996 0.6236360000000001 0.451351 0.625 0.451351 0.625 0.449324 0.6236360000000001 0.44864899999999996
3 0.605909 0.453378 0.605 0.453378 0.6036360000000001 0.46081099999999997 0.607273 0.46081099999999997 0.606364 0.45878399999999997 0.605909 0.453378
3 0.6022730000000001 0.45 0.6022730000000001 0.452027 0.603182 0.452027 0.603182 0.45 0.6022730000000001 0.45
3 0.58 0.45067599999999997 0.58 0.453378 0.580909 0.453378 0.580909 0.45067599999999997 0.58 0.45067599999999997
3 0.576818 0.456081 0.575909 0.463514 0.579091 0.463514 0.577727 0.456081 0.576818 0.456081
3 0.5631820000000001 0.45270299999999997 0.5631820000000001 0.45472999999999997 0.564091 0.45472999999999997 0.564091 0.453378 0.5631820000000001 0.45270299999999997
3 0.5445450000000001 0.456081 0.545909 0.455405 0.545455 0.45270299999999997 0.5445450000000001 0.456081
3 0.5313640000000001 0.468243 0.5349999999999999 0.467568 0.5331819999999999 0.46081099999999997 0.532273 0.461486 0.531818 0.465541 0.5309090000000001 0.466892 0.5313640000000001 0.468243
3 0.525 0.45472999999999997 0.5240910000000001 0.455405 0.5240910000000001 0.457432 0.525 0.457432 0.525 0.45472999999999997
3 0.5 0.455405 0.499545 0.459459 0.5009089999999999 0.460135 0.5013639999999999 0.45878399999999997 0.5 0.455405
3 0.48181799999999997 0.471622 0.48045499999999997 0.469595 0.479545 0.464865 0.478636 0.464189 0.478182 0.469595 0.476818 0.472973 0.48045499999999997 0.473649 0.48181799999999997 0.471622
3 0.47090899999999997 0.45878399999999997 0.470455 0.46283799999999997 0.47227300000000005 0.46283799999999997 0.471818 0.459459 0.47090899999999997 0.45878399999999997
3 0.439545 0.46081099999999997 0.439091 0.464865 0.440909 0.464865 0.440909 0.462162 0.439545 0.46081099999999997
3 0.434091 0.477703 0.43318199999999996 0.475676 0.43318199999999996 0.471622 0.432273 0.47027 0.432273 0.468243 0.431364 0.468243 0.430455 0.471622 0.430455 0.475676 0.42954499999999995 0.477703 0.434091 0.477703
3 0.40772700000000006 0.466892 0.41 0.466892 0.408636 0.46283799999999997 0.40772700000000006 0.466892
3 0.365 0.465541 0.364091 0.470946 0.366818 0.470946 0.366364 0.466216 0.365 0.465541
3 0.343182 0.475 0.341364 0.479054 0.340455 0.487162 0.345909 0.48648600000000003 0.343182 0.475
3 0.320909 0.47027 0.319545 0.468919 0.31863600000000003 0.470946 0.31863600000000003 0.474324 0.321364 0.474324 0.320909 0.47027
3 0.255 0.474324 0.25409099999999996 0.474324 0.253182 0.477027 0.253182 0.480405 0.255909 0.480405 0.255 0.474324
3 0.24772699999999997 0.492568 0.24772699999999997 0.493919 0.25409099999999996 0.493919 0.254545 0.492568 0.25272700000000003 0.489865 0.25272700000000003 0.48648600000000003 0.25136400000000003 0.482432 0.25 0.482432 0.25 0.48445900000000003 0.249091 0.485811 0.249091 0.491216 0.24772699999999997 0.492568
3 0.16999999999999998 0.483108 0.169091 0.481081 0.168182 0.481081 0.166818 0.485135 0.16772700000000001 0.487162 0.169545 0.487162 0.16999999999999998 0.483108
3 0.165455 0.489865 0.16409100000000001 0.488514 0.161364 0.500676 0.168636 0.500676 0.16772700000000001 0.499324 0.165455 0.489865
3 0.09409100000000001 0.487838 0.092727 0.485811 0.091818 0.485811 0.090455 0.493919 0.095455 0.493919 0.094545 0.492568 0.09409100000000001 0.487838
1 0.700909 0.590541 0.699545 0.591216 0.699545 0.593243 0.705 0.600676 0.733182 0.600676 0.733182 0.598649 0.730909 0.59527 0.730909 0.591216 0.726364 0.589189 0.725 0.5864860000000001 0.7186359999999999 0.543243 0.7122729999999999 0.543243 0.707273 0.585135 0.706364 0.587162 0.702273 0.587838 0.700909 0.590541
1 0.678636 0.52973 0.679545 0.531081 0.696818 0.531081 0.696364 0.527703 0.6950000000000001 0.525 0.693182 0.523649 0.6900000000000001 0.498649 0.686364 0.497973 0.683182 0.518919 0.681818 0.523649 0.678636 0.526351 0.678636 0.52973
1 0.680909 0.508108 0.681818 0.506757 0.681818 0.50473 0.679545 0.504054 0.678182 0.5 0.677273 0.48445900000000003 0.673636 0.48445900000000003 0.671364 0.501351 0.669091 0.50473 0.668182 0.508108 0.680909 0.508108
1 0.7204550000000001 0.489189 0.730455 0.489865 0.730909 0.487838 0.729091 0.485811 0.7272730000000001 0.472973 0.726364 0.470946 0.724545 0.470946 0.7236360000000001 0.472297 0.722273 0.483784 0.7204550000000001 0.487162 0.7204550000000001 0.489189
1 0.702727 0.478378 0.710909 0.479054 0.708636 0.472297 0.708636 0.464189 0.706364 0.464189 0.705 0.469595 0.705 0.474324 0.702727 0.477027 0.702727 0.478378
1 0.709091 0.466892 0.711364 0.466892 0.711818 0.464189 0.710455 0.460135 0.71 0.456081 0.708636 0.456081 0.708182 0.461486 0.707273 0.463514 0.709091 0.464189 0.709091 0.466892
1 0.7 0.472297 0.7 0.47027 0.698636 0.468243 0.697727 0.460135 0.696364 0.459459 0.695455 0.46081099999999997 0.6950000000000001 0.466892 0.6936359999999999 0.472297 0.7 0.472297
1 0.6950000000000001 0.447973 0.694091 0.454054 0.696818 0.454054 0.695909 0.447973 0.6950000000000001 0.447973
1 0.698636 0.445946 0.697273 0.445946 0.696818 0.451351 0.698636 0.452027 0.699545 0.451351 0.698636 0.445946
1 0.727727 0.45878399999999997 0.726818 0.45270299999999997 0.7259089999999999 0.45270299999999997 0.724091 0.46283799999999997 0.7286360000000001 0.46283799999999997 0.729091 0.461486 0.727727 0.45878399999999997
1 0.732727 0.455405 0.735909 0.45472999999999997 0.734091 0.447297 0.733182 0.447973 0.733182 0.45067599999999997 0.732273 0.45270299999999997 0.732727 0.455405
1 0.74 0.443919 0.7390909999999999 0.443919 0.738182 0.45 0.7404550000000001 0.45067599999999997 0.740909 0.449324 0.74 0.443919
1 0.742727 0.45067599999999997 0.741364 0.45067599999999997 0.740909 0.456081 0.739545 0.460135 0.744545 0.460135 0.742727 0.45067599999999997
1 0.745 0.455405 0.744091 0.44864899999999996 0.743182 0.44864899999999996 0.742727 0.45 0.744091 0.45675699999999997 0.746364 0.457432 0.745 0.455405
1 0.792273 0.44256799999999996 0.790909 0.449324 0.794091 0.449324 0.7945450000000001 0.447973 0.792273 0.44256799999999996
1 0.8386359999999999 0.441892 0.8377269999999999 0.447973 0.8409090000000001 0.447973 0.8413639999999999 0.44662199999999996 0.8386359999999999 0.441892
1 0.871818 0.44054099999999996 0.870455 0.439865 0.8690910000000001 0.44662199999999996 0.872727 0.44662199999999996 0.871818 0.443919 0.871818 0.44054099999999996
1 0.874545 0.439865 0.872727 0.437162 0.871818 0.439189 0.8722730000000001 0.443919 0.874545 0.443919 0.874545 0.439865
1 0.878636 0.44256799999999996 0.877273 0.43851399999999996 0.875 0.441892 0.875 0.44527 0.878636 0.44527 0.878636 0.44256799999999996
1 0.8813639999999999 0.437838 0.8804550000000001 0.437162 0.8790910000000001 0.44256799999999996 0.882273 0.44256799999999996 0.8813639999999999 0.44054099999999996 0.8813639999999999 0.437838
1 0.9077270000000001 0.43648600000000004 0.905909 0.439189 0.906364 0.441892 0.9086360000000001 0.441216 0.9077270000000001 0.43648600000000004
1 0.665 0.447973 0.664091 0.447973 0.663636 0.45270299999999997 0.665455 0.451351 0.665 0.447973
1 0.6559090000000001 0.449324 0.6545449999999999 0.456081 0.6577270000000001 0.456081 0.656818 0.45 0.6559090000000001 0.449324
1 0.649545 0.452027 0.650455 0.45067599999999997 0.65 0.447297 0.648182 0.447973 0.647273 0.45067599999999997 0.6477269999999999 0.452027 0.649545 0.452027
1 0.644091 0.447973 0.643182 0.452027 0.645909 0.45270299999999997 0.645 0.447973 0.644091 0.447973
1 0.6359090000000001 0.447973 0.635455 0.451351 0.637273 0.451351 0.637273 0.449324 0.6359090000000001 0.447973
1 0.62 0.452027 0.6222730000000001 0.452027 0.6209089999999999 0.447973 0.62 0.452027
1 0.608636 0.452027 0.607273 0.45878399999999997 0.610455 0.45878399999999997 0.609545 0.452027 0.608636 0.452027
1 0.600455 0.449324 0.600455 0.453378 0.601364 0.453378 0.601364 0.449324 0.600455 0.449324
1 0.583182 0.45 0.582727 0.454054 0.584091 0.454054 0.584091 0.451351 0.583182 0.45
1 0.566818 0.451351 0.566818 0.45472999999999997 0.568182 0.45472999999999997 0.567727 0.451351 0.566818 0.451351
1 0.562727 0.455405 0.562273 0.454054 0.561364 0.454054 0.5604549999999999 0.462162 0.563636 0.462162 0.562727 0.459459 0.562727 0.455405
1 0.547727 0.453378 0.547727 0.456081 0.549091 0.456081 0.548636 0.453378 0.547727 0.453378
1 0.5313640000000001 0.457432 0.530455 0.457432 0.529091 0.464189 0.5313640000000001 0.464189 0.5313640000000001 0.457432
1 0.52 0.45472999999999997 0.519545 0.45878399999999997 0.5213639999999999 0.45878399999999997 0.520909 0.45472999999999997 0.52 0.45472999999999997
1 0.49000000000000005 0.461486 0.49227299999999996 0.461486 0.490909 0.45675699999999997 0.49000000000000005 0.461486
1 0.482273 0.466892 0.482273 0.46283799999999997 0.48045499999999997 0.461486 0.48045499999999997 0.468243 0.48090900000000003 0.469595 0.48318199999999994 0.469595 0.482273 0.466892
1 0.459091 0.464189 0.458636 0.459459 0.45772700000000005 0.459459 0.45772700000000005 0.462162 0.456818 0.46283799999999997 0.456818 0.464189 0.459091 0.464189
1 0.43090900000000004 0.461486 0.430455 0.466892 0.43318199999999996 0.466216 0.431818 0.461486 0.43090900000000004 0.461486
1 0.42681800000000003 0.473649 0.42636399999999997 0.467568 0.425 0.466892 0.423636 0.475 0.427273 0.475676 0.42772699999999997 0.474324 0.42681800000000003 0.473649
1 0.38636400000000004 0.464865 0.385909 0.47027 0.387273 0.47027 0.38772700000000004 0.467568 0.38636400000000004 0.464865
1 0.353636 0.478378 0.353182 0.473649 0.351364 0.472297 0.350455 0.482432 0.354545 0.482432 0.355 0.481081 0.353636 0.478378
1 0.338636 0.468243 0.338182 0.474324 0.340909 0.474324 0.33999999999999997 0.468919 0.338636 0.468243
1 0.29 0.487162 0.288182 0.483108 0.287273 0.478378 0.285909 0.477703 0.28500000000000003 0.485135 0.284091 0.485811 0.284091 0.487162 0.29 0.487162
1 0.272727 0.474324 0.271364 0.473649 0.270455 0.480405 0.274091 0.480405 0.272727 0.477027 0.272727 0.474324
1 0.184091 0.481081 0.182727 0.480405 0.181364 0.487838 0.185909 0.487838 0.18454500000000001 0.485811 0.184091 0.481081
1 0.170909 0.495946 0.169545 0.493243 0.168636 0.487838 0.16772700000000001 0.487838 0.166818 0.485811 0.165455 0.485811 0.16499999999999998 0.488514 0.166818 0.492568 0.167273 0.495946 0.170909 0.495946
1 0.135909 0.483784 0.13409100000000002 0.483108 0.131818 0.492568 0.138182 0.492568 0.13636399999999999 0.488514 0.135909 0.483784
1 0.08499999999999999 0.491216 0.082273 0.491216 0.082273 0.496622 0.080455 0.502027 0.087727 0.502027 0.08499999999999999 0.491216
1 0.07545500000000001 0.489189 0.073182 0.497973 0.079545 0.497973 0.07727300000000001 0.489865 0.07545500000000001 0.489189