3 0.343182 0.329412 0.343182 0.335294 0.359545 0.334559 0.367273 0.331618 0.369091 0.329412 0.369091 0.323529 0.366364 0.323529 0.36227299999999996 0.319118 0.354545 0.28088199999999997 0.35 0.28235299999999997 0.349091 0.321324 0.34500000000000003 0.325 0.343182 0.329412
3 0.435909 0.25441199999999997 0.435909 0.247059 0.433636 0.245588 0.432273 0.242647 0.42954499999999995 0.219118 0.42636399999999997 0.218382 0.42409100000000005 0.244118 0.421818 0.249265 0.421818 0.25441199999999997 0.435909 0.25441199999999997
3 0.463636 0.20514700000000002 0.46181799999999995 0.191912 0.459545 0.191912 0.45772700000000005 0.215441 0.465909 0.214706 0.465909 0.209559 0.463636 0.20514700000000002
3 0.482727 0.19264699999999998 0.48454499999999995 0.190441 0.48454499999999995 0.1875 0.48090900000000003 0.172794 0.478182 0.172794 0.47772699999999996 0.18676500000000001 0.476818 0.188971 0.476818 0.19264699999999998 0.482727 0.19264699999999998
3 0.494545 0.176471 0.49636399999999997 0.175 0.49636399999999997 0.17205900000000002 0.49409099999999995 0.168382 0.493182 0.160294 0.49045500000000003 0.159559 0.489091 0.17058800000000002 0.488182 0.17205900000000002 0.488182 0.175735 0.494545 0.176471
3 0.5040910000000001 0.166176 0.5040910000000001 0.1625 0.5027269999999999 0.159559 0.501818 0.154412 0.5009089999999999 0.152941 0.498636 0.152941 0.497727 0.158088 0.498636 0.163971 0.5 0.166176 0.5040910000000001 0.166176
3 0.508636 0.159559 0.5081819999999999 0.149265 0.507273 0.146324 0.505455 0.146324 0.504545 0.149265 0.504545 0.158088 0.505 0.159559 0.508636 0.159559
3 0.513636 0.15 0.512727 0.145588 0.5109090000000001 0.142647 0.51 0.146324 0.51 0.152206 0.512727 0.152941 0.513636 0.15
3 0.516364 0.143382 0.515 0.138235 0.514091 0.1375 0.513182 0.145588 0.514545 0.148529 0.515909 0.148529 0.516364 0.143382
0 0.46045499999999995 0.144118 0.458636 0.143382 0.457273 0.15588200000000002 0.46045499999999995 0.15661799999999998 0.46181799999999995 0.15514699999999998 0.46045499999999995 0.144118
1 0.468182 0.135294 0.46681800000000007 0.138235 0.46727299999999994 0.14191199999999998 0.469091 0.141176 0.468182 0.135294
1 0.644545 0.133824 0.65 0.133824 0.648636 0.123529 0.6477269999999999 0.122059 0.6463639999999999 0.122794 0.645909 0.12573499999999999 0.645 0.126471 0.644545 0.133824
2 0.519545 0.14044099999999998 0.518636 0.132353 0.517727 0.129412 0.516818 0.129412 0.515909 0.14044099999999998 0.516818 0.144853 0.519091 0.144853 0.519545 0.14044099999999998
2 0.565455 0.138235 0.565455 0.133824 0.564091 0.12867599999999998 0.5631820000000001 0.12867599999999998 0.5618179999999999 0.134559 0.562273 0.141176 0.564091 0.142647 0.565455 0.138235
1 0.756818 0.5595589999999999 0.7486360000000001 0.566176 0.742727 0.5683819999999999 0.742727 0.572794 0.7486360000000001 0.590441 0.753636 0.601471 0.811818 0.600735 0.811818 0.592647 0.8081820000000001 0.5845589999999999 0.804091 0.567647 0.8 0.5647059999999999 0.795455 0.5632349999999999 0.794091 0.5595589999999999 0.7849999999999999 0.46176500000000004 0.7827270000000001 0.45955899999999994 0.7740910000000001 0.45955899999999994 0.7727269999999999 0.46176500000000004 0.7713639999999999 0.46764700000000003 0.758636 0.555882 0.756818 0.5595589999999999
1 0.633636 0.306618 0.633636 0.31544099999999997 0.6345449999999999 0.31691199999999997 0.6477269999999999 0.31691199999999997 0.6581819999999999 0.31544099999999997 0.659091 0.31470600000000004 0.6581819999999999 0.303676 0.653636 0.30220600000000003 0.652727 0.3 0.6477269999999999 0.258088 0.642727 0.258088 0.641818 0.258824 0.638182 0.301471 0.637273 0.304412 0.633636 0.306618
1 0.617273 0.23676499999999998 0.617727 0.23088199999999998 0.615 0.22573500000000002 0.61 0.20073500000000002 0.607273 0.20073500000000002 0.605455 0.22867600000000002 0.6022730000000001 0.23161800000000002 0.601818 0.2375 0.617273 0.23676499999999998
1 0.589091 0.20294099999999998 0.591364 0.20441199999999998 0.597273 0.20441199999999998 0.599545 0.20220600000000002 0.599545 0.197059 0.597727 0.190441 0.596364 0.179412 0.592727 0.178676 0.5918180000000001 0.19264699999999998 0.590909 0.197059 0.589091 0.20073500000000002 0.589091 0.20294099999999998
1 0.5886359999999999 0.178676 0.587727 0.169118 0.585455 0.1625 0.583636 0.1625 0.581364 0.179412 0.582727 0.181618 0.586818 0.18235300000000002 0.5886359999999999 0.178676
1 0.575 0.168382 0.576364 0.169118 0.581818 0.167647 0.581364 0.161765 0.58 0.158088 0.579091 0.150735 0.577727 0.152941 0.577273 0.159559 0.575 0.166176 0.575 0.168382
1 0.576818 0.158088 0.576818 0.15367599999999998 0.574545 0.144118 0.573636 0.144853 0.571364 0.154412 0.571818 0.15882400000000002 0.576818 0.158088
1 0.568182 0.152206 0.571818 0.151471 0.572273 0.146324 0.570455 0.14191199999999998 0.569545 0.14191199999999998 0.569091 0.145588 0.568182 0.147059 0.568182 0.152206
1 0.5686359999999999 0.145588 0.569091 0.14044099999999998 0.568182 0.138235 0.566818 0.138235 0.565455 0.147794 0.567727 0.147794 0.5686359999999999 0.145588
1 0.566364 0.136029 0.564091 0.144853 0.565455 0.144118 0.566818 0.1375 0.566364 0.136029
3 0.065455 0.605147 0.063636 0.605882 0.063636 0.6338239999999999 0.099091 0.6323529999999999 0.110455 0.621324 0.12181800000000001 0.6029410000000001 0.12181800000000001 0.6 0.11954499999999998 0.598529 0.11499999999999999 0.599265 0.110455 0.593382 0.10363599999999999 0.592647 0.100909 0.590441 0.078182 0.506618 0.07727300000000001 0.505147 0.06772700000000001 0.5058819999999999 0.066364 0.508088 0.065455 0.508088 0.066364 0.6029410000000001 0.065455 0.605147