1 0.687326 0.5478259999999999 0.685933 0.554348 0.6845399999999999 0.555435 0.6887190000000001 0.561957 0.712744 0.561957 0.70961 0.556522 0.7092620000000001 0.548913 0.706476 0.5478259999999999 0.705432 0.543478 0.700557 0.467391 0.696031 0.467391 0.6939420000000001 0.49347799999999997 0.693245 0.496739 0.690808 0.544565 0.687326 0.5478259999999999
1 0.619777 0.465217 0.620822 0.467391 0.636142 0.467391 0.636142 0.465217 0.634749 0.46195700000000006 0.634749 0.45869600000000005 0.633357 0.45869600000000005 0.63266 0.45543500000000003 0.629526 0.407609 0.626393 0.407609 0.623607 0.453261 0.622911 0.456522 0.62117 0.457609 0.619777 0.465217
1 0.601671 0.418478 0.601671 0.41304299999999994 0.600279 0.411957 0.5995820000000001 0.407609 0.5978410000000001 0.377174 0.595056 0.377174 0.593315 0.409783 0.591574 0.41304299999999994 0.591574 0.418478 0.601671 0.418478
1 0.580432 0.393478 0.580432 0.396739 0.589485 0.396739 0.589485 0.393478 0.5884400000000001 0.393478 0.587047 0.38913000000000003 0.586003 0.376087 0.586003 0.366304 0.585306 0.365217 0.585306 0.361957 0.5842620000000001 0.361957 0.583217 0.370652 0.5821729999999999 0.38913000000000003 0.581476 0.392391 0.580432 0.393478
1 0.628482 0.376087 0.627437 0.378261 0.627437 0.38260900000000003 0.634401 0.38260900000000003 0.634401 0.378261 0.633357 0.377174 0.63266 0.373913 0.631267 0.353261 0.629526 0.353261 0.629178 0.363043 0.628134 0.36413 0.6277860000000001 0.36739099999999997 0.628482 0.376087
1 0.7057800000000001 0.375 0.7057800000000001 0.371739 0.704387 0.36739099999999997 0.702994 0.35 0.70195 0.35 0.701253 0.366304 0.6995129999999999 0.371739 0.6995129999999999 0.375 0.7057800000000001 0.375
1 0.792131 0.376087 0.798747 0.376087 0.798747 0.372826 0.797702 0.371739 0.797702 0.366304 0.796657 0.361957 0.796309 0.35 0.794568 0.348913 0.793872 0.354348 0.793175 0.371739 0.792131 0.372826 0.792131 0.376087
1 0.8910170000000001 0.383696 0.8910170000000001 0.378261 0.8896240000000001 0.376087 0.888231 0.36413 0.8878830000000001 0.353261 0.8861420000000001 0.353261 0.8844010000000001 0.377174 0.883008 0.38043499999999997 0.883008 0.383696 0.8910170000000001 0.383696
3 0.290042 0.555435 0.288649 0.557609 0.287953 0.56087 0.287953 0.565217 0.285515 0.568478 0.285515 0.573913 0.308148 0.575 0.31511100000000003 0.565217 0.31545999999999996 0.563043 0.312326 0.559783 0.31162999999999996 0.557609 0.31162999999999996 0.554348 0.308148 0.554348 0.30745100000000003 0.551087 0.305014 0.506522 0.302228 0.47391300000000003 0.297006 0.47391300000000003 0.296309 0.49347799999999997 0.292479 0.552174 0.291783 0.555435 0.290042 0.555435
3 0.380919 0.459783 0.377089 0.465217 0.376741 0.46956499999999995 0.395195 0.46956499999999995 0.395195 0.46413000000000004 0.391713 0.459783 0.39032 0.45543500000000003 0.39066900000000004 0.44239100000000003 0.389624 0.43804299999999996 0.388231 0.409783 0.384401 0.409783 0.383705 0.428261 0.382312 0.444565 0.382312 0.45543500000000003 0.380919 0.459783
3 0.426184 0.415217 0.426184 0.411957 0.423747 0.404348 0.421657 0.373913 0.41956800000000005 0.373913 0.417479 0.40543500000000005 0.415738 0.40869600000000006 0.415042 0.415217 0.426184 0.415217
3 0.447423 0.396739 0.447423 0.391304 0.44568199999999997 0.390217 0.444986 0.388043 0.443593 0.363043 0.441504 0.363043 0.44011100000000003 0.38587 0.43837000000000004 0.392391 0.43837000000000004 0.396739 0.447423 0.396739
3 0.5027860000000001 0.38260900000000003 0.5027860000000001 0.377174 0.501393 0.373913 0.500348 0.354348 0.49791100000000005 0.354348 0.496866 0.375 0.495822 0.378261 0.495822 0.38260900000000003 0.5027860000000001 0.38260900000000003
3 0.616643 0.366304 0.616643 0.36413 0.615251 0.361957 0.6145539999999999 0.343478 0.613162 0.343478 0.612465 0.36086999999999997 0.611421 0.363043 0.611421 0.366304 0.616643 0.366304
3 0.551532 0.36739099999999997 0.5504870000000001 0.36847799999999997 0.5504870000000001 0.371739 0.557103 0.372826 0.556755 0.36739099999999997 0.5553619999999999 0.365217 0.554666 0.347826 0.553273 0.347826 0.552577 0.352174 0.552577 0.358696 0.5518799999999999 0.36086999999999997 0.551532 0.36739099999999997
3 0.789694 0.363043 0.788649 0.344565 0.786908 0.344565 0.786212 0.363043 0.785515 0.365217 0.7907379999999999 0.365217 0.789694 0.363043
3 0.700905 0.363043 0.701253 0.36086999999999997 0.701253 0.342391 0.700209 0.348913 0.700209 0.357609 0.698816 0.363043 0.700905 0.363043
3 0.8913650000000001 0.36956500000000003 0.89032 0.361957 0.889972 0.346739 0.888579 0.34565199999999996 0.888231 0.358696 0.8892760000000001 0.370652 0.892409 0.371739 0.8913650000000001 0.36956500000000003