3 0.155989 0.47391300000000003 0.153552 0.478261 0.151462 0.48586999999999997 0.151462 0.48913 0.163997 0.48913 0.16921999999999998 0.483696 0.169916 0.481522 0.169916 0.478261 0.16538999999999998 0.47717400000000004 0.165738 0.45543500000000003 0.164694 0.45108699999999996 0.164694 0.446739 0.163301 0.43587 0.163301 0.42391300000000004 0.158078 0.42391300000000004 0.158078 0.44239100000000003 0.157382 0.44565200000000005 0.157033 0.46087 0.155989 0.47391300000000003
3 0.139624 0.425 0.136838 0.43478300000000003 0.14902500000000002 0.43478300000000003 0.14623999999999998 0.428261 0.14623999999999998 0.418478 0.146936 0.41630399999999995 0.146936 0.41304299999999994 0.145543 0.4 0.144847 0.39891299999999996 0.144499 0.392391 0.141017 0.392391 0.141017 0.4 0.139972 0.40108699999999997 0.139624 0.407609 0.139624 0.425
3 0.215877 0.448913 0.229109 0.448913 0.22945700000000002 0.44565200000000005 0.228064 0.44565200000000005 0.227019 0.443478 0.22667099999999998 0.41956499999999997 0.22562700000000002 0.415217 0.22562700000000002 0.41086999999999996 0.22493 0.40869600000000006 0.224234 0.4 0.220752 0.4 0.21901099999999998 0.433696 0.21901099999999998 0.444565 0.216922 0.44565200000000005 0.215877 0.448913
1 0.174791 0.41630399999999995 0.173747 0.41304299999999994 0.17304999999999998 0.38913000000000003 0.170613 0.388043 0.170265 0.407609 0.167479 0.418478 0.176184 0.417391 0.174791 0.41630399999999995
1 0.26566900000000004 0.41630399999999995 0.273677 0.41630399999999995 0.271936 0.411957 0.271588 0.404348 0.270891 0.403261 0.270543 0.384783 0.268454 0.384783 0.267409 0.411957 0.266713 0.41413 0.26566900000000004 0.41413 0.26566900000000004 0.41630399999999995
1 0.345056 0.421739 0.355153 0.421739 0.352716 0.41413 0.352368 0.406522 0.351323 0.4 0.350975 0.386957 0.348886 0.388043 0.348886 0.396739 0.34784099999999996 0.403261 0.346448 0.41956499999999997 0.345056 0.421739
1 0.381616 0.39891299999999996 0.387187 0.39891299999999996 0.385794 0.395652 0.38649 0.38043499999999997 0.385794 0.379348 0.385446 0.375 0.383705 0.375 0.383705 0.378261 0.383008 0.38043499999999997 0.38266 0.392391 0.381616 0.39891299999999996
1 0.393454 0.44021699999999997 0.391713 0.44239100000000003 0.391017 0.446739 0.403203 0.44565200000000005 0.403203 0.44239100000000003 0.400418 0.441304 0.40007000000000004 0.428261 0.39832900000000004 0.409783 0.39832900000000004 0.4 0.395543 0.39891299999999996 0.395543 0.404348 0.39415 0.41630399999999995 0.39415 0.43260899999999997 0.393454 0.44021699999999997
1 0.446379 0.568478 0.446379 0.583696 0.44568199999999997 0.590217 0.44568199999999997 0.613043 0.444986 0.615217 0.439763 0.617391 0.439415 0.626087 0.437326 0.628261 0.43488899999999997 0.634783 0.44777199999999995 0.6380429999999999 0.46239600000000003 0.6380429999999999 0.464136 0.636957 0.465877 0.632609 0.46970799999999996 0.627174 0.466922 0.618478 0.462047 0.613043 0.46135099999999996 0.602174 0.46135099999999996 0.580435 0.46065500000000004 0.575 0.460306 0.555435 0.458565 0.546739 0.45786899999999997 0.53913 0.45786899999999997 0.5293479999999999 0.456476 0.516304 0.450905 0.516304 0.44951299999999994 0.5423910000000001 0.447423 0.55 0.446379 0.568478
1 0.770543 0.834783 0.770543 0.827174 0.766017 0.757609 0.764972 0.721739 0.760794 0.7163039999999999 0.749304 0.7163039999999999 0.745125 0.795652 0.745125 0.8054349999999999 0.76915 0.834783 0.770543 0.834783
1 0.729457 0.518478 0.728412 0.528261 0.736421 0.531522 0.749304 0.531522 0.749304 0.5239130000000001 0.747563 0.521739 0.745822 0.5130429999999999 0.744429 0.478261 0.742688 0.45543500000000003 0.741643 0.45108699999999996 0.736421 0.45108699999999996 0.733287 0.49347799999999997 0.732939 0.5130429999999999 0.7322420000000001 0.517391 0.729457 0.518478
1 0.5842620000000001 0.46630399999999994 0.596797 0.468478 0.598189 0.467391 0.598538 0.465217 0.5978410000000001 0.46195700000000006 0.595752 0.46087 0.594011 0.453261 0.594011 0.43587 0.592967 0.422826 0.592967 0.41304299999999994 0.588788 0.41304299999999994 0.587744 0.428261 0.587047 0.456522 0.5842620000000001 0.46413000000000004 0.5842620000000001 0.46630399999999994
1 0.524025 0.42934799999999995 0.534123 0.42934799999999995 0.534123 0.426087 0.53273 0.426087 0.531685 0.420652 0.530292 0.38913000000000003 0.5271589999999999 0.38913000000000003 0.525766 0.40869600000000006 0.525766 0.42391300000000004 0.524025 0.425 0.524025 0.42934799999999995
1 0.449861 0.396739 0.44951299999999994 0.378261 0.448816 0.375 0.446727 0.375 0.44568199999999997 0.397826 0.44463800000000003 0.4 0.450905 0.4 0.449861 0.396739
3 0.425836 0.390217 0.42479100000000003 0.388043 0.424443 0.378261 0.423747 0.376087 0.422354 0.376087 0.422006 0.386957 0.420961 0.388043 0.420961 0.390217 0.425836 0.390217
3 0.73468 0.42717400000000005 0.735376 0.42717400000000005 0.736421 0.43260899999999997 0.735376 0.441304 0.733287 0.44239100000000003 0.733287 0.44565200000000005 0.744429 0.446739 0.744429 0.44239100000000003 0.742688 0.44239100000000003 0.741643 0.43695700000000004 0.741295 0.41956499999999997 0.739903 0.41413 0.739903 0.40108699999999997 0.736421 0.40108699999999997 0.735724 0.41304299999999994 0.733287 0.41956499999999997 0.733287 0.422826 0.73468 0.42717400000000005
3 0.658426 0.40217400000000003 0.658426 0.406522 0.657382 0.41086999999999996 0.656685 0.41086999999999996 0.656685 0.41413 0.665042 0.41413 0.66539 0.41086999999999996 0.663649 0.409783 0.663649 0.396739 0.662604 0.38043499999999997 0.659471 0.379348 0.658426 0.386957 0.658426 0.391304 0.657382 0.395652 0.658426 0.40217400000000003
3 0.630919 0.396739 0.6371870000000001 0.396739 0.636142 0.393478 0.636142 0.38260900000000003 0.634749 0.371739 0.63266 0.371739 0.630919 0.378261 0.630919 0.388043 0.632312 0.392391 0.630919 0.396739
3 0.590529 0.390217 0.589485 0.388043 0.588788 0.372826 0.588092 0.370652 0.5866990000000001 0.370652 0.586003 0.373913 0.586003 0.384783 0.5842620000000001 0.390217 0.590529 0.390217
1 0.51532 0.409783 0.51532 0.407609 0.513579 0.403261 0.514276 0.397826 0.512535 0.373913 0.510097 0.373913 0.508357 0.392391 0.508357 0.40108699999999997 0.505571 0.409783 0.51532 0.409783
1 0.40250700000000006 0.48913 0.400418 0.48913 0.400418 0.492391 0.398677 0.49565200000000004 0.401462 0.49891300000000005 0.419916 0.496739 0.418524 0.49565200000000004 0.416435 0.48804299999999995 0.414694 0.48695700000000003 0.41364900000000004 0.483696 0.412953 0.46956499999999995 0.41434499999999996 0.468478 0.412256 0.454348 0.410864 0.45 0.41016700000000006 0.430435 0.40703300000000003 0.430435 0.40668499999999996 0.44239100000000003 0.403552 0.465217 0.403552 0.48586999999999997 0.40250700000000006 0.48913
3 0.888579 0.490217 0.8896240000000001 0.49347799999999997 0.9042479999999999 0.49347799999999997 0.9042479999999999 0.48695700000000003 0.90007 0.479348 0.897632 0.431522 0.89415 0.431522 0.891713 0.476087 0.8906689999999999 0.48260899999999995 0.888579 0.48695700000000003 0.888579 0.490217
1 0.30954000000000004 0.397826 0.308844 0.392391 0.308844 0.377174 0.306755 0.376087 0.306407 0.393478 0.304318 0.4 0.310585 0.4 0.30954000000000004 0.397826
1 0.12117 0.409783 0.12117 0.406522 0.11942900000000001 0.403261 0.118733 0.386957 0.11664300000000001 0.386957 0.116295 0.403261 0.114554 0.407609 0.114554 0.409783 0.12117 0.409783