1 0.87117 0.6728259999999999 0.866295 0.675 0.8638579999999999 0.6836960000000001 0.8589829999999999 0.686957 0.8586349999999999 0.68913 0.881267 0.71087 0.888231 0.71087 0.9094709999999999 0.703261 0.9091229999999999 0.701087 0.904596 0.695652 0.9032030000000001 0.6913039999999999 0.902507 0.68587 0.895543 0.675 0.894499 0.651087 0.8906689999999999 0.604348 0.888231 0.557609 0.885794 0.555435 0.879875 0.556522 0.8774369999999999 0.597826 0.873607 0.641304 0.871866 0.669565 0.87117 0.6728259999999999
1 0.500348 0.565217 0.49791100000000005 0.5663039999999999 0.49721399999999993 0.568478 0.50383 0.576087 0.527855 0.573913 0.527855 0.571739 0.52507 0.565217 0.524721 0.559783 0.522284 0.5586960000000001 0.520543 0.553261 0.515669 0.47391300000000003 0.5104460000000001 0.47391300000000003 0.505571 0.554348 0.504875 0.557609 0.501741 0.557609 0.500348 0.565217
1 0.267409 0.471739 0.266713 0.476087 0.26532 0.47717400000000004 0.26532 0.48260899999999995 0.285864 0.481522 0.285864 0.479348 0.28447100000000003 0.47717400000000004 0.28447100000000003 0.471739 0.282382 0.471739 0.281337 0.467391 0.277507 0.411957 0.273677 0.411957 0.272284 0.444565 0.270543 0.467391 0.269847 0.470652 0.267409 0.471739
1 0.194638 0.43587 0.207173 0.43587 0.20682499999999998 0.428261 0.205084 0.42717400000000005 0.204387 0.42391300000000004 0.20195 0.38587 0.199164 0.38587 0.196727 0.426087 0.196031 0.428261 0.194638 0.428261 0.194638 0.43587
1 0.24651800000000001 0.404348 0.25626699999999997 0.40543500000000005 0.25626699999999997 0.40108699999999997 0.254875 0.39891299999999996 0.254178 0.395652 0.25243699999999997 0.36739099999999997 0.25 0.36739099999999997 0.24895499999999998 0.38913000000000003 0.247911 0.396739 0.24651800000000001 0.397826 0.24651800000000001 0.404348
1 0.322423 0.38587 0.322423 0.38152200000000003 0.32137899999999997 0.379348 0.320334 0.357609 0.319986 0.355435 0.318245 0.355435 0.316504 0.38043499999999997 0.31511100000000003 0.38260900000000003 0.31511100000000003 0.38587 0.322423 0.38587
1 0.34784099999999996 0.36739099999999997 0.346797 0.365217 0.34609999999999996 0.346739 0.343663 0.346739 0.342967 0.361957 0.341922 0.370652 0.34784099999999996 0.370652 0.34784099999999996 0.36739099999999997
1 0.300487 0.355435 0.300139 0.341304 0.29805000000000004 0.341304 0.297354 0.355435 0.29596100000000003 0.36413 0.30188000000000004 0.36413 0.300487 0.355435
1 0.24303599999999997 0.354348 0.24895499999999998 0.354348 0.24895499999999998 0.35108700000000004 0.248259 0.35 0.24756300000000003 0.344565 0.247214 0.334783 0.24512499999999998 0.334783 0.244429 0.33913000000000004 0.244081 0.35 0.24303599999999997 0.352174 0.24303599999999997 0.354348
1 0.22493 0.343478 0.22388599999999997 0.341304 0.22388599999999997 0.333696 0.223189 0.32717399999999996 0.221448 0.32717399999999996 0.221448 0.333696 0.22005599999999997 0.346739 0.22493 0.346739 0.22493 0.343478
1 0.279248 0.336957 0.278552 0.322826 0.27681100000000003 0.322826 0.27681100000000003 0.330435 0.276114 0.33260900000000004 0.276114 0.336957 0.279248 0.336957
1 0.297006 0.333696 0.296309 0.32717399999999996 0.296309 0.319565 0.294568 0.319565 0.294568 0.328261 0.293524 0.330435 0.293524 0.333696 0.297006 0.333696
3 0.059192 0.396739 0.058148 0.395652 0.056755 0.38913000000000003 0.055362 0.361957 0.052577 0.361957 0.048747 0.397826 0.048747 0.403261 0.059192 0.403261 0.059192 0.396739
3 0.059889000000000005 0.36739099999999997 0.068245 0.36847799999999997 0.068245 0.366304 0.067201 0.36413 0.066156 0.357609 0.065111 0.33913000000000004 0.06337000000000001 0.33913000000000004 0.061978 0.347826 0.06163 0.358696 0.059889000000000005 0.36413 0.059889000000000005 0.36739099999999997
3 0.076602 0.356522 0.076602 0.354348 0.074513 0.347826 0.073468 0.331522 0.071379 0.331522 0.070334 0.34565199999999996 0.068593 0.352174 0.068593 0.355435 0.076602 0.356522
3 0.180014 0.38587 0.180014 0.38260900000000003 0.178969 0.38152200000000003 0.178273 0.377174 0.17687999999999998 0.353261 0.174443 0.353261 0.172702 0.378261 0.170961 0.38152200000000003 0.170961 0.38587 0.180014 0.38587
3 0.22005599999999997 0.371739 0.218663 0.36413 0.217618 0.34565199999999996 0.215529 0.34565199999999996 0.21448499999999998 0.365217 0.213092 0.36847799999999997 0.213092 0.371739 0.22005599999999997 0.371739
3 0.193593 0.359783 0.191852 0.336957 0.189763 0.336957 0.189067 0.35108700000000004 0.187674 0.356522 0.187674 0.359783 0.193593 0.359783