2 0.15772999999999998 0.275 0.157033 0.278261 0.155641 0.278261 0.155641 0.282609 0.158774 0.28586999999999996 0.167131 0.28586999999999996 0.167479 0.280435 0.166435 0.27934800000000004 0.166435 0.272826 0.16538999999999998 0.268478 0.16538999999999998 0.26087 0.163649 0.238043 0.163301 0.22391299999999997 0.162953 0.221739 0.160864 0.221739 0.160167 0.226087 0.159819 0.236957 0.159123 0.24021699999999999 0.15772999999999998 0.275
0 0.049443 0.197826 0.048747 0.196739 0.048747 0.218478 0.05118399999999999 0.218478 0.050139 0.215217 0.049443 0.197826
0 0.463788 0.75 0.461699 0.78587 0.459262 0.807609 0.451602 0.8195650000000001 0.449164 0.831522 0.44463800000000003 0.833696 0.441852 0.836957 0.441504 0.843478 0.442201 0.846739 0.503482 0.846739 0.501045 0.8423909999999999 0.501045 0.832609 0.49895500000000004 0.825 0.495125 0.817391 0.491643 0.8141299999999999 0.490599 0.808696 0.48955399999999993 0.776087 0.48676899999999995 0.727174 0.486421 0.7119570000000001 0.48502799999999996 0.698913 0.483983 0.669565 0.483983 0.6489130000000001 0.48259100000000005 0.6380429999999999 0.473538 0.636957 0.472145 0.640217 0.470404 0.675 0.463788 0.75
0 0.253134 0.456522 0.24860699999999997 0.46630399999999994 0.24860699999999997 0.470652 0.24756300000000003 0.471739 0.24756300000000003 0.476087 0.251045 0.481522 0.266017 0.481522 0.27332900000000004 0.479348 0.274721 0.476087 0.274721 0.470652 0.27298100000000003 0.470652 0.27298100000000003 0.46413000000000004 0.272284 0.46195700000000006 0.268106 0.46195700000000006 0.268454 0.45 0.267409 0.444565 0.266365 0.415217 0.26532 0.40543500000000005 0.263928 0.375 0.25905300000000003 0.375 0.25766 0.386957 0.258008 0.393478 0.256964 0.4 0.253134 0.456522
3 0.204039 0.344565 0.20299399999999998 0.357609 0.201602 0.361957 0.199861 0.361957 0.199513 0.36739099999999997 0.19812000000000002 0.36847799999999997 0.19812000000000002 0.371739 0.20647600000000002 0.375 0.211351 0.375 0.21344 0.372826 0.215529 0.373913 0.215877 0.363043 0.212744 0.36086999999999997 0.212744 0.348913 0.212047 0.34565199999999996 0.211699 0.328261 0.21065499999999998 0.321739 0.21030600000000002 0.304348 0.20682499999999998 0.304348 0.206128 0.307609 0.20578 0.318478 0.204387 0.330435 0.204039 0.344565
1 0.654596 0.33587 0.654596 0.33260900000000004 0.653552 0.330435 0.653203 0.325 0.653203 0.306522 0.652855 0.304348 0.6504179999999999 0.304348 0.649373 0.330435 0.647284 0.33260900000000004 0.646936 0.334783 0.654596 0.33587
2 0.151462 0.269565 0.150418 0.271739 0.150766 0.277174 0.153552 0.272826 0.15389999999999998 0.259783 0.154944 0.24673899999999999 0.155989 0.24239099999999997 0.157382 0.243478 0.15772999999999998 0.261957 0.158078 0.259783 0.15772999999999998 0.258696 0.158426 0.253261 0.158426 0.24130400000000002 0.15772999999999998 0.22282600000000002 0.157033 0.219565 0.154596 0.219565 0.15389999999999998 0.23478300000000002 0.152507 0.24565199999999998 0.151462 0.269565
1 0.154248 0.269565 0.15389999999999998 0.272826 0.151811 0.277174 0.151811 0.27934800000000004 0.155292 0.280435 0.155641 0.277174 0.157033 0.277174 0.15772999999999998 0.263043 0.157033 0.243478 0.155989 0.243478 0.155292 0.24673899999999999 0.154248 0.259783 0.154248 0.269565
1 0.172006 0.261957 0.169916 0.25760900000000003 0.16921999999999998 0.23478300000000002 0.166435 0.233696 0.16538999999999998 0.248913 0.165738 0.265217 0.172006 0.266304 0.172006 0.261957
0 0.053620999999999995 0.19347799999999998 0.052577 0.21086999999999997 0.056058 0.21086999999999997 0.05501399999999999 0.19347799999999998 0.053620999999999995 0.19347799999999998
0 0.131964 0.233696 0.131964 0.236957 0.136838 0.236957 0.13649 0.21413000000000001 0.134401 0.21413000000000001 0.13370500000000002 0.227174 0.133008 0.232609 0.131964 0.233696
0 0.119777 0.196739 0.11942900000000001 0.21086999999999997 0.122214 0.21086999999999997 0.12117 0.196739 0.119777 0.196739
0 0.058148 0.18913 0.057799 0.20434800000000003 0.060585 0.20434800000000003 0.05954 0.18913 0.058148 0.18913
1 0.188719 0.296739 0.187326 0.29782600000000004 0.187326 0.302174 0.200557 0.303261 0.200557 0.301087 0.199861 0.301087 0.199164 0.296739 0.196379 0.294565 0.195682 0.271739 0.194638 0.259783 0.191852 0.259783 0.191504 0.269565 0.190111 0.278261 0.189763 0.291304 0.188719 0.296739
1 0.211351 0.25543499999999997 0.21030600000000002 0.253261 0.20961 0.22934800000000002 0.207173 0.22934800000000002 0.20647600000000002 0.25 0.205084 0.25760900000000003 0.211351 0.25760900000000003 0.211351 0.25543499999999997
1 0.262535 0.252174 0.261838 0.253261 0.261838 0.25760900000000003 0.267758 0.25760900000000003 0.267758 0.254348 0.266365 0.251087 0.26566900000000004 0.232609 0.263231 0.232609 0.263231 0.23913 0.262535 0.24239099999999997 0.262883 0.24673899999999999 0.262535 0.252174
1 0.289694 0.331522 0.291783 0.33260900000000004 0.302228 0.331522 0.302228 0.32934800000000003 0.301184 0.328261 0.300487 0.323913 0.298747 0.323913 0.299095 0.319565 0.298398 0.31521699999999997 0.297006 0.282609 0.293872 0.281522 0.291086 0.322826 0.288997 0.325 0.288997 0.32934800000000003 0.289694 0.331522
1 0.32520899999999997 0.259783 0.33077999999999996 0.26087 0.33077999999999996 0.258696 0.329735 0.25543499999999997 0.329387 0.236957 0.327298 0.236957 0.326602 0.24021699999999999 0.326253 0.254348 0.32520899999999997 0.25652200000000003 0.32520899999999997 0.259783
1 0.40007000000000004 0.267391 0.40007000000000004 0.26413000000000003 0.398677 0.26087 0.39832900000000004 0.24673899999999999 0.395891 0.24565199999999998 0.395543 0.263043 0.39449900000000004 0.26413000000000003 0.39449900000000004 0.267391 0.40007000000000004 0.267391
1 0.443245 0.344565 0.440808 0.347826 0.44046 0.354348 0.453343 0.355435 0.453343 0.35 0.450905 0.344565 0.44951299999999994 0.305435 0.446379 0.304348 0.444986 0.319565 0.444986 0.326087 0.443245 0.33913000000000004 0.443245 0.344565
1 0.468663 0.278261 0.46726999999999996 0.267391 0.46726999999999996 0.25760900000000003 0.466922 0.25543499999999997 0.465181 0.25543499999999997 0.464485 0.270652 0.462744 0.275 0.462744 0.277174 0.468663 0.278261
1 0.530989 0.28913 0.530989 0.286957 0.530292 0.28586999999999996 0.530292 0.267391 0.528203 0.266304 0.5275070000000001 0.271739 0.5275070000000001 0.280435 0.526462 0.28913 0.530989 0.28913
1 0.5731200000000001 0.348913 0.5689420000000001 0.357609 0.574164 0.36086999999999997 0.581825 0.36086999999999997 0.581476 0.352174 0.580432 0.352174 0.579735 0.35 0.578691 0.31413 0.575557 0.31413 0.5748610000000001 0.318478 0.5745129999999999 0.333696 0.5731200000000001 0.343478 0.5731200000000001 0.348913
1 0.580084 0.302174 0.585655 0.303261 0.584958 0.294565 0.584958 0.278261 0.5825210000000001 0.278261 0.581825 0.296739 0.581128 0.298913 0.580084 0.298913 0.580084 0.302174
1 0.625696 0.313043 0.624304 0.31521699999999997 0.624304 0.319565 0.629875 0.318478 0.629526 0.290217 0.627089 0.291304 0.626393 0.303261 0.625696 0.306522 0.625696 0.313043
1 0.633705 0.346739 0.634053 0.35108700000000004 0.643454 0.35 0.643454 0.344565 0.642409 0.342391 0.641713 0.33260900000000004 0.641365 0.313043 0.638928 0.313043 0.636838 0.340217 0.634749 0.347826 0.633705 0.346739
3 0.704735 0.4 0.702646 0.40217400000000003 0.702646 0.409783 0.708565 0.41304299999999994 0.7148329999999999 0.41304299999999994 0.715529 0.411957 0.715529 0.40543500000000005 0.714136 0.40543500000000005 0.7134400000000001 0.403261 0.712047 0.38260900000000003 0.712047 0.357609 0.708217 0.356522 0.7075210000000001 0.358696 0.7075210000000001 0.36413 0.7057800000000001 0.379348 0.704735 0.4
3 0.711003 0.325 0.710306 0.320652 0.709958 0.302174 0.707869 0.302174 0.706476 0.328261 0.712047 0.32934800000000003 0.712047 0.326087 0.711003 0.325
3 0.758705 0.353261 0.7604460000000001 0.355435 0.765669 0.355435 0.765669 0.35108700000000004 0.764972 0.348913 0.764624 0.343478 0.764972 0.334783 0.764276 0.323913 0.761838 0.322826 0.761142 0.326087 0.759749 0.348913 0.758705 0.35108700000000004 0.758705 0.353261
3 0.773677 0.384783 0.783426 0.38587 0.783426 0.38043499999999997 0.781685 0.379348 0.7806409999999999 0.343478 0.7775070000000001 0.343478 0.77507 0.36739099999999997 0.77507 0.378261 0.773677 0.379348 0.773677 0.384783
3 0.642061 0.306522 0.642061 0.303261 0.641365 0.303261 0.640669 0.283696 0.638928 0.283696 0.638231 0.290217 0.638231 0.29782600000000004 0.636838 0.305435 0.642061 0.306522
3 0.564415 0.27391299999999996 0.564415 0.267391 0.562674 0.267391 0.5619780000000001 0.27934800000000004 0.560933 0.286957 0.565808 0.288043 0.564415 0.27391299999999996
3 0.477019 0.40108699999999997 0.476323 0.403261 0.473538 0.40543500000000005 0.473538 0.41304299999999994 0.477019 0.41630399999999995 0.489903 0.41630399999999995 0.489903 0.41086999999999996 0.488858 0.40543500000000005 0.48676899999999995 0.40217400000000003 0.486421 0.391304 0.485724 0.388043 0.48433099999999996 0.346739 0.481198 0.34565199999999996 0.480501 0.347826 0.479805 0.361957 0.478064 0.375 0.477019 0.40108699999999997
3 0.48328699999999997 0.272826 0.482242 0.265217 0.48189399999999993 0.253261 0.479805 0.253261 0.479457 0.267391 0.47876 0.269565 0.47876 0.272826 0.48328699999999997 0.272826
3 0.39415 0.259783 0.393454 0.254348 0.393454 0.24021699999999999 0.391713 0.24021699999999999 0.391017 0.25652200000000003 0.39032 0.25760900000000003 0.39032 0.259783 0.39415 0.259783
3 0.305014 0.25 0.30362100000000003 0.23478300000000002 0.30362100000000003 0.22934800000000002 0.301532 0.22934800000000002 0.301532 0.23913 0.300836 0.24239099999999997 0.300487 0.25 0.305014 0.25
3 0.135794 0.244565 0.142409 0.244565 0.142409 0.24130400000000002 0.141713 0.24130400000000002 0.141017 0.236957 0.14032 0.218478 0.137883 0.218478 0.137187 0.225 0.137187 0.238043 0.135794 0.24130400000000002 0.135794 0.244565
3 0.21413600000000002 0.244565 0.22005599999999997 0.244565 0.22005599999999997 0.24239099999999997 0.21901099999999998 0.24021699999999999 0.21831499999999998 0.221739 0.21622599999999997 0.221739 0.215529 0.230435 0.215529 0.24021699999999999 0.21413600000000002 0.24239099999999997 0.21413600000000002 0.244565
0 0.083565 0.208696 0.08182500000000001 0.192391 0.079735 0.191304 0.079735 0.203261 0.079039 0.20434800000000003 0.079039 0.208696 0.083565 0.208696
0 0.104457 0.209783 0.10341199999999999 0.19456500000000002 0.10132300000000001 0.19347799999999998 0.101671 0.20434800000000003 0.100975 0.206522 0.100975 0.209783 0.104457 0.209783
0 0.126393 0.215217 0.125696 0.20108700000000002 0.123955 0.20108700000000002 0.123607 0.218478 0.127089 0.218478 0.127089 0.216304 0.126393 0.215217
0 0.130919 0.220652 0.130571 0.206522 0.128482 0.206522 0.128134 0.219565 0.127089 0.225 0.131616 0.225 0.130919 0.220652