0 0.337396 0.554348 0.33460999999999996 0.590217 0.33286899999999997 0.597826 0.32903899999999997 0.6010869999999999 0.326602 0.609783 0.324513 0.61087 0.32311999999999996 0.6141300000000001 0.32311999999999996 0.616304 0.33286899999999997 0.634783 0.343315 0.634783 0.346448 0.632609 0.358635 0.631522 0.364554 0.629348 0.36594699999999997 0.627174 0.366643 0.618478 0.362813 0.616304 0.362465 0.608696 0.361421 0.603261 0.35968 0.6 0.356198 0.598913 0.35550099999999996 0.596739 0.354805 0.567391 0.35201899999999997 0.527174 0.349582 0.47391300000000003 0.343663 0.47391300000000003 0.342618 0.476087 0.342618 0.481522 0.339485 0.516304 0.337396 0.554348
0 0.136838 0.24130400000000002 0.136142 0.218478 0.134053 0.21739099999999997 0.133008 0.23586999999999997 0.131964 0.238043 0.131964 0.24130400000000002 0.136838 0.24130400000000002
2 0.16538999999999998 0.266304 0.163997 0.27934800000000004 0.163649 0.28913 0.162604 0.29239099999999996 0.16155999999999998 0.29239099999999996 0.16155999999999998 0.296739 0.16434500000000002 0.302174 0.176184 0.302174 0.176184 0.298913 0.174443 0.294565 0.172702 0.27934800000000004 0.171657 0.265217 0.171657 0.25543499999999997 0.170961 0.25 0.170961 0.24021699999999999 0.169916 0.22934800000000002 0.167131 0.22934800000000002 0.166086 0.24565199999999998 0.166086 0.25652200000000003 0.16538999999999998 0.259783 0.16538999999999998 0.266304
2 0.154248 0.291304 0.156337 0.291304 0.157033 0.288043 0.158774 0.286957 0.159819 0.265217 0.160864 0.252174 0.16155999999999998 0.25 0.162953 0.252174 0.163649 0.27391299999999996 0.163997 0.276087 0.16434500000000002 0.27391299999999996 0.16434500000000002 0.25543499999999997 0.162604 0.22391299999999997 0.159819 0.22391299999999997 0.155989 0.280435 0.154248 0.28586999999999996 0.154248 0.291304
1 0.158774 0.288043 0.15668500000000002 0.290217 0.15668500000000002 0.294565 0.161212 0.294565 0.16155999999999998 0.291304 0.162604 0.291304 0.163301 0.28913 0.163997 0.277174 0.163301 0.27391299999999996 0.163301 0.263043 0.162256 0.251087 0.161212 0.252174 0.159471 0.275 0.159471 0.284783 0.158774 0.288043
1 0.17687999999999998 0.277174 0.177228 0.272826 0.175487 0.268478 0.173747 0.23913 0.172006 0.23913 0.171657 0.254348 0.172702 0.275 0.173398 0.277174 0.17687999999999998 0.277174
1 0.322423 0.359783 0.329735 0.359783 0.33286899999999997 0.361957 0.34018099999999996 0.36086999999999997 0.34052899999999997 0.358696 0.338788 0.357609 0.33843999999999996 0.353261 0.336003 0.352174 0.335306 0.35 0.333565 0.302174 0.331128 0.301087 0.330084 0.305435 0.327298 0.348913 0.324513 0.353261 0.322423 0.359783
1 0.503482 0.384783 0.505223 0.388043 0.5194989999999999 0.388043 0.5194989999999999 0.38043499999999997 0.518802 0.378261 0.517409 0.379348 0.516713 0.377174 0.516017 0.36847799999999997 0.516017 0.357609 0.51532 0.35108700000000004 0.515669 0.331522 0.51532 0.32934800000000003 0.511838 0.32934800000000003 0.508357 0.373913 0.50766 0.377174 0.50383 0.38152200000000003 0.503482 0.384783
1 0.704387 0.347826 0.704387 0.352174 0.706476 0.352174 0.707869 0.331522 0.711003 0.330435 0.711003 0.318478 0.708914 0.317391 0.708217 0.319565 0.706476 0.341304 0.704387 0.347826
3 0.232242 0.415217 0.22980499999999998 0.415217 0.22876 0.420652 0.227019 0.425 0.227019 0.42934799999999995 0.23816199999999998 0.42934799999999995 0.23990300000000003 0.433696 0.244429 0.433696 0.24582199999999998 0.430435 0.250348 0.42717400000000005 0.251741 0.42391300000000004 0.251045 0.421739 0.25 0.421739 0.24930400000000003 0.41630399999999995 0.24617 0.41413 0.24512499999999998 0.409783 0.244429 0.388043 0.24373300000000003 0.38152200000000003 0.24373300000000003 0.36739099999999997 0.24234 0.354348 0.24234 0.341304 0.23851 0.341304 0.23711700000000002 0.343478 0.233983 0.40217400000000003 0.232242 0.415217
3 0.6803619999999999 0.313043 0.6793180000000001 0.31087 0.6786209999999999 0.291304 0.6768799999999999 0.291304 0.676184 0.296739 0.676532 0.31521699999999997 0.6803619999999999 0.31521699999999997 0.6803619999999999 0.313043
1 0.490599 0.26087 0.489206 0.281522 0.49303600000000003 0.281522 0.49268799999999996 0.261957 0.490599 0.26087
1 0.418524 0.266304 0.418524 0.252174 0.41782700000000006 0.248913 0.416435 0.248913 0.415738 0.263043 0.413997 0.272826 0.41922 0.272826 0.418524 0.266304
1 0.342967 0.266304 0.346448 0.266304 0.346797 0.263043 0.345404 0.26087 0.344708 0.24021699999999999 0.342967 0.24021699999999999 0.341922 0.252174 0.341922 0.258696 0.34018099999999996 0.26413000000000003 0.342967 0.266304
1 0.27332900000000004 0.259783 0.272284 0.259783 0.271936 0.263043 0.279248 0.263043 0.279248 0.259783 0.277855 0.25760900000000003 0.277507 0.23913 0.27681100000000003 0.23586999999999997 0.275766 0.23586999999999997 0.27507000000000004 0.238043 0.274025 0.25760900000000003 0.27332900000000004 0.259783
1 0.22005599999999997 0.265217 0.22005599999999997 0.263043 0.21831499999999998 0.25652200000000003 0.217618 0.23478300000000002 0.215529 0.23478300000000002 0.214833 0.23913 0.21413600000000002 0.25760900000000003 0.212744 0.26413000000000003 0.22005599999999997 0.265217
1 0.20090499999999997 0.321739 0.204387 0.326087 0.213788 0.325 0.213788 0.319565 0.213092 0.317391 0.211351 0.317391 0.21030600000000002 0.31521699999999997 0.209262 0.275 0.20856499999999997 0.272826 0.20578 0.272826 0.203343 0.31413 0.202298 0.317391 0.201602 0.317391 0.20090499999999997 0.321739
3 0.8673400000000001 0.404348 0.866643 0.406522 0.8655989999999999 0.40543500000000005 0.864554 0.40869600000000006 0.864554 0.41086999999999996 0.868384 0.41413 0.877089 0.41413 0.877089 0.41086999999999996 0.875 0.407609 0.874652 0.38913000000000003 0.8739549999999999 0.383696 0.8739549999999999 0.36739099999999997 0.8708220000000001 0.366304 0.869429 0.375 0.869429 0.38043499999999997 0.868733 0.383696 0.8673400000000001 0.404348
3 0.814415 0.452174 0.821031 0.45543500000000003 0.824164 0.45869600000000005 0.838092 0.45869600000000005 0.837744 0.456522 0.835655 0.45543500000000003 0.83461 0.45 0.832173 0.448913 0.832173 0.43478300000000003 0.8307800000000001 0.41630399999999995 0.8304320000000001 0.393478 0.825905 0.392391 0.821379 0.444565 0.81929 0.44565200000000005 0.8185930000000001 0.452174 0.814415 0.452174
3 0.8255570000000001 0.36847799999999997 0.8255570000000001 0.371739 0.8342620000000001 0.371739 0.8342620000000001 0.36956500000000003 0.832869 0.36739099999999997 0.832173 0.338043 0.829735 0.338043 0.8283429999999999 0.35 0.827646 0.363043 0.826602 0.36847799999999997 0.8255570000000001 0.36847799999999997
3 0.761838 0.340217 0.761838 0.338043 0.7604460000000001 0.336957 0.759749 0.31521699999999997 0.759053 0.311957 0.75766 0.311957 0.756267 0.33260900000000004 0.754526 0.338043 0.754526 0.340217 0.761838 0.340217
3 0.5943590000000001 0.28913 0.593663 0.271739 0.5919220000000001 0.271739 0.5919220000000001 0.277174 0.5901810000000001 0.293478 0.595056 0.293478 0.5943590000000001 0.28913
3 0.581825 0.46413000000000004 0.579387 0.465217 0.578343 0.471739 0.57695 0.470652 0.575557 0.471739 0.575209 0.47391300000000003 0.5766020000000001 0.475 0.577994 0.479348 0.5807800000000001 0.481522 0.600975 0.481522 0.598538 0.475 0.598189 0.46956499999999995 0.595056 0.467391 0.593663 0.42934799999999995 0.592618 0.41630399999999995 0.59227 0.396739 0.5919220000000001 0.394565 0.587744 0.394565 0.586003 0.411957 0.5842620000000001 0.441304 0.5825210000000001 0.452174 0.581825 0.46413000000000004
3 0.504875 0.269565 0.504875 0.259783 0.504178 0.25760900000000003 0.5027860000000001 0.25760900000000003 0.501741 0.277174 0.505571 0.277174 0.505571 0.272826 0.504875 0.269565
3 0.41156 0.25760900000000003 0.410515 0.24782600000000002 0.410515 0.24239099999999997 0.409123 0.24239099999999997 0.40842599999999996 0.25543499999999997 0.407382 0.263043 0.411212 0.263043 0.41156 0.25760900000000003
3 0.316852 0.251087 0.315808 0.24673899999999999 0.31545999999999996 0.233696 0.31371899999999997 0.232609 0.312674 0.251087 0.31162999999999996 0.253261 0.316504 0.254348 0.316852 0.251087
3 0.226323 0.24565199999999998 0.225279 0.243478 0.22493 0.226087 0.222493 0.225 0.22179700000000002 0.24130400000000002 0.220404 0.248913 0.226323 0.248913 0.226323 0.24565199999999998
3 0.135794 0.248913 0.142758 0.248913 0.141017 0.238043 0.140669 0.221739 0.138579 0.221739 0.13753500000000002 0.24021699999999999 0.136838 0.244565 0.135794 0.24673899999999999 0.135794 0.248913
0 0.050487000000000004 0.18913 0.050139 0.20543499999999998 0.053620999999999995 0.20543499999999998 0.052577 0.18913 0.050487000000000004 0.18913
0 0.074164 0.190217 0.073816 0.20760900000000002 0.077298 0.20760900000000002 0.075905 0.191304 0.074164 0.190217
0 0.099234 0.202174 0.098886 0.192391 0.09714500000000001 0.192391 0.096797 0.20543499999999998 0.095752 0.209783 0.100627 0.209783 0.099234 0.202174
0 0.11664300000000001 0.19456500000000002 0.11559900000000001 0.211957 0.11942900000000001 0.211957 0.11768799999999999 0.19456500000000002 0.11664300000000001 0.19456500000000002
0 0.12151799999999999 0.20108700000000002 0.120125 0.219565 0.124304 0.219565 0.12291099999999999 0.202174 0.12151799999999999 0.20108700000000002
0 0.129526 0.225 0.12883 0.20760900000000002 0.126741 0.20760900000000002 0.12604500000000002 0.221739 0.125 0.228261 0.130223 0.228261 0.129526 0.225
1 0.705432 0.36413 0.703691 0.365217 0.703691 0.36847799999999997 0.702298 0.370652 0.702646 0.372826 0.713092 0.372826 0.713092 0.36739099999999997 0.7116990000000001 0.365217 0.7116990000000001 0.340217 0.711003 0.331522 0.708217 0.331522 0.706476 0.357609 0.705432 0.36086999999999997 0.705432 0.36413
1 0.67305 0.323913 0.670265 0.331522 0.677925 0.331522 0.677925 0.32934800000000003 0.676532 0.326087 0.676184 0.302174 0.674095 0.302174 0.674095 0.307609 0.67305 0.31521699999999997 0.67305 0.323913
1 0.647284 0.38043499999999997 0.6462399999999999 0.379348 0.645543 0.383696 0.6431060000000001 0.383696 0.643454 0.386957 0.6462399999999999 0.390217 0.6580779999999999 0.38913000000000003 0.6580779999999999 0.383696 0.655989 0.38260900000000003 0.655292 0.379348 0.654596 0.36739099999999997 0.654248 0.336957 0.651462 0.338043 0.649721 0.363043 0.6479809999999999 0.378261 0.647284 0.38043499999999997
1 0.617688 0.311957 0.623955 0.311957 0.623259 0.307609 0.622563 0.286957 0.620474 0.288043 0.619429 0.306522 0.618036 0.30869599999999997 0.617688 0.311957
1 0.556755 0.293478 0.556755 0.296739 0.5630219999999999 0.296739 0.56163 0.28913 0.5612809999999999 0.272826 0.5595399999999999 0.27391299999999996 0.558496 0.28913 0.5577989999999999 0.29239099999999996 0.556755 0.293478
4 0.068942 0.18804300000000002 0.067897 0.202174 0.070682 0.202174 0.070334 0.19347799999999998 0.068942 0.18804300000000002
4 0.12465200000000001 0.196739 0.123607 0.208696 0.125696 0.209783 0.125348 0.197826 0.12465200000000001 0.196739
4 0.159819 0.196739 0.159123 0.196739 0.158774 0.209783 0.160864 0.209783 0.16051500000000002 0.2 0.159819 0.196739
4 0.193942 0.208696 0.196379 0.208696 0.194638 0.197826 0.193942 0.208696
4 0.211351 0.20108700000000002 0.211003 0.213043 0.213092 0.213043 0.213092 0.208696 0.211351 0.20108700000000002
4 0.27298100000000003 0.20760900000000002 0.272632 0.218478 0.274721 0.219565 0.273677 0.20760900000000002 0.27298100000000003 0.20760900000000002
4 0.331825 0.216304 0.331128 0.227174 0.33286899999999997 0.227174 0.33286899999999997 0.221739 0.331825 0.216304
4 0.348538 0.219565 0.34784099999999996 0.21739099999999997 0.347145 0.220652 0.347493 0.227174 0.348886 0.227174 0.348538 0.219565
4 0.382312 0.226087 0.381964 0.23586999999999997 0.383705 0.23586999999999997 0.383357 0.226087 0.382312 0.226087
4 0.418175 0.232609 0.417479 0.23478300000000002 0.41713100000000003 0.243478 0.418524 0.243478 0.418175 0.232609
4 0.455084 0.24021699999999999 0.454387 0.253261 0.456128 0.253261 0.45578 0.24239099999999997 0.455084 0.24021699999999999
4 0.49373300000000003 0.24239099999999997 0.49303600000000003 0.25543499999999997 0.494777 0.25543499999999997 0.494777 0.24782600000000002 0.49373300000000003 0.24239099999999997