1 0.74234 0.5586960000000001 0.741295 0.559783 0.740947 0.571739 0.7395539999999999 0.584783 0.7395539999999999 0.592391 0.738858 0.5956520000000001 0.738858 0.609783 0.7378129999999999 0.6195649999999999 0.736421 0.622826 0.732939 0.622826 0.7322420000000001 0.631522 0.7287600000000001 0.631522 0.728064 0.633696 0.731546 0.6380429999999999 0.734331 0.63913 0.7378129999999999 0.6445649999999999 0.765669 0.6445649999999999 0.766017 0.641304 0.763231 0.6358699999999999 0.7621870000000001 0.6358699999999999 0.760794 0.627174 0.759749 0.625 0.756616 0.623913 0.755919 0.621739 0.749652 0.521739 0.744777 0.521739 0.743384 0.5293479999999999 0.743384 0.543478 0.74234 0.551087 0.74234 0.5586960000000001
1 0.682103 0.48586999999999997 0.679666 0.48695700000000003 0.678969 0.490217 0.678273 0.490217 0.677925 0.497826 0.693593 0.49891300000000005 0.69429 0.496739 0.69429 0.48913 0.691504 0.48804299999999995 0.6904600000000001 0.463043 0.6887190000000001 0.44782599999999995 0.6887190000000001 0.43260899999999997 0.685237 0.43260899999999997 0.684192 0.44239100000000003 0.683496 0.45869600000000005 0.682103 0.470652 0.682103 0.48586999999999997
1 0.908078 0.522826 0.9073819999999999 0.532609 0.9073819999999999 0.543478 0.902507 0.545652 0.9014620000000001 0.548913 0.9014620000000001 0.552174 0.900766 0.553261 0.900766 0.557609 0.925139 0.5586960000000001 0.9254870000000001 0.55 0.922354 0.545652 0.920613 0.536957 0.920613 0.527174 0.919916 0.525 0.920613 0.522826 0.9195679999999999 0.515217 0.918524 0.49565200000000004 0.916086 0.471739 0.91156 0.471739 0.9108639999999999 0.479348 0.9108639999999999 0.48913 0.9077299999999999 0.516304 0.908078 0.522826
3 0.870474 0.453261 0.870474 0.457609 0.883357 0.457609 0.883357 0.454348 0.8809189999999999 0.453261 0.8809189999999999 0.44021699999999997 0.879875 0.43695700000000004 0.879875 0.428261 0.878482 0.409783 0.8760450000000001 0.40869600000000006 0.875 0.41956499999999997 0.873607 0.42717400000000005 0.872911 0.45108699999999996 0.870474 0.453261
3 0.6504179999999999 0.43478300000000003 0.6504179999999999 0.43804299999999996 0.6615599999999999 0.43804299999999996 0.6615599999999999 0.433696 0.6601670000000001 0.433696 0.659471 0.430435 0.659471 0.418478 0.658774 0.41630399999999995 0.658426 0.406522 0.65773 0.404348 0.65773 0.392391 0.654596 0.392391 0.6538999999999999 0.409783 0.653203 0.415217 0.652855 0.433696 0.6504179999999999 0.43478300000000003
3 0.48259100000000005 0.41086999999999996 0.48259100000000005 0.415217 0.479457 0.420652 0.491643 0.420652 0.491643 0.418478 0.489903 0.417391 0.488162 0.41086999999999996 0.48676899999999995 0.38043499999999997 0.48468 0.38043499999999997 0.483983 0.395652 0.48328699999999997 0.39891299999999996 0.48328699999999997 0.409783 0.48259100000000005 0.41086999999999996
1 0.487117 0.467391 0.487117 0.46956499999999995 0.49199200000000004 0.471739 0.504178 0.470652 0.504178 0.468478 0.503134 0.467391 0.502437 0.46413000000000004 0.5 0.46195700000000006 0.49895500000000004 0.43260899999999997 0.49791100000000005 0.42391300000000004 0.49791100000000005 0.411957 0.494777 0.411957 0.49268799999999996 0.43587 0.49199200000000004 0.45869600000000005 0.490599 0.463043 0.487117 0.467391
1 0.363162 0.44239100000000003 0.377786 0.44239100000000003 0.37639300000000003 0.44021699999999997 0.37639300000000003 0.43695700000000004 0.374652 0.43587 0.373955 0.428261 0.373955 0.41956499999999997 0.372911 0.409783 0.372911 0.40217400000000003 0.372214 0.39891299999999996 0.372214 0.392391 0.369081 0.392391 0.366643 0.43260899999999997 0.365599 0.43695700000000004 0.363162 0.43913 0.363162 0.44239100000000003
3 0.389972 0.38913000000000003 0.389972 0.393478 0.388231 0.39891299999999996 0.396936 0.39891299999999996 0.396588 0.395652 0.395543 0.393478 0.39449900000000004 0.383696 0.393454 0.365217 0.392061 0.365217 0.391017 0.376087 0.388928 0.384783 0.388928 0.386957 0.389972 0.38913000000000003
3 0.091922 0.833696 0.091226 0.836957 0.091226 0.846739 0.128482 0.846739 0.128134 0.834783 0.123955 0.7836960000000001 0.11559900000000001 0.668478 0.10515300000000001 0.669565 0.10376 0.679348 0.09992999999999999 0.725 0.097493 0.766304 0.091922 0.833696
1 0.251045 0.484783 0.24965199999999999 0.49130399999999996 0.248259 0.49130399999999996 0.248259 0.49347799999999997 0.268106 0.492391 0.267758 0.48695700000000003 0.264624 0.481522 0.264624 0.47391300000000003 0.261142 0.421739 0.256964 0.421739 0.254178 0.463043 0.25383 0.481522 0.252786 0.484783 0.251045 0.484783
1 0.280292 0.41304299999999994 0.279944 0.41630399999999995 0.291435 0.41630399999999995 0.291435 0.41304299999999994 0.289694 0.411957 0.289694 0.40217400000000003 0.287604 0.376087 0.285515 0.375 0.283426 0.38913000000000003 0.283426 0.397826 0.282382 0.411957 0.280292 0.41304299999999994
3 0.325905 0.379348 0.325905 0.38260900000000003 0.333217 0.38260900000000003 0.333217 0.38043499999999997 0.331128 0.373913 0.331128 0.363043 0.330432 0.354348 0.328343 0.354348 0.327994 0.370652 0.327298 0.372826 0.327298 0.377174 0.325905 0.379348
3 0.300487 0.371739 0.306407 0.371739 0.306407 0.36956500000000003 0.305362 0.36739099999999997 0.305362 0.36086999999999997 0.304666 0.358696 0.304318 0.348913 0.302925 0.348913 0.302925 0.353261 0.301532 0.357609 0.30188000000000004 0.36847799999999997 0.300487 0.371739
3 0.256616 0.36413 0.255919 0.365217 0.255571 0.36956500000000003 0.260446 0.36956500000000003 0.260446 0.366304 0.259749 0.365217 0.259401 0.346739 0.258008 0.346739 0.25766 0.352174 0.256616 0.355435 0.256616 0.36413
1 0.22179700000000002 0.392391 0.22005599999999997 0.393478 0.22005599999999997 0.397826 0.22945700000000002 0.397826 0.22945700000000002 0.395652 0.228412 0.395652 0.227019 0.391304 0.22667099999999998 0.377174 0.22597499999999998 0.375 0.22597499999999998 0.36413 0.225279 0.361957 0.22353800000000001 0.361957 0.22284099999999998 0.36413 0.222493 0.376087 0.22179700000000002 0.379348 0.22179700000000002 0.392391
1 0.155641 0.43260899999999997 0.15389999999999998 0.433696 0.153552 0.44021699999999997 0.168872 0.44021699999999997 0.168524 0.43587 0.165042 0.431522 0.162604 0.388043 0.159819 0.388043 0.159123 0.4 0.157033 0.41304299999999994 0.156337 0.430435 0.155641 0.43260899999999997
1 0.201253 0.384783 0.201253 0.38152200000000003 0.200209 0.38043499999999997 0.199513 0.372826 0.198816 0.356522 0.196379 0.356522 0.196031 0.379348 0.194638 0.38152200000000003 0.19429000000000002 0.384783 0.201253 0.384783
1 0.188022 0.377174 0.194638 0.377174 0.194638 0.375 0.193593 0.373913 0.193593 0.36739099999999997 0.192549 0.363043 0.192549 0.353261 0.19046000000000002 0.353261 0.189763 0.359783 0.189763 0.372826 0.18836999999999998 0.373913 0.188022 0.377174
3 0.182799 0.370652 0.182103 0.366304 0.181755 0.348913 0.179666 0.348913 0.179318 0.355435 0.177577 0.361957 0.177577 0.370652 0.182799 0.370652
1 0.11699200000000001 0.403261 0.11699200000000001 0.407609 0.127437 0.407609 0.127437 0.404348 0.126741 0.404348 0.125696 0.4 0.12465200000000001 0.39891299999999996 0.123955 0.379348 0.12291099999999999 0.377174 0.122563 0.36956500000000003 0.12082200000000001 0.36847799999999997 0.11942900000000001 0.394565 0.118733 0.40108699999999997 0.118036 0.403261 0.11699200000000001 0.403261
1 0.05501399999999999 0.397826 0.053969 0.397826 0.053969 0.4 0.063719 0.4 0.063719 0.397826 0.063022 0.397826 0.06163 0.392391 0.06163 0.38043499999999997 0.060237 0.366304 0.058496000000000006 0.365217 0.058148 0.375 0.056407 0.384783 0.056058 0.393478 0.05501399999999999 0.397826
3 0.086699 0.376087 0.086699 0.371739 0.086003 0.370652 0.08565500000000001 0.355435 0.083565 0.355435 0.082869 0.36956500000000003 0.08182500000000001 0.376087 0.086699 0.376087
0 0.075557 0.353261 0.075557 0.34565199999999996 0.074164 0.34565199999999996 0.073468 0.359783 0.076602 0.359783 0.076602 0.355435 0.075557 0.353261
1 0.127089 0.38043499999999997 0.12604500000000002 0.36413 0.125348 0.363043 0.125348 0.355435 0.12325900000000001 0.355435 0.12291099999999999 0.36847799999999997 0.123607 0.376087 0.12465200000000001 0.38043499999999997 0.127089 0.38043499999999997
1 0.43802199999999997 0.5130429999999999 0.43662999999999996 0.5195649999999999 0.43454 0.5195649999999999 0.433844 0.525 0.431755 0.525 0.431407 0.528261 0.43454 0.532609 0.454735 0.532609 0.455084 0.5293479999999999 0.452994 0.527174 0.452994 0.5195649999999999 0.449861 0.517391 0.449861 0.509783 0.448468 0.494565 0.44812 0.483696 0.446727 0.470652 0.446727 0.465217 0.446379 0.467391 0.44603099999999996 0.46630399999999994 0.44568199999999997 0.45 0.442201 0.45 0.441504 0.452174 0.441504 0.459783 0.44046 0.46630399999999994 0.43802199999999997 0.5130429999999999