1 0.458217 0.646739 0.45786899999999997 0.659783 0.456825 0.66413 0.456825 0.671739 0.45543199999999995 0.682609 0.45578 0.688043 0.454735 0.690217 0.454387 0.694565 0.449164 0.694565 0.44777199999999995 0.698913 0.44812 0.703261 0.446727 0.7076089999999999 0.443593 0.7076089999999999 0.44254899999999997 0.708696 0.44254899999999997 0.71087 0.443593 0.71413 0.447423 0.718478 0.450905 0.728261 0.454039 0.733696 0.458217 0.734783 0.461003 0.738043 0.464485 0.73587 0.47562699999999997 0.734783 0.48363500000000004 0.729348 0.490599 0.729348 0.490599 0.7260869999999999 0.48781299999999994 0.718478 0.486421 0.718478 0.48468 0.713043 0.48433099999999996 0.7076089999999999 0.479457 0.7 0.47736799999999996 0.692391 0.47771600000000003 0.686957 0.476323 0.668478 0.47667099999999996 0.656522 0.47597500000000004 0.653261 0.47597500000000004 0.6445649999999999 0.47423400000000004 0.623913 0.473538 0.5956520000000001 0.472841 0.588043 0.472841 0.56087 0.470404 0.56087 0.468663 0.5586960000000001 0.46483299999999994 0.559783 0.464136 0.583696 0.462047 0.602174 0.46135099999999996 0.620652 0.458217 0.646739
1 0.172354 0.33260900000000004 0.170961 0.33260900000000004 0.169916 0.33587 0.169916 0.33913000000000004 0.174443 0.342391 0.18453999999999998 0.342391 0.185237 0.341304 0.18453999999999998 0.341304 0.182799 0.334783 0.181407 0.334783 0.179666 0.328261 0.179666 0.29782600000000004 0.178969 0.293478 0.17687999999999998 0.291304 0.175487 0.29565199999999997 0.175139 0.30869599999999997 0.173398 0.32717399999999996 0.172354 0.33260900000000004
1 0.9247909999999999 0.430435 0.932103 0.43260899999999997 0.932451 0.42934799999999995 0.9317550000000001 0.42934799999999995 0.93071 0.425 0.930362 0.407609 0.9296659999999999 0.406522 0.9296659999999999 0.404348 0.9279249999999999 0.403261 0.927228 0.407609 0.927228 0.41304299999999994 0.9247909999999999 0.42717400000000005 0.9247909999999999 0.430435
1 0.798747 0.394565 0.797006 0.40108699999999997 0.797702 0.404348 0.798747 0.40543500000000005 0.803621 0.403261 0.802228 0.40108699999999997 0.8029249999999999 0.39891299999999996 0.802228 0.397826 0.8015319999999999 0.38913000000000003 0.80188 0.378261 0.8011839999999999 0.376087 0.799791 0.378261 0.799791 0.383696 0.798747 0.388043 0.798747 0.394565
1 0.705084 0.386957 0.705084 0.384783 0.704387 0.384783 0.702994 0.38043499999999997 0.703343 0.36086999999999997 0.702298 0.357609 0.701253 0.357609 0.700557 0.36086999999999997 0.700209 0.376087 0.6981200000000001 0.384783 0.705084 0.386957
1 0.520543 0.33913000000000004 0.518802 0.34565199999999996 0.520195 0.346739 0.52507 0.344565 0.523677 0.340217 0.522632 0.320652 0.522284 0.322826 0.520891 0.322826 0.520543 0.325 0.520543 0.33913000000000004
1 0.433844 0.311957 0.433844 0.3 0.433148 0.296739 0.432103 0.296739 0.431755 0.311957 0.429666 0.319565 0.43454 0.320652 0.433844 0.311957
1 0.373259 0.305435 0.378134 0.30869599999999997 0.37883 0.306522 0.377786 0.301087 0.377786 0.286957 0.377089 0.283696 0.376045 0.283696 0.375696 0.288043 0.374652 0.290217 0.374652 0.301087 0.373259 0.305435
1 0.25766 0.27391299999999996 0.258008 0.276087 0.263579 0.275 0.262187 0.270652 0.261838 0.253261 0.260794 0.253261 0.26009699999999997 0.25652200000000003 0.259749 0.265217 0.25766 0.27391299999999996
1 0.20856499999999997 0.259783 0.212744 0.259783 0.212047 0.24239099999999997 0.211003 0.24239099999999997 0.209958 0.24565199999999998 0.20961 0.25543499999999997 0.20856499999999997 0.259783
1 0.167131 0.25 0.166435 0.243478 0.166435 0.231522 0.16538999999999998 0.228261 0.16434500000000002 0.228261 0.163997 0.24021699999999999 0.162256 0.24673899999999999 0.162604 0.248913 0.167131 0.25
1 0.108287 0.23478300000000002 0.11281300000000001 0.23478300000000002 0.112117 0.231522 0.11142099999999999 0.215217 0.10968 0.220652 0.10968 0.227174 0.10724199999999999 0.232609 0.108287 0.23478300000000002
2 0.472841 0.31630400000000003 0.471448 0.321739 0.47667099999999996 0.322826 0.47736799999999996 0.320652 0.47736799999999996 0.31630400000000003 0.476323 0.304348 0.47597500000000004 0.288043 0.475279 0.284783 0.47423400000000004 0.284783 0.473538 0.286957 0.473538 0.294565 0.472841 0.301087 0.472841 0.31630400000000003
3 0.898329 0.41413 0.9042479999999999 0.41413 0.903552 0.409783 0.903552 0.396739 0.902855 0.395652 0.9021589999999999 0.386957 0.9004179999999999 0.393478 0.90007 0.407609 0.897981 0.41304299999999994 0.898329 0.41413
3 0.779248 0.38587 0.778552 0.384783 0.777855 0.379348 0.777855 0.36739099999999997 0.776811 0.36413 0.775766 0.36413 0.77507 0.378261 0.773677 0.38587 0.778552 0.388043 0.779248 0.38587
3 0.705084 0.348913 0.7040390000000001 0.348913 0.703691 0.371739 0.7071729999999999 0.371739 0.7057800000000001 0.363043 0.705084 0.348913
3 0.536908 0.338043 0.541783 0.338043 0.5407379999999999 0.334783 0.540042 0.31630400000000003 0.539345 0.31630400000000003 0.537953 0.323913 0.537953 0.334783 0.536908 0.338043
3 0.45717299999999994 0.320652 0.461003 0.320652 0.460306 0.298913 0.45960999999999996 0.298913 0.458565 0.302174 0.458217 0.311957 0.45717299999999994 0.320652
3 0.409819 0.307609 0.40947100000000003 0.293478 0.40842599999999996 0.288043 0.407382 0.288043 0.40703300000000003 0.29565199999999997 0.40529200000000004 0.306522 0.409123 0.30869599999999997 0.409819 0.307609
3 0.36490300000000003 0.293478 0.364206 0.278261 0.363162 0.278261 0.361769 0.288043 0.361421 0.29565199999999997 0.365599 0.29782600000000004 0.36490300000000003 0.293478
3 0.197423 0.231522 0.196379 0.231522 0.193593 0.25 0.197772 0.25 0.197423 0.231522
3 0.132312 0.233696 0.13266 0.230435 0.131964 0.22934800000000002 0.131964 0.221739 0.131267 0.220652 0.130919 0.21413000000000001 0.12987500000000002 0.21413000000000001 0.129178 0.21739099999999997 0.129178 0.225 0.128134 0.232609 0.132312 0.233696
3 0.050139 0.208696 0.05118399999999999 0.211957 0.053969 0.211957 0.053620999999999995 0.19347799999999998 0.051532 0.19456500000000002 0.05118399999999999 0.196739 0.05118399999999999 0.20543499999999998 0.050139 0.208696
1 0.279596 0.393478 0.27890000000000004 0.397826 0.27890000000000004 0.406522 0.277507 0.411957 0.27681100000000003 0.42391300000000004 0.276114 0.426087 0.27507000000000004 0.426087 0.27332900000000004 0.431522 0.274721 0.43587 0.27715900000000004 0.43804299999999996 0.277855 0.43587 0.286212 0.43913 0.293872 0.43913 0.29422000000000004 0.43695700000000004 0.29213100000000003 0.43587 0.290738 0.431522 0.290738 0.428261 0.289694 0.428261 0.288649 0.42391300000000004 0.287256 0.407609 0.287604 0.396739 0.286908 0.383696 0.285864 0.38152200000000003 0.285864 0.371739 0.28481900000000004 0.36956500000000003 0.28481900000000004 0.36739099999999997 0.285864 0.365217 0.285864 0.361957 0.28481900000000004 0.359783 0.283078 0.36086999999999997 0.281337 0.366304 0.28064100000000003 0.38260900000000003 0.279596 0.386957 0.279596 0.393478
1 0.6128129999999999 0.36847799999999997 0.618733 0.36847799999999997 0.617688 0.366304 0.616992 0.347826 0.616295 0.344565 0.615251 0.344565 0.615251 0.35 0.6145539999999999 0.35108700000000004 0.613858 0.365217 0.6128129999999999 0.36847799999999997
1 0.31511100000000003 0.28913 0.318245 0.28913 0.318245 0.281522 0.31754899999999997 0.271739 0.316852 0.269565 0.31545999999999996 0.275 0.314763 0.284783 0.314067 0.28586999999999996 0.31511100000000003 0.28913
2 0.45020899999999997 0.326087 0.45020899999999997 0.322826 0.44812 0.30869599999999997 0.44812 0.294565 0.447423 0.291304 0.446727 0.291304 0.44568199999999997 0.302174 0.445334 0.31521699999999997 0.443593 0.326087 0.45020899999999997 0.326087
2 0.450557 0.307609 0.450557 0.290217 0.449861 0.28586999999999996 0.448816 0.28586999999999996 0.448468 0.30869599999999997 0.449861 0.319565 0.45194999999999996 0.319565 0.450557 0.307609
3 0.614206 0.355435 0.614206 0.35108700000000004 0.614903 0.35 0.615251 0.343478 0.616295 0.343478 0.616992 0.34565199999999996 0.617688 0.355435 0.619081 0.355435 0.61734 0.342391 0.61734 0.334783 0.616295 0.331522 0.615251 0.331522 0.6145539999999999 0.334783 0.614206 0.348913 0.613162 0.355435 0.614206 0.355435
3 0.31511100000000003 0.275 0.316156 0.270652 0.31545999999999996 0.266304 0.313022 0.280435 0.313022 0.284783 0.314415 0.284783 0.31511100000000003 0.275
3 0.259749 0.25652200000000003 0.260794 0.252174 0.260446 0.25 0.258705 0.25543499999999997 0.25766 0.271739 0.25905300000000003 0.268478 0.259749 0.25652200000000003
2 0.415042 0.31630400000000003 0.41608599999999996 0.318478 0.420961 0.318478 0.42130900000000004 0.31630400000000003 0.422006 0.31630400000000003 0.421657 0.30978300000000003 0.420265 0.304348 0.418872 0.27934800000000004 0.418175 0.27934800000000004 0.417479 0.282609 0.41713100000000003 0.304348 0.415042 0.313043 0.415042 0.31630400000000003