3 0.217618 0.771739 0.216922 0.790217 0.215877 0.794565 0.21239599999999997 0.796739 0.208914 0.8021739999999999 0.20856499999999997 0.808696 0.207521 0.8130430000000001 0.20090499999999997 0.821739 0.200557 0.825 0.203691 0.831522 0.213788 0.840217 0.224234 0.846739 0.22980499999999998 0.846739 0.251741 0.831522 0.259749 0.8239129999999999 0.263928 0.817391 0.263579 0.8141299999999999 0.256616 0.808696 0.255919 0.8054349999999999 0.255571 0.796739 0.25383 0.793478 0.250696 0.790217 0.24895499999999998 0.790217 0.247214 0.786957 0.24199199999999998 0.732609 0.235724 0.6358699999999999 0.227019 0.6358699999999999 0.22284099999999998 0.694565 0.22214499999999998 0.698913 0.21970800000000001 0.745652 0.217618 0.771739
3 0.23711700000000002 0.530435 0.23711700000000002 0.536957 0.258008 0.53587 0.259401 0.5336960000000001 0.259401 0.528261 0.258705 0.5239130000000001 0.255571 0.521739 0.254526 0.516304 0.252089 0.484783 0.250696 0.452174 0.24686599999999997 0.452174 0.24547400000000003 0.45869600000000005 0.241643 0.520652 0.237813 0.525 0.23711700000000002 0.530435
3 0.293872 0.43695700000000004 0.291783 0.441304 0.291783 0.446739 0.305014 0.44782599999999995 0.305014 0.43804299999999996 0.30362100000000003 0.43804299999999996 0.302577 0.433696 0.302228 0.41630399999999995 0.300487 0.403261 0.300139 0.394565 0.297006 0.393478 0.294916 0.417391 0.294916 0.42717400000000005 0.293872 0.431522 0.293872 0.43695700000000004
3 0.350627 0.40869600000000006 0.350627 0.403261 0.34992999999999996 0.40108699999999997 0.348886 0.40108699999999997 0.34818899999999997 0.396739 0.346797 0.36956500000000003 0.34435899999999997 0.36956500000000003 0.34226999999999996 0.40108699999999997 0.341226 0.403261 0.341226 0.407609 0.350627 0.40869600000000006
3 0.41364900000000004 0.383696 0.41364900000000004 0.386957 0.420961 0.386957 0.420961 0.384783 0.419916 0.383696 0.41922 0.379348 0.418175 0.357609 0.416783 0.357609 0.415738 0.363043 0.41539000000000004 0.375 0.414694 0.38152200000000003 0.41364900000000004 0.383696
3 0.497563 0.370652 0.496866 0.352174 0.495474 0.352174 0.494081 0.371739 0.49268799999999996 0.377174 0.49930399999999997 0.377174 0.497563 0.370652
3 0.572423 0.365217 0.571727 0.36413 0.5706819999999999 0.352174 0.5696380000000001 0.35108700000000004 0.568245 0.36086999999999997 0.567549 0.373913 0.572772 0.373913 0.572423 0.365217
3 0.720752 0.379348 0.720752 0.375 0.7193590000000001 0.371739 0.718663 0.357609 0.71727 0.356522 0.716226 0.370652 0.7151810000000001 0.373913 0.7151810000000001 0.378261 0.720752 0.379348
3 0.8168519999999999 0.392391 0.8199859999999999 0.392391 0.820682 0.391304 0.820682 0.386957 0.81929 0.38260900000000003 0.817897 0.366304 0.8165039999999999 0.366304 0.815808 0.375 0.814415 0.38260900000000003 0.814067 0.390217 0.8168519999999999 0.392391
3 0.9345399999999999 0.40869600000000006 0.9418519999999999 0.407609 0.9418519999999999 0.40217400000000003 0.9397629999999999 0.393478 0.9397629999999999 0.38587 0.939067 0.38152200000000003 0.937326 0.38152200000000003 0.9366300000000001 0.384783 0.9366300000000001 0.392391 0.9348890000000001 0.396739 0.9345399999999999 0.40869600000000006
1 0.738162 0.659783 0.732939 0.6630429999999999 0.731546 0.671739 0.728412 0.6728259999999999 0.728412 0.675 0.733287 0.6836960000000001 0.737465 0.688043 0.740599 0.693478 0.755919 0.693478 0.759749 0.6913039999999999 0.766713 0.692391 0.7698470000000001 0.690217 0.770195 0.686957 0.767061 0.681522 0.763579 0.6673910000000001 0.762535 0.665217 0.759749 0.665217 0.759053 0.661957 0.756267 0.603261 0.7527860000000001 0.548913 0.745822 0.548913 0.744777 0.571739 0.740947 0.6141300000000001 0.738858 0.656522 0.738162 0.659783
1 0.783426 0.490217 0.783426 0.492391 0.7924789999999999 0.49347799999999997 0.794916 0.49565200000000004 0.80188 0.49565200000000004 0.80188 0.492391 0.799095 0.48586999999999997 0.79805 0.48043500000000006 0.794916 0.42934799999999995 0.791435 0.42934799999999995 0.789694 0.45 0.7883009999999999 0.45869600000000005 0.787256 0.48043500000000006 0.783426 0.490217
1 0.5553619999999999 0.525 0.553273 0.527174 0.552925 0.530435 0.553969 0.532609 0.558496 0.531522 0.560237 0.5336960000000001 0.572772 0.5336960000000001 0.576253 0.530435 0.5766020000000001 0.528261 0.575557 0.527174 0.573816 0.520652 0.572075 0.5195649999999999 0.5713790000000001 0.516304 0.5689420000000001 0.484783 0.5672010000000001 0.452174 0.56337 0.45108699999999996 0.558844 0.507609 0.558844 0.516304 0.5553619999999999 0.521739 0.5553619999999999 0.525
1 0.502089 0.459783 0.51532 0.46087 0.51532 0.45543500000000003 0.513928 0.453261 0.513231 0.448913 0.5104460000000001 0.406522 0.507312 0.40543500000000005 0.505571 0.43695700000000004 0.504178 0.448913 0.502089 0.45543500000000003 0.502089 0.459783
1 0.515669 0.420652 0.515669 0.426087 0.526114 0.426087 0.526462 0.422826 0.524373 0.417391 0.523677 0.411957 0.521936 0.384783 0.520195 0.384783 0.518802 0.403261 0.5177579999999999 0.409783 0.5177579999999999 0.415217 0.515669 0.420652
1 0.5271589999999999 0.40217400000000003 0.5351670000000001 0.40217400000000003 0.53273 0.388043 0.53273 0.379348 0.532033 0.371739 0.5306409999999999 0.370652 0.529596 0.377174 0.528552 0.394565 0.5271589999999999 0.39891299999999996 0.5271589999999999 0.40217400000000003
1 0.685585 0.386957 0.6922010000000001 0.386957 0.6922010000000001 0.38260900000000003 0.690808 0.379348 0.689763 0.371739 0.689415 0.359783 0.6880219999999999 0.359783 0.6869780000000001 0.371739 0.6869780000000001 0.378261 0.685585 0.383696 0.685585 0.386957
1 0.8791779999999999 0.409783 0.8878830000000001 0.40869600000000006 0.8878830000000001 0.404348 0.88649 0.4 0.885794 0.392391 0.885446 0.377174 0.8844010000000001 0.375 0.8826599999999999 0.375 0.881964 0.392391 0.880571 0.403261 0.8791779999999999 0.404348 0.8791779999999999 0.409783
1 0.920613 0.409783 0.918524 0.415217 0.918524 0.420652 0.9279249999999999 0.421739 0.9282730000000001 0.417391 0.92688 0.41630399999999995 0.925836 0.41304299999999994 0.925836 0.403261 0.9244429999999999 0.38587 0.9227019999999999 0.38587 0.9216570000000001 0.391304 0.9216570000000001 0.39891299999999996 0.920613 0.40543500000000005 0.920613 0.409783
1 0.831825 0.409783 0.830084 0.41086999999999996 0.830084 0.41413 0.831476 0.41413 0.831825 0.41630399999999995 0.840181 0.415217 0.840181 0.41086999999999996 0.837396 0.40217400000000003 0.836699 0.38152200000000003 0.833914 0.38043499999999997 0.833914 0.38913000000000003 0.832869 0.39891299999999996 0.832869 0.404348 0.831825 0.409783
3 0.633008 0.36956500000000003 0.632312 0.370652 0.632312 0.373913 0.637535 0.373913 0.635794 0.35108700000000004 0.634749 0.35108700000000004 0.634401 0.355435 0.633705 0.356522 0.633705 0.363043 0.633008 0.36956500000000003
1 0.6354460000000001 0.38587 0.6354460000000001 0.38913000000000003 0.642409 0.38913000000000003 0.642409 0.38587 0.641017 0.379348 0.639972 0.36086999999999997 0.638579 0.36086999999999997 0.637883 0.365217 0.637883 0.373913 0.6371870000000001 0.38043499999999997 0.6354460000000001 0.38587
0 0.11281300000000001 0.325 0.110724 0.325 0.109331 0.341304 0.10793900000000001 0.347826 0.114206 0.347826 0.11281300000000001 0.325
0 0.168872 0.338043 0.168524 0.325 0.167827 0.322826 0.166086 0.322826 0.165738 0.331522 0.16434500000000002 0.342391 0.169916 0.342391 0.168872 0.338043
0 0.23085 0.341304 0.230153 0.334783 0.23050099999999998 0.328261 0.229109 0.322826 0.22736800000000001 0.322826 0.22667099999999998 0.33587 0.22562700000000002 0.33913000000000004 0.22562700000000002 0.341304 0.23085 0.341304
1 0.735724 0.43478300000000003 0.735376 0.431522 0.733287 0.428261 0.731198 0.392391 0.7287600000000001 0.391304 0.728064 0.394565 0.727368 0.409783 0.727716 0.43478300000000003 0.735724 0.43478300000000003
1 0.770195 0.418478 0.776462 0.420652 0.7806409999999999 0.41956499999999997 0.780989 0.415217 0.778552 0.409783 0.778203 0.403261 0.7771589999999999 0.39891299999999996 0.776462 0.391304 0.776462 0.384783 0.775766 0.384783 0.773677 0.396739 0.772284 0.41086999999999996 0.770195 0.415217 0.770195 0.418478
1 0.774721 0.386957 0.775766 0.383696 0.776811 0.384783 0.7771589999999999 0.394565 0.780292 0.394565 0.780292 0.391304 0.778552 0.386957 0.777855 0.38043499999999997 0.7775070000000001 0.36739099999999997 0.77507 0.36739099999999997 0.774025 0.384783 0.772284 0.394565 0.774025 0.394565 0.774721 0.386957
1 0.718663 0.446739 0.717967 0.446739 0.717967 0.454348 0.7301529999999999 0.454348 0.7301529999999999 0.448913 0.729109 0.44782599999999995 0.727716 0.441304 0.725975 0.41413 0.725975 0.406522 0.725279 0.404348 0.7228410000000001 0.404348 0.721448 0.428261 0.720056 0.43587 0.719708 0.443478 0.718663 0.446739
1 0.577646 0.391304 0.585306 0.391304 0.585306 0.388043 0.58461 0.388043 0.583914 0.383696 0.583217 0.361957 0.5807800000000001 0.361957 0.579735 0.383696 0.5790390000000001 0.386957 0.577646 0.38913000000000003 0.577646 0.391304