1 0.885794 0.846739 0.885794 0.840217 0.8826599999999999 0.803261 0.8791779999999999 0.742391 0.8756959999999999 0.73587 0.866643 0.7369570000000001 0.863162 0.790217 0.8586349999999999 0.836957 0.858287 0.846739 0.885794 0.846739
1 0.8398329999999999 0.5239130000000001 0.8387879999999999 0.527174 0.838092 0.536957 0.842967 0.53913 0.85968 0.53913 0.85968 0.5293479999999999 0.8589829999999999 0.527174 0.857242 0.526087 0.856198 0.521739 0.852019 0.456522 0.847493 0.45543500000000003 0.845404 0.479348 0.8433149999999999 0.520652 0.8426180000000001 0.5239130000000001 0.8398329999999999 0.5239130000000001
1 0.683496 0.46413000000000004 0.697772 0.46413000000000004 0.697423 0.459783 0.6956819999999999 0.457609 0.694986 0.453261 0.691852 0.40869600000000006 0.689415 0.40869600000000006 0.6869780000000001 0.45108699999999996 0.685585 0.457609 0.683844 0.45869600000000005 0.683496 0.46413000000000004
1 0.621518 0.420652 0.621518 0.422826 0.630571 0.42391300000000004 0.630919 0.420652 0.62883 0.415217 0.627437 0.384783 0.625696 0.383696 0.624652 0.390217 0.623955 0.41086999999999996 0.623259 0.41630399999999995 0.621518 0.420652
1 0.5442199999999999 0.604348 0.5428270000000001 0.604348 0.54039 0.607609 0.539345 0.61087 0.539345 0.615217 0.536908 0.620652 0.5365599999999999 0.623913 0.541435 0.627174 0.564067 0.627174 0.567549 0.6195649999999999 0.567897 0.615217 0.566852 0.6141300000000001 0.566852 0.609783 0.5619780000000001 0.603261 0.5560579999999999 0.506522 0.550836 0.506522 0.548747 0.543478 0.5459609999999999 0.576087 0.544916 0.6010869999999999 0.5442199999999999 0.604348
1 0.498259 0.483696 0.498259 0.48586999999999997 0.516713 0.48695700000000003 0.51532 0.478261 0.513231 0.47717400000000004 0.511838 0.470652 0.510794 0.446739 0.508705 0.420652 0.505919 0.420652 0.502089 0.476087 0.5 0.47717400000000004 0.49930399999999997 0.481522 0.498259 0.483696
1 0.488858 0.430435 0.488858 0.43587 0.5 0.43587 0.5 0.430435 0.49895500000000004 0.42934799999999995 0.49791100000000005 0.425 0.49617000000000006 0.40217400000000003 0.495822 0.390217 0.494081 0.38913000000000003 0.49234 0.406522 0.49129500000000004 0.426087 0.490599 0.42934799999999995 0.488858 0.430435
1 0.482939 0.390217 0.483983 0.388043 0.48328699999999997 0.38587 0.482242 0.365217 0.481198 0.365217 0.48015299999999994 0.375 0.479805 0.38587 0.47876 0.38913000000000003 0.482939 0.390217
1 0.444986 0.406522 0.444986 0.41086999999999996 0.452298 0.41086999999999996 0.452298 0.406522 0.451253 0.404348 0.450557 0.397826 0.449861 0.377174 0.44812 0.376087 0.447075 0.38152200000000003 0.446727 0.395652 0.44603099999999996 0.403261 0.444986 0.406522
3 0.42722800000000005 0.379348 0.426184 0.377174 0.425836 0.366304 0.42479100000000003 0.361957 0.423747 0.376087 0.422702 0.38043499999999997 0.42688 0.38152200000000003 0.42722800000000005 0.379348
1 0.40842599999999996 0.383696 0.407382 0.36413 0.406337 0.36413 0.40598900000000004 0.375 0.40424800000000005 0.386957 0.40947100000000003 0.386957 0.40842599999999996 0.383696
1 0.366643 0.4 0.368036 0.403261 0.37360699999999997 0.40217400000000003 0.371518 0.384783 0.37117 0.370652 0.370125 0.371739 0.36873300000000003 0.393478 0.368036 0.397826 0.366643 0.4
1 0.323816 0.388043 0.322772 0.383696 0.322772 0.376087 0.32137899999999997 0.36413 0.319986 0.36956500000000003 0.31928999999999996 0.383696 0.318245 0.388043 0.323816 0.388043
3 0.322772 0.431522 0.333217 0.43260899999999997 0.333565 0.428261 0.332521 0.42717400000000005 0.331825 0.42391300000000004 0.33077999999999996 0.39891299999999996 0.329735 0.394565 0.329735 0.38913000000000003 0.32903899999999997 0.384783 0.327298 0.384783 0.326602 0.38913000000000003 0.324513 0.425 0.322772 0.428261 0.322772 0.431522
3 0.329735 0.376087 0.329735 0.36847799999999997 0.32903899999999997 0.363043 0.328343 0.361957 0.327298 0.376087 0.325905 0.38152200000000003 0.331128 0.38152200000000003 0.329735 0.376087
1 0.284123 0.40108699999999997 0.28273000000000004 0.395652 0.282033 0.38260900000000003 0.281337 0.38043499999999997 0.281337 0.371739 0.279596 0.370652 0.278203 0.396739 0.27715900000000004 0.397826 0.27681100000000003 0.40108699999999997 0.284123 0.40108699999999997
3 0.267758 0.45543500000000003 0.266713 0.45869600000000005 0.26566900000000004 0.45869600000000005 0.26532 0.46195700000000006 0.263928 0.46413000000000004 0.263928 0.46630399999999994 0.279248 0.467391 0.279596 0.459783 0.277507 0.45869600000000005 0.27681100000000003 0.454348 0.275766 0.430435 0.274025 0.40869600000000006 0.27332900000000004 0.40543500000000005 0.27124000000000004 0.40543500000000005 0.270543 0.407609 0.26949900000000004 0.421739 0.26915 0.43587 0.267758 0.45543500000000003
3 0.25 0.411957 0.25 0.41413 0.25139300000000003 0.41630399999999995 0.25626699999999997 0.417391 0.259401 0.41413 0.259401 0.411957 0.258357 0.41086999999999996 0.25766 0.407609 0.25766 0.40108699999999997 0.255571 0.375 0.254178 0.377174 0.252089 0.39891299999999996 0.251741 0.409783 0.25 0.411957
3 0.8426180000000001 0.42934799999999995 0.844708 0.43260899999999997 0.844708 0.43804299999999996 0.8440110000000001 0.44239100000000003 0.841922 0.44565200000000005 0.841922 0.44782599999999995 0.8485379999999999 0.45108699999999996 0.85376 0.45 0.854457 0.446739 0.852368 0.44239100000000003 0.852019 0.43260899999999997 0.849234 0.403261 0.8478410000000001 0.40108699999999997 0.8467969999999999 0.403261 0.8457520000000001 0.418478 0.8426180000000001 0.42717400000000005 0.8426180000000001 0.42934799999999995
3 0.7604460000000001 0.407609 0.758705 0.409783 0.758705 0.411957 0.76532 0.41304299999999994 0.7677579999999999 0.41086999999999996 0.766017 0.406522 0.765669 0.394565 0.764624 0.386957 0.764624 0.379348 0.763928 0.375 0.763231 0.375 0.7621870000000001 0.38587 0.76149 0.388043 0.7604460000000001 0.407609
3 0.732939 0.386957 0.731198 0.394565 0.7378129999999999 0.394565 0.736769 0.390217 0.735724 0.36956500000000003 0.735028 0.365217 0.734331 0.365217 0.733635 0.373913 0.7322420000000001 0.379348 0.7322420000000001 0.383696 0.732939 0.386957
3 0.68837 0.386957 0.6869780000000001 0.379348 0.6862809999999999 0.363043 0.685585 0.363043 0.6845399999999999 0.370652 0.6845399999999999 0.377174 0.683148 0.38587 0.68837 0.386957
1 0.603064 0.40217400000000003 0.6037600000000001 0.404348 0.610028 0.404348 0.610724 0.403261 0.610724 0.40108699999999997 0.608983 0.396739 0.607591 0.371739 0.606546 0.371739 0.6051529999999999 0.383696 0.604805 0.395652 0.604109 0.4 0.603064 0.40217400000000003
1 0.610376 0.394565 0.611421 0.392391 0.610028 0.38913000000000003 0.608983 0.36739099999999997 0.607939 0.366304 0.6072420000000001 0.370652 0.607939 0.371739 0.609331 0.394565 0.610376 0.394565
3 0.603064 0.383696 0.6051529999999999 0.38260900000000003 0.606198 0.371739 0.606198 0.36413 0.6051529999999999 0.36413 0.604109 0.378261 0.603064 0.38152200000000003 0.603064 0.383696
1 0.547006 0.392391 0.5459609999999999 0.38587 0.5459609999999999 0.373913 0.545265 0.370652 0.545265 0.366304 0.543872 0.365217 0.543175 0.370652 0.5428270000000001 0.384783 0.541435 0.392391 0.547006 0.392391
3 0.522284 0.38043499999999997 0.520543 0.36956500000000003 0.520195 0.361957 0.5194989999999999 0.361957 0.518802 0.375 0.517061 0.38152200000000003 0.521588 0.38260900000000003 0.522284 0.38043499999999997
3 0.23433099999999998 0.384783 0.235724 0.384783 0.23468 0.378261 0.233983 0.363043 0.23328700000000002 0.363043 0.232939 0.36739099999999997 0.233983 0.376087 0.233983 0.38260900000000003 0.23433099999999998 0.384783
1 0.22876 0.390217 0.23502800000000001 0.390217 0.23363499999999998 0.38260900000000003 0.23363499999999998 0.376087 0.232591 0.365217 0.231894 0.365217 0.23119800000000001 0.36956500000000003 0.22980499999999998 0.386957 0.22876 0.390217
1 0.17687999999999998 0.404348 0.175139 0.395652 0.17687999999999998 0.393478 0.177228 0.386957 0.174443 0.38260900000000003 0.173747 0.370652 0.171657 0.370652 0.170961 0.38913000000000003 0.169568 0.4 0.16817500000000002 0.403261 0.17687999999999998 0.404348
1 0.136142 0.393478 0.134749 0.386957 0.134053 0.370652 0.13266 0.36956500000000003 0.130919 0.386957 0.129526 0.394565 0.135446 0.395652 0.136142 0.393478
3 0.126393 0.532609 0.125348 0.536957 0.125348 0.5423910000000001 0.124304 0.544565 0.124304 0.546739 0.141017 0.546739 0.147284 0.544565 0.15006999999999998 0.541304 0.149721 0.5293479999999999 0.146588 0.528261 0.14519500000000002 0.518478 0.143802 0.501087 0.142758 0.476087 0.140669 0.45108699999999996 0.135794 0.452174 0.130223 0.5293479999999999 0.128134 0.532609 0.126393 0.532609
3 0.11142099999999999 0.426087 0.112465 0.42391300000000004 0.112465 0.421739 0.11107199999999999 0.420652 0.11002799999999999 0.415217 0.10898300000000001 0.391304 0.10793900000000001 0.38152200000000003 0.10585 0.38043499999999997 0.10376 0.41086999999999996 0.102716 0.417391 0.10027900000000001 0.425 0.11142099999999999 0.426087
3 0.128482 0.383696 0.128134 0.370652 0.127437 0.365217 0.126393 0.365217 0.125348 0.38043499999999997 0.123607 0.388043 0.129526 0.388043 0.128482 0.383696
1 0.048747 0.409783 0.05501399999999999 0.409783 0.055362 0.406522 0.053620999999999995 0.40217400000000003 0.052925 0.394565 0.052228 0.376087 0.05118399999999999 0.375 0.050487000000000004 0.376087 0.050139 0.383696 0.048747 0.394565 0.048747 0.409783