1 0.439067 0.5380429999999999 0.43802199999999997 0.543478 0.43662999999999996 0.56087 0.435933 0.56413 0.43071000000000004 0.569565 0.43071000000000004 0.593478 0.46065500000000004 0.593478 0.46065500000000004 0.5869570000000001 0.459958 0.58587 0.459958 0.575 0.458565 0.570652 0.45578 0.570652 0.454735 0.565217 0.454039 0.5478259999999999 0.452646 0.5336960000000001 0.45194999999999996 0.5054350000000001 0.449861 0.459783 0.44428999999999996 0.45869600000000005 0.441504 0.5 0.441504 0.507609 0.44046 0.515217 0.439067 0.5380429999999999
1 0.480501 0.43695700000000004 0.47771600000000003 0.43913 0.477019 0.45 0.48433099999999996 0.453261 0.494777 0.453261 0.49617000000000006 0.446739 0.49617000000000006 0.44239100000000003 0.495474 0.44021699999999997 0.49303600000000003 0.44021699999999997 0.49234 0.43695700000000004 0.49025100000000005 0.373913 0.48955399999999993 0.36956500000000003 0.48676899999999995 0.36956500000000003 0.48537600000000003 0.379348 0.48433099999999996 0.397826 0.481198 0.433696 0.480501 0.43695700000000004
1 0.5637190000000001 0.395652 0.562326 0.40217400000000003 0.567549 0.40543500000000005 0.575557 0.40543500000000005 0.5766020000000001 0.404348 0.5766020000000001 0.39891299999999996 0.5745129999999999 0.395652 0.572423 0.347826 0.571727 0.34565199999999996 0.569986 0.34565199999999996 0.56929 0.347826 0.568245 0.36739099999999997 0.565808 0.394565 0.5637190000000001 0.395652
1 0.661908 0.391304 0.66539 0.393478 0.6751389999999999 0.393478 0.674095 0.392391 0.6733979999999999 0.388043 0.672354 0.388043 0.671657 0.38587 0.670265 0.347826 0.669568 0.343478 0.668175 0.343478 0.667131 0.348913 0.664345 0.383696 0.662604 0.38587 0.661908 0.391304
1 0.773677 0.393478 0.773677 0.395652 0.772284 0.397826 0.774373 0.397826 0.7754179999999999 0.4 0.784123 0.4 0.784123 0.397826 0.782382 0.394565 0.780989 0.357609 0.7788999999999999 0.356522 0.778203 0.358696 0.775766 0.38913000000000003 0.774721 0.393478 0.773677 0.393478
1 0.9038999999999999 0.422826 0.9111805578125001 0.42366782187499996 0.910515 0.418478 0.908774 0.417391 0.9073819999999999 0.38043499999999997 0.9049440000000001 0.379348 0.9014620000000001 0.41413 0.900766 0.41630399999999995 0.8997210000000001 0.41630399999999995 0.899025 0.41956499999999997 0.897632 0.41956499999999997 0.9038999999999999 0.422826
3 0.258705 0.330435 0.257312 0.338043 0.255919 0.352174 0.255919 0.355435 0.256616 0.357609 0.255571 0.372826 0.253134 0.375 0.251741 0.38152200000000003 0.248259 0.38260900000000003 0.252089 0.38260900000000003 0.25383 0.384783 0.266365 0.384783 0.267758 0.38260900000000003 0.268802 0.38260900000000003 0.268106 0.377174 0.266017 0.377174 0.264972 0.375 0.263928 0.343478 0.262187 0.31521699999999997 0.26009699999999997 0.31521699999999997 0.259401 0.318478 0.258705 0.330435
3 0.42305000000000004 0.344565 0.422006 0.344565 0.420961 0.348913 0.420265 0.348913 0.422702 0.35108700000000004 0.432799 0.35108700000000004 0.43245100000000003 0.346739 0.43036199999999997 0.34565199999999996 0.42896900000000004 0.304348 0.426532 0.303261 0.425836 0.31413 0.424095 0.326087 0.423747 0.342391 0.42305000000000004 0.344565
3 0.5637190000000001 0.343478 0.5630219999999999 0.34565199999999996 0.56337 0.347826 0.5689420000000001 0.348913 0.569986 0.344565 0.5706819999999999 0.344565 0.570334 0.322826 0.56929 0.30869599999999997 0.567549 0.30978300000000003 0.565808 0.32717399999999996 0.565111 0.342391 0.5637190000000001 0.343478
3 0.705084 0.361957 0.7116990000000001 0.361957 0.7092620000000001 0.356522 0.708914 0.347826 0.70961 0.34565199999999996 0.70961 0.33913000000000004 0.708565 0.33587 0.708565 0.32717399999999996 0.706476 0.326087 0.704387 0.354348 0.702994 0.356522 0.702298 0.359783 0.705084 0.361957
3 0.8495820000000001 0.38587 0.854109 0.388043 0.8589829999999999 0.388043 0.8586349999999999 0.384783 0.857591 0.383696 0.857242 0.365217 0.856546 0.361957 0.856198 0.353261 0.854457 0.352174 0.852368 0.36847799999999997 0.851671 0.38043499999999997 0.8495820000000001 0.383696 0.8495820000000001 0.38587
4 0.937674 0.358696 0.9369780000000001 0.356522 0.9362809999999999 0.348913 0.9362809999999999 0.341304 0.9352370000000001 0.340217 0.933844 0.35 0.9334960000000001 0.358696 0.937326 0.359783 0.937674 0.358696
4 0.8948470000000001 0.355435 0.898677 0.354348 0.897981 0.352174 0.897981 0.341304 0.897284 0.33587 0.89624 0.338043 0.8948470000000001 0.352174 0.89415 0.353261 0.8948470000000001 0.355435
4 0.792131 0.311957 0.791435 0.313043 0.789345 0.32934800000000003 0.7928270000000001 0.328261 0.792131 0.311957
4 0.793524 0.325 0.793524 0.311957 0.7924789999999999 0.30869599999999997 0.792131 0.31087 0.7928270000000001 0.31413 0.7928270000000001 0.323913 0.793524 0.325
4 0.6998610000000001 0.311957 0.702994 0.31087 0.70195 0.294565 0.700905 0.29565199999999997 0.700905 0.3 0.6995129999999999 0.30978300000000003 0.6998610000000001 0.311957
4 0.685237 0.288043 0.683496 0.303261 0.68663 0.304348 0.6862809999999999 0.291304 0.685237 0.288043
4 0.307103 0.272826 0.306407 0.269565 0.306058 0.25652200000000003 0.305014 0.24673899999999999 0.303969 0.24782600000000002 0.302925 0.267391 0.301184 0.272826 0.307103 0.272826
4 0.370474 0.26413000000000003 0.369429 0.24565199999999998 0.368384 0.244565 0.36734 0.261957 0.366295 0.265217 0.370125 0.266304 0.370474 0.26413000000000003
4 0.413301 0.294565 0.41260399999999997 0.290217 0.41156 0.266304 0.410864 0.266304 0.409123 0.28586999999999996 0.407382 0.294565 0.413301 0.294565
4 0.45960999999999996 0.286957 0.464136 0.288043 0.46344 0.283696 0.46309199999999995 0.267391 0.462744 0.265217 0.461699 0.265217 0.46135099999999996 0.272826 0.46065500000000004 0.276087 0.46065500000000004 0.282609 0.45960999999999996 0.286957
4 0.525766 0.28913 0.529596 0.290217 0.5288999999999999 0.271739 0.527855 0.270652 0.526811 0.280435 0.526811 0.28586999999999996 0.525766 0.286957 0.525766 0.28913
4 0.608287 0.281522 0.607591 0.280435 0.6068939999999999 0.283696 0.606198 0.29782600000000004 0.609331 0.29782600000000004 0.608287 0.281522
4 0.606546 0.283696 0.607591 0.27934800000000004 0.6072420000000001 0.276087 0.606546 0.276087 0.6055010000000001 0.286957 0.60585 0.29239099999999996 0.606546 0.283696
4 0.546657 0.283696 0.5501389999999999 0.283696 0.549095 0.266304 0.5483979999999999 0.266304 0.547702 0.270652 0.547702 0.276087 0.546657 0.283696
4 0.485724 0.271739 0.485724 0.261957 0.48502799999999996 0.25760900000000003 0.483983 0.26087 0.48259100000000005 0.277174 0.486421 0.277174 0.485724 0.271739
4 0.564415 0.268478 0.564067 0.266304 0.56337 0.266304 0.5619780000000001 0.280435 0.565111 0.280435 0.564415 0.275 0.564415 0.268478