1 0.723886 0.379348 0.722145 0.383696 0.746518 0.383696 0.74617 0.38043499999999997 0.743384 0.378261 0.743036 0.372826 0.740947 0.371739 0.7395539999999999 0.36739099999999997 0.738858 0.355435 0.737117 0.346739 0.736421 0.31521699999999997 0.735376 0.305435 0.731198 0.304348 0.727368 0.36956500000000003 0.726671 0.372826 0.724234 0.373913 0.723886 0.379348
1 0.5501389999999999 0.322826 0.564415 0.322826 0.564067 0.320652 0.562326 0.319565 0.5619780000000001 0.31630400000000003 0.560585 0.31521699999999997 0.5595399999999999 0.31087 0.559192 0.303261 0.558148 0.298913 0.5577989999999999 0.280435 0.557103 0.27391299999999996 0.5536209999999999 0.27391299999999996 0.552228 0.31413 0.551532 0.317391 0.5501389999999999 0.318478 0.5501389999999999 0.322826
1 0.444986 0.313043 0.444986 0.30978300000000003 0.443942 0.30978300000000003 0.441156 0.303261 0.439763 0.290217 0.439067 0.271739 0.436281 0.271739 0.435237 0.306522 0.433496 0.30869599999999997 0.43245100000000003 0.313043 0.444986 0.313043
1 0.312674 0.31521699999999997 0.31128100000000003 0.31413 0.30954000000000004 0.30869599999999997 0.308148 0.293478 0.307799 0.282609 0.30571000000000004 0.281522 0.304666 0.30978300000000003 0.302925 0.317391 0.312674 0.317391 0.312674 0.31521699999999997
1 0.16434500000000002 0.334783 0.173747 0.334783 0.173398 0.330435 0.171657 0.32934800000000003 0.170961 0.32717399999999996 0.169568 0.301087 0.167131 0.301087 0.166435 0.32717399999999996 0.16538999999999998 0.33260900000000004 0.16434500000000002 0.33260900000000004 0.16434500000000002 0.334783
3 0.40773000000000004 0.659783 0.405641 0.666304 0.40529200000000004 0.673913 0.401462 0.690217 0.401462 0.693478 0.417479 0.695652 0.437326 0.695652 0.439415 0.692391 0.44603099999999996 0.676087 0.44812 0.669565 0.44777199999999995 0.661957 0.443942 0.659783 0.440808 0.652174 0.43697800000000003 0.65 0.433496 0.613043 0.426184 0.516304 0.418872 0.515217 0.417479 0.517391 0.416783 0.546739 0.412256 0.6543479999999999 0.40773000000000004 0.659783
3 0.458565 0.43695700000000004 0.458565 0.443478 0.477019 0.444565 0.479805 0.44239100000000003 0.479805 0.430435 0.476323 0.42717400000000005 0.475279 0.421739 0.47423400000000004 0.4 0.47075199999999995 0.355435 0.465877 0.354348 0.46309199999999995 0.42717400000000005 0.462047 0.431522 0.460306 0.43260899999999997 0.458565 0.43695700000000004
3 0.404596 0.375 0.408078 0.372826 0.409123 0.370652 0.409123 0.36413 0.40703300000000003 0.36413 0.406337 0.361957 0.40250700000000006 0.313043 0.399373 0.313043 0.397284 0.36413 0.39415 0.36956500000000003 0.393802 0.375 0.404596 0.375
3 0.334262 0.348913 0.331476 0.344565 0.328691 0.305435 0.325557 0.305435 0.323468 0.347826 0.321031 0.355435 0.333914 0.354348 0.334262 0.348913
3 0.22284099999999998 0.354348 0.23433099999999998 0.353261 0.23433099999999998 0.346739 0.23328700000000002 0.346739 0.232242 0.343478 0.23119800000000001 0.333696 0.22980499999999998 0.30978300000000003 0.22597499999999998 0.30978300000000003 0.22597499999999998 0.32934800000000003 0.225279 0.34565199999999996 0.22284099999999998 0.35108700000000004 0.22284099999999998 0.354348
3 0.106894 0.361957 0.106546 0.36847799999999997 0.11699200000000001 0.36847799999999997 0.11768799999999999 0.36413 0.11734 0.36086999999999997 0.116295 0.36086999999999997 0.11525099999999999 0.357609 0.114903 0.344565 0.114206 0.336957 0.11351 0.33587 0.11316200000000001 0.32934800000000003 0.112465 0.325 0.11002799999999999 0.325 0.11002799999999999 0.330435 0.108635 0.343478 0.108287 0.359783 0.106894 0.361957