3 0.371518 0.646739 0.371518 0.652174 0.370474 0.659783 0.36873300000000003 0.68913 0.367688 0.697826 0.36734 0.71087 0.365599 0.715217 0.361421 0.718478 0.360376 0.721739 0.360028 0.7304350000000001 0.358287 0.73587 0.35550099999999996 0.738043 0.354109 0.742391 0.354457 0.7445649999999999 0.362465 0.748913 0.369429 0.75 0.37117 0.752174 0.389276 0.754348 0.397632 0.741304 0.40250700000000006 0.731522 0.40250700000000006 0.728261 0.397632 0.7260869999999999 0.395891 0.717391 0.391713 0.71413 0.39066900000000004 0.709783 0.388928 0.677174 0.388928 0.6673910000000001 0.385794 0.6304350000000001 0.385794 0.620652 0.384401 0.606522 0.383705 0.5913039999999999 0.38266 0.58587 0.376741 0.584783 0.375696 0.590217 0.372214 0.643478 0.371518 0.646739
3 0.524025 0.5956520000000001 0.523677 0.602174 0.5198470000000001 0.603261 0.5198470000000001 0.6054350000000001 0.522632 0.609783 0.529248 0.615217 0.544568 0.615217 0.547702 0.613043 0.552577 0.613043 0.552577 0.608696 0.549791 0.6054350000000001 0.5483979999999999 0.596739 0.545613 0.5956520000000001 0.544568 0.5913039999999999 0.542131 0.563043 0.542131 0.551087 0.539694 0.517391 0.539694 0.506522 0.534123 0.506522 0.528552 0.592391 0.5275070000000001 0.594565 0.524721 0.594565 0.524025 0.5956520000000001
3 0.68663 0.48586999999999997 0.685585 0.5108699999999999 0.684889 0.5130429999999999 0.682451 0.51413 0.681755 0.5195649999999999 0.678969 0.5195649999999999 0.678969 0.522826 0.680014 0.526087 0.6862809999999999 0.526087 0.6887190000000001 0.528261 0.701253 0.528261 0.7016020000000001 0.525 0.6995129999999999 0.521739 0.6995129999999999 0.517391 0.696727 0.51413 0.6963790000000001 0.5 0.6956819999999999 0.496739 0.693245 0.454348 0.689763 0.454348 0.689067 0.467391 0.687326 0.47717400000000004 0.687326 0.48260899999999995 0.68663 0.48586999999999997
3 0.776462 0.456522 0.775766 0.471739 0.77507 0.47391300000000003 0.77507 0.483696 0.789345 0.484783 0.789345 0.48043500000000006 0.786212 0.47717400000000004 0.785864 0.46413000000000004 0.7848189999999999 0.45543500000000003 0.7848189999999999 0.45 0.784123 0.446739 0.783774 0.43260899999999997 0.783426 0.430435 0.7806409999999999 0.430435 0.779944 0.433696 0.779248 0.448913 0.778203 0.454348 0.776462 0.456522
1 0.722145 0.365217 0.722145 0.358696 0.7211000000000001 0.357609 0.720404 0.36739099999999997 0.7193590000000001 0.372826 0.723189 0.372826 0.722145 0.365217
3 0.841922 0.431522 0.842967 0.43478300000000003 0.842967 0.443478 0.8426180000000001 0.446739 0.841226 0.448913 0.841226 0.452174 0.851323 0.453261 0.851323 0.45108699999999996 0.84993 0.45 0.849234 0.44565200000000005 0.847493 0.41304299999999994 0.8457520000000001 0.41304299999999994 0.8450559999999999 0.41630399999999995 0.844708 0.42717400000000005 0.842967 0.428261 0.841922 0.431522
3 0.884053 0.430435 0.8826599999999999 0.433696 0.8826599999999999 0.43804299999999996 0.8913650000000001 0.43804299999999996 0.8913650000000001 0.43478300000000003 0.89032 0.43478300000000003 0.8896240000000001 0.43260899999999997 0.888231 0.404348 0.8861420000000001 0.404348 0.885097 0.411957 0.884053 0.415217 0.8844010000000001 0.426087 0.884053 0.430435
3 0.909819 0.43260899999999997 0.918524 0.43260899999999997 0.918524 0.430435 0.9174789999999999 0.42934799999999995 0.916783 0.426087 0.91539 0.40217400000000003 0.913301 0.40108699999999997 0.91156 0.411957 0.9112120000000001 0.42717400000000005 0.909819 0.428261 0.909819 0.43260899999999997
1 0.914345 0.392391 0.913649 0.377174 0.912604 0.377174 0.91156 0.384783 0.911908 0.396739 0.9157379999999999 0.396739 0.914345 0.392391
1 0.900766 0.403261 0.907033 0.403261 0.907033 0.40108699999999997 0.905292 0.39891299999999996 0.904596 0.38043499999999997 0.9032030000000001 0.38043499999999997 0.901811 0.391304 0.901811 0.397826 0.900766 0.39891299999999996 0.900766 0.403261
3 0.8931060000000001 0.38043499999999997 0.892758 0.371739 0.8913650000000001 0.370652 0.8896240000000001 0.388043 0.89415 0.388043 0.89415 0.384783 0.8931060000000001 0.38043499999999997
1 0.854109 0.388043 0.853412 0.38260900000000003 0.853064 0.36956500000000003 0.851323 0.36847799999999997 0.851323 0.372826 0.8502789999999999 0.378261 0.8495820000000001 0.388043 0.854109 0.388043
1 0.8238160000000001 0.390217 0.82312 0.390217 0.82312 0.392391 0.827994 0.392391 0.8272980000000001 0.388043 0.8272980000000001 0.372826 0.8255570000000001 0.372826 0.8245129999999999 0.379348 0.8245129999999999 0.386957 0.8238160000000001 0.390217
3 0.8067550000000001 0.396739 0.8067550000000001 0.4 0.812674 0.4 0.810933 0.38587 0.810933 0.377174 0.8095399999999999 0.377174 0.8081480000000001 0.383696 0.8081480000000001 0.392391 0.8077989999999999 0.395652 0.8067550000000001 0.396739
3 0.831476 0.376087 0.831476 0.378261 0.8353059999999999 0.378261 0.833914 0.365217 0.8325210000000001 0.365217 0.8325210000000001 0.36847799999999997 0.831825 0.370652 0.832173 0.375 0.831476 0.376087
1 0.8015319999999999 0.379348 0.8004870000000001 0.372826 0.8004870000000001 0.36413 0.799791 0.36413 0.798747 0.36739099999999997 0.797702 0.379348 0.8015319999999999 0.379348
3 0.740947 0.388043 0.74617 0.388043 0.745125 0.38043499999999997 0.744429 0.36739099999999997 0.743036 0.36739099999999997 0.741992 0.376087 0.741992 0.383696 0.740947 0.38587 0.740947 0.388043
3 0.706128 0.361957 0.704735 0.361957 0.703343 0.379348 0.7075210000000001 0.379348 0.706128 0.372826 0.706128 0.361957
1 0.050836000000000006 0.359783 0.050139 0.358696 0.050139 0.352174 0.048747 0.352174 0.048747 0.375 0.05118399999999999 0.375 0.050487000000000004 0.370652 0.050836000000000006 0.359783
3 0.10341199999999999 0.40869600000000006 0.10341199999999999 0.411957 0.114206 0.411957 0.114206 0.40869600000000006 0.11281300000000001 0.407609 0.112117 0.404348 0.112117 0.396739 0.11385799999999999 0.395652 0.11351 0.38260900000000003 0.11176900000000001 0.38152200000000003 0.11107199999999999 0.379348 0.110724 0.36956500000000003 0.108287 0.36956500000000003 0.10619799999999999 0.386957 0.105501 0.406522 0.104805 0.40869600000000006 0.10341199999999999 0.40869600000000006
3 0.267409 0.420652 0.264624 0.411957 0.262187 0.376087 0.259749 0.376087 0.25766 0.41086999999999996 0.25522300000000003 0.417391 0.25522300000000003 0.420652 0.267409 0.420652
3 0.431755 0.41413 0.440808 0.41413 0.440808 0.409783 0.439763 0.40869600000000006 0.439067 0.40543500000000005 0.439763 0.394565 0.43802199999999997 0.38587 0.437326 0.376087 0.435585 0.376087 0.433844 0.394565 0.433496 0.406522 0.431755 0.409783 0.431755 0.41413
1 0.434192 0.38913000000000003 0.43488899999999997 0.38043499999999997 0.43454 0.361957 0.432799 0.363043 0.431755 0.38043499999999997 0.430014 0.38913000000000003 0.434192 0.38913000000000003
3 0.539345 0.40217400000000003 0.539345 0.404348 0.546309 0.404348 0.546309 0.40217400000000003 0.545613 0.40217400000000003 0.544916 0.397826 0.543524 0.372826 0.542131 0.372826 0.5407379999999999 0.388043 0.5407379999999999 0.397826 0.54039 0.40108699999999997 0.539345 0.40217400000000003
3 0.5689420000000001 0.392391 0.568245 0.392391 0.568245 0.394565 0.5745129999999999 0.394565 0.5745129999999999 0.392391 0.5731200000000001 0.391304 0.572075 0.36739099999999997 0.570334 0.36739099999999997 0.56929 0.38152200000000003 0.56929 0.386957 0.569986 0.38913000000000003 0.5689420000000001 0.392391
1 0.096448 0.377174 0.095056 0.38043499999999997 0.095056 0.383696 0.102019 0.383696 0.100975 0.376087 0.100975 0.365217 0.10027900000000001 0.363043 0.09992999999999999 0.354348 0.098189 0.354348 0.097493 0.356522 0.097493 0.363043 0.096797 0.365217 0.096448 0.377174
1 0.207869 0.390217 0.20578 0.38152200000000003 0.20473499999999997 0.359783 0.20264600000000002 0.358696 0.201253 0.38260900000000003 0.199513 0.38587 0.199513 0.390217 0.207869 0.390217
1 0.284123 0.373913 0.284123 0.371739 0.283426 0.370652 0.28273000000000004 0.355435 0.281337 0.355435 0.28064100000000003 0.36956500000000003 0.279596 0.371739 0.279596 0.373913 0.284123 0.373913
1 0.21796700000000002 0.375 0.21622599999999997 0.354348 0.21518099999999998 0.354348 0.21448499999999998 0.357609 0.21448499999999998 0.363043 0.213092 0.375 0.21796700000000002 0.375
3 0.193245 0.36413 0.192549 0.354348 0.191504 0.354348 0.191156 0.363043 0.189415 0.370652 0.194986 0.370652 0.193245 0.36413
3 0.260794 0.36956500000000003 0.26009699999999997 0.365217 0.259749 0.352174 0.258705 0.352174 0.25766 0.356522 0.25766 0.363043 0.256616 0.36847799999999997 0.260794 0.36956500000000003
3 0.319638 0.366304 0.319986 0.36086999999999997 0.31928999999999996 0.357609 0.31928999999999996 0.353261 0.317897 0.353261 0.316852 0.366304 0.316156 0.36847799999999997 0.320334 0.36847799999999997 0.319638 0.366304
1 0.336351 0.391304 0.34401099999999996 0.391304 0.34401099999999996 0.388043 0.343315 0.388043 0.34226999999999996 0.383696 0.34226999999999996 0.370652 0.341574 0.361957 0.339833 0.36086999999999997 0.338092 0.372826 0.337744 0.38260900000000003 0.336351 0.386957 0.336351 0.391304
1 0.350627 0.36413 0.34992999999999996 0.363043 0.34992999999999996 0.356522 0.349582 0.354348 0.348538 0.354348 0.347145 0.372826 0.351323 0.372826 0.350627 0.370652 0.350627 0.36413
3 0.366643 0.352174 0.365251 0.36739099999999997 0.36873300000000003 0.36739099999999997 0.367688 0.353261 0.366643 0.352174
1 0.397632 0.36847799999999997 0.39798100000000003 0.36413 0.397284 0.36086999999999997 0.397284 0.354348 0.395891 0.354348 0.395543 0.36739099999999997 0.39449900000000004 0.371739 0.39832900000000004 0.371739 0.397632 0.36847799999999997
3 0.42130900000000004 0.358696 0.42130900000000004 0.353261 0.420265 0.353261 0.419916 0.361957 0.418872 0.36847799999999997 0.422354 0.36847799999999997 0.42130900000000004 0.358696
1 0.46065500000000004 0.36413 0.46065500000000004 0.354348 0.459262 0.354348 0.45891400000000004 0.365217 0.45786899999999997 0.370652 0.461699 0.370652 0.46065500000000004 0.36413
1 0.49442899999999995 0.36739099999999997 0.49442899999999995 0.359783 0.493384 0.356522 0.49234 0.36956500000000003 0.49129500000000004 0.375 0.495822 0.375 0.49442899999999995 0.36739099999999997
1 0.48781299999999994 0.354348 0.48537600000000003 0.36847799999999997 0.489206 0.36847799999999997 0.48851000000000006 0.366304 0.48781299999999994 0.354348
1 0.51532 0.371739 0.514276 0.366304 0.514276 0.356522 0.513231 0.356522 0.5121870000000001 0.36413 0.512535 0.36847799999999997 0.51149 0.371739 0.51532 0.371739
1 0.508357 0.354348 0.50766 0.36413 0.506964 0.366304 0.510097 0.366304 0.508357 0.354348
1 0.535515 0.355435 0.5348189999999999 0.355435 0.533426 0.36956500000000003 0.5365599999999999 0.36956500000000003 0.535515 0.363043 0.535515 0.355435
1 0.546309 0.363043 0.5459609999999999 0.353261 0.545265 0.353261 0.544916 0.36413 0.5442199999999999 0.366304 0.547354 0.366304 0.546309 0.363043
3 0.590529 0.373913 0.589485 0.370652 0.589136 0.356522 0.588092 0.356522 0.587047 0.372826 0.586351 0.375 0.590529 0.376087 0.590529 0.373913
1 0.681407 0.356522 0.68071 0.356522 0.6793180000000001 0.36956500000000003 0.682103 0.36956500000000003 0.681407 0.356522
1 0.6998610000000001 0.354348 0.6981200000000001 0.366304 0.700557 0.366304 0.6998610000000001 0.361957 0.6998610000000001 0.354348
3 0.66539 0.373913 0.66539 0.371739 0.664345 0.36956500000000003 0.664345 0.358696 0.662604 0.357609 0.661908 0.36413 0.662256 0.36847799999999997 0.6615599999999999 0.372826 0.66539 0.373913
1 0.642061 0.36847799999999997 0.645195 0.36847799999999997 0.64415 0.361957 0.64415 0.354348 0.643454 0.354348 0.642409 0.36086999999999997 0.6427579999999999 0.365217 0.642061 0.366304 0.642061 0.36847799999999997
3 0.59993 0.372826 0.598538 0.365217 0.598538 0.355435 0.5974929999999999 0.355435 0.596797 0.361957 0.596797 0.36956500000000003 0.5961000000000001 0.372826 0.59993 0.372826
3 0.631616 0.366304 0.630919 0.365217 0.630919 0.355435 0.629526 0.355435 0.629178 0.36956500000000003 0.628482 0.371739 0.631964 0.371739 0.631616 0.366304
1 0.11142099999999999 0.375 0.114554 0.375 0.11281300000000001 0.365217 0.112465 0.353261 0.11107199999999999 0.353261 0.110376 0.359783 0.110376 0.36847799999999997 0.11107199999999999 0.36956500000000003 0.11142099999999999 0.375
1 0.625696 0.352174 0.624652 0.352174 0.623955 0.365217 0.626393 0.365217 0.625696 0.359783 0.625696 0.352174
3 0.565111 0.377174 0.565111 0.38260900000000003 0.565808 0.383696 0.5689420000000001 0.383696 0.5689420000000001 0.358696 0.567549 0.358696 0.566852 0.361957 0.566504 0.375 0.565111 0.377174
3 0.907033 0.41413 0.907033 0.41630399999999995 0.9112120000000001 0.41630399999999995 0.911908 0.407609 0.91156 0.390217 0.9094709999999999 0.391304 0.908078 0.40108699999999997 0.908078 0.411957 0.907033 0.41413
3 0.441156 0.353261 0.44011100000000003 0.356522 0.439415 0.366304 0.442201 0.366304 0.441156 0.353261
3 0.516017 0.353261 0.514972 0.352174 0.514624 0.36413 0.516713 0.36413 0.516017 0.361957 0.516017 0.353261
3 0.620474 0.353261 0.619777 0.355435 0.619429 0.363043 0.621518 0.363043 0.620474 0.353261
3 0.785515 0.358696 0.784123 0.357609 0.783426 0.365217 0.783774 0.370652 0.7865599999999999 0.370652 0.785515 0.358696
3 0.754178 0.354348 0.753134 0.354348 0.7527860000000001 0.366304 0.754875 0.366304 0.754875 0.357609 0.754178 0.354348
3 0.717618 0.353261 0.7169220000000001 0.353261 0.716574 0.36413 0.718315 0.36413 0.717618 0.359783 0.717618 0.353261
3 0.672006 0.353261 0.670613 0.354348 0.670613 0.361957 0.669916 0.365217 0.67305 0.365217 0.672006 0.353261
1 0.565808 0.354348 0.564763 0.354348 0.564763 0.36413 0.5637190000000001 0.36847799999999997 0.566504 0.36847799999999997 0.565808 0.354348
1 0.583217 0.352174 0.5825210000000001 0.365217 0.584958 0.365217 0.5842620000000001 0.354348 0.583217 0.352174
1 0.752437 0.366304 0.752437 0.357609 0.751045 0.357609 0.750348 0.372826 0.75383 0.372826 0.753134 0.36739099999999997 0.752437 0.366304
1 0.784123 0.378261 0.783426 0.366304 0.781685 0.366304 0.781337 0.379348 0.7806409999999999 0.383696 0.7851670000000001 0.383696 0.784123 0.378261
1 0.473886 0.373913 0.47318899999999997 0.358696 0.471797 0.358696 0.471448 0.36739099999999997 0.469359 0.38043499999999997 0.475279 0.38043499999999997 0.473886 0.373913
3 0.473886 0.365217 0.47492999999999996 0.365217 0.473886 0.357609 0.473886 0.353261 0.472841 0.353261 0.47249299999999994 0.357609 0.473538 0.358696 0.47423400000000004 0.363043 0.473886 0.365217
1 0.720752 0.355435 0.7193590000000001 0.355435 0.718663 0.36739099999999997 0.720056 0.36739099999999997 0.720752 0.355435