3 0.369081 0.44782599999999995 0.379875 0.44782599999999995 0.380571 0.443478 0.379526 0.44239100000000003 0.378482 0.43695700000000004 0.376741 0.39891299999999996 0.373955 0.39891299999999996 0.371518 0.43587 0.370474 0.44021699999999997 0.369429 0.441304 0.369081 0.44782599999999995
3 0.46309199999999995 0.41956499999999997 0.46309199999999995 0.421739 0.47318899999999997 0.421739 0.472841 0.418478 0.47075199999999995 0.417391 0.468663 0.38260900000000003 0.466922 0.38260900000000003 0.46552899999999997 0.40543500000000005 0.46483299999999994 0.409783 0.46483299999999994 0.417391 0.46309199999999995 0.41956499999999997
3 0.5543180000000001 0.40217400000000003 0.5543180000000001 0.40543500000000005 0.552925 0.407609 0.552925 0.41086999999999996 0.5612809999999999 0.41086999999999996 0.5612809999999999 0.40869600000000006 0.5595399999999999 0.40543500000000005 0.558496 0.377174 0.5560579999999999 0.377174 0.55571 0.384783 0.553969 0.391304 0.553273 0.397826 0.5543180000000001 0.40217400000000003
3 0.635097 0.40543500000000005 0.641713 0.40543500000000005 0.64032 0.40217400000000003 0.64032 0.394565 0.641365 0.393478 0.641365 0.388043 0.639972 0.383696 0.639624 0.373913 0.637883 0.373913 0.6371870000000001 0.38152200000000003 0.635794 0.38587 0.636142 0.40217400000000003 0.635097 0.40543500000000005
3 0.722145 0.40217400000000003 0.720752 0.40543500000000005 0.720752 0.407609 0.7270190000000001 0.407609 0.7270190000000001 0.403261 0.725975 0.39891299999999996 0.725279 0.377174 0.723189 0.377174 0.7228410000000001 0.383696 0.721797 0.38587 0.721448 0.391304 0.722145 0.40217400000000003
3 0.826253 0.411957 0.833217 0.411957 0.832173 0.40217400000000003 0.831476 0.38152200000000003 0.829387 0.38152200000000003 0.8286910000000001 0.40108699999999997 0.827994 0.407609 0.8269500000000001 0.40869600000000006 0.826253 0.411957
1 0.930362 0.456522 0.9422010000000001 0.456522 0.942897 0.454348 0.942897 0.45108699999999996 0.9401109999999999 0.44565200000000005 0.937326 0.411957 0.934192 0.411957 0.932103 0.44565200000000005 0.9314069999999999 0.448913 0.930362 0.45 0.930362 0.456522
1 0.8029249999999999 0.43587 0.8029249999999999 0.43913 0.8130219999999999 0.43913 0.8130219999999999 0.43695700000000004 0.8112809999999999 0.433696 0.8095399999999999 0.4 0.8067550000000001 0.4 0.8064069999999999 0.409783 0.8046659999999999 0.42391300000000004 0.8046659999999999 0.43260899999999997 0.8029249999999999 0.43587
1 0.808844 0.670652 0.8084960000000001 0.680435 0.8046659999999999 0.68587 0.804318 0.688043 0.831476 0.7076089999999999 0.836003 0.7076089999999999 0.8478410000000001 0.698913 0.8478410000000001 0.695652 0.8443590000000001 0.690217 0.8443590000000001 0.6836960000000001 0.837744 0.6728259999999999 0.8325210000000001 0.56087 0.8252090000000001 0.56087 0.8189420000000001 0.620652 0.816156 0.666304 0.8133699999999999 0.669565 0.808844 0.670652
1 0.634053 0.516304 0.63266 0.518478 0.63266 0.522826 0.64032 0.525 0.65007 0.525 0.652855 0.522826 0.653203 0.520652 0.6525070000000001 0.5195649999999999 0.6525070000000001 0.516304 0.649373 0.5130429999999999 0.648329 0.507609 0.645543 0.452174 0.642061 0.452174 0.637535 0.508696 0.636838 0.511957 0.634053 0.5130429999999999 0.634053 0.516304
1 0.595752 0.45543500000000003 0.607939 0.45543500000000003 0.607939 0.45108699999999996 0.606198 0.448913 0.6051529999999999 0.443478 0.603412 0.406522 0.600627 0.406522 0.599234 0.418478 0.5978410000000001 0.446739 0.595752 0.448913 0.595752 0.45543500000000003
1 0.699164 0.43804299999999996 0.699164 0.43478300000000003 0.697772 0.43260899999999997 0.6963790000000001 0.395652 0.693245 0.395652 0.691156 0.430435 0.689067 0.431522 0.68837 0.43804299999999996 0.699164 0.43804299999999996
3 0.322772 0.53913 0.332521 0.5423910000000001 0.34018099999999996 0.5423910000000001 0.345752 0.536957 0.34609999999999996 0.534783 0.34435899999999997 0.532609 0.34435899999999997 0.528261 0.343663 0.526087 0.340877 0.526087 0.34018099999999996 0.522826 0.336003 0.45869600000000005 0.331825 0.457609 0.327646 0.521739 0.326602 0.526087 0.324164 0.530435 0.322772 0.53913
0 0.322423 0.32717399999999996 0.321727 0.340217 0.323816 0.340217 0.32311999999999996 0.32717399999999996 0.322423 0.32717399999999996
0 0.361072 0.328261 0.360724 0.326087 0.360028 0.326087 0.358983 0.336957 0.35933099999999996 0.341304 0.361072 0.341304 0.361072 0.328261
0 0.401114 0.353261 0.40007000000000004 0.34565199999999996 0.40007000000000004 0.338043 0.399373 0.338043 0.399025 0.344565 0.397632 0.353261 0.401114 0.353261
0 0.41260399999999997 0.32934800000000003 0.41156 0.341304 0.413997 0.341304 0.413301 0.32934800000000003 0.41260399999999997 0.32934800000000003
0 0.437674 0.338043 0.435933 0.338043 0.435933 0.348913 0.43454 0.353261 0.43837000000000004 0.353261 0.437674 0.338043
0 0.464136 0.353261 0.468663 0.353261 0.466922 0.348913 0.46657400000000004 0.338043 0.465877 0.341304 0.46552899999999997 0.348913 0.464136 0.353261
0 0.49268799999999996 0.353261 0.491643 0.33913000000000004 0.490599 0.342391 0.490599 0.35 0.48955399999999993 0.353261 0.49268799999999996 0.353261
0 0.520891 0.338043 0.520195 0.338043 0.5198470000000001 0.348913 0.518802 0.352174 0.522284 0.352174 0.520891 0.338043
0 0.720404 0.36086999999999997 0.720404 0.358696 0.7193590000000001 0.356522 0.7193590000000001 0.34565199999999996 0.717618 0.34565199999999996 0.7169220000000001 0.348913 0.7169220000000001 0.355435 0.716226 0.36086999999999997 0.720404 0.36086999999999997
0 0.74617 0.361957 0.75 0.361957 0.748955 0.34565199999999996 0.748259 0.34565199999999996 0.747911 0.352174 0.746518 0.357609 0.74617 0.361957
0 0.77507 0.36413 0.779596 0.365217 0.779944 0.36413 0.778203 0.359783 0.778203 0.348913 0.776811 0.347826 0.776114 0.353261 0.776114 0.359783 0.77507 0.361957 0.77507 0.36413
0 0.8098890000000001 0.365217 0.809192 0.359783 0.8081480000000001 0.357609 0.8081480000000001 0.35 0.807103 0.348913 0.807103 0.35108700000000004 0.8064069999999999 0.352174 0.80571 0.365217 0.8098890000000001 0.365217
3 0.281337 0.666304 0.277855 0.669565 0.270891 0.690217 0.270891 0.692391 0.288997 0.696739 0.303273 0.696739 0.31371899999999997 0.677174 0.30954000000000004 0.675 0.308844 0.6728259999999999 0.308148 0.665217 0.306058 0.6630429999999999 0.30362100000000003 0.6630429999999999 0.302925 0.66087 0.300139 0.616304 0.302228 0.607609 0.302577 0.603261 0.301532 0.597826 0.299443 0.6010869999999999 0.298398 0.597826 0.29596100000000003 0.56087 0.294568 0.552174 0.290738 0.552174 0.28830100000000003 0.556522 0.282033 0.66413 0.281337 0.666304