3 0.146936 0.6195649999999999 0.145891 0.65 0.141017 0.694565 0.13753500000000002 0.7 0.135446 0.706522 0.135097 0.71087 0.130571 0.723913 0.130571 0.727174 0.162604 0.727174 0.165042 0.725 0.168872 0.725 0.177925 0.705435 0.178273 0.7021740000000001 0.175139 0.701087 0.174443 0.694565 0.168872 0.6913039999999999 0.166086 0.673913 0.162953 0.643478 0.162604 0.6141300000000001 0.159819 0.565217 0.152507 0.565217 0.15006999999999998 0.568478 0.149373 0.58587 0.146936 0.6195649999999999
3 0.266017 0.46630399999999994 0.264972 0.47391300000000003 0.264276 0.494565 0.263579 0.497826 0.260794 0.49891300000000005 0.260794 0.504348 0.262535 0.507609 0.280292 0.506522 0.280292 0.504348 0.27890000000000004 0.502174 0.278552 0.497826 0.276462 0.497826 0.275418 0.49565200000000004 0.275418 0.483696 0.274721 0.479348 0.274025 0.46413000000000004 0.272632 0.453261 0.272284 0.43804299999999996 0.271588 0.43260899999999997 0.268106 0.43260899999999997 0.267409 0.43804299999999996 0.267409 0.444565 0.266017 0.454348 0.266017 0.46630399999999994
0 0.070334 0.359783 0.06928999999999999 0.359783 0.06928999999999999 0.361957 0.076602 0.361957 0.076602 0.359783 0.075209 0.358696 0.075209 0.346739 0.074861 0.342391 0.073816 0.340217 0.073816 0.334783 0.072075 0.334783 0.072075 0.342391 0.071031 0.348913 0.071031 0.356522 0.070334 0.359783
0 0.143454 0.354348 0.143454 0.352174 0.142409 0.35108700000000004 0.142409 0.341304 0.14136500000000002 0.338043 0.14136500000000002 0.331522 0.139972 0.331522 0.139276 0.35 0.13753500000000002 0.352174 0.13753500000000002 0.354348 0.143454 0.354348
0 0.21413600000000002 0.35108700000000004 0.21344 0.348913 0.21239599999999997 0.331522 0.211351 0.331522 0.21065499999999998 0.34565199999999996 0.209262 0.348913 0.209262 0.35108700000000004 0.21413600000000002 0.35108700000000004
3 0.333565 0.418478 0.333565 0.433696 0.331476 0.43478300000000003 0.331476 0.43913 0.342967 0.43913 0.342967 0.43478300000000003 0.341226 0.433696 0.34052899999999997 0.41956499999999997 0.339485 0.415217 0.338788 0.391304 0.336003 0.391304 0.335655 0.407609 0.334262 0.411957 0.334262 0.417391 0.333565 0.418478
3 0.418524 0.40543500000000005 0.418524 0.407609 0.42688 0.407609 0.42688 0.40543500000000005 0.426184 0.40543500000000005 0.42548700000000006 0.40217400000000003 0.424095 0.376087 0.423398 0.373913 0.422354 0.373913 0.421657 0.378261 0.420265 0.40108699999999997 0.41922 0.40543500000000005 0.418524 0.40543500000000005
3 0.509749 0.391304 0.508357 0.393478 0.51532 0.393478 0.514276 0.392391 0.513579 0.38913000000000003 0.512883 0.365217 0.51149 0.365217 0.51149 0.370652 0.5104460000000001 0.377174 0.5104460000000001 0.388043 0.509749 0.391304
3 0.590529 0.388043 0.5961000000000001 0.388043 0.595056 0.384783 0.595056 0.375 0.594011 0.363043 0.593315 0.363043 0.59227 0.36956500000000003 0.5919220000000001 0.38587 0.590529 0.388043
3 0.665042 0.377174 0.665042 0.371739 0.664345 0.370652 0.664345 0.36413 0.662953 0.36413 0.662604 0.38260900000000003 0.6615599999999999 0.38587 0.666435 0.38587 0.665042 0.377174
1 0.681407 0.406522 0.681407 0.404348 0.6803619999999999 0.403261 0.6793180000000001 0.395652 0.678273 0.377174 0.677228 0.376087 0.676532 0.378261 0.6754870000000001 0.39891299999999996 0.6733979999999999 0.406522 0.681407 0.406522
1 0.681755 0.626087 0.6810579999999999 0.629348 0.679666 0.6543479999999999 0.678969 0.657609 0.674791 0.66087 0.6733979999999999 0.668478 0.671657 0.671739 0.6692199999999999 0.6728259999999999 0.6692199999999999 0.676087 0.670265 0.679348 0.672354 0.681522 0.6751389999999999 0.681522 0.6803619999999999 0.68587 0.6862809999999999 0.686957 0.689763 0.690217 0.6995129999999999 0.690217 0.710655 0.680435 0.711003 0.678261 0.710306 0.678261 0.7092620000000001 0.673913 0.7071729999999999 0.670652 0.705432 0.665217 0.7040390000000001 0.6630429999999999 0.70195 0.6630429999999999 0.700905 0.659783 0.6939420000000001 0.552174 0.691852 0.55 0.6880219999999999 0.55 0.68663 0.5586960000000001 0.685237 0.5826089999999999 0.683496 0.597826 0.681755 0.626087
1 0.554666 0.5054350000000001 0.553969 0.507609 0.553969 0.511957 0.553273 0.51413 0.5518799999999999 0.51413 0.549791 0.520652 0.551532 0.525 0.553273 0.526087 0.569986 0.526087 0.569986 0.5239130000000001 0.568593 0.520652 0.567897 0.516304 0.5654600000000001 0.515217 0.562326 0.453261 0.560933 0.448913 0.558844 0.448913 0.557451 0.452174 0.5560579999999999 0.48804299999999995 0.554666 0.497826 0.554666 0.5054350000000001
1 0.5348189999999999 0.453261 0.53273 0.45543500000000003 0.532382 0.459783 0.546309 0.46087 0.546309 0.45869600000000005 0.543872 0.45543500000000003 0.5428270000000001 0.45108699999999996 0.54039 0.407609 0.5383009999999999 0.407609 0.537256 0.41304299999999994 0.536908 0.426087 0.5351670000000001 0.43695700000000004 0.5348189999999999 0.453261
1 0.5577989999999999 0.42717400000000005 0.568245 0.42717400000000005 0.567897 0.42391300000000004 0.566504 0.42391300000000004 0.5654600000000001 0.41956499999999997 0.564763 0.40108699999999997 0.5637190000000001 0.395652 0.5637190000000001 0.388043 0.56163 0.388043 0.560237 0.418478 0.559192 0.42391300000000004 0.5577989999999999 0.42391300000000004 0.5577989999999999 0.42717400000000005
1 0.6128129999999999 0.409783 0.6128129999999999 0.411957 0.620474 0.411957 0.620474 0.409783 0.619429 0.40869600000000006 0.618733 0.403261 0.618733 0.390217 0.618036 0.386957 0.618036 0.379348 0.616295 0.378261 0.615251 0.384783 0.614903 0.40108699999999997 0.614206 0.407609 0.6128129999999999 0.409783
1 0.733635 0.40217400000000003 0.734331 0.40108699999999997 0.733635 0.4 0.733635 0.396739 0.7322420000000001 0.388043 0.731546 0.373913 0.7305010000000001 0.373913 0.7305010000000001 0.38043499999999997 0.729109 0.397826 0.727716 0.40108699999999997 0.733635 0.40217400000000003
3 0.75383 0.392391 0.759401 0.392391 0.758357 0.388043 0.756616 0.36847799999999997 0.755571 0.36847799999999997 0.754875 0.376087 0.754875 0.388043 0.75383 0.390217 0.75383 0.392391
1 0.830084 0.411957 0.838092 0.411957 0.835655 0.40543500000000005 0.8353059999999999 0.383696 0.8335649999999999 0.383696 0.8335649999999999 0.391304 0.832869 0.393478 0.832173 0.407609 0.830084 0.411957
3 0.8743040000000001 0.40543500000000005 0.873259 0.4 0.873259 0.391304 0.8725630000000001 0.388043 0.8722139999999999 0.38043499999999997 0.8708220000000001 0.38043499999999997 0.870125 0.388043 0.868036 0.395652 0.867688 0.40543500000000005 0.8743040000000001 0.40543500000000005
1 0.838092 0.48804299999999995 0.836351 0.48804299999999995 0.835655 0.49130399999999996 0.834958 0.49130399999999996 0.834958 0.494565 0.852019 0.49565200000000004 0.8485379999999999 0.48043500000000006 0.8478410000000001 0.456522 0.8457520000000001 0.43587 0.842967 0.43587 0.841922 0.446739 0.8398329999999999 0.45869600000000005 0.8387879999999999 0.484783 0.838092 0.48804299999999995
1 0.846448 0.43478300000000003 0.846448 0.441304 0.847493 0.446739 0.848189 0.457609 0.855501 0.457609 0.8551529999999999 0.454348 0.854109 0.453261 0.853064 0.448913 0.852368 0.433696 0.851323 0.42717400000000005 0.851323 0.417391 0.850627 0.41304299999999994 0.848189 0.411957 0.848189 0.415217 0.847145 0.420652 0.847145 0.43260899999999997 0.846448 0.43478300000000003
1 0.928621 0.444565 0.9404600000000001 0.444565 0.939067 0.441304 0.9387190000000001 0.43695700000000004 0.9369780000000001 0.430435 0.935933 0.406522 0.9352370000000001 0.40543500000000005 0.9352370000000001 0.403261 0.933844 0.403261 0.932103 0.417391 0.9317550000000001 0.433696 0.9300140000000001 0.43804299999999996 0.928621 0.444565