3 0.11002799999999999 0.733696 0.109331 0.756522 0.10793900000000001 0.770652 0.10793900000000001 0.782609 0.106546 0.796739 0.104805 0.828261 0.100975 0.836957 0.100975 0.846739 0.151811 0.845652 0.151811 0.840217 0.15006999999999998 0.831522 0.15006999999999998 0.8195650000000001 0.14902500000000002 0.816304 0.138231 0.815217 0.13753500000000002 0.8130430000000001 0.137187 0.806522 0.138579 0.8021739999999999 0.138579 0.7978259999999999 0.137883 0.794565 0.137883 0.7836960000000001 0.136142 0.756522 0.135446 0.731522 0.134401 0.7206520000000001 0.133357 0.717391 0.131964 0.706522 0.131267 0.694565 0.12883 0.688043 0.12883 0.682609 0.127089 0.661957 0.127786 0.6543479999999999 0.126741 0.651087 0.11734 0.651087 0.11664300000000001 0.680435 0.11559900000000001 0.690217 0.11351 0.701087 0.11002799999999999 0.733696
3 0.6427579999999999 0.403261 0.642409 0.383696 0.640669 0.383696 0.639624 0.40217400000000003 0.637535 0.409783 0.645195 0.40869600000000006 0.6427579999999999 0.403261
3 0.6786209999999999 0.391304 0.684192 0.391304 0.683844 0.386957 0.6827989999999999 0.384783 0.682103 0.371739 0.6803619999999999 0.370652 0.679666 0.376087 0.679666 0.383696 0.678273 0.388043 0.6786209999999999 0.391304
3 0.838092 0.36847799999999997 0.836351 0.36956500000000003 0.83461 0.384783 0.840181 0.384783 0.8387879999999999 0.378261 0.838092 0.36847799999999997
3 0.913301 0.386957 0.913997 0.38587 0.912256 0.38152200000000003 0.91156 0.375 0.91156 0.365217 0.9094709999999999 0.365217 0.9094709999999999 0.378261 0.9077299999999999 0.388043 0.913301 0.38913000000000003 0.913301 0.386957
1 0.799443 0.38587 0.799443 0.38913000000000003 0.7983979999999999 0.391304 0.7983979999999999 0.393478 0.803969 0.391304 0.803621 0.388043 0.802577 0.38587 0.802228 0.36956500000000003 0.8011839999999999 0.36956500000000003 0.8004870000000001 0.372826 0.800139 0.384783 0.799443 0.38587
1 0.781685 0.411957 0.782033 0.417391 0.7806409999999999 0.418478 0.779596 0.421739 0.779944 0.42391300000000004 0.782033 0.425 0.788649 0.425 0.786908 0.415217 0.786908 0.406522 0.786212 0.40217400000000003 0.785864 0.392391 0.7851670000000001 0.38913000000000003 0.784123 0.38913000000000003 0.78273 0.395652 0.782033 0.406522 0.782382 0.41086999999999996 0.781685 0.411957
1 0.751045 0.404348 0.751045 0.407609 0.758008 0.407609 0.755223 0.397826 0.755919 0.38913000000000003 0.754875 0.386957 0.754875 0.38260900000000003 0.75383 0.38260900000000003 0.753482 0.388043 0.7527860000000001 0.38913000000000003 0.753134 0.397826 0.751045 0.404348
1 0.750348 0.396739 0.748607 0.390217 0.748607 0.376087 0.747911 0.372826 0.746866 0.372826 0.746518 0.38587 0.744429 0.394565 0.745125 0.396739 0.750348 0.396739
1 0.868036 0.395652 0.8743040000000001 0.395652 0.8739549999999999 0.391304 0.873259 0.391304 0.871518 0.38587 0.871518 0.373913 0.87117 0.371739 0.870125 0.371739 0.8690810000000001 0.383696 0.8690810000000001 0.391304 0.868036 0.393478 0.868036 0.395652
1 0.939067 0.4 0.9432449999999999 0.397826 0.941156 0.391304 0.9404600000000001 0.377174 0.9387190000000001 0.375 0.9380219999999999 0.38043499999999997 0.9380219999999999 0.390217 0.935933 0.39891299999999996 0.939067 0.4
3 0.488858 0.545652 0.486421 0.554348 0.48468 0.555435 0.482939 0.561957 0.48189399999999993 0.561957 0.482939 0.5663039999999999 0.502089 0.5663039999999999 0.505919 0.56413 0.50766 0.559783 0.50766 0.556522 0.506616 0.553261 0.5027860000000001 0.552174 0.501045 0.546739 0.500696 0.5336960000000001 0.495474 0.47717400000000004 0.49373300000000003 0.47717400000000004 0.49234 0.479348 0.49129500000000004 0.508696 0.488858 0.545652
3 0.627089 0.47717400000000004 0.626045 0.48043500000000006 0.626045 0.483696 0.627089 0.48695700000000003 0.64032 0.48695700000000003 0.641365 0.481522 0.639624 0.48043500000000006 0.637535 0.471739 0.636838 0.453261 0.636142 0.448913 0.636142 0.44239100000000003 0.6354460000000001 0.43913 0.635097 0.430435 0.632312 0.42934799999999995 0.631616 0.430435 0.629875 0.46956499999999995 0.62883 0.476087 0.627089 0.47717400000000004
1 0.8760450000000001 0.695652 0.8743040000000001 0.709783 0.8722139999999999 0.7391300000000001 0.870474 0.753261 0.8673400000000001 0.758696 0.86351 0.758696 0.862465 0.761957 0.862465 0.770652 0.858287 0.7695649999999999 0.857242 0.772826 0.857242 0.776087 0.8621169999999999 0.78587 0.865947 0.78913 0.868036 0.793478 0.874652 0.798913 0.895195 0.8021739999999999 0.9077299999999999 0.8021739999999999 0.908774 0.798913 0.908774 0.795652 0.9056409999999999 0.78913 0.904596 0.781522 0.904596 0.776087 0.902507 0.770652 0.899025 0.770652 0.897632 0.761957 0.895195 0.73587 0.8948470000000001 0.7206520000000001 0.8931060000000001 0.698913 0.892061 0.670652 0.8906689999999999 0.657609 0.889972 0.642391 0.8892760000000001 0.63913 0.8906689999999999 0.634783 0.8906689999999999 0.631522 0.8896240000000001 0.628261 0.881267 0.627174 0.880223 0.6304350000000001 0.879875 0.65 0.878134 0.661957 0.8760450000000001 0.695652
1 0.812326 0.430435 0.810585 0.43695700000000004 0.8095399999999999 0.43695700000000004 0.8095399999999999 0.43913 0.810933 0.443478 0.8199859999999999 0.443478 0.821031 0.44021699999999997 0.819638 0.43913 0.8182449999999999 0.43478300000000003 0.817897 0.418478 0.8168519999999999 0.411957 0.8165039999999999 0.40217400000000003 0.8154600000000001 0.40217400000000003 0.8151109999999999 0.4 0.8137190000000001 0.404348 0.8137190000000001 0.411957 0.812674 0.420652 0.812326 0.430435
3 0.636838 0.393478 0.636838 0.395652 0.639972 0.395652 0.64032 0.383696 0.641365 0.38043499999999997 0.64032 0.373913 0.639624 0.373913 0.639276 0.38260900000000003 0.637883 0.391304 0.636838 0.393478
3 0.783774 0.38152200000000003 0.78273 0.379348 0.782033 0.366304 0.780292 0.366304 0.779596 0.377174 0.778552 0.38260900000000003 0.783426 0.383696 0.783774 0.38152200000000003
1 0.851671 0.44239100000000003 0.850975 0.463043 0.8502789999999999 0.46956499999999995 0.8495820000000001 0.470652 0.849234 0.478261 0.848189 0.48260899999999995 0.846448 0.483696 0.845404 0.48695700000000003 0.845404 0.48913 0.854457 0.48913 0.85585 0.481522 0.857939 0.481522 0.857939 0.478261 0.856546 0.470652 0.856198 0.44021699999999997 0.854109 0.431522 0.853064 0.431522 0.851671 0.43587 0.850975 0.441304 0.851671 0.44239100000000003
1 0.851671 0.548913 0.850627 0.552174 0.847493 0.553261 0.8467969999999999 0.556522 0.8457520000000001 0.556522 0.844708 0.559783 0.844708 0.563043 0.8467969999999999 0.567391 0.8690810000000001 0.568478 0.868733 0.561957 0.866992 0.556522 0.865251 0.554348 0.865251 0.548913 0.8638579999999999 0.536957 0.862813 0.509783 0.8603759999999999 0.48804299999999995 0.8603759999999999 0.483696 0.856198 0.48260899999999995 0.8551529999999999 0.48586999999999997 0.8551529999999999 0.49565200000000004 0.852019 0.525 0.851671 0.548913
3 0.732939 0.38587 0.7318939999999999 0.38152200000000003 0.7318939999999999 0.36847799999999997 0.729457 0.36847799999999997 0.729109 0.379348 0.728064 0.38260900000000003 0.728064 0.38587 0.732939 0.38587
3 0.648677 0.407609 0.65007 0.407609 0.6512814328125 0.41328411093749995 0.649025 0.38913000000000003 0.648329 0.390217 0.645543 0.418478 0.646588 0.421739 0.647632 0.420652 0.647632 0.411957 0.648677 0.407609
3 0.6444989999999999 0.443478 0.6444989999999999 0.44565200000000005 0.654596 0.444565 0.654596 0.44239100000000003 0.6521589999999999 0.433696 0.651811 0.426087 0.651114 0.42391300000000004 0.651114 0.41413 0.65007 0.40869600000000006 0.648677 0.40869600000000006 0.6479809999999999 0.411957 0.6479809999999999 0.420652 0.646936 0.43695700000000004 0.6444989999999999 0.443478