3 0.244429 0.66413 0.244081 0.680435 0.24268800000000001 0.695652 0.24199199999999998 0.718478 0.240599 0.733696 0.239554 0.759783 0.237813 0.777174 0.236072 0.778261 0.231894 0.78587 0.23050099999999998 0.790217 0.228412 0.803261 0.224582 0.807609 0.22214499999999998 0.8130430000000001 0.222493 0.818478 0.22562700000000002 0.8195650000000001 0.227019 0.821739 0.236769 0.821739 0.251741 0.826087 0.261142 0.826087 0.263928 0.8206519999999999 0.266017 0.8195650000000001 0.268106 0.815217 0.279596 0.8 0.281685 0.793478 0.281337 0.790217 0.275766 0.786957 0.27507000000000004 0.780435 0.27298100000000003 0.7739130000000001 0.268106 0.7695649999999999 0.267409 0.766304 0.262883 0.718478 0.259401 0.6586960000000001 0.255919 0.626087 0.247911 0.626087 0.24686599999999997 0.629348 0.24651800000000001 0.640217 0.244429 0.66413
3 0.329387 0.502174 0.328343 0.5239130000000001 0.326253 0.543478 0.325557 0.556522 0.324164 0.561957 0.321727 0.565217 0.321727 0.571739 0.320682 0.575 0.318245 0.576087 0.318593 0.580435 0.343315 0.580435 0.346797 0.575 0.346797 0.570652 0.345752 0.568478 0.345056 0.56087 0.341922 0.557609 0.341574 0.545652 0.34018099999999996 0.531522 0.338092 0.494565 0.33669899999999997 0.48043500000000006 0.336003 0.478261 0.331825 0.478261 0.330432 0.483696 0.330432 0.49347799999999997 0.329387 0.502174
3 0.386838 0.42717400000000005 0.385794 0.43260899999999997 0.385794 0.43913 0.384749 0.443478 0.384401 0.45108699999999996 0.383008 0.453261 0.381964 0.45869600000000005 0.380571 0.45869600000000005 0.380571 0.46195700000000006 0.396588 0.463043 0.397284 0.46195700000000006 0.397284 0.45869600000000005 0.393802 0.453261 0.393802 0.446739 0.392758 0.44239100000000003 0.392409 0.422826 0.391713 0.41956499999999997 0.391365 0.407609 0.39032 0.403261 0.388231 0.403261 0.387535 0.404348 0.387535 0.41304299999999994 0.386838 0.41413 0.386838 0.42717400000000005
3 0.48468 0.425 0.48433099999999996 0.428261 0.48328699999999997 0.428261 0.48328699999999997 0.431522 0.496518 0.43260899999999997 0.496866 0.428261 0.495125 0.425 0.494081 0.41956499999999997 0.49373300000000003 0.40869600000000006 0.49199200000000004 0.388043 0.489206 0.386957 0.48851000000000006 0.390217 0.488162 0.407609 0.48676899999999995 0.42391300000000004 0.48468 0.425
3 0.581128 0.41956499999999997 0.593315 0.41956499999999997 0.5898329999999999 0.41304299999999994 0.5884400000000001 0.396739 0.5884400000000001 0.379348 0.586003 0.379348 0.585655 0.391304 0.5842620000000001 0.39891299999999996 0.583914 0.41086999999999996 0.581128 0.41956499999999997
1 0.63266 0.46413000000000004 0.630571 0.465217 0.630571 0.46956499999999995 0.631267 0.47282599999999997 0.6444989999999999 0.47282599999999997 0.6444989999999999 0.465217 0.642409 0.46413000000000004 0.641713 0.457609 0.642061 0.453261 0.64415 0.454348 0.6444989999999999 0.452174 0.6431060000000001 0.44021699999999997 0.64032 0.430435 0.639276 0.415217 0.635794 0.415217 0.6354460000000001 0.42391300000000004 0.633705 0.43913 0.633357 0.46087 0.63266 0.46413000000000004
1 0.650766 0.53587 0.6601670000000001 0.5380429999999999 0.671309 0.536957 0.671309 0.526087 0.6678270000000001 0.522826 0.6674789999999999 0.508696 0.666783 0.504348 0.666086 0.483696 0.664345 0.457609 0.6601670000000001 0.456522 0.655292 0.518478 0.654248 0.5239130000000001 0.651462 0.5239130000000001 0.650766 0.53587
1 0.761838 0.618478 0.759053 0.618478 0.75766 0.621739 0.757312 0.626087 0.753482 0.627174 0.753134 0.631522 0.754178 0.633696 0.757312 0.634783 0.759401 0.63913 0.765669 0.645652 0.780989 0.645652 0.786908 0.642391 0.7928270000000001 0.642391 0.7928270000000001 0.640217 0.791435 0.6380429999999999 0.79039 0.633696 0.786908 0.631522 0.786212 0.629348 0.786212 0.626087 0.783774 0.620652 0.781685 0.618478 0.780989 0.597826 0.779596 0.583696 0.778552 0.56413 0.776811 0.551087 0.776462 0.534783 0.77507 0.5195649999999999 0.7694989999999999 0.5195649999999999 0.767061 0.557609 0.764972 0.5771740000000001 0.762883 0.616304 0.761838 0.618478
1 0.85968 0.44565200000000005 0.857242 0.45 0.857242 0.454348 0.8603759999999999 0.45869600000000005 0.868733 0.45869600000000005 0.869429 0.456522 0.869429 0.45108699999999996 0.867688 0.45 0.866643 0.44565200000000005 0.866643 0.418478 0.8655989999999999 0.409783 0.863162 0.40869600000000006 0.861769 0.41304299999999994 0.861769 0.422826 0.8603759999999999 0.42717400000000005 0.85968 0.44565200000000005
3 0.878134 0.42391300000000004 0.887535 0.425 0.887535 0.417391 0.885097 0.388043 0.881964 0.386957 0.880571 0.41304299999999994 0.879526 0.418478 0.878134 0.418478 0.878134 0.42391300000000004
3 0.762535 0.41304299999999994 0.762535 0.417391 0.7712399999999999 0.418478 0.7712399999999999 0.41304299999999994 0.7694989999999999 0.40543500000000005 0.7694989999999999 0.397826 0.7681060000000001 0.38152200000000003 0.766017 0.38152200000000003 0.76532 0.383696 0.764624 0.392391 0.763928 0.41086999999999996 0.762535 0.41304299999999994
3 0.671309 0.4 0.671309 0.40543500000000005 0.670613 0.40869600000000006 0.669568 0.409783 0.669568 0.415217 0.678273 0.41630399999999995 0.6786209999999999 0.41304299999999994 0.677925 0.41304299999999994 0.6768799999999999 0.407609 0.6768799999999999 0.393478 0.6754870000000001 0.38043499999999997 0.674791 0.377174 0.673747 0.377174 0.673747 0.38152200000000003 0.672702 0.384783 0.672702 0.38913000000000003 0.671309 0.4
1 0.731198 0.44782599999999995 0.731198 0.45108699999999996 0.732591 0.453261 0.744429 0.453261 0.744429 0.44565200000000005 0.741643 0.443478 0.741992 0.433696 0.741295 0.42717400000000005 0.740599 0.40543500000000005 0.740251 0.403261 0.737117 0.403261 0.734331 0.441304 0.733635 0.444565 0.7318939999999999 0.44565200000000005 0.731198 0.44782599999999995
0 0.5459609999999999 0.336957 0.544916 0.352174 0.54805 0.352174 0.547006 0.336957 0.5459609999999999 0.336957
0 0.516713 0.346739 0.516713 0.342391 0.516017 0.33913000000000004 0.515669 0.346739 0.514276 0.353261 0.5181060000000001 0.353261 0.516713 0.346739
0 0.49129500000000004 0.34565199999999996 0.49129500000000004 0.336957 0.489903 0.336957 0.489903 0.34565199999999996 0.488858 0.352174 0.49199200000000004 0.352174 0.49129500000000004 0.34565199999999996
0 0.462047 0.352174 0.461003 0.344565 0.461003 0.338043 0.459958 0.338043 0.459958 0.344565 0.45891400000000004 0.347826 0.458565 0.352174 0.462047 0.352174
0 0.42305000000000004 0.346739 0.422354 0.344565 0.422354 0.336957 0.42130900000000004 0.336957 0.42130900000000004 0.344565 0.419916 0.352174 0.423398 0.352174 0.42305000000000004 0.346739
0 0.750696 0.363043 0.754526 0.361957 0.753482 0.355435 0.753134 0.346739 0.751741 0.347826 0.751741 0.352174 0.750696 0.356522 0.750696 0.363043
0 0.7848189999999999 0.359783 0.784471 0.348913 0.7830779999999999 0.348913 0.782033 0.365217 0.785864 0.365217 0.785864 0.363043 0.7848189999999999 0.359783
0 0.816156 0.363043 0.8154600000000001 0.35 0.814067 0.35 0.8137190000000001 0.358696 0.812326 0.36739099999999997 0.8172010000000001 0.36739099999999997 0.816156 0.363043
0 0.847493 0.359783 0.847493 0.353261 0.8467969999999999 0.35108700000000004 0.8457520000000001 0.35108700000000004 0.8450559999999999 0.365217 0.8443590000000001 0.36739099999999997 0.8485379999999999 0.36739099999999997 0.847493 0.359783