3 0.796309 0.31521699999999997 0.796309 0.319565 0.8133699999999999 0.319565 0.8130219999999999 0.311957 0.812674 0.313043 0.810585 0.31087 0.808844 0.302174 0.8081480000000001 0.27934800000000004 0.807103 0.275 0.8060579999999999 0.258696 0.8032730000000001 0.25760900000000003 0.802577 0.26087 0.8004870000000001 0.306522 0.799095 0.31413 0.796309 0.31521699999999997
3 0.836699 0.25652200000000003 0.836699 0.26087 0.847145 0.26087 0.8467969999999999 0.25543499999999997 0.844708 0.248913 0.8450559999999999 0.24782600000000002 0.8443590000000001 0.244565 0.8443590000000001 0.231522 0.8436629999999999 0.22934800000000002 0.842967 0.221739 0.8433149999999999 0.219565 0.8408770000000001 0.218478 0.840181 0.221739 0.8387879999999999 0.253261 0.837744 0.25760900000000003 0.836699 0.25652200000000003
3 0.856546 0.227174 0.856546 0.22934800000000002 0.864903 0.22934800000000002 0.864903 0.227174 0.863162 0.221739 0.863162 0.21413000000000001 0.8610720000000001 0.196739 0.860028 0.196739 0.858287 0.21413000000000001 0.857939 0.22391299999999997 0.857242 0.227174 0.856546 0.227174
2 0.866643 0.211957 0.8756959999999999 0.211957 0.8743040000000001 0.20434800000000003 0.8722139999999999 0.168478 0.870474 0.167391 0.869777 0.171739 0.869777 0.18043499999999998 0.868384 0.202174 0.866643 0.211957
2 0.879526 0.18804300000000002 0.878134 0.196739 0.883705 0.196739 0.881964 0.175 0.880223 0.176087 0.880223 0.18152200000000002 0.879526 0.183696 0.879526 0.18804300000000002
2 0.8889279999999999 0.18695699999999998 0.8889279999999999 0.183696 0.888231 0.182609 0.888231 0.175 0.887535 0.168478 0.8861420000000001 0.168478 0.8861420000000001 0.171739 0.885097 0.176087 0.884749 0.18695699999999998 0.8889279999999999 0.18695699999999998
2 0.8931060000000001 0.177174 0.892409 0.176087 0.892061 0.165217 0.8910170000000001 0.16413 0.89032 0.165217 0.8892760000000001 0.18043499999999998 0.8931060000000001 0.18043499999999998 0.8931060000000001 0.177174
2 0.895195 0.16087 0.894499 0.159783 0.893802 0.16413 0.893454 0.175 0.89624 0.175 0.895195 0.16087
3 0.875348 0.20108700000000002 0.875348 0.19347799999999998 0.8743040000000001 0.182609 0.873259 0.182609 0.875 0.20760900000000002 0.8756959999999999 0.209783 0.877089 0.209783 0.875348 0.20108700000000002
2 0.8760450000000001 0.20434800000000003 0.877089 0.20760900000000002 0.8777860000000001 0.20760900000000002 0.8777860000000001 0.203261 0.877089 0.202174 0.877089 0.197826 0.876393 0.195652 0.8756959999999999 0.175 0.875 0.17282599999999998 0.874652 0.166304 0.8739549999999999 0.166304 0.8725630000000001 0.170652 0.873259 0.18152200000000002 0.874652 0.182609 0.8760450000000001 0.20434800000000003
3 0.70195 0.40217400000000003 0.70195 0.41630399999999995 0.700905 0.428261 0.700905 0.44021699999999997 0.6995129999999999 0.45543500000000003 0.697772 0.46195700000000006 0.694986 0.463043 0.692897 0.471739 0.691504 0.471739 0.691504 0.481522 0.70961 0.481522 0.717967 0.483696 0.718663 0.481522 0.7211000000000001 0.481522 0.723189 0.476087 0.7228410000000001 0.46956499999999995 0.721797 0.46956499999999995 0.720056 0.463043 0.7169220000000001 0.46087 0.7151810000000001 0.452174 0.7151810000000001 0.444565 0.714136 0.43260899999999997 0.7148329999999999 0.430435 0.7148329999999999 0.42391300000000004 0.714136 0.421739 0.714136 0.41086999999999996 0.7134400000000001 0.40869600000000006 0.7134400000000001 0.40108699999999997 0.712047 0.397826 0.710655 0.376087 0.711351 0.370652 0.710655 0.366304 0.70961 0.36413 0.704387 0.366304 0.704387 0.377174 0.703343 0.392391 0.70195 0.40217400000000003