3 0.198468 0.846739 0.247214 0.846739 0.24756300000000003 0.8380430000000001 0.24651800000000001 0.834783 0.244081 0.8304349999999999 0.23851 0.827174 0.236769 0.8239129999999999 0.232939 0.78587 0.22945700000000002 0.7206520000000001 0.22562700000000002 0.668478 0.218663 0.6673910000000001 0.214833 0.670652 0.205432 0.834783 0.20473499999999997 0.8380430000000001 0.20195 0.8391299999999999 0.198468 0.846739
3 0.066852 0.606522 0.062326000000000006 0.604348 0.060933 0.596739 0.057103 0.5956520000000001 0.054666000000000006 0.584783 0.049443 0.503261 0.048747 0.501087 0.048747 0.618478 0.05188 0.618478 0.067549 0.61087 0.066852 0.606522
3 0.167131 0.38587 0.176532 0.38587 0.176532 0.383696 0.175139 0.38152200000000003 0.174443 0.378261 0.173398 0.355435 0.172702 0.353261 0.170613 0.353261 0.169568 0.359783 0.168524 0.38043499999999997 0.167131 0.383696 0.167131 0.38587
3 0.10410900000000001 0.373913 0.102019 0.366304 0.100975 0.346739 0.098538 0.346739 0.096448 0.36847799999999997 0.095056 0.372826 0.095056 0.375 0.10410900000000001 0.373913
3 0.267758 0.384783 0.267061 0.391304 0.26566900000000004 0.393478 0.26566900000000004 0.396739 0.274025 0.396739 0.274025 0.393478 0.27298100000000003 0.391304 0.272632 0.386957 0.272632 0.375 0.270543 0.361957 0.26949900000000004 0.36086999999999997 0.268802 0.36413 0.26915 0.366304 0.268454 0.36739099999999997 0.267758 0.384783
3 0.690111 0.42391300000000004 0.693593 0.426087 0.700209 0.426087 0.7016020000000001 0.420652 0.6995129999999999 0.41630399999999995 0.6981200000000001 0.388043 0.6963790000000001 0.38260900000000003 0.695334 0.38260900000000003 0.693245 0.394565 0.692549 0.41413 0.690111 0.421739 0.690111 0.42391300000000004
3 0.8603759999999999 0.44565200000000005 0.8743040000000001 0.446739 0.876741 0.444565 0.876393 0.44239100000000003 0.8725630000000001 0.43695700000000004 0.87117 0.43260899999999997 0.870125 0.395652 0.869429 0.392391 0.866643 0.392391 0.8638579999999999 0.407609 0.862813 0.43587 0.8603759999999999 0.441304 0.8603759999999999 0.44565200000000005
1 0.055362 0.459783 0.053969 0.45869600000000005 0.052925 0.454348 0.052228 0.43260899999999997 0.048747 0.403261 0.048747 0.467391 0.056407 0.467391 0.056407 0.46413000000000004 0.055362 0.459783
1 0.181058 0.41304299999999994 0.181058 0.417391 0.191504 0.417391 0.191156 0.411957 0.189763 0.40869600000000006 0.189415 0.397826 0.187674 0.373913 0.184889 0.373913 0.183844 0.388043 0.183496 0.404348 0.182451 0.41086999999999996 0.181058 0.41304299999999994
1 0.208914 0.483696 0.22597499999999998 0.483696 0.228064 0.481522 0.226323 0.47282599999999997 0.224234 0.471739 0.22353800000000001 0.468478 0.220404 0.417391 0.21727 0.417391 0.21344 0.47391300000000003 0.21065499999999998 0.47717400000000004 0.21065499999999998 0.479348 0.208914 0.483696
1 0.291783 0.422826 0.291783 0.428261 0.303273 0.428261 0.302925 0.420652 0.301184 0.41956499999999997 0.299095 0.383696 0.296309 0.383696 0.295265 0.40543500000000005 0.29422000000000004 0.40869600000000006 0.293872 0.41956499999999997 0.291783 0.422826
1 0.402855 0.508696 0.401462 0.511957 0.419916 0.5130429999999999 0.422006 0.507609 0.419916 0.501087 0.418524 0.5 0.417479 0.49565200000000004 0.414694 0.43695700000000004 0.409819 0.43695700000000004 0.40668499999999996 0.49565200000000004 0.40529200000000004 0.501087 0.402855 0.502174 0.402855 0.508696
1 0.57695 0.457609 0.590529 0.45869600000000005 0.590529 0.45543500000000003 0.589485 0.45108699999999996 0.5884400000000001 0.45108699999999996 0.587047 0.444565 0.585655 0.40543500000000005 0.5825210000000001 0.40543500000000005 0.580432 0.42391300000000004 0.5790390000000001 0.448913 0.57695 0.454348 0.57695 0.457609
1 0.628482 0.553261 0.625696 0.557609 0.634749 0.563043 0.647632 0.563043 0.654596 0.559783 0.654596 0.557609 0.653203 0.556522 0.651462 0.55 0.647632 0.546739 0.646936 0.544565 0.645543 0.509783 0.642409 0.470652 0.6371870000000001 0.470652 0.63266 0.544565 0.631964 0.5478259999999999 0.628134 0.5478259999999999 0.628482 0.553261
3 0.059889000000000005 0.366304 0.066504 0.365217 0.065111 0.357609 0.065808 0.356522 0.064763 0.354348 0.064415 0.343478 0.06337000000000001 0.342391 0.061978 0.346739 0.061280999999999995 0.361957 0.059889000000000005 0.366304
3 0.41016700000000006 0.39891299999999996 0.40947100000000003 0.4 0.40947100000000003 0.404348 0.418524 0.404348 0.418524 0.4 0.416435 0.395652 0.41608599999999996 0.379348 0.41539000000000004 0.378261 0.41539000000000004 0.375 0.413997 0.370652 0.41364900000000004 0.366304 0.412953 0.36847799999999997 0.41156 0.391304 0.410515 0.393478 0.41016700000000006 0.39891299999999996
3 0.5748610000000001 0.379348 0.574164 0.40108699999999997 0.571727 0.40869600000000006 0.5706819999999999 0.409783 0.5807800000000001 0.409783 0.581476 0.406522 0.5807800000000001 0.40217400000000003 0.579387 0.39891299999999996 0.579387 0.388043 0.578343 0.371739 0.575557 0.370652 0.5748610000000001 0.371739 0.575557 0.372826 0.575905 0.377174 0.5748610000000001 0.379348
1 0.065111 0.406522 0.06928999999999999 0.406522 0.069638 0.404348 0.072423 0.404348 0.072772 0.40217400000000003 0.071379 0.4 0.070682 0.396739 0.068593 0.36847799999999997 0.067201 0.366304 0.065808 0.372826 0.063719 0.40108699999999997 0.062326000000000006 0.404348 0.065111 0.406522
1 0.450557 0.43587 0.46239600000000003 0.43695700000000004 0.46239600000000003 0.431522 0.461003 0.42934799999999995 0.460306 0.421739 0.459262 0.394565 0.45786899999999997 0.38913000000000003 0.456128 0.38913000000000003 0.454039 0.404348 0.452994 0.42934799999999995 0.451253 0.431522 0.450557 0.43587
1 0.749652 0.48913 0.748259 0.48913 0.747563 0.49130399999999996 0.747563 0.494565 0.750696 0.497826 0.766713 0.497826 0.76532 0.49347799999999997 0.764972 0.48804299999999995 0.763231 0.48586999999999997 0.7621870000000001 0.48043500000000006 0.76149 0.45543500000000003 0.759749 0.430435 0.754875 0.431522 0.75383 0.443478 0.751045 0.46087 0.750348 0.48586999999999997 0.749652 0.48913
1 0.9279249999999999 0.780435 0.9254870000000001 0.782609 0.925139 0.7923910000000001 0.918524 0.7978259999999999 0.918524 0.8010870000000001 0.9227019999999999 0.8043480000000001 0.9254870000000001 0.808696 0.92688 0.808696 0.928621 0.8141299999999999 0.9404600000000001 0.8239129999999999 0.9415039999999999 0.826087 0.9484680000000001 0.831522 0.9505570000000001 0.831522 0.9505570000000001 0.634783 0.946031 0.634783 0.94429 0.6586960000000001 0.9404600000000001 0.693478 0.9352370000000001 0.7793479999999999 0.9279249999999999 0.780435