3 0.5351670000000001 0.504348 0.535864 0.508696 0.534471 0.5195649999999999 0.531685 0.521739 0.529596 0.526087 0.529596 0.53913 0.5288999999999999 0.5423910000000001 0.554666 0.5423910000000001 0.5543180000000001 0.540217 0.555014 0.5380429999999999 0.557451 0.53587 0.557451 0.521739 0.5536209999999999 0.518478 0.552228 0.51413 0.549095 0.46413000000000004 0.547354 0.454348 0.545265 0.422826 0.544568 0.420652 0.539345 0.420652 0.5383009999999999 0.45108699999999996 0.535864 0.48043500000000006 0.536212 0.48586999999999997 0.5351670000000001 0.504348
3 0.46344 0.627174 0.462744 0.655435 0.461699 0.668478 0.462047 0.676087 0.461003 0.7021740000000001 0.45717299999999994 0.709783 0.454735 0.709783 0.452646 0.719565 0.452994 0.728261 0.44812 0.738043 0.452646 0.743478 0.45369099999999996 0.746739 0.45369099999999996 0.748913 0.46065500000000004 0.752174 0.465877 0.751087 0.467618 0.753261 0.48676899999999995 0.754348 0.487465 0.751087 0.490599 0.746739 0.49721399999999993 0.732609 0.49791100000000005 0.729348 0.501045 0.722826 0.501741 0.718478 0.5 0.7163039999999999 0.495474 0.715217 0.49303600000000003 0.706522 0.486421 0.698913 0.482939 0.66413 0.482939 0.652174 0.48189399999999993 0.634783 0.476323 0.5663039999999999 0.47562699999999997 0.551087 0.46796699999999997 0.551087 0.46726999999999996 0.571739 0.465877 0.584783 0.46483299999999994 0.613043 0.46344 0.627174
3 0.518802 0.347826 0.51915 0.35 0.518454 0.372826 0.517409 0.377174 0.515669 0.377174 0.514972 0.38260900000000003 0.516017 0.38587 0.529944 0.384783 0.5306409999999999 0.38260900000000003 0.530292 0.377174 0.529596 0.375 0.527855 0.373913 0.526114 0.36739099999999997 0.525766 0.352174 0.523677 0.333696 0.523677 0.320652 0.5229809999999999 0.318478 0.520543 0.318478 0.520543 0.331522 0.5194989999999999 0.33913000000000004 0.5194989999999999 0.346739 0.518802 0.347826
3 0.559889 0.318478 0.560933 0.320652 0.56929 0.320652 0.5706819999999999 0.31630400000000003 0.568593 0.31413 0.567897 0.31087 0.566852 0.29239099999999996 0.565808 0.283696 0.565808 0.275 0.56337 0.275 0.562326 0.31087 0.5612809999999999 0.31521699999999997 0.560237 0.31521699999999997 0.559889 0.318478
3 0.658426 0.281522 0.658774 0.280435 0.657382 0.278261 0.656685 0.275 0.656337 0.26413000000000003 0.655292 0.25652200000000003 0.655292 0.24782600000000002 0.653203 0.24673899999999999 0.6521589999999999 0.278261 0.650766 0.27934800000000004 0.650766 0.282609 0.658426 0.281522
1 0.770891 0.31413 0.771936 0.31630400000000003 0.783426 0.31521699999999997 0.783774 0.311957 0.782033 0.31087 0.7806409999999999 0.306522 0.779248 0.291304 0.777855 0.265217 0.775766 0.265217 0.7754179999999999 0.276087 0.774373 0.283696 0.773677 0.306522 0.770891 0.31413
3 0.762535 0.23913 0.761838 0.253261 0.759053 0.259783 0.768802 0.259783 0.76915 0.25652200000000003 0.768454 0.25652200000000003 0.7677579999999999 0.251087 0.767061 0.25 0.767061 0.24239099999999997 0.765669 0.227174 0.764624 0.226087 0.763231 0.228261 0.763231 0.236957 0.762535 0.23913
1 0.8046659999999999 0.28586999999999996 0.8046659999999999 0.288043 0.80571 0.291304 0.814067 0.291304 0.8147629999999999 0.286957 0.812674 0.28586999999999996 0.812674 0.277174 0.810585 0.25652200000000003 0.810585 0.24565199999999998 0.8081480000000001 0.24565199999999998 0.8081480000000001 0.252174 0.8060579999999999 0.266304 0.80571 0.284783 0.8046659999999999 0.28586999999999996
1 0.875348 0.267391 0.871866 0.27391299999999996 0.883705 0.27391299999999996 0.8844010000000001 0.271739 0.884053 0.268478 0.8826599999999999 0.267391 0.881964 0.25760900000000003 0.881267 0.25543499999999997 0.8809189999999999 0.236957 0.879875 0.231522 0.878134 0.231522 0.8774369999999999 0.23478300000000002 0.876741 0.252174 0.875348 0.267391
3 0.896936 0.24130400000000002 0.896936 0.243478 0.9059889999999999 0.243478 0.9063370000000001 0.24021699999999999 0.905292 0.23913 0.904596 0.23586999999999997 0.902855 0.211957 0.900766 0.209783 0.8997210000000001 0.216304 0.899025 0.23586999999999997 0.898329 0.23913 0.896936 0.24130400000000002
1 0.79805 0.33587 0.797354 0.338043 0.795265 0.33913000000000004 0.795265 0.344565 0.8112809999999999 0.344565 0.8098890000000001 0.33913000000000004 0.8077989999999999 0.336957 0.80571 0.304348 0.8050140000000001 0.302174 0.804318 0.283696 0.8011839999999999 0.282609 0.800139 0.294565 0.799791 0.31413 0.79805 0.32717399999999996 0.79805 0.33587