1 0.35375999999999996 0.352174 0.35375999999999996 0.358696 0.353064 0.363043 0.352368 0.377174 0.35167099999999996 0.38152200000000003 0.34992999999999996 0.384783 0.349582 0.38913000000000003 0.360724 0.38913000000000003 0.360724 0.386957 0.358287 0.38043499999999997 0.357591 0.35108700000000004 0.356198 0.340217 0.355153 0.340217 0.354457 0.343478 0.354457 0.35 0.35375999999999996 0.352174
1 0.395891 0.36413 0.395543 0.36847799999999997 0.403552 0.36847799999999997 0.403552 0.365217 0.40250700000000006 0.36086999999999997 0.401462 0.331522 0.399721 0.330435 0.399025 0.333696 0.397284 0.36086999999999997 0.396588 0.36413 0.395891 0.36413
1 0.427577 0.356522 0.434192 0.356522 0.432799 0.340217 0.432799 0.326087 0.432103 0.323913 0.43036199999999997 0.325 0.428621 0.35108700000000004 0.427577 0.353261 0.427577 0.356522
1 0.458565 0.346739 0.457521 0.319565 0.45578 0.319565 0.454735 0.340217 0.453343 0.344565 0.453343 0.346739 0.458565 0.346739
1 0.480501 0.33913000000000004 0.47910899999999995 0.31413 0.47771600000000003 0.31630400000000003 0.47736799999999996 0.32934800000000003 0.47562699999999997 0.33913000000000004 0.480501 0.33913000000000004
1 0.496866 0.333696 0.495474 0.311957 0.49442899999999995 0.31521699999999997 0.49373300000000003 0.32717399999999996 0.49268799999999996 0.333696 0.496866 0.333696
2 0.503134 0.32934800000000003 0.503134 0.331522 0.509401 0.331522 0.509401 0.328261 0.508357 0.323913 0.50766 0.29782600000000004 0.505919 0.298913 0.505223 0.31630400000000003 0.504178 0.328261 0.503134 0.32934800000000003
2 0.513579 0.321739 0.513231 0.304348 0.512535 0.298913 0.511838 0.298913 0.510097 0.319565 0.510097 0.32934800000000003 0.514276 0.32934800000000003 0.513579 0.321739
1 0.541783 0.320652 0.541086 0.305435 0.540042 0.306522 0.540042 0.313043 0.538997 0.320652 0.541783 0.320652
3 0.138928 0.325 0.13649 0.35108700000000004 0.135097 0.352174 0.134749 0.356522 0.146936 0.357609 0.146936 0.352174 0.14623999999999998 0.352174 0.145543 0.348913 0.144847 0.325 0.14415 0.321739 0.143106 0.304348 0.140669 0.304348 0.139624 0.30869599999999997 0.139624 0.31630400000000003 0.138928 0.318478 0.138928 0.325
3 0.232939 0.338043 0.24094699999999997 0.338043 0.239554 0.32934800000000003 0.239554 0.313043 0.23885800000000001 0.30978300000000003 0.23851 0.302174 0.236421 0.3 0.23537599999999997 0.30978300000000003 0.23433099999999998 0.33260900000000004 0.232939 0.33587 0.232939 0.338043
3 0.30745100000000003 0.322826 0.30745100000000003 0.31087 0.306407 0.3 0.305362 0.301087 0.302577 0.32934800000000003 0.308496 0.32934800000000003 0.30745100000000003 0.322826
3 0.35201899999999997 0.323913 0.350975 0.302174 0.34992999999999996 0.3 0.349234 0.303261 0.347493 0.32717399999999996 0.352716 0.32717399999999996 0.35201899999999997 0.323913
3 0.38509699999999997 0.321739 0.389624 0.321739 0.389276 0.307609 0.388231 0.298913 0.386838 0.301087 0.386142 0.307609 0.386142 0.31521699999999997 0.38509699999999997 0.321739
3 0.413997 0.298913 0.41260399999999997 0.305435 0.41156 0.319565 0.415738 0.319565 0.413997 0.298913
2 0.427925 0.31630400000000003 0.432799 0.31630400000000003 0.431755 0.288043 0.431058 0.282609 0.43036199999999997 0.282609 0.42931800000000003 0.291304 0.42931800000000003 0.301087 0.427925 0.31630400000000003
3 0.43662999999999996 0.302174 0.435933 0.3 0.435933 0.296739 0.435237 0.296739 0.43454 0.301087 0.433844 0.31521699999999997 0.43697800000000003 0.31521699999999997 0.43662999999999996 0.302174
2 0.441156 0.31087 0.441156 0.302174 0.44046 0.296739 0.44046 0.284783 0.439415 0.283696 0.43837000000000004 0.293478 0.437674 0.31413 0.441852 0.31413 0.441156 0.31087
3 0.46135099999999996 0.294565 0.460306 0.30978300000000003 0.46344 0.30978300000000003 0.46239600000000003 0.294565 0.46135099999999996 0.294565
1 0.934192 0.44021699999999997 0.933844 0.45 0.9314069999999999 0.46087 0.9314069999999999 0.463043 0.940808 0.463043 0.939415 0.459783 0.937674 0.42717400000000005 0.9362809999999999 0.42717400000000005 0.935585 0.42934799999999995 0.935585 0.43478300000000003 0.934192 0.44021699999999997
1 0.838092 0.421739 0.8450559999999999 0.422826 0.8433149999999999 0.41413 0.8426180000000001 0.395652 0.841226 0.394565 0.840181 0.40108699999999997 0.839485 0.415217 0.838092 0.41956499999999997 0.838092 0.421739
1 0.821031 0.40217400000000003 0.8199859999999999 0.394565 0.819638 0.379348 0.8182449999999999 0.38260900000000003 0.817549 0.393478 0.815808 0.40217400000000003 0.821031 0.40217400000000003
1 0.8461000000000001 0.395652 0.845404 0.39891299999999996 0.8495820000000001 0.39891299999999996 0.8485379999999999 0.390217 0.848189 0.379348 0.847145 0.38152200000000003 0.847145 0.384783 0.8461000000000001 0.390217 0.8461000000000001 0.395652
1 0.8910170000000001 0.38587 0.8906689999999999 0.383696 0.8896240000000001 0.383696 0.8878830000000001 0.4 0.892061 0.4 0.8910170000000001 0.392391 0.8910170000000001 0.38587
1 0.9230499999999999 0.40217400000000003 0.927228 0.40217400000000003 0.9265319999999999 0.4 0.9261839999999999 0.386957 0.925139 0.386957 0.9244429999999999 0.38913000000000003 0.924095 0.396739 0.9230499999999999 0.40217400000000003
1 0.920613 0.379348 0.9192199999999999 0.38260900000000003 0.918175 0.393478 0.9213089999999999 0.393478 0.920613 0.379348
1 0.887187 0.373913 0.887187 0.36739099999999997 0.885794 0.36956500000000003 0.884749 0.379348 0.8878830000000001 0.379348 0.887187 0.373913
3 0.9317550000000001 0.42717400000000005 0.935585 0.428261 0.935933 0.411957 0.9352370000000001 0.40543500000000005 0.933844 0.40543500000000005 0.932451 0.41630399999999995 0.932451 0.42391300000000004 0.9317550000000001 0.425 0.9317550000000001 0.42717400000000005
1 0.401462 0.553261 0.397284 0.554348 0.395543 0.56087 0.395543 0.56413 0.399373 0.575 0.42305000000000004 0.575 0.422354 0.573913 0.42305000000000004 0.571739 0.422702 0.56087 0.42130900000000004 0.557609 0.419916 0.557609 0.418524 0.553261 0.41782700000000006 0.5478259999999999 0.416435 0.49565200000000004 0.415042 0.47717400000000004 0.41434499999999996 0.457609 0.40947100000000003 0.456522 0.40703300000000003 0.481522 0.40703300000000003 0.48804299999999995 0.403552 0.5239130000000001 0.401462 0.553261
1 0.336351 0.409783 0.335306 0.420652 0.33460999999999996 0.433696 0.331128 0.43913 0.331128 0.44782599999999995 0.348538 0.44782599999999995 0.348538 0.443478 0.345404 0.43587 0.344708 0.430435 0.342618 0.377174 0.338788 0.376087 0.338092 0.390217 0.337396 0.392391 0.337047 0.407609 0.336351 0.409783
1 0.526811 0.318478 0.526462 0.30978300000000003 0.525766 0.30978300000000003 0.5254179999999999 0.318478 0.524373 0.326087 0.527855 0.326087 0.526811 0.318478