0 0.443245 0.684783 0.442897 0.690217 0.442201 0.692391 0.436281 0.696739 0.436281 0.698913 0.44951299999999994 0.719565 0.455084 0.725 0.456825 0.728261 0.466922 0.727174 0.49094699999999997 0.715217 0.49094699999999997 0.713043 0.48433099999999996 0.701087 0.48328699999999997 0.6913039999999999 0.476323 0.678261 0.474582 0.631522 0.471448 0.569565 0.47075199999999995 0.540217 0.466922 0.5336960000000001 0.463788 0.5336960000000001 0.46135099999999996 0.53587 0.451253 0.6728259999999999 0.45020899999999997 0.677174 0.447075 0.679348 0.443245 0.684783
0 0.225279 0.392391 0.226323 0.395652 0.24617 0.395652 0.24617 0.393478 0.244429 0.390217 0.244429 0.38587 0.24303599999999997 0.38260900000000003 0.24129499999999998 0.38152200000000003 0.240599 0.378261 0.23816199999999998 0.328261 0.23711700000000002 0.31630400000000003 0.23328700000000002 0.31630400000000003 0.229109 0.378261 0.228412 0.38152200000000003 0.225279 0.384783 0.225279 0.392391
0 0.163301 0.301087 0.167131 0.303261 0.175487 0.303261 0.175487 0.29565199999999997 0.173398 0.29565199999999997 0.172702 0.291304 0.170961 0.252174 0.168524 0.252174 0.165738 0.29239099999999996 0.165042 0.29565199999999997 0.163301 0.29565199999999997 0.163301 0.301087
0 0.104457 0.3 0.11908099999999999 0.3 0.11908099999999999 0.293478 0.11699200000000001 0.291304 0.116295 0.288043 0.114206 0.24673899999999999 0.110724 0.24673899999999999 0.108287 0.288043 0.10724199999999999 0.29239099999999996 0.10515300000000001 0.29239099999999996 0.104457 0.3
4 0.172354 0.275 0.175836 0.275 0.175836 0.26087 0.175139 0.25760900000000003 0.174095 0.23913 0.173398 0.23913 0.172354 0.251087 0.172354 0.25760900000000003 0.171657 0.259783 0.172354 0.275
4 0.23363499999999998 0.25543499999999997 0.239554 0.25652200000000003 0.23851 0.254348 0.23746499999999998 0.230435 0.236072 0.22934800000000002 0.23537599999999997 0.24565199999999998 0.23468 0.25 0.23502800000000001 0.252174 0.23363499999999998 0.25543499999999997
4 0.279944 0.220652 0.27890000000000004 0.24021699999999999 0.282033 0.24021699999999999 0.28098900000000004 0.225 0.279944 0.220652
4 0.330084 0.25543499999999997 0.32903899999999997 0.25 0.32903899999999997 0.243478 0.327994 0.233696 0.326602 0.24130400000000002 0.326253 0.252174 0.324861 0.25543499999999997 0.330084 0.25543499999999997
4 0.43488899999999997 0.263043 0.434192 0.243478 0.433496 0.243478 0.432799 0.253261 0.431407 0.263043 0.43488899999999997 0.263043
4 0.543175 0.27934800000000004 0.542131 0.26087 0.541435 0.261957 0.541086 0.271739 0.539694 0.27934800000000004 0.543175 0.27934800000000004
4 0.652855 0.304348 0.657033 0.304348 0.655989 0.29565199999999997 0.6556409999999999 0.282609 0.654944 0.282609 0.653552 0.298913 0.6525070000000001 0.302174 0.652855 0.304348
4 0.6827989999999999 0.283696 0.682103 0.283696 0.68071 0.301087 0.683148 0.301087 0.6827989999999999 0.283696
4 0.7681060000000001 0.333696 0.767409 0.331522 0.767061 0.30978300000000003 0.765669 0.31521699999999997 0.764276 0.331522 0.763579 0.333696 0.7681060000000001 0.333696
4 0.803969 0.33260900000000004 0.803969 0.313043 0.8032730000000001 0.311957 0.802577 0.313043 0.80188 0.323913 0.8004870000000001 0.33260900000000004 0.803969 0.33260900000000004
4 0.908078 0.372826 0.9073819999999999 0.344565 0.9063370000000001 0.34565199999999996 0.9063370000000001 0.35 0.903552 0.372826 0.908078 0.372826
4 0.9244429999999999 0.36413 0.9244429999999999 0.355435 0.923398 0.340217 0.922354 0.341304 0.922354 0.346739 0.919916 0.36413 0.9244429999999999 0.36413
4 0.152507 0.221739 0.152507 0.216304 0.151811 0.213043 0.151114 0.213043 0.149721 0.238043 0.153203 0.238043 0.153203 0.226087 0.152507 0.221739