3 0.19812000000000002 0.567391 0.197423 0.573913 0.197075 0.588043 0.192897 0.594565 0.192897 0.602174 0.193593 0.606522 0.200209 0.607609 0.20195 0.6054350000000001 0.213788 0.6054350000000001 0.21970800000000001 0.603261 0.21970800000000001 0.596739 0.21831499999999998 0.58913 0.21518099999999998 0.5869570000000001 0.21413600000000002 0.583696 0.21065499999999998 0.546739 0.20961 0.521739 0.207869 0.502174 0.20299399999999998 0.502174 0.20090499999999997 0.522826 0.200557 0.53587 0.19812000000000002 0.555435 0.19812000000000002 0.567391
3 0.087047 0.791304 0.086003 0.794565 0.080084 0.803261 0.078343 0.8130430000000001 0.077994 0.8195650000000001 0.070682 0.831522 0.070682 0.833696 0.07694999999999999 0.836957 0.106894 0.8380430000000001 0.12082200000000001 0.826087 0.125348 0.8206519999999999 0.130223 0.8119569999999999 0.136142 0.8054349999999999 0.136142 0.803261 0.12883 0.798913 0.125696 0.786957 0.11942900000000001 0.7836960000000001 0.109331 0.659783 0.106546 0.63913 0.10341199999999999 0.63913 0.096797 0.643478 0.09331500000000001 0.708696 0.087047 0.791304
3 0.41713100000000003 0.417391 0.416435 0.422826 0.415042 0.425 0.415042 0.42934799999999995 0.42479100000000003 0.42934799999999995 0.42479100000000003 0.42717400000000005 0.42305000000000004 0.425 0.422006 0.420652 0.421657 0.40543500000000005 0.420613 0.393478 0.418524 0.392391 0.417479 0.40543500000000005 0.41608599999999996 0.41413 0.41608599999999996 0.41630399999999995 0.41713100000000003 0.417391
3 0.309192 0.44565200000000005 0.308148 0.454348 0.306755 0.457609 0.306755 0.46087 0.318593 0.46087 0.31928999999999996 0.45869600000000005 0.315808 0.452174 0.31545999999999996 0.43478300000000003 0.314067 0.42391300000000004 0.31371899999999997 0.41413 0.31162999999999996 0.41304299999999994 0.310585 0.41956499999999997 0.310585 0.42717400000000005 0.30988899999999997 0.431522 0.309192 0.44565200000000005
3 0.24129499999999998 0.492391 0.240599 0.49565200000000004 0.239554 0.496739 0.239554 0.49891300000000005 0.255919 0.49891300000000005 0.258705 0.496739 0.25626699999999997 0.490217 0.254178 0.48913 0.253482 0.48695700000000003 0.25383 0.47717400000000004 0.250696 0.43587 0.24756300000000003 0.43587 0.24582199999999998 0.456522 0.24547400000000003 0.470652 0.244081 0.48913 0.24129499999999998 0.492391
1 0.546657 0.521739 0.544916 0.526087 0.543175 0.527174 0.5424789999999999 0.531522 0.54039 0.5336960000000001 0.544916 0.53913 0.564067 0.5380429999999999 0.562326 0.5336960000000001 0.56163 0.528261 0.5595399999999999 0.526087 0.558496 0.521739 0.5577989999999999 0.5108699999999999 0.5619780000000001 0.509783 0.560933 0.490217 0.557451 0.490217 0.556407 0.48586999999999997 0.5543180000000001 0.45869600000000005 0.550836 0.45869600000000005 0.5501389999999999 0.463043 0.549095 0.484783 0.547006 0.508696 0.546657 0.521739
1 0.513579 0.45543500000000003 0.51149 0.457609 0.510794 0.46413000000000004 0.523329 0.465217 0.524025 0.46413000000000004 0.524025 0.459783 0.521588 0.453261 0.518802 0.411957 0.516713 0.411957 0.515669 0.417391 0.51532 0.428261 0.513579 0.44565200000000005 0.513579 0.45543500000000003
1 0.586351 0.430435 0.586351 0.43478300000000003 0.5961000000000001 0.43478300000000003 0.596448 0.430435 0.595056 0.42934799999999995 0.5943590000000001 0.426087 0.59227 0.394565 0.5898329999999999 0.394565 0.5884400000000001 0.41630399999999995 0.5884400000000001 0.426087 0.587744 0.42934799999999995 0.586351 0.430435
1 0.832869 0.729348 0.830084 0.752174 0.827994 0.758696 0.8290390000000001 0.772826 0.827994 0.786957 0.8252090000000001 0.809783 0.824164 0.827174 0.8217269999999999 0.8391299999999999 0.8151109999999999 0.844565 0.8147629999999999 0.846739 0.85585 0.846739 0.85585 0.840217 0.854109 0.8206519999999999 0.853064 0.8 0.850627 0.775 0.8467969999999999 0.682609 0.8440110000000001 0.680435 0.836003 0.681522 0.8353059999999999 0.7 0.832869 0.729348
1 0.6880219999999999 0.41304299999999994 0.6880219999999999 0.417391 0.696727 0.417391 0.696727 0.41413 0.695334 0.411957 0.6946380000000001 0.40869600000000006 0.693593 0.384783 0.691852 0.383696 0.690808 0.391304 0.689763 0.40869600000000006 0.689067 0.411957 0.6880219999999999 0.41304299999999994
3 0.65773 0.394565 0.656685 0.390217 0.6556409999999999 0.370652 0.654248 0.36956500000000003 0.652855 0.379348 0.652855 0.390217 0.651462 0.394565 0.65773 0.394565
3 0.746866 0.394565 0.746866 0.392391 0.745822 0.390217 0.744777 0.38043499999999997 0.744429 0.36956500000000003 0.743036 0.36956500000000003 0.741295 0.38260900000000003 0.741643 0.388043 0.740251 0.394565 0.746866 0.394565
1 0.8199859999999999 0.41413 0.827994 0.41413 0.825905 0.404348 0.824861 0.38260900000000003 0.82312 0.38260900000000003 0.8217269999999999 0.393478 0.821031 0.40869600000000006 0.8199859999999999 0.41086999999999996 0.8199859999999999 0.41413
3 0.837396 0.394565 0.8443590000000001 0.394565 0.842967 0.386957 0.841922 0.36956500000000003 0.8405290000000001 0.36956500000000003 0.8391360000000001 0.379348 0.8387879999999999 0.38913000000000003 0.837396 0.391304 0.837396 0.394565
1 0.930362 0.407609 0.930362 0.41086999999999996 0.939067 0.411957 0.9369780000000001 0.40543500000000005 0.935585 0.38152200000000003 0.933844 0.38152200000000003 0.932103 0.391304 0.932103 0.4 0.9310579999999999 0.406522 0.930362 0.407609
3 0.9247909999999999 0.396739 0.9230499999999999 0.373913 0.9213089999999999 0.373913 0.919916 0.386957 0.919916 0.392391 0.918872 0.396739 0.9247909999999999 0.396739
3 0.516713 0.406522 0.51532 0.404348 0.513928 0.38043499999999997 0.5121870000000001 0.379348 0.5104460000000001 0.404348 0.509401 0.40869600000000006 0.516713 0.40869600000000006 0.516713 0.406522
3 0.31337000000000004 0.392391 0.312674 0.378261 0.31128100000000003 0.378261 0.310933 0.38913000000000003 0.30954000000000004 0.40108699999999997 0.314415 0.40108699999999997 0.31337000000000004 0.392391
3 0.360376 0.370652 0.358635 0.36956500000000003 0.358287 0.379348 0.357242 0.386957 0.361421 0.386957 0.360376 0.370652
3 0.24895499999999998 0.411957 0.255919 0.411957 0.254178 0.40543500000000005 0.254178 0.396739 0.253134 0.392391 0.253134 0.388043 0.25243699999999997 0.38587 0.25139300000000003 0.38587 0.250696 0.390217 0.25 0.407609 0.24895499999999998 0.409783 0.24895499999999998 0.411957
1 0.275766 0.391304 0.274373 0.388043 0.273677 0.372826 0.272632 0.372826 0.271936 0.376087 0.271936 0.38152200000000003 0.270891 0.391304 0.275766 0.391304
1 0.241643 0.396739 0.24686599999999997 0.396739 0.24512499999999998 0.383696 0.24477699999999997 0.376087 0.24373300000000003 0.376087 0.24303599999999997 0.379348 0.24234 0.393478 0.241643 0.394565 0.241643 0.396739
3 0.163997 0.426087 0.171657 0.426087 0.171657 0.417391 0.170961 0.41630399999999995 0.171309 0.409783 0.169568 0.404348 0.168524 0.395652 0.167479 0.395652 0.165738 0.41304299999999994 0.165738 0.418478 0.163997 0.42391300000000004 0.163997 0.426087
1 0.09226999999999999 0.415217 0.09226999999999999 0.41956499999999997 0.099234 0.41956499999999997 0.098886 0.41413 0.097841 0.411957 0.097841 0.40217400000000003 0.096797 0.392391 0.095056 0.392391 0.094011 0.40108699999999997 0.094011 0.40869600000000006 0.09331500000000001 0.41304299999999994 0.09226999999999999 0.415217
1 0.059889000000000005 0.40108699999999997 0.065111 0.40108699999999997 0.064067 0.392391 0.063719 0.379348 0.062326000000000006 0.378261 0.061280999999999995 0.38587 0.061280999999999995 0.392391 0.059889000000000005 0.397826 0.059889000000000005 0.40108699999999997
3 0.086699 0.38043499999999997 0.086351 0.36956500000000003 0.084958 0.36956500000000003 0.083914 0.376087 0.083565 0.386957 0.087744 0.386957 0.086699 0.38043499999999997
1 0.10236799999999999 0.394565 0.100627 0.375 0.099234 0.375 0.098538 0.379348 0.098538 0.388043 0.097841 0.394565 0.10236799999999999 0.394565
1 0.148329 0.38152200000000003 0.147632 0.370652 0.146588 0.370652 0.14519500000000002 0.386957 0.14902500000000002 0.388043 0.149373 0.38587 0.148329 0.38152200000000003
3 0.148677 0.365217 0.148677 0.38152200000000003 0.151114 0.38152200000000003 0.149721 0.365217 0.148677 0.365217
1 0.206128 0.36847799999999997 0.205084 0.36847799999999997 0.203343 0.384783 0.207173 0.384783 0.20647600000000002 0.38043499999999997 0.206128 0.36847799999999997
3 0.203343 0.38043499999999997 0.203343 0.36956500000000003 0.20264600000000002 0.365217 0.201253 0.365217 0.20090499999999997 0.373913 0.199861 0.377174 0.199861 0.379348 0.203343 0.38043499999999997
3 0.248259 0.36413 0.247214 0.363043 0.24582199999999998 0.378261 0.24965199999999999 0.378261 0.24895499999999998 0.375 0.248259 0.36413
1 0.255919 0.38043499999999997 0.255571 0.36956500000000003 0.254178 0.36956500000000003 0.253482 0.377174 0.253482 0.386957 0.256964 0.386957 0.255919 0.38043499999999997
3 0.592967 0.39891299999999996 0.596448 0.39891299999999996 0.595404 0.393478 0.5943590000000001 0.372826 0.592967 0.372826 0.59227 0.379348 0.5919220000000001 0.393478 0.592618 0.394565 0.592967 0.39891299999999996
3 0.291086 0.379348 0.290042 0.36413 0.288997 0.36413 0.288997 0.36739099999999997 0.28830100000000003 0.36847799999999997 0.287953 0.379348 0.291086 0.379348
0 0.27124000000000004 0.353261 0.26949900000000004 0.353261 0.268802 0.36847799999999997 0.271936 0.36847799999999997 0.27124000000000004 0.361957 0.27124000000000004 0.353261
0 0.253482 0.36086999999999997 0.253482 0.354348 0.25243699999999997 0.353261 0.25243699999999997 0.36086999999999997 0.251741 0.363043 0.254178 0.363043 0.253482 0.36086999999999997
0 0.24582199999999998 0.35108700000000004 0.24512499999999998 0.359783 0.24686599999999997 0.359783 0.24686599999999997 0.354348 0.24582199999999998 0.35108700000000004
0 0.327298 0.354348 0.326602 0.36413 0.328691 0.36413 0.328343 0.355435 0.327298 0.354348
0 0.333217 0.35108700000000004 0.332521 0.36086999999999997 0.33460999999999996 0.36086999999999997 0.333914 0.35108700000000004 0.333217 0.35108700000000004
0 0.203343 0.35108700000000004 0.203343 0.357609 0.20473499999999997 0.357609 0.20473499999999997 0.352174 0.203343 0.35108700000000004
3 0.335655 0.390217 0.335655 0.38260900000000003 0.333914 0.38260900000000003 0.333217 0.38043499999999997 0.333217 0.373913 0.332521 0.390217 0.331476 0.394565 0.33669899999999997 0.394565 0.335655 0.390217
3 0.335655 0.365217 0.334262 0.365217 0.333565 0.38043499999999997 0.337047 0.38152200000000003 0.335655 0.372826 0.335655 0.365217