3 0.205084 0.593478 0.204387 0.606522 0.199164 0.642391 0.199164 0.6445649999999999 0.200557 0.646739 0.201602 0.641304 0.202298 0.641304 0.20090499999999997 0.671739 0.199861 0.673913 0.196031 0.676087 0.19429000000000002 0.679348 0.193593 0.690217 0.189415 0.696739 0.18836999999999998 0.7 0.18836999999999998 0.7021740000000001 0.22214499999999998 0.703261 0.22597499999999998 0.696739 0.22945700000000002 0.693478 0.23363499999999998 0.684783 0.232939 0.680435 0.23154599999999997 0.680435 0.23050099999999998 0.678261 0.230153 0.6728259999999999 0.226323 0.668478 0.224234 0.668478 0.22353800000000001 0.666304 0.222493 0.656522 0.223189 0.6543479999999999 0.225279 0.6543479999999999 0.226323 0.652174 0.22562700000000002 0.6358699999999999 0.228064 0.629348 0.22284099999999998 0.6119570000000001 0.21831499999999998 0.593478 0.214833 0.548913 0.20961 0.5478259999999999 0.208217 0.552174 0.20682499999999998 0.5771740000000001 0.205084 0.593478
3 0.407382 0.467391 0.407382 0.46956499999999995 0.40598900000000004 0.47391300000000003 0.424095 0.47282599999999997 0.42305000000000004 0.46956499999999995 0.42305000000000004 0.467391 0.419916 0.46413000000000004 0.41956800000000005 0.45543500000000003 0.42130900000000004 0.45543500000000003 0.42130900000000004 0.45108699999999996 0.418175 0.43695700000000004 0.416435 0.41086999999999996 0.41434499999999996 0.41086999999999996 0.412256 0.430435 0.410864 0.46087 0.41016700000000006 0.46413000000000004 0.407382 0.467391
2 0.44254899999999997 0.35108700000000004 0.44254899999999997 0.354348 0.448468 0.354348 0.446727 0.348913 0.445334 0.320652 0.44428999999999996 0.320652 0.443942 0.33260900000000004 0.442897 0.33587 0.443245 0.348913 0.44254899999999997 0.35108700000000004
3 0.5271589999999999 0.409783 0.526462 0.411957 0.5254179999999999 0.411957 0.5254179999999999 0.415217 0.5351670000000001 0.415217 0.5351670000000001 0.411957 0.533774 0.411957 0.5330779999999999 0.40869600000000006 0.531337 0.375 0.529248 0.375 0.528552 0.384783 0.528552 0.395652 0.5275070000000001 0.40217400000000003 0.5271589999999999 0.409783
3 0.607939 0.393478 0.607939 0.391304 0.6068939999999999 0.391304 0.606198 0.388043 0.604805 0.361957 0.603064 0.361957 0.601323 0.38913000000000003 0.600279 0.391304 0.600279 0.393478 0.607939 0.393478
1 0.892409 0.701087 0.887535 0.740217 0.887187 0.756522 0.88649 0.758696 0.883008 0.758696 0.8809189999999999 0.7608699999999999 0.878134 0.766304 0.878134 0.791304 0.880223 0.7978259999999999 0.889972 0.798913 0.892409 0.8021739999999999 0.899025 0.803261 0.901811 0.806522 0.9091229999999999 0.806522 0.915042 0.809783 0.9192199999999999 0.809783 0.9209609999999999 0.8119569999999999 0.9279249999999999 0.8119569999999999 0.92688 0.796739 0.92688 0.7836960000000001 0.923398 0.776087 0.918524 0.775 0.917827 0.771739 0.91156 0.670652 0.91156 0.657609 0.910515 0.653261 0.9101670000000001 0.63913 0.9091229999999999 0.632609 0.9091229999999999 0.623913 0.9077299999999999 0.618478 0.8997210000000001 0.618478 0.897632 0.636957 0.894499 0.676087 0.893454 0.682609 0.892409 0.701087
1 0.713092 0.511957 0.7301529999999999 0.511957 0.7301529999999999 0.502174 0.727368 0.5 0.726323 0.496739 0.72493 0.48043500000000006 0.723886 0.45108699999999996 0.7228410000000001 0.43804299999999996 0.721797 0.43478300000000003 0.719708 0.43478300000000003 0.714485 0.496739 0.712047 0.49891300000000005 0.712047 0.509783 0.713092 0.511957
1 0.710306 0.42934799999999995 0.720752 0.42934799999999995 0.7211000000000001 0.425 0.719708 0.42391300000000004 0.718315 0.417391 0.716574 0.38587 0.7148329999999999 0.38587 0.712744 0.403261 0.712047 0.421739 0.710306 0.42391300000000004 0.710306 0.42934799999999995
1 0.7771589999999999 0.40108699999999997 0.7771589999999999 0.404348 0.785515 0.404348 0.785515 0.40108699999999997 0.784123 0.39891299999999996 0.7830779999999999 0.391304 0.78273 0.371739 0.782382 0.36956500000000003 0.780292 0.36956500000000003 0.779248 0.379348 0.779248 0.390217 0.778552 0.39891299999999996 0.7771589999999999 0.40108699999999997
1 0.8203340000000001 0.388043 0.8203340000000001 0.391304 0.8272980000000001 0.391304 0.8272980000000001 0.38913000000000003 0.826253 0.388043 0.8255570000000001 0.383696 0.8245129999999999 0.361957 0.822772 0.361957 0.822772 0.366304 0.8217269999999999 0.371739 0.821379 0.386957 0.8203340000000001 0.388043
1 0.825905 0.379348 0.827646 0.379348 0.827646 0.377174 0.826253 0.372826 0.826253 0.36847799999999997 0.8252090000000001 0.36086999999999997 0.8252090000000001 0.353261 0.8234680000000001 0.353261 0.82312 0.36086999999999997 0.8245129999999999 0.36086999999999997 0.8252090000000001 0.36413 0.825905 0.379348
1 0.847493 0.36413 0.846448 0.359783 0.8457520000000001 0.344565 0.8443590000000001 0.344565 0.8436629999999999 0.348913 0.8433149999999999 0.36086999999999997 0.8422700000000001 0.36413 0.847493 0.36413
1 0.9174789999999999 0.372826 0.916086 0.36413 0.91539 0.352174 0.913997 0.352174 0.9129530000000001 0.358696 0.9129530000000001 0.36739099999999997 0.911908 0.372826 0.9174789999999999 0.372826
3 0.947423 0.359783 0.9467269999999999 0.346739 0.9449859999999999 0.346739 0.9439420000000001 0.361957 0.942897 0.36739099999999997 0.949164 0.36739099999999997 0.947423 0.359783
3 0.6768799999999999 0.383696 0.683496 0.383696 0.683496 0.38152200000000003 0.682103 0.377174 0.681407 0.36847799999999997 0.681407 0.358696 0.6810579999999999 0.356522 0.6793180000000001 0.356522 0.6786209999999999 0.361957 0.678273 0.377174 0.6768799999999999 0.38152200000000003 0.6768799999999999 0.383696
3 0.708565 0.372826 0.708565 0.375 0.714485 0.375 0.714485 0.371739 0.713788 0.370652 0.713092 0.365217 0.712396 0.35108700000000004 0.710655 0.35108700000000004 0.710655 0.355435 0.709958 0.357609 0.70961 0.370652 0.708565 0.372826
3 0.675836 0.365217 0.676184 0.36739099999999997 0.678273 0.36739099999999997 0.678273 0.361957 0.6793180000000001 0.355435 0.678969 0.344565 0.677925 0.344565 0.677228 0.347826 0.6768799999999999 0.363043 0.675836 0.365217
3 0.649373 0.359783 0.6479809999999999 0.35108700000000004 0.647632 0.340217 0.646588 0.340217 0.645891 0.346739 0.645891 0.354348 0.6448470000000001 0.359783 0.649373 0.359783
3 0.630919 0.33587 0.629875 0.33587 0.629526 0.346739 0.628482 0.353261 0.632312 0.353261 0.630919 0.33587
3 0.635794 0.33260900000000004 0.635097 0.33260900000000004 0.634053 0.346739 0.6371870000000001 0.346739 0.636142 0.340217 0.635794 0.33260900000000004
3 0.641713 0.32934800000000003 0.640669 0.342391 0.643802 0.342391 0.642409 0.32934800000000003 0.641713 0.32934800000000003
3 0.660515 0.32717399999999996 0.6598189999999999 0.33913000000000004 0.662256 0.33913000000000004 0.661212 0.32717399999999996 0.660515 0.32717399999999996
3 0.676184 0.325 0.6754870000000001 0.32934800000000003 0.6754870000000001 0.33587 0.677228 0.33587 0.676184 0.325
1 0.7057800000000001 0.331522 0.705432 0.344565 0.707869 0.344565 0.7071729999999999 0.331522 0.7057800000000001 0.331522
1 0.710655 0.338043 0.709958 0.334783 0.708914 0.338043 0.708217 0.355435 0.710306 0.355435 0.710655 0.338043
1 0.714485 0.328261 0.7134400000000001 0.341304 0.716226 0.341304 0.715529 0.328261 0.714485 0.328261
1 0.731546 0.338043 0.7305010000000001 0.328261 0.729457 0.328261 0.729457 0.330435 0.7287600000000001 0.331522 0.7287600000000001 0.338043 0.731546 0.338043
1 0.74617 0.343478 0.745125 0.343478 0.743384 0.361957 0.748259 0.361957 0.746866 0.357609 0.74617 0.343478
3 0.755571 0.326087 0.755223 0.33587 0.757312 0.33587 0.756616 0.326087 0.755571 0.326087
1 0.767409 0.33587 0.766365 0.33587 0.764972 0.352174 0.768802 0.352174 0.7677579999999999 0.34565199999999996 0.767409 0.33587
1 0.762883 0.328261 0.7621870000000001 0.338043 0.764276 0.338043 0.763928 0.32934800000000003 0.762883 0.328261
1 0.788649 0.36847799999999997 0.787256 0.363043 0.7865599999999999 0.347826 0.785515 0.347826 0.784471 0.357609 0.784471 0.365217 0.783774 0.36847799999999997 0.788649 0.36847799999999997
1 0.784471 0.356522 0.7848189999999999 0.35108700000000004 0.784123 0.340217 0.7830779999999999 0.340217 0.781685 0.347826 0.781685 0.356522 0.784471 0.356522
1 0.796309 0.334783 0.795613 0.334783 0.794916 0.338043 0.794916 0.347826 0.797702 0.347826 0.796309 0.334783
1 0.807103 0.328261 0.8064069999999999 0.340217 0.808844 0.340217 0.8077989999999999 0.328261 0.807103 0.328261
3 0.8116300000000001 0.331522 0.8116300000000001 0.32717399999999996 0.810933 0.32717399999999996 0.8102370000000001 0.32934800000000003 0.8095399999999999 0.338043 0.812674 0.338043 0.8116300000000001 0.331522
1 0.8272980000000001 0.331522 0.8269500000000001 0.344565 0.8290390000000001 0.344565 0.8283429999999999 0.331522 0.8272980000000001 0.331522
1 0.8387879999999999 0.330435 0.837744 0.330435 0.8370469999999999 0.334783 0.8370469999999999 0.342391 0.839485 0.342391 0.8387879999999999 0.330435
3 0.836699 0.342391 0.836699 0.338043 0.835655 0.338043 0.834958 0.341304 0.8342620000000001 0.353261 0.838092 0.353261 0.836699 0.342391
3 0.879875 0.342391 0.878482 0.342391 0.877089 0.359783 0.882312 0.359783 0.880223 0.352174 0.879875 0.342391
3 0.871518 0.334783 0.870474 0.352174 0.8739549999999999 0.352174 0.8725630000000001 0.334783 0.871518 0.334783
3 0.864206 0.32934800000000003 0.86351 0.32934800000000003 0.862813 0.33260900000000004 0.862465 0.340217 0.8655989999999999 0.340217 0.864206 0.32934800000000003
3 0.8997210000000001 0.334783 0.899025 0.347826 0.9021589999999999 0.347826 0.901114 0.334783 0.8997210000000001 0.334783
3 0.8997210000000001 0.330435 0.898329 0.331522 0.897632 0.343478 0.899025 0.342391 0.8997210000000001 0.330435