3 0.302228 0.655435 0.302228 0.669565 0.300836 0.695652 0.299443 0.743478 0.29805000000000004 0.767391 0.297006 0.770652 0.29422000000000004 0.771739 0.290738 0.776087 0.290738 0.778261 0.290042 0.7793479999999999 0.289694 0.791304 0.287256 0.796739 0.28656000000000004 0.795652 0.285864 0.7978259999999999 0.28273000000000004 0.8 0.281337 0.798913 0.281337 0.8054349999999999 0.28273000000000004 0.8054349999999999 0.283426 0.808696 0.286908 0.8130430000000001 0.297354 0.8130430000000001 0.298398 0.815217 0.305014 0.818478 0.31128100000000003 0.818478 0.312326 0.8206519999999999 0.314763 0.8206519999999999 0.31545999999999996 0.8228260000000001 0.319638 0.8228260000000001 0.321727 0.817391 0.32520899999999997 0.8130430000000001 0.327646 0.807609 0.33077999999999996 0.8043480000000001 0.336003 0.793478 0.339136 0.791304 0.34052899999999997 0.786957 0.34401099999999996 0.781522 0.34401099999999996 0.778261 0.343315 0.776087 0.337396 0.775 0.336351 0.771739 0.336003 0.766304 0.334262 0.761957 0.330432 0.757609 0.328691 0.757609 0.326602 0.752174 0.322772 0.715217 0.322772 0.708696 0.32137899999999997 0.7 0.31928999999999996 0.6728259999999999 0.317897 0.661957 0.317897 0.656522 0.316852 0.651087 0.31337000000000004 0.602174 0.30745100000000003 0.6010869999999999 0.304318 0.604348 0.30362100000000003 0.6141300000000001 0.30362100000000003 0.629348 0.302228 0.655435
3 0.443942 0.5771740000000001 0.443593 0.5826089999999999 0.440808 0.5869570000000001 0.44046 0.58913 0.441504 0.5913039999999999 0.444986 0.593478 0.46970799999999996 0.593478 0.47005600000000003 0.5913039999999999 0.471797 0.5913039999999999 0.473886 0.584783 0.476323 0.5826089999999999 0.47841199999999995 0.576087 0.47841199999999995 0.572826 0.47771600000000003 0.570652 0.47597500000000004 0.569565 0.47318899999999997 0.563043 0.470404 0.563043 0.469359 0.559783 0.467618 0.546739 0.466226 0.516304 0.46483299999999994 0.5054350000000001 0.46483299999999994 0.497826 0.46344 0.48695700000000003 0.46309199999999995 0.479348 0.461699 0.46956499999999995 0.461003 0.454348 0.455084 0.453261 0.45020899999999997 0.565217 0.44777199999999995 0.570652 0.445334 0.570652 0.443942 0.5771740000000001
3 0.545265 0.386957 0.5442199999999999 0.390217 0.543872 0.40869600000000006 0.543175 0.41304299999999994 0.5424789999999999 0.43587 0.541086 0.44021699999999997 0.5383009999999999 0.44239100000000003 0.5383009999999999 0.45108699999999996 0.539694 0.453261 0.5428270000000001 0.454348 0.551532 0.454348 0.558496 0.45108699999999996 0.5595399999999999 0.44782599999999995 0.559192 0.44021699999999997 0.558496 0.43804299999999996 0.556407 0.43695700000000004 0.5553619999999999 0.43260899999999997 0.550836 0.366304 0.549791 0.36086999999999997 0.546657 0.359783 0.5459609999999999 0.363043 0.5459609999999999 0.378261 0.545265 0.38152200000000003 0.545265 0.386957
3 0.5288999999999999 0.353261 0.5275070000000001 0.356522 0.5275070000000001 0.358696 0.529596 0.36086999999999997 0.541435 0.358696 0.542131 0.357609 0.541783 0.352174 0.5407379999999999 0.352174 0.539345 0.348913 0.539345 0.343478 0.538649 0.340217 0.538649 0.330435 0.537953 0.32717399999999996 0.537604 0.318478 0.536908 0.31630400000000003 0.536212 0.301087 0.533426 0.3 0.53273 0.304348 0.53273 0.31521699999999997 0.530989 0.352174 0.5288999999999999 0.353261
3 0.48502799999999996 0.330435 0.483983 0.331522 0.48189399999999993 0.338043 0.495125 0.336957 0.49442899999999995 0.330435 0.49234 0.328261 0.49129500000000004 0.30869599999999997 0.490599 0.305435 0.490599 0.301087 0.489903 0.298913 0.48955399999999993 0.288043 0.487117 0.288043 0.486421 0.305435 0.48537600000000003 0.31630400000000003 0.48537600000000003 0.32717399999999996 0.48502799999999996 0.330435
3 0.46065500000000004 0.306522 0.46135099999999996 0.305435 0.46135099999999996 0.303261 0.459958 0.302174 0.45960999999999996 0.290217 0.45891400000000004 0.286957 0.45786899999999997 0.271739 0.45578 0.270652 0.454387 0.302174 0.452646 0.305435 0.453343 0.307609 0.46065500000000004 0.306522
3 0.495474 0.280435 0.495822 0.278261 0.49373300000000003 0.275 0.49373300000000003 0.267391 0.49234 0.253261 0.490599 0.252174 0.48955399999999993 0.276087 0.48781299999999994 0.280435 0.49025100000000005 0.282609 0.495474 0.280435
3 0.557451 0.267391 0.557451 0.265217 0.5560579999999999 0.263043 0.554666 0.24021699999999999 0.553273 0.24021699999999999 0.552228 0.261957 0.551184 0.265217 0.551184 0.267391 0.557451 0.267391
3 0.725975 0.238043 0.7245820000000001 0.23478300000000002 0.7245820000000001 0.221739 0.723886 0.219565 0.723886 0.215217 0.7224929999999999 0.21413000000000001 0.721448 0.227174 0.721448 0.23478300000000002 0.720404 0.236957 0.725975 0.238043
3 0.621866 0.25543499999999997 0.6277860000000001 0.25543499999999997 0.626393 0.25 0.626393 0.23913 0.625696 0.236957 0.625696 0.233696 0.624652 0.22934800000000002 0.623955 0.22934800000000002 0.623607 0.236957 0.622911 0.24021699999999999 0.622911 0.252174 0.621866 0.25543499999999997
3 0.747911 0.208696 0.749304 0.20760900000000002 0.748259 0.198913 0.746866 0.2 0.745822 0.215217 0.746866 0.215217 0.747911 0.208696
3 0.687674 0.243478 0.6887190000000001 0.24565199999999998 0.6939420000000001 0.24565199999999998 0.693593 0.24239099999999997 0.692549 0.24130400000000002 0.691504 0.221739 0.690111 0.220652 0.689067 0.228261 0.689067 0.24021699999999999 0.68837 0.243478 0.687674 0.243478
1 0.66539 0.29782600000000004 0.665042 0.301087 0.6678270000000001 0.302174 0.6678270000000001 0.296739 0.6692199999999999 0.294565 0.670265 0.28913 0.6709609999999999 0.294565 0.669916 0.296739 0.6692199999999999 0.301087 0.677925 0.302174 0.678273 0.3 0.676532 0.3 0.674095 0.293478 0.6733979999999999 0.28913 0.67305 0.275 0.672354 0.270652 0.672702 0.268478 0.671309 0.25652200000000003 0.669568 0.25652200000000003 0.668175 0.270652 0.6674789999999999 0.294565 0.666783 0.29782600000000004 0.66539 0.29782600000000004
1 0.8467969999999999 0.342391 0.845404 0.348913 0.8440110000000001 0.35 0.8443590000000001 0.352174 0.8603759999999999 0.353261 0.866295 0.35 0.864206 0.347826 0.86351 0.343478 0.8621169999999999 0.343478 0.8603759999999999 0.340217 0.85968 0.32717399999999996 0.8586349999999999 0.321739 0.857591 0.30869599999999997 0.857591 0.3 0.856546 0.284783 0.85585 0.282609 0.852368 0.282609 0.8495820000000001 0.325 0.8495820000000001 0.33913000000000004 0.848886 0.342391 0.8467969999999999 0.342391
1 0.639276 0.281522 0.638928 0.277174 0.6371870000000001 0.271739 0.636142 0.26087 0.635794 0.24782600000000002 0.634749 0.243478 0.633357 0.244565 0.63266 0.251087 0.631964 0.27391299999999996 0.629526 0.281522 0.639276 0.281522
1 0.660864 0.268478 0.6674789999999999 0.269565 0.668175 0.265217 0.666086 0.24782600000000002 0.666086 0.23586999999999997 0.663997 0.23586999999999997 0.662604 0.261957 0.661908 0.265217 0.660864 0.266304 0.660864 0.268478
1 0.826602 0.23913 0.8269500000000001 0.23586999999999997 0.825905 0.23478300000000002 0.824861 0.230435 0.8238160000000001 0.21086999999999997 0.82312 0.208696 0.8220750000000001 0.208696 0.821031 0.216304 0.8203340000000001 0.233696 0.8182449999999999 0.23913 0.826602 0.23913
1 0.863162 0.219565 0.862465 0.20108700000000002 0.8603759999999999 0.198913 0.85968 0.215217 0.857939 0.225 0.8655989999999999 0.22391299999999997 0.863162 0.219565
1 0.86351 0.21739099999999997 0.867688 0.218478 0.868036 0.215217 0.866295 0.21086999999999997 0.865251 0.19347799999999998 0.8638579999999999 0.19347799999999998 0.863162 0.202174 0.863162 0.21086999999999997 0.8638579999999999 0.213043 0.86351 0.21739099999999997
1 0.846448 0.20434800000000003 0.8461000000000001 0.195652 0.845404 0.191304 0.844708 0.191304 0.8440110000000001 0.20434800000000003 0.8426180000000001 0.21086999999999997 0.8478410000000001 0.211957 0.846448 0.20434800000000003
1 0.8502789999999999 0.20108700000000002 0.849234 0.2 0.8485379999999999 0.195652 0.8485379999999999 0.18695699999999998 0.847493 0.184783 0.846448 0.19347799999999998 0.8467969999999999 0.202174 0.84993 0.203261 0.8502789999999999 0.20108700000000002
1 0.839485 0.20760900000000002 0.837396 0.20108700000000002 0.837396 0.190217 0.836003 0.190217 0.834958 0.202174 0.8335649999999999 0.208696 0.8391360000000001 0.209783 0.839485 0.20760900000000002
3 0.75 0.225 0.749652 0.21413000000000001 0.748955 0.208696 0.748259 0.208696 0.746866 0.227174 0.74617 0.22934800000000002 0.751393 0.22934800000000002 0.75 0.225
3 0.761142 0.226087 0.761838 0.22391299999999997 0.759749 0.219565 0.758705 0.202174 0.758008 0.202174 0.756964 0.21413000000000001 0.756964 0.220652 0.755919 0.225 0.761142 0.226087
3 0.756267 0.21739099999999997 0.754875 0.20108700000000002 0.75383 0.20108700000000002 0.753482 0.21413000000000001 0.752437 0.220652 0.755919 0.221739 0.756267 0.21739099999999997
1 0.771588 0.25 0.7806409999999999 0.25 0.780292 0.24673899999999999 0.778203 0.24565199999999998 0.776811 0.219565 0.77507 0.218478 0.774373 0.22282600000000002 0.773329 0.243478 0.771588 0.24673899999999999 0.771588 0.25
3 0.812326 0.18695699999999998 0.8116300000000001 0.18695699999999998 0.810585 0.191304 0.8102370000000001 0.2 0.8133699999999999 0.20108700000000002 0.812326 0.18695699999999998
3 0.86351 0.19347799999999998 0.862465 0.179348 0.861769 0.18152200000000002 0.861421 0.190217 0.8607239999999999 0.19347799999999998 0.86351 0.19347799999999998
3 0.9265319999999999 0.182609 0.9265319999999999 0.176087 0.925836 0.171739 0.9247909999999999 0.171739 0.924095 0.176087 0.923747 0.18695699999999998 0.927228 0.18695699999999998 0.9265319999999999 0.182609
1 0.8725630000000001 0.184783 0.871518 0.18152200000000002 0.870125 0.198913 0.874652 0.198913 0.872911 0.191304 0.8725630000000001 0.184783
1 0.9108639999999999 0.191304 0.908774 0.177174 0.9077299999999999 0.182609 0.9073819999999999 0.192391 0.9101670000000001 0.19347799999999998 0.9108639999999999 0.191304
3 0.778203 0.20543499999999998 0.778203 0.196739 0.7771589999999999 0.19347799999999998 0.7771589999999999 0.191304 0.775766 0.197826 0.775766 0.20760900000000002 0.7788999999999999 0.20760900000000002 0.778203 0.20543499999999998
1 0.764972 0.320652 0.7788999999999999 0.318478 0.7788999999999999 0.313043 0.7771589999999999 0.313043 0.776462 0.30978300000000003 0.773329 0.266304 0.770195 0.266304 0.7681060000000001 0.30978300000000003 0.767409 0.31413 0.765669 0.31521699999999997 0.764972 0.320652
3 0.550836 0.365217 0.553273 0.394565 0.560585 0.393478 0.5619780000000001 0.390217 0.5619780000000001 0.386957 0.5612809999999999 0.384783 0.5595399999999999 0.383696 0.5595399999999999 0.372826 0.558496 0.36739099999999997 0.558148 0.35108700000000004 0.5560579999999999 0.333696 0.556407 0.331522 0.55571 0.322826 0.552228 0.321739 0.552228 0.330435 0.551532 0.334783 0.550836 0.352174 0.550836 0.365217