3 0.356198 0.5239130000000001 0.354805 0.528261 0.35550099999999996 0.534783 0.354109 0.53587 0.353412 0.553261 0.35167099999999996 0.556522 0.350627 0.554348 0.349234 0.555435 0.348886 0.56087 0.34818899999999997 0.563043 0.346797 0.563043 0.346797 0.5663039999999999 0.34992999999999996 0.568478 0.369429 0.568478 0.372911 0.565217 0.374652 0.56087 0.37256300000000003 0.5586960000000001 0.37117 0.552174 0.36977699999999997 0.552174 0.368384 0.5478259999999999 0.367688 0.531522 0.364206 0.48804299999999995 0.363858 0.47391300000000003 0.358983 0.47282599999999997 0.358287 0.475 0.356894 0.509783 0.35585 0.515217 0.356198 0.5239130000000001
3 0.5181060000000001 0.48913 0.516365 0.48913 0.515669 0.494565 0.513231 0.494565 0.513231 0.497826 0.533426 0.49891300000000005 0.5330779999999999 0.494565 0.531685 0.49347799999999997 0.5306409999999999 0.48913 0.529248 0.48913 0.528552 0.48695700000000003 0.5254179999999999 0.43587 0.524025 0.433696 0.522284 0.433696 0.520891 0.446739 0.520195 0.470652 0.518802 0.48695700000000003 0.5181060000000001 0.48913
3 0.649025 0.468478 0.648677 0.47282599999999997 0.650766 0.476087 0.662604 0.476087 0.662604 0.470652 0.660864 0.468478 0.6598189999999999 0.46413000000000004 0.659471 0.448913 0.657382 0.41956499999999997 0.654596 0.41956499999999997 0.653552 0.43587 0.6521589999999999 0.44565200000000005 0.651811 0.46630399999999994 0.649025 0.468478
1 0.76149 0.581522 0.759401 0.5869570000000001 0.759401 0.5913039999999999 0.760794 0.596739 0.76915 0.6010869999999999 0.7865599999999999 0.6010869999999999 0.7865599999999999 0.5956520000000001 0.784123 0.5826089999999999 0.782033 0.5826089999999999 0.781337 0.579348 0.7806409999999999 0.563043 0.780989 0.561957 0.78273 0.565217 0.78273 0.556522 0.7806409999999999 0.545652 0.779944 0.5380429999999999 0.7788999999999999 0.534783 0.778552 0.525 0.7775070000000001 0.517391 0.776462 0.501087 0.7712399999999999 0.5 0.7681060000000001 0.527174 0.765669 0.578261 0.764972 0.581522 0.76149 0.581522
1 0.904596 0.741304 0.902507 0.7695649999999999 0.900766 0.784783 0.898677 0.7880429999999999 0.893454 0.78913 0.892061 0.793478 0.891713 0.8 0.8910170000000001 0.8021739999999999 0.888579 0.8021739999999999 0.888579 0.8141299999999999 0.8889279999999999 0.816304 0.8910170000000001 0.8195650000000001 0.892758 0.8293480000000001 0.895891 0.833696 0.9004179999999999 0.836957 0.918524 0.8391299999999999 0.9334960000000001 0.846739 0.944638 0.845652 0.944638 0.840217 0.940808 0.8304349999999999 0.9404600000000001 0.8130430000000001 0.9383699999999999 0.8119569999999999 0.9369780000000001 0.807609 0.9352370000000001 0.806522 0.9327989999999999 0.8010870000000001 0.9314069999999999 0.782609 0.9310579999999999 0.7695649999999999 0.928969 0.751087 0.925836 0.684783 0.923747 0.655435 0.9209609999999999 0.653261 0.913997 0.653261 0.9108639999999999 0.66413 0.908774 0.703261 0.9066850000000001 0.7260869999999999 0.904596 0.741304
3 0.888231 0.46413000000000004 0.886838 0.463043 0.886838 0.470652 0.9004179999999999 0.471739 0.9004179999999999 0.467391 0.898677 0.46630399999999994 0.897981 0.463043 0.897632 0.448913 0.895543 0.421739 0.894499 0.418478 0.892409 0.418478 0.8906689999999999 0.431522 0.89032 0.444565 0.8889279999999999 0.46195700000000006 0.888231 0.46413000000000004
0 0.583217 0.36956500000000003 0.5821729999999999 0.361957 0.5821729999999999 0.353261 0.5807800000000001 0.354348 0.5807800000000001 0.361957 0.5790390000000001 0.36956500000000003 0.583217 0.36956500000000003
0 0.54805 0.355435 0.547354 0.355435 0.545613 0.371739 0.549443 0.371739 0.5483979999999999 0.363043 0.54805 0.355435
0 0.5198470000000001 0.365217 0.5194989999999999 0.352174 0.5181060000000001 0.352174 0.5181060000000001 0.357609 0.516713 0.370652 0.520543 0.370652 0.5198470000000001 0.365217
0 0.48537600000000003 0.361957 0.48502799999999996 0.353261 0.483983 0.353261 0.48328699999999997 0.36739099999999997 0.482242 0.36956500000000003 0.486421 0.36956500000000003 0.48537600000000003 0.361957
0 0.438719 0.36956500000000003 0.443245 0.36956500000000003 0.441852 0.357609 0.441852 0.35108700000000004 0.44046 0.35108700000000004 0.44011100000000003 0.359783 0.439415 0.365217 0.438719 0.366304 0.438719 0.36956500000000003
0 0.8189420000000001 0.38587 0.817897 0.36847799999999997 0.816156 0.36847799999999997 0.815808 0.376087 0.8151109999999999 0.377174 0.814067 0.38587 0.8189420000000001 0.38587
0 0.8568939999999999 0.38913000000000003 0.8568939999999999 0.386957 0.855501 0.38260900000000003 0.8551529999999999 0.36956500000000003 0.853064 0.36956500000000003 0.852716 0.38043499999999997 0.851671 0.384783 0.851671 0.38913000000000003 0.8568939999999999 0.38913000000000003
0 0.894499 0.391304 0.894499 0.38913000000000003 0.893802 0.38913000000000003 0.8931060000000001 0.38587 0.892758 0.371739 0.889972 0.371739 0.8896240000000001 0.384783 0.888579 0.386957 0.888579 0.391304 0.894499 0.391304
0 0.927228 0.393478 0.932451 0.393478 0.932451 0.391304 0.9314069999999999 0.38913000000000003 0.93071 0.373913 0.9296659999999999 0.373913 0.928621 0.379348 0.9282730000000001 0.390217 0.927228 0.391304 0.927228 0.393478
3 0.763579 0.45869600000000005 0.762883 0.46087 0.762883 0.465217 0.7754179999999999 0.465217 0.7754179999999999 0.45869600000000005 0.773329 0.457609 0.7729809999999999 0.43260899999999997 0.771588 0.415217 0.768802 0.415217 0.767409 0.425 0.76532 0.457609 0.764624 0.459783 0.763579 0.45869600000000005
1 0.8948470000000001 0.5380429999999999 0.8931060000000001 0.536957 0.8931060000000001 0.5423910000000001 0.901811 0.544565 0.9032030000000001 0.546739 0.915042 0.546739 0.91539 0.53913 0.911908 0.5336960000000001 0.9112120000000001 0.5130429999999999 0.9101670000000001 0.504348 0.909819 0.49130399999999996 0.908078 0.46956499999999995 0.903552 0.46956499999999995 0.899373 0.525 0.897981 0.531522 0.895195 0.5336960000000001 0.8948470000000001 0.5380429999999999