3 0.38405300000000003 0.621739 0.381964 0.6445649999999999 0.38022300000000003 0.651087 0.37743699999999997 0.653261 0.376045 0.657609 0.376045 0.66413 0.371866 0.671739 0.371518 0.675 0.37883 0.677174 0.400418 0.678261 0.40598900000000004 0.6728259999999999 0.410864 0.665217 0.409819 0.6630429999999999 0.40703300000000003 0.661957 0.40529200000000004 0.653261 0.402159 0.65 0.401114 0.645652 0.40007000000000004 0.623913 0.397632 0.5956520000000001 0.397284 0.583696 0.396588 0.5826089999999999 0.396588 0.571739 0.395543 0.551087 0.39449900000000004 0.543478 0.388231 0.543478 0.387187 0.572826 0.385446 0.592391 0.38405300000000003 0.621739
3 0.5330779999999999 0.546739 0.530292 0.557609 0.5288999999999999 0.556522 0.5288999999999999 0.559783 0.5348189999999999 0.56087 0.539345 0.56413 0.5501389999999999 0.56413 0.554666 0.56087 0.555014 0.556522 0.552577 0.556522 0.5518799999999999 0.554348 0.5518799999999999 0.548913 0.549791 0.548913 0.5483979999999999 0.544565 0.547702 0.536957 0.547702 0.5195649999999999 0.546657 0.511957 0.546657 0.503261 0.5459609999999999 0.49891300000000005 0.545613 0.48695700000000003 0.544916 0.483696 0.544916 0.475 0.54039 0.475 0.540042 0.48913 0.539345 0.490217 0.535515 0.543478 0.5330779999999999 0.546739
3 0.615251 0.492391 0.615251 0.49891300000000005 0.630919 0.5 0.630919 0.49130399999999996 0.628482 0.48913 0.628134 0.479348 0.626741 0.46630399999999994 0.625696 0.43804299999999996 0.621866 0.43695700000000004 0.620474 0.46413000000000004 0.617688 0.48804299999999995 0.615599 0.490217 0.615251 0.492391
3 0.681407 0.43478300000000003 0.6827989999999999 0.43913 0.681755 0.44782599999999995 0.679666 0.453261 0.679666 0.456522 0.682103 0.456522 0.682451 0.45869600000000005 0.691156 0.45869600000000005 0.690808 0.45108699999999996 0.689415 0.45 0.6880219999999999 0.443478 0.687326 0.41304299999999994 0.68663 0.41086999999999996 0.684889 0.41086999999999996 0.6845399999999999 0.428261 0.682103 0.42934799999999995 0.681407 0.431522 0.681407 0.43478300000000003
3 0.7193590000000001 0.42717400000000005 0.718315 0.431522 0.716574 0.43260899999999997 0.716574 0.43695700000000004 0.726671 0.43695700000000004 0.726671 0.431522 0.7245820000000001 0.431522 0.723886 0.428261 0.7224929999999999 0.4 0.7211000000000001 0.39891299999999996 0.720752 0.40869600000000006 0.7193590000000001 0.411957 0.718663 0.41630399999999995 0.7193590000000001 0.42717400000000005
3 0.723886 0.40869600000000006 0.73085 0.40869600000000006 0.73085 0.40543500000000005 0.7287600000000001 0.404348 0.728412 0.383696 0.727716 0.38152200000000003 0.726671 0.38152200000000003 0.725279 0.38913000000000003 0.72493 0.40217400000000003 0.723886 0.404348 0.723886 0.40869600000000006
3 0.740599 0.428261 0.749652 0.428261 0.749652 0.425 0.748259 0.42391300000000004 0.747563 0.420652 0.746866 0.396739 0.746518 0.394565 0.744429 0.394565 0.742688 0.40869600000000006 0.742688 0.420652 0.740599 0.426087 0.740599 0.428261
3 0.764972 0.415217 0.763579 0.41630399999999995 0.763579 0.41956499999999997 0.7712399999999999 0.41956499999999997 0.7712399999999999 0.41630399999999995 0.770195 0.41630399999999995 0.7694989999999999 0.41304299999999994 0.76915 0.403261 0.768454 0.40108699999999997 0.768454 0.390217 0.767061 0.390217 0.766017 0.392391 0.766017 0.404348 0.764972 0.406522 0.764972 0.415217
1 0.92688 0.548913 0.925836 0.551087 0.922354 0.551087 0.922006 0.56413 0.944638 0.565217 0.944638 0.559783 0.9435930000000001 0.556522 0.940808 0.555435 0.9397629999999999 0.553261 0.935933 0.48695700000000003 0.9317550000000001 0.48695700000000003 0.93071 0.49130399999999996 0.930362 0.5 0.9282730000000001 0.517391 0.92688 0.548913
1 0.901811 0.502174 0.9091229999999999 0.5054350000000001 0.918524 0.5054350000000001 0.918872 0.49891300000000005 0.916086 0.497826 0.9129530000000001 0.44782599999999995 0.909819 0.44782599999999995 0.9063370000000001 0.484783 0.9059889999999999 0.49347799999999997 0.901811 0.497826 0.901811 0.502174
1 0.89415 0.45108699999999996 0.8931060000000001 0.46087 0.892409 0.463043 0.8906689999999999 0.463043 0.8906689999999999 0.468478 0.9021589999999999 0.468478 0.901811 0.465217 0.90007 0.463043 0.899373 0.43804299999999996 0.898329 0.433696 0.897981 0.425 0.895891 0.425 0.895195 0.42717400000000005 0.895195 0.43478300000000003 0.89415 0.43913 0.89415 0.45108699999999996
1 0.9094709999999999 0.41630399999999995 0.9084260000000001 0.420652 0.908078 0.43260899999999997 0.9063370000000001 0.433696 0.9063370000000001 0.43695700000000004 0.915042 0.43695700000000004 0.915042 0.43478300000000003 0.913997 0.43478300000000003 0.913301 0.43260899999999997 0.912604 0.426087 0.911908 0.40543500000000005 0.9101670000000001 0.406522 0.9101670000000001 0.411957 0.9094709999999999 0.41304299999999994 0.9094709999999999 0.41630399999999995
1 0.874652 0.40217400000000003 0.8743040000000001 0.415217 0.873259 0.41630399999999995 0.872911 0.41956499999999997 0.879875 0.41956499999999997 0.879875 0.417391 0.8791779999999999 0.417391 0.878482 0.41304299999999994 0.8774369999999999 0.392391 0.876393 0.392391 0.8756959999999999 0.394565 0.8756959999999999 0.4 0.874652 0.40217400000000003
1 0.868384 0.40869600000000006 0.873607 0.40869600000000006 0.873607 0.40543500000000005 0.8722139999999999 0.4 0.871866 0.386957 0.870474 0.386957 0.869777 0.392391 0.870125 0.39891299999999996 0.868733 0.404348 0.868384 0.40869600000000006
1 0.814415 0.40869600000000006 0.8199859999999999 0.40869600000000006 0.8185930000000001 0.4 0.8182449999999999 0.384783 0.8165039999999999 0.383696 0.8154600000000001 0.391304 0.8154600000000001 0.397826 0.814415 0.404348 0.814415 0.40869600000000006
1 0.8081480000000001 0.395652 0.8081480000000001 0.392391 0.807451 0.390217 0.807451 0.378261 0.8060579999999999 0.377174 0.8050140000000001 0.38913000000000003 0.8050140000000001 0.397826 0.809192 0.397826 0.8081480000000001 0.395652
3 0.797006 0.38587 0.796657 0.373913 0.7959609999999999 0.371739 0.794568 0.371739 0.7942199999999999 0.38587 0.793175 0.390217 0.79805 0.390217 0.797006 0.38587
1 0.732939 0.395652 0.7378129999999999 0.395652 0.7378129999999999 0.391304 0.737117 0.390217 0.736769 0.373913 0.735028 0.375 0.73468 0.386957 0.732939 0.393478 0.732939 0.395652
1 0.7395539999999999 0.383696 0.7395539999999999 0.372826 0.739206 0.370652 0.738162 0.370652 0.737465 0.377174 0.737465 0.390217 0.740599 0.390217 0.7395539999999999 0.383696
3 0.719708 0.36413 0.719011 0.36413 0.7169220000000001 0.38043499999999997 0.721448 0.38043499999999997 0.720056 0.375 0.719708 0.36413
1 0.685933 0.379348 0.685237 0.375 0.685237 0.36413 0.683844 0.36413 0.682103 0.38260900000000003 0.68663 0.38260900000000003 0.68663 0.379348 0.685933 0.379348
1 0.668872 0.384783 0.668872 0.388043 0.674095 0.388043 0.67305 0.38152200000000003 0.67305 0.36739099999999997 0.671309 0.36739099999999997 0.670613 0.373913 0.670613 0.38152200000000003 0.669568 0.384783 0.668872 0.384783
3 0.6479809999999999 0.396739 0.646588 0.38587 0.646936 0.379348 0.6462399999999999 0.371739 0.6448470000000001 0.371739 0.643802 0.392391 0.6427579999999999 0.393478 0.642409 0.396739 0.6479809999999999 0.396739
1 0.636838 0.373913 0.636838 0.371739 0.636142 0.370652 0.636142 0.357609 0.634401 0.357609 0.634053 0.370652 0.633008 0.371739 0.633008 0.373913 0.636838 0.373913
1 0.609331 0.376087 0.608983 0.36086999999999997 0.608287 0.358696 0.6072420000000001 0.359783 0.6072420000000001 0.36956500000000003 0.60585 0.376087 0.609331 0.376087
3 0.583565 0.384783 0.5825210000000001 0.38043499999999997 0.581825 0.363043 0.581128 0.361957 0.580432 0.363043 0.579387 0.38043499999999997 0.577994 0.384783 0.583565 0.384783
3 0.356894 0.403261 0.356894 0.406522 0.36594699999999997 0.406522 0.36594699999999997 0.404348 0.363858 0.39891299999999996 0.36351 0.38043499999999997 0.362465 0.373913 0.362465 0.36956500000000003 0.360724 0.36847799999999997 0.358983 0.38913000000000003 0.358983 0.397826 0.358287 0.40217400000000003 0.356894 0.403261
1 0.433496 0.36413 0.433844 0.35 0.43245100000000003 0.35 0.431755 0.36086999999999997 0.43071000000000004 0.36413 0.433496 0.36413
3 0.468663 0.361957 0.46796699999999997 0.348913 0.466922 0.348913 0.466226 0.363043 0.465181 0.36739099999999997 0.47005600000000003 0.36847799999999997 0.468663 0.361957
3 0.459262 0.34565199999999996 0.458217 0.34565199999999996 0.45786899999999997 0.355435 0.45717299999999994 0.358696 0.460306 0.358696 0.459262 0.34565199999999996
1 0.464485 0.356522 0.463788 0.355435 0.463788 0.34565199999999996 0.462744 0.34565199999999996 0.46239600000000003 0.356522 0.461699 0.358696 0.464485 0.358696 0.464485 0.356522
1 0.482242 0.35 0.48189399999999993 0.347826 0.480501 0.347826 0.479805 0.363043 0.482939 0.363043 0.482242 0.36086999999999997 0.482242 0.35
3 0.512535 0.36956500000000003 0.512535 0.36739099999999997 0.51149 0.366304 0.510794 0.346739 0.509401 0.346739 0.508705 0.36413 0.508008 0.366304 0.508008 0.36956500000000003 0.512535 0.36956500000000003
1 0.23433099999999998 0.384783 0.23433099999999998 0.388043 0.24373300000000003 0.388043 0.241643 0.38260900000000003 0.240599 0.357609 0.23816199999999998 0.356522 0.23746499999999998 0.371739 0.236072 0.378261 0.236072 0.38152200000000003 0.23433099999999998 0.384783
1 0.267758 0.365217 0.267758 0.363043 0.266713 0.359783 0.266365 0.346739 0.264972 0.346739 0.263579 0.355435 0.263579 0.36413 0.262883 0.365217 0.267758 0.365217
1 0.288649 0.376087 0.288649 0.378261 0.296309 0.378261 0.294916 0.376087 0.29422000000000004 0.372826 0.293175 0.354348 0.291783 0.353261 0.290738 0.36413 0.290738 0.370652 0.289694 0.376087 0.288649 0.376087
1 0.343663 0.359783 0.343315 0.35 0.34226999999999996 0.348913 0.341922 0.357609 0.34052899999999997 0.36739099999999997 0.344708 0.36739099999999997 0.343663 0.359783
1 0.369081 0.35108700000000004 0.368384 0.347826 0.36734 0.347826 0.36594699999999997 0.365217 0.370125 0.365217 0.369429 0.36086999999999997 0.369081 0.35108700000000004
1 0.90007 0.45 0.907033 0.45 0.907033 0.446739 0.9059889999999999 0.44565200000000005 0.905292 0.441304 0.9042479999999999 0.41630399999999995 0.9021589999999999 0.415217 0.901811 0.421739 0.900766 0.426087 0.90007 0.433696 0.90007 0.45
1 0.9432449999999999 0.422826 0.9488160000000001 0.422826 0.9488160000000001 0.41956499999999997 0.947772 0.417391 0.947423 0.41413 0.947423 0.4 0.9470750000000001 0.397826 0.9449859999999999 0.397826 0.944638 0.41086999999999996 0.9439420000000001 0.411957 0.9432449999999999 0.417391 0.9432449999999999 0.422826
3 0.437674 0.36739099999999997 0.436281 0.363043 0.436281 0.354348 0.43488899999999997 0.35 0.434192 0.354348 0.433844 0.36413 0.43245100000000003 0.36739099999999997 0.437674 0.36739099999999997
1 0.316852 0.36956500000000003 0.322075 0.36956500000000003 0.320682 0.36413 0.320334 0.35 0.319986 0.347826 0.318593 0.347826 0.317897 0.353261 0.317897 0.366304 0.316852 0.36739099999999997 0.316852 0.36956500000000003
1 0.30188000000000004 0.372826 0.306755 0.372826 0.30571000000000004 0.36086999999999997 0.30571000000000004 0.352174 0.304318 0.35108700000000004 0.303273 0.36086999999999997 0.303273 0.36739099999999997 0.30188000000000004 0.372826
3 0.885446 0.4 0.8913650000000001 0.4 0.89032 0.393478 0.889972 0.384783 0.8892760000000001 0.38152200000000003 0.8878830000000001 0.38152200000000003 0.886838 0.386957 0.88649 0.396739 0.885446 0.397826 0.885446 0.4
3 0.224582 0.415217 0.22388599999999997 0.417391 0.22388599999999997 0.421739 0.235724 0.421739 0.235724 0.41630399999999995 0.23363499999999998 0.41413 0.232939 0.406522 0.23502800000000001 0.40543500000000005 0.23502800000000001 0.4 0.23328700000000002 0.395652 0.232939 0.390217 0.23154599999999997 0.384783 0.23119800000000001 0.373913 0.22876 0.373913 0.227019 0.392391 0.226323 0.411957 0.22562700000000002 0.415217 0.224582 0.415217
3 0.39449900000000004 0.38913000000000003 0.393454 0.391304 0.393454 0.394565 0.401114 0.394565 0.40076599999999996 0.390217 0.399025 0.38913000000000003 0.39832900000000004 0.365217 0.396588 0.363043 0.395543 0.371739 0.395543 0.377174 0.39449900000000004 0.383696 0.39449900000000004 0.38913000000000003
3 0.42305000000000004 0.365217 0.422354 0.352174 0.42130900000000004 0.35108700000000004 0.420961 0.358696 0.41922 0.370652 0.424443 0.370652 0.42305000000000004 0.365217
3 0.668175 0.36847799999999997 0.6674789999999999 0.358696 0.666086 0.356522 0.664694 0.373913 0.6692199999999999 0.373913 0.6692199999999999 0.371739 0.668175 0.36847799999999997
3 0.620474 0.35108700000000004 0.619081 0.365217 0.622563 0.365217 0.621518 0.35108700000000004 0.620474 0.35108700000000004
1 0.591574 0.36739099999999997 0.5901810000000001 0.352174 0.589136 0.352174 0.5884400000000001 0.355435 0.5884400000000001 0.363043 0.587744 0.36739099999999997 0.591574 0.36739099999999997
3 0.593315 0.36086999999999997 0.59227 0.347826 0.591226 0.347826 0.591226 0.35108700000000004 0.590529 0.353261 0.590877 0.359783 0.593315 0.36086999999999997
3 0.5442199999999999 0.370652 0.543524 0.356522 0.542131 0.356522 0.541435 0.371739 0.540042 0.375 0.545265 0.375 0.5442199999999999 0.370652
1 0.5027860000000001 0.346739 0.501741 0.346739 0.500348 0.359783 0.50383 0.359783 0.5027860000000001 0.354348 0.5027860000000001 0.346739
1 0.559889 0.352174 0.558844 0.352174 0.557451 0.36739099999999997 0.560933 0.36739099999999997 0.559889 0.358696 0.559889 0.352174
1 0.5577989999999999 0.357609 0.559192 0.348913 0.557451 0.348913 0.556407 0.363043 0.5577989999999999 0.361957 0.5577989999999999 0.357609
3 0.556755 0.34565199999999996 0.5560579999999999 0.34565199999999996 0.5553619999999999 0.358696 0.556755 0.357609 0.556755 0.34565199999999996
1 0.420613 0.34565199999999996 0.41956800000000005 0.34565199999999996 0.418175 0.359783 0.420613 0.358696 0.420613 0.34565199999999996
1 0.068593 0.370652 0.066852 0.36739099999999997 0.066504 0.355435 0.065808 0.35 0.063719 0.35 0.063719 0.363043 0.060933 0.372826 0.068593 0.372826 0.068593 0.370652
3 0.059889000000000005 0.366304 0.063022 0.365217 0.06337000000000001 0.35 0.064067 0.348913 0.063719 0.346739 0.062674 0.346739 0.060933 0.361957 0.059889000000000005 0.36413 0.059889000000000005 0.366304
1 0.149721 0.359783 0.149373 0.348913 0.148329 0.348913 0.148329 0.353261 0.14623999999999998 0.36956500000000003 0.150766 0.36956500000000003 0.149721 0.359783
3 0.14415 0.366304 0.14623999999999998 0.366304 0.148329 0.346739 0.147284 0.34565199999999996 0.145891 0.357609 0.14415 0.363043 0.14415 0.366304
1 0.21448499999999998 0.36847799999999997 0.21344 0.357609 0.21344 0.347826 0.211699 0.348913 0.211351 0.36086999999999997 0.21030600000000002 0.36847799999999997 0.21448499999999998 0.36847799999999997
3 0.21065499999999998 0.346739 0.20961 0.346739 0.20682499999999998 0.36413 0.21065499999999998 0.363043 0.21065499999999998 0.346739
3 0.254178 0.347826 0.253134 0.347826 0.253134 0.352174 0.25139300000000003 0.36086999999999997 0.255571 0.36086999999999997 0.254178 0.347826
3 0.347493 0.34565199999999996 0.346797 0.357609 0.349582 0.357609 0.348538 0.346739 0.347493 0.34565199999999996
1 0.33843999999999996 0.346739 0.337047 0.36086999999999997 0.34052899999999997 0.36086999999999997 0.339485 0.347826 0.33843999999999996 0.346739
1 0.302577 0.35108700000000004 0.30188000000000004 0.346739 0.301184 0.346739 0.300139 0.354348 0.29979100000000003 0.363043 0.302925 0.363043 0.302577 0.35108700000000004
1 0.380919 0.347826 0.379875 0.34565199999999996 0.378482 0.359783 0.381616 0.359783 0.380919 0.354348 0.380919 0.347826
3 0.40181100000000003 0.346739 0.401114 0.357609 0.403552 0.357609 0.402855 0.347826 0.40181100000000003 0.346739
3 0.401462 0.38152200000000003 0.401114 0.373913 0.400418 0.371739 0.40007000000000004 0.357609 0.399373 0.353261 0.39798100000000003 0.353261 0.397284 0.361957 0.398677 0.365217 0.399025 0.38152200000000003 0.401462 0.38152200000000003
1 0.947423 0.680435 0.950905 0.680435 0.950905 0.659783 0.947772 0.659783 0.946031 0.661957 0.9449859999999999 0.669565 0.9449859999999999 0.676087 0.946031 0.679348 0.947423 0.680435