1 0.57695 0.640217 0.57695 0.645652 0.575905 0.6489130000000001 0.583565 0.646739 0.588092 0.65 0.590877 0.65 0.590877 0.6380429999999999 0.5884400000000001 0.5771740000000001 0.585306 0.572826 0.5807800000000001 0.572826 0.5790390000000001 0.597826 0.5790390000000001 0.615217 0.577646 0.636957 0.57695 0.640217
1 0.757312 0.521739 0.757312 0.530435 0.763579 0.534783 0.779248 0.534783 0.779944 0.5336960000000001 0.779944 0.522826 0.776811 0.520652 0.776114 0.516304 0.772632 0.45108699999999996 0.771936 0.448913 0.768454 0.448913 0.7677579999999999 0.45 0.762883 0.5130429999999999 0.761838 0.517391 0.757312 0.521739
1 0.588092 0.465217 0.586351 0.465217 0.585306 0.47391300000000003 0.5884400000000001 0.476087 0.602368 0.476087 0.602368 0.46630399999999994 0.598886 0.46413000000000004 0.598189 0.428261 0.596448 0.40869600000000006 0.592618 0.40869600000000006 0.5901810000000001 0.431522 0.590529 0.43804299999999996 0.5898329999999999 0.459783 0.588092 0.465217
1 0.461699 0.42717400000000005 0.472841 0.42717400000000005 0.47249299999999994 0.422826 0.470404 0.415217 0.468663 0.38043499999999997 0.46552899999999997 0.379348 0.463788 0.397826 0.46309199999999995 0.421739 0.462047 0.42391300000000004 0.461699 0.42717400000000005
1 0.40424800000000005 0.396739 0.414694 0.397826 0.41434499999999996 0.392391 0.412953 0.392391 0.412256 0.38913000000000003 0.409819 0.36413 0.409819 0.359783 0.40773000000000004 0.359783 0.40668499999999996 0.36847799999999997 0.40598900000000004 0.391304 0.404596 0.393478 0.40424800000000005 0.396739
1 0.387187 0.38043499999999997 0.39449900000000004 0.38043499999999997 0.39449900000000004 0.378261 0.392758 0.372826 0.392061 0.34565199999999996 0.389972 0.34565199999999996 0.388928 0.35 0.388231 0.36847799999999997 0.387187 0.375 0.387187 0.38043499999999997
1 0.340877 0.555435 0.339136 0.56087 0.350279 0.563043 0.362813 0.563043 0.366295 0.556522 0.366295 0.553261 0.36490300000000003 0.552174 0.363858 0.545652 0.360376 0.543478 0.355153 0.46087 0.34992999999999996 0.46195700000000006 0.345056 0.541304 0.34401099999999996 0.545652 0.341226 0.55 0.340877 0.555435
1 0.294568 0.44782599999999995 0.29422000000000004 0.452174 0.292827 0.454348 0.292479 0.457609 0.297354 0.459783 0.305362 0.459783 0.30988899999999997 0.456522 0.30954000000000004 0.45 0.306058 0.444565 0.30571000000000004 0.42391300000000004 0.303273 0.396739 0.29979100000000003 0.395652 0.298398 0.41630399999999995 0.296657 0.431522 0.296657 0.446739 0.294568 0.44782599999999995
1 0.27890000000000004 0.409783 0.278552 0.411957 0.279944 0.41413 0.290042 0.41413 0.29039000000000004 0.409783 0.289694 0.409783 0.287953 0.40217400000000003 0.286212 0.36956500000000003 0.283426 0.36956500000000003 0.282382 0.38043499999999997 0.281337 0.404348 0.280292 0.40869600000000006 0.27890000000000004 0.409783
1 0.22980499999999998 0.392391 0.23154599999999997 0.394565 0.235724 0.394565 0.23920599999999997 0.392391 0.23711700000000002 0.384783 0.236072 0.353261 0.23363499999999998 0.353261 0.232591 0.363043 0.23154599999999997 0.38587 0.22980499999999998 0.38913000000000003 0.22980499999999998 0.392391
1 0.267758 0.371739 0.267758 0.36739099999999997 0.267061 0.365217 0.267061 0.357609 0.26566900000000004 0.352174 0.26566900000000004 0.346739 0.264624 0.342391 0.263928 0.342391 0.262535 0.348913 0.262535 0.36413 0.260794 0.370652 0.267758 0.371739
1 0.325905 0.371739 0.331476 0.371739 0.332173 0.370652 0.332173 0.36739099999999997 0.331128 0.365217 0.331128 0.354348 0.330432 0.35108700000000004 0.330432 0.346739 0.329735 0.343478 0.328343 0.343478 0.327298 0.352174 0.32694999999999996 0.36739099999999997 0.325905 0.36956500000000003 0.325905 0.371739
1 0.18663000000000002 0.375 0.187674 0.372826 0.187674 0.370652 0.18663000000000002 0.36847799999999997 0.186281 0.36086999999999997 0.18453999999999998 0.352174 0.18453999999999998 0.346739 0.183496 0.346739 0.182451 0.35 0.180362 0.375 0.18663000000000002 0.375
1 0.152507 0.390217 0.152507 0.388043 0.151114 0.384783 0.147981 0.358696 0.146588 0.357609 0.14519500000000002 0.36847799999999997 0.144499 0.386957 0.143106 0.391304 0.152507 0.390217
1 0.084262 0.355435 0.083565 0.353261 0.081128 0.354348 0.079387 0.38152200000000003 0.087047 0.38043499999999997 0.084958 0.373913 0.084262 0.355435
3 0.718663 0.443478 0.73085 0.443478 0.73085 0.43695700000000004 0.729457 0.433696 0.727368 0.394565 0.7270190000000001 0.392391 0.723189 0.392391 0.721797 0.425 0.7211000000000001 0.431522 0.718663 0.44021699999999997 0.718663 0.443478
3 0.528552 0.376087 0.5271589999999999 0.38043499999999997 0.5271589999999999 0.38260900000000003 0.535864 0.38260900000000003 0.535864 0.378261 0.5348189999999999 0.375 0.5348189999999999 0.36956500000000003 0.53273 0.354348 0.53273 0.346739 0.531685 0.346739 0.530292 0.36086999999999997 0.5288999999999999 0.36847799999999997 0.528552 0.376087
3 0.510097 0.36413 0.510097 0.357609 0.509053 0.354348 0.509053 0.341304 0.506964 0.340217 0.505571 0.35 0.505223 0.36739099999999997 0.510794 0.36739099999999997 0.510097 0.36413
3 0.461699 0.361957 0.466226 0.361957 0.46552899999999997 0.341304 0.464136 0.338043 0.46239600000000003 0.338043 0.46239600000000003 0.340217 0.46309199999999995 0.341304 0.46309199999999995 0.347826 0.461699 0.361957
3 0.304666 0.348913 0.30362100000000003 0.341304 0.301532 0.340217 0.29979100000000003 0.363043 0.30571000000000004 0.363043 0.304666 0.357609 0.304666 0.348913
3 0.204039 0.35108700000000004 0.20195 0.343478 0.200557 0.343478 0.199513 0.356522 0.199513 0.366304 0.205084 0.36739099999999997 0.204039 0.35108700000000004
3 0.10027900000000001 0.425 0.108635 0.425 0.11351 0.422826 0.11351 0.418478 0.112117 0.417391 0.110724 0.41304299999999994 0.110376 0.392391 0.109331 0.38587 0.109331 0.378261 0.10793900000000001 0.371739 0.105501 0.371739 0.10341199999999999 0.397826 0.102716 0.41630399999999995 0.10027900000000001 0.41956499999999997 0.10027900000000001 0.425
3 0.087047 0.370652 0.087047 0.375 0.092967 0.375 0.094359 0.372826 0.092618 0.363043 0.091922 0.35108700000000004 0.090877 0.34565199999999996 0.090181 0.354348 0.08948500000000001 0.355435 0.08948500000000001 0.365217 0.087047 0.370652
3 0.057450999999999995 0.45108699999999996 0.054318 0.45 0.053273 0.422826 0.05118399999999999 0.397826 0.048747 0.396739 0.048747 0.46413000000000004 0.057103 0.463043 0.057799 0.46087 0.057450999999999995 0.45108699999999996
3 0.604805 0.40869600000000006 0.604805 0.40543500000000005 0.602716 0.39891299999999996 0.600627 0.36956500000000003 0.5978410000000001 0.36847799999999997 0.596797 0.379348 0.5961000000000001 0.404348 0.5978410000000001 0.409783 0.604805 0.40869600000000006
3 0.388579 0.355435 0.388579 0.346739 0.389276 0.34565199999999996 0.388928 0.342391 0.387187 0.343478 0.385446 0.361957 0.387883 0.361957 0.388579 0.355435