3 0.27715900000000004 0.636957 0.274721 0.668478 0.274373 0.693478 0.273677 0.696739 0.27298100000000003 0.709783 0.271936 0.71413 0.270891 0.7304350000000001 0.270891 0.741304 0.26949900000000004 0.748913 0.267061 0.75 0.263928 0.756522 0.263231 0.7608699999999999 0.262883 0.772826 0.260794 0.781522 0.261142 0.782609 0.300836 0.782609 0.303273 0.771739 0.305362 0.757609 0.302228 0.747826 0.297006 0.7445649999999999 0.29596100000000003 0.741304 0.293175 0.722826 0.291086 0.684783 0.291086 0.666304 0.29039000000000004 0.657609 0.288997 0.652174 0.286908 0.6195649999999999 0.285864 0.609783 0.28481900000000004 0.6054350000000001 0.28098900000000004 0.6054350000000001 0.27890000000000004 0.608696 0.27715900000000004 0.622826 0.27715900000000004 0.636957
3 0.34609999999999996 0.49347799999999997 0.34609999999999996 0.501087 0.345056 0.507609 0.345056 0.517391 0.343315 0.522826 0.341922 0.5239130000000001 0.340877 0.527174 0.340877 0.531522 0.339485 0.534783 0.357242 0.53587 0.360028 0.531522 0.360376 0.528261 0.356894 0.5239130000000001 0.35550099999999996 0.517391 0.354805 0.5054350000000001 0.354805 0.484783 0.354109 0.48260899999999995 0.354109 0.47717400000000004 0.352716 0.465217 0.34784099999999996 0.465217 0.34784099999999996 0.47391300000000003 0.346797 0.490217 0.34609999999999996 0.49347799999999997
3 0.360376 0.42934799999999995 0.368384 0.42934799999999995 0.369081 0.42717400000000005 0.367688 0.422826 0.367688 0.41413 0.366295 0.391304 0.364206 0.390217 0.363162 0.41413 0.362465 0.41630399999999995 0.362117 0.42391300000000004 0.360376 0.42934799999999995
3 0.437326 0.409783 0.43697800000000003 0.393478 0.435933 0.38043499999999997 0.43454 0.38043499999999997 0.433148 0.40543500000000005 0.431755 0.411957 0.43802199999999997 0.411957 0.437326 0.409783
1 0.5348189999999999 0.431522 0.544568 0.431522 0.5428270000000001 0.42391300000000004 0.5407379999999999 0.392391 0.538997 0.392391 0.537256 0.420652 0.536212 0.42717400000000005 0.5348189999999999 0.42934799999999995 0.5348189999999999 0.431522
3 0.572423 0.39891299999999996 0.578343 0.39891299999999996 0.577646 0.394565 0.577646 0.38587 0.5766020000000001 0.379348 0.5766020000000001 0.372826 0.575209 0.372826 0.5748610000000001 0.379348 0.574164 0.38152200000000003 0.573816 0.394565 0.572423 0.39891299999999996
1 0.610724 0.41956499999999997 0.618733 0.41956499999999997 0.618384 0.41630399999999995 0.61734 0.415217 0.616295 0.386957 0.615251 0.384783 0.614206 0.38587 0.6128129999999999 0.41413 0.611421 0.41630399999999995 0.610724 0.41956499999999997
3 0.648677 0.395652 0.648329 0.376087 0.647632 0.373913 0.646588 0.373913 0.643802 0.4 0.649721 0.4 0.649721 0.396739 0.648677 0.395652
1 0.6431060000000001 0.5195649999999999 0.64032 0.520652 0.639276 0.527174 0.636838 0.527174 0.636838 0.530435 0.641017 0.530435 0.647632 0.534783 0.652855 0.534783 0.658774 0.531522 0.656685 0.522826 0.654596 0.520652 0.6538999999999999 0.515217 0.6538999999999999 0.507609 0.6521589999999999 0.48804299999999995 0.651811 0.470652 0.650766 0.46195700000000006 0.650766 0.45543500000000003 0.647632 0.456522 0.645891 0.483696 0.643802 0.503261 0.6431060000000001 0.5195649999999999
1 0.7092620000000001 0.41956499999999997 0.7071729999999999 0.406522 0.7071729999999999 0.4 0.706476 0.39891299999999996 0.706476 0.38913000000000003 0.706128 0.386957 0.704735 0.386957 0.703343 0.40108699999999997 0.703343 0.407609 0.701253 0.41956499999999997 0.7092620000000001 0.41956499999999997
3 0.737117 0.397826 0.735376 0.391304 0.735028 0.378261 0.734331 0.375 0.733287 0.375 0.732591 0.392391 0.73085 0.4 0.737117 0.4 0.737117 0.397826
1 0.800836 0.42717400000000005 0.8004870000000001 0.422826 0.799443 0.41956499999999997 0.799095 0.406522 0.797702 0.392391 0.796309 0.392391 0.794916 0.404348 0.794568 0.41956499999999997 0.792131 0.42717400000000005 0.800836 0.42717400000000005
3 0.870474 0.409783 0.877089 0.409783 0.874652 0.38152200000000003 0.8739549999999999 0.38152200000000003 0.872911 0.388043 0.8725630000000001 0.40217400000000003 0.870474 0.409783
1 0.898329 0.44239100000000003 0.897981 0.43804299999999996 0.896588 0.43260899999999997 0.896588 0.426087 0.8948470000000001 0.40217400000000003 0.892409 0.403261 0.8913650000000001 0.41413 0.889972 0.43695700000000004 0.888579 0.44239100000000003 0.898329 0.44239100000000003
1 0.7883009999999999 0.583696 0.787604 0.594565 0.786212 0.6 0.786212 0.604348 0.784471 0.6119570000000001 0.784123 0.621739 0.7830779999999999 0.625 0.7830779999999999 0.629348 0.782033 0.633696 0.779944 0.633696 0.779248 0.6358699999999999 0.778203 0.6358699999999999 0.777855 0.645652 0.7754179999999999 0.647826 0.774721 0.65 0.796309 0.659783 0.8011839999999999 0.659783 0.803969 0.656522 0.810585 0.653261 0.810585 0.651087 0.8081480000000001 0.647826 0.807103 0.643478 0.8029249999999999 0.6380429999999999 0.8015319999999999 0.633696 0.799443 0.609783 0.799443 0.5956520000000001 0.798747 0.5913039999999999 0.798747 0.584783 0.797354 0.572826 0.797354 0.5586960000000001 0.796309 0.551087 0.796309 0.540217 0.795265 0.536957 0.791435 0.536957 0.791435 0.545652 0.789694 0.56413 0.789345 0.580435 0.7883009999999999 0.583696
3 0.504875 0.403261 0.510794 0.403261 0.509749 0.394565 0.509749 0.388043 0.509053 0.386957 0.509053 0.376087 0.507312 0.375 0.506616 0.38587 0.505571 0.390217 0.505571 0.40108699999999997 0.504875 0.403261
1 0.564763 0.43478300000000003 0.564415 0.417391 0.562326 0.417391 0.560933 0.44021699999999997 0.5595399999999999 0.448913 0.565808 0.448913 0.564763 0.43478300000000003
3 0.347493 0.46195700000000006 0.347145 0.468478 0.34435899999999997 0.47391300000000003 0.344708 0.476087 0.346797 0.476087 0.347493 0.47282599999999997 0.347493 0.465217 0.348538 0.46195700000000006 0.350975 0.46195700000000006 0.353412 0.465217 0.354109 0.47391300000000003 0.354805 0.476087 0.358287 0.475 0.357591 0.470652 0.356546 0.470652 0.35550099999999996 0.467391 0.354805 0.46195700000000006 0.354109 0.433696 0.353064 0.422826 0.34992999999999996 0.421739 0.350627 0.42391300000000004 0.348886 0.441304 0.348538 0.456522 0.347493 0.46195700000000006