3 0.532382 0.583696 0.530989 0.5869570000000001 0.5275070000000001 0.590217 0.525766 0.596739 0.525766 0.6 0.524721 0.604348 0.520891 0.606522 0.51915 0.61087 0.537604 0.621739 0.547702 0.623913 0.559192 0.613043 0.566156 0.602174 0.560585 0.6 0.560237 0.5913039999999999 0.559192 0.5869570000000001 0.5543180000000001 0.581522 0.548747 0.508696 0.5459609999999999 0.463043 0.545265 0.459783 0.539345 0.459783 0.538649 0.46087 0.5365599999999999 0.508696 0.535515 0.520652 0.532382 0.583696
3 0.657382 0.463043 0.656685 0.46630399999999994 0.655989 0.46630399999999994 0.655989 0.468478 0.6598189999999999 0.47282599999999997 0.672354 0.47282599999999997 0.672702 0.470652 0.6810579999999999 0.470652 0.6827989999999999 0.46630399999999994 0.6827989999999999 0.46413000000000004 0.682103 0.463043 0.681755 0.456522 0.6786209999999999 0.453261 0.677577 0.448913 0.671657 0.365217 0.670613 0.361957 0.666783 0.361957 0.666086 0.366304 0.6615599999999999 0.452174 0.65773 0.456522 0.657382 0.463043
3 0.674095 0.366304 0.6733979999999999 0.376087 0.672702 0.377174 0.673747 0.38913000000000003 0.687326 0.38913000000000003 0.68837 0.386957 0.68837 0.378261 0.685237 0.375 0.684192 0.361957 0.683844 0.347826 0.683148 0.344565 0.6827989999999999 0.334783 0.681407 0.323913 0.68071 0.311957 0.680014 0.30869599999999997 0.6768799999999999 0.30869599999999997 0.6754870000000001 0.325 0.6754870000000001 0.33587 0.674791 0.338043 0.674095 0.366304
3 0.646936 0.32934800000000003 0.645891 0.33260900000000004 0.6444989999999999 0.333696 0.6444989999999999 0.340217 0.659471 0.33913000000000004 0.658426 0.33260900000000004 0.655989 0.330435 0.652855 0.281522 0.6521589999999999 0.278261 0.649721 0.278261 0.649373 0.286957 0.648329 0.293478 0.6479809999999999 0.311957 0.646936 0.32934800000000003
3 0.606198 0.281522 0.606198 0.288043 0.6055010000000001 0.29239099999999996 0.6051529999999999 0.30869599999999997 0.6020190000000001 0.31630400000000003 0.613162 0.317391 0.615251 0.31521699999999997 0.6145539999999999 0.30978300000000003 0.61351 0.30978300000000003 0.6128129999999999 0.307609 0.612117 0.296739 0.611421 0.293478 0.611421 0.283696 0.610724 0.280435 0.60968 0.26413000000000003 0.608287 0.26413000000000003 0.6072420000000001 0.267391 0.6068939999999999 0.278261 0.606198 0.281522
3 0.5619780000000001 0.301087 0.5630219999999999 0.296739 0.560933 0.293478 0.560237 0.275 0.558844 0.263043 0.558496 0.25652200000000003 0.556755 0.25543499999999997 0.5553619999999999 0.268478 0.5543180000000001 0.29239099999999996 0.552228 0.3 0.5619780000000001 0.301087
3 0.504875 0.294565 0.5104460000000001 0.294565 0.510794 0.29239099999999996 0.512883 0.290217 0.510794 0.286957 0.510794 0.277174 0.509749 0.269565 0.509053 0.25543499999999997 0.508357 0.253261 0.507312 0.253261 0.506267 0.259783 0.504875 0.288043 0.503134 0.291304 0.504875 0.294565
3 0.338092 0.281522 0.34609999999999996 0.281522 0.34435899999999997 0.278261 0.34435899999999997 0.271739 0.342618 0.253261 0.341922 0.253261 0.341226 0.25543499999999997 0.34052899999999997 0.26413000000000003 0.34018099999999996 0.276087 0.338092 0.281522
3 0.353064 0.267391 0.35167099999999996 0.261957 0.350627 0.24565199999999998 0.349582 0.243478 0.348538 0.248913 0.34818899999999997 0.258696 0.347145 0.267391 0.353064 0.267391
3 0.400418 0.291304 0.399721 0.286957 0.399025 0.286957 0.39798100000000003 0.282609 0.396936 0.258696 0.39624000000000004 0.25543499999999997 0.395195 0.25543499999999997 0.39415 0.263043 0.393106 0.28586999999999996 0.39032 0.291304 0.400418 0.291304
3 0.39032 0.253261 0.395195 0.253261 0.395543 0.25 0.394847 0.25 0.39415 0.24673899999999999 0.39415 0.238043 0.393454 0.23586999999999997 0.393454 0.232609 0.392409 0.231522 0.392061 0.236957 0.391017 0.24130400000000002 0.391365 0.248913 0.39032 0.253261
1 0.8892760000000001 0.29565199999999997 0.888231 0.298913 0.88649 0.3 0.8861420000000001 0.303261 0.887187 0.305435 0.8896240000000001 0.306522 0.9021589999999999 0.306522 0.9021589999999999 0.302174 0.901114 0.298913 0.8997210000000001 0.298913 0.898677 0.29565199999999997 0.896936 0.26413000000000003 0.895891 0.258696 0.895543 0.24782600000000002 0.8931060000000001 0.24673899999999999 0.892061 0.248913 0.891713 0.263043 0.8906689999999999 0.268478 0.8892760000000001 0.29565199999999997
1 0.772632 0.27934800000000004 0.7830779999999999 0.27934800000000004 0.783774 0.27391299999999996 0.781685 0.269565 0.781337 0.263043 0.780292 0.25760900000000003 0.779596 0.23586999999999997 0.779248 0.233696 0.776811 0.233696 0.77507 0.263043 0.77507 0.271739 0.7729809999999999 0.27391299999999996 0.772632 0.27934800000000004
1 0.683844 0.265217 0.6946380000000001 0.265217 0.693593 0.26087 0.692897 0.26087 0.691852 0.25760900000000003 0.690111 0.228261 0.68837 0.227174 0.687674 0.22934800000000002 0.687674 0.238043 0.6862809999999999 0.259783 0.683844 0.265217
1 0.596448 0.26087 0.6051529999999999 0.26087 0.6051529999999999 0.258696 0.603064 0.254348 0.601671 0.228261 0.59993 0.227174 0.599234 0.230435 0.598538 0.248913 0.5978410000000001 0.25543499999999997 0.596448 0.26087
1 0.49442899999999995 0.263043 0.49234 0.252174 0.49234 0.24782600000000002 0.49129500000000004 0.24239099999999997 0.49129500000000004 0.23586999999999997 0.490599 0.232609 0.489903 0.232609 0.489206 0.236957 0.48851000000000006 0.25543499999999997 0.486421 0.263043 0.49442899999999995 0.263043
1 0.504526 0.238043 0.503134 0.233696 0.502437 0.21739099999999997 0.501045 0.216304 0.5 0.233696 0.49860699999999997 0.24021699999999999 0.504178 0.24021699999999999 0.504526 0.238043
1 0.552228 0.232609 0.550836 0.226087 0.5501389999999999 0.211957 0.549095 0.211957 0.5483979999999999 0.216304 0.54805 0.228261 0.546657 0.232609 0.552228 0.232609
3 0.529248 0.22391299999999997 0.528203 0.21086999999999997 0.5271589999999999 0.209783 0.5271589999999999 0.215217 0.525766 0.228261 0.530292 0.228261 0.529248 0.22391299999999997
3 0.6020190000000001 0.219565 0.600627 0.216304 0.59993 0.203261 0.598538 0.20108700000000002 0.5974929999999999 0.21086999999999997 0.5974929999999999 0.216304 0.596448 0.218478 0.6020190000000001 0.219565
1 0.611769 0.21413000000000001 0.611421 0.20543499999999998 0.610376 0.20434800000000003 0.608287 0.226087 0.6128129999999999 0.226087 0.613162 0.22282600000000002 0.611769 0.21413000000000001
1 0.67305 0.218478 0.6709609999999999 0.211957 0.6709609999999999 0.20108700000000002 0.670613 0.198913 0.669568 0.198913 0.668872 0.21413000000000001 0.6674789999999999 0.219565 0.672702 0.220652 0.67305 0.218478
3 0.674791 0.20760900000000002 0.674095 0.19456500000000002 0.672702 0.19347799999999998 0.672354 0.20543499999999998 0.671309 0.211957 0.675836 0.213043 0.674791 0.20760900000000002
1 0.725627 0.21739099999999997 0.726671 0.215217 0.725279 0.20760900000000002 0.7245820000000001 0.19456500000000002 0.723189 0.19456500000000002 0.7224929999999999 0.208696 0.720752 0.21739099999999997 0.725627 0.21739099999999997
3 0.74617 0.208696 0.751045 0.208696 0.751741 0.206522 0.750348 0.20108700000000002 0.750348 0.192391 0.749304 0.18695699999999998 0.748607 0.18695699999999998 0.7472139999999999 0.203261 0.745822 0.206522 0.74617 0.208696
3 0.831825 0.202174 0.8307800000000001 0.198913 0.8307800000000001 0.190217 0.830084 0.182609 0.8290390000000001 0.182609 0.827994 0.195652 0.826253 0.203261 0.831476 0.20434800000000003 0.831825 0.202174
3 0.871518 0.202174 0.870125 0.19456500000000002 0.869777 0.183696 0.8690810000000001 0.18043499999999998 0.868036 0.18043499999999998 0.866992 0.18695699999999998 0.866295 0.2 0.8655989999999999 0.202174 0.871518 0.202174
3 0.928969 0.195652 0.9279249999999999 0.191304 0.927228 0.179348 0.9265319999999999 0.175 0.9254870000000001 0.173913 0.9244429999999999 0.18913 0.9230499999999999 0.196739 0.928621 0.197826 0.928969 0.195652
1 0.810585 0.21413000000000001 0.810933 0.216304 0.817897 0.215217 0.816156 0.20760900000000002 0.815808 0.19456500000000002 0.8151109999999999 0.190217 0.8137190000000001 0.191304 0.8130219999999999 0.206522 0.812326 0.21086999999999997 0.810585 0.21413000000000001
1 0.45543199999999995 0.252174 0.454387 0.25 0.453343 0.231522 0.452994 0.22934800000000002 0.451602 0.22934800000000002 0.450557 0.251087 0.44951299999999994 0.253261 0.455084 0.254348 0.45543199999999995 0.252174
1 0.462744 0.26087 0.46065500000000004 0.254348 0.45960999999999996 0.23478300000000002 0.458565 0.233696 0.45786899999999997 0.236957 0.457521 0.25 0.45578 0.26087 0.462744 0.26087
3 0.45786899999999997 0.230435 0.45717299999999994 0.219565 0.45578 0.219565 0.455084 0.23586999999999997 0.454387 0.23913 0.457521 0.23913 0.45786899999999997 0.230435
1 0.47423400000000004 0.24673899999999999 0.474582 0.244565 0.473538 0.24130400000000002 0.472841 0.226087 0.471797 0.22282600000000002 0.4711 0.226087 0.470404 0.24239099999999997 0.469359 0.24565199999999998 0.47423400000000004 0.24673899999999999
1 0.8844010000000001 0.213043 0.8861420000000001 0.21086999999999997 0.8844010000000001 0.206522 0.883705 0.20108700000000002 0.883357 0.18913 0.882312 0.184783 0.881267 0.18695699999999998 0.879875 0.206522 0.878482 0.211957 0.8844010000000001 0.213043