3 0.441852 0.593478 0.44011100000000003 0.6010869999999999 0.43697800000000003 0.604348 0.43662999999999996 0.606522 0.45194999999999996 0.6195649999999999 0.45717299999999994 0.6195649999999999 0.476323 0.609783 0.47597500000000004 0.607609 0.472145 0.6054350000000001 0.47005600000000003 0.596739 0.46657400000000004 0.593478 0.46552899999999997 0.58913 0.459958 0.494565 0.452994 0.494565 0.44951299999999994 0.554348 0.446727 0.58913 0.444986 0.592391 0.441852 0.593478
3 0.745474 0.543478 0.745125 0.5478259999999999 0.743036 0.554348 0.752089 0.5586960000000001 0.7694989999999999 0.557609 0.76915 0.555435 0.767409 0.554348 0.766365 0.5478259999999999 0.763231 0.540217 0.759749 0.46956499999999995 0.755571 0.46956499999999995 0.749304 0.520652 0.748607 0.53587 0.747563 0.540217 0.745474 0.543478
3 0.925836 0.5336960000000001 0.9334960000000001 0.53913 0.9505570000000001 0.5380429999999999 0.9502090000000001 0.53587 0.9488160000000001 0.534783 0.947772 0.530435 0.944638 0.525 0.9404600000000001 0.467391 0.9362809999999999 0.46630399999999994 0.9310579999999999 0.522826 0.930362 0.525 0.9279249999999999 0.526087 0.925836 0.5336960000000001
3 0.6521589999999999 0.394565 0.651811 0.39891299999999996 0.662604 0.4 0.659471 0.38260900000000003 0.659471 0.373913 0.658774 0.36847799999999997 0.656685 0.36847799999999997 0.655292 0.375 0.654248 0.391304 0.653203 0.394565 0.6521589999999999 0.394565
3 0.895891 0.417391 0.9066850000000001 0.418478 0.9066850000000001 0.415217 0.905292 0.41304299999999994 0.902507 0.386957 0.8997210000000001 0.388043 0.899373 0.404348 0.896936 0.41304299999999994 0.895891 0.41413 0.895891 0.417391
3 0.543872 0.38152200000000003 0.5536209999999999 0.38152200000000003 0.5518799999999999 0.375 0.5504870000000001 0.35 0.546657 0.35 0.545613 0.372826 0.544568 0.377174 0.543872 0.377174 0.543872 0.38152200000000003
3 0.472145 0.366304 0.47075199999999995 0.359783 0.469359 0.344565 0.46657400000000004 0.343478 0.465181 0.359783 0.463788 0.363043 0.463788 0.366304 0.472145 0.366304
3 0.42305000000000004 0.355435 0.42305000000000004 0.353261 0.421657 0.35108700000000004 0.420613 0.333696 0.41782700000000006 0.333696 0.416783 0.348913 0.415042 0.352174 0.415042 0.355435 0.42305000000000004 0.355435
3 0.389624 0.331522 0.388579 0.342391 0.386838 0.346739 0.39415 0.347826 0.392409 0.340217 0.391713 0.330435 0.389624 0.331522
1 0.608287 0.370652 0.606546 0.35 0.604805 0.35 0.604109 0.36413 0.601323 0.373913 0.609331 0.373913 0.608287 0.370652
1 0.729805 0.388043 0.729805 0.384783 0.729109 0.384783 0.728064 0.38043499999999997 0.7270190000000001 0.366304 0.72493 0.365217 0.724234 0.376087 0.721797 0.383696 0.721797 0.388043 0.729805 0.388043
1 0.864554 0.390217 0.864554 0.386957 0.862813 0.383696 0.862465 0.371739 0.85968 0.370652 0.8593310000000001 0.38260900000000003 0.858287 0.38587 0.858287 0.390217 0.864554 0.390217
1 0.87883 0.390217 0.87883 0.386957 0.877089 0.383696 0.876393 0.370652 0.873607 0.370652 0.873607 0.38260900000000003 0.8722139999999999 0.386957 0.8722139999999999 0.390217 0.87883 0.390217
3 0.8029249999999999 0.411957 0.8116300000000001 0.411957 0.8102370000000001 0.406522 0.808844 0.394565 0.8084960000000001 0.38043499999999997 0.8060579999999999 0.38043499999999997 0.803621 0.40217400000000003 0.80188 0.407609 0.80188 0.409783 0.8029249999999999 0.411957
3 0.384749 0.34565199999999996 0.383357 0.343478 0.382312 0.32934800000000003 0.380571 0.32934800000000003 0.379526 0.340217 0.378134 0.343478 0.378134 0.34565199999999996 0.384749 0.34565199999999996
3 0.40181100000000003 0.330435 0.40007000000000004 0.32934800000000003 0.39798100000000003 0.344565 0.403552 0.344565 0.402159 0.336957 0.40181100000000003 0.330435
1 0.5198470000000001 0.361957 0.518802 0.36086999999999997 0.5177579999999999 0.355435 0.517061 0.340217 0.514276 0.341304 0.513928 0.357609 0.512883 0.359783 0.512883 0.361957 0.5198470000000001 0.361957
1 0.535515 0.358696 0.534123 0.348913 0.533774 0.341304 0.531337 0.340217 0.5306409999999999 0.344565 0.5306409999999999 0.354348 0.529944 0.357609 0.535515 0.358696
3 0.525766 0.338043 0.524721 0.33587 0.523329 0.355435 0.527855 0.355435 0.527855 0.347826 0.525766 0.338043
0 0.257312 0.30869599999999997 0.254526 0.307609 0.25383 0.30978300000000003 0.254178 0.319565 0.258008 0.319565 0.258008 0.31087 0.257312 0.30869599999999997
0 0.308148 0.31413 0.305362 0.31521699999999997 0.305362 0.323913 0.30954000000000004 0.323913 0.309192 0.318478 0.308148 0.31413
0 0.356894 0.317391 0.354109 0.318478 0.354109 0.328261 0.358287 0.328261 0.357939 0.320652 0.356894 0.317391
0 0.41608599999999996 0.325 0.41364900000000004 0.325 0.413301 0.333696 0.416783 0.333696 0.416783 0.328261 0.41608599999999996 0.325
0 0.46239600000000003 0.326087 0.459262 0.32717399999999996 0.45891400000000004 0.338043 0.463788 0.338043 0.46309199999999995 0.33587 0.46239600000000003 0.326087
0 0.502089 0.333696 0.502089 0.341304 0.505571 0.341304 0.504875 0.33260900000000004 0.502089 0.333696
1 0.7040390000000001 0.356522 0.70195 0.357609 0.70195 0.370652 0.704735 0.371739 0.705084 0.363043 0.7040390000000001 0.356522
0 0.6995129999999999 0.348913 0.698468 0.35108700000000004 0.698468 0.357609 0.7016020000000001 0.357609 0.701253 0.35 0.6995129999999999 0.348913
3 0.7151810000000001 0.357609 0.7134400000000001 0.358696 0.712744 0.370652 0.716574 0.370652 0.716574 0.365217 0.7151810000000001 0.357609
0 0.726671 0.35108700000000004 0.725627 0.354348 0.725627 0.358696 0.7301529999999999 0.359783 0.729805 0.35108700000000004 0.726671 0.35108700000000004
0 0.750696 0.352174 0.747911 0.353261 0.748259 0.361957 0.751393 0.361957 0.751393 0.356522 0.750696 0.352174
1 0.758008 0.361957 0.754178 0.361957 0.75383 0.373913 0.755571 0.376087 0.758008 0.376087 0.758008 0.361957
3 0.7729809999999999 0.366304 0.772284 0.361957 0.768454 0.36413 0.768454 0.375 0.774025 0.376087 0.774025 0.36739099999999997 0.7729809999999999 0.366304
0 0.797354 0.356522 0.7942199999999999 0.357609 0.7942199999999999 0.363043 0.794916 0.365217 0.79805 0.36413 0.797354 0.356522
1 0.802228 0.38913000000000003 0.8011839999999999 0.392391 0.8015319999999999 0.395652 0.803969 0.395652 0.805362 0.38152200000000003 0.8067550000000001 0.379348 0.8064069999999999 0.370652 0.804318 0.370652 0.804318 0.373913 0.802228 0.383696 0.802228 0.38913000000000003
1 0.8353059999999999 0.392391 0.842967 0.392391 0.842967 0.38913000000000003 0.841226 0.386957 0.8405290000000001 0.371739 0.837744 0.370652 0.8370469999999999 0.386957 0.836351 0.38913000000000003 0.8353059999999999 0.38913000000000003 0.8353059999999999 0.392391