1 0.790042 0.568478 0.788997 0.575 0.788997 0.5826089999999999 0.786908 0.593478 0.785864 0.616304 0.782033 0.632609 0.779596 0.634783 0.776462 0.634783 0.774721 0.642391 0.774721 0.651087 0.775766 0.6543479999999999 0.778203 0.657609 0.789345 0.659783 0.793175 0.6630429999999999 0.8067550000000001 0.66413 0.807451 0.66087 0.807451 0.647826 0.8067550000000001 0.6445649999999999 0.803969 0.641304 0.802577 0.636957 0.802228 0.6304350000000001 0.800836 0.621739 0.797702 0.5423910000000001 0.797354 0.540217 0.794916 0.536957 0.792131 0.536957 0.791435 0.541304 0.791086 0.551087 0.79039 0.554348 0.790042 0.568478
1 0.799791 0.471739 0.799095 0.47391300000000003 0.799443 0.48043500000000006 0.814067 0.48043500000000006 0.814067 0.476087 0.8119780000000001 0.47391300000000003 0.810933 0.470652 0.810585 0.46087 0.8095399999999999 0.452174 0.8084960000000001 0.425 0.8077989999999999 0.421739 0.80571 0.422826 0.8029249999999999 0.463043 0.8015319999999999 0.471739 0.799791 0.471739
1 0.683844 0.501087 0.683496 0.507609 0.683844 0.509783 0.6862809999999999 0.509783 0.68837 0.511957 0.701253 0.511957 0.701253 0.503261 0.698468 0.5 0.697423 0.49565200000000004 0.697075 0.479348 0.6963790000000001 0.47717400000000004 0.6963790000000001 0.467391 0.6956819999999999 0.46413000000000004 0.69429 0.44021699999999997 0.691156 0.43913 0.6880219999999999 0.49130399999999996 0.68663 0.497826 0.6845399999999999 0.49891300000000005 0.683844 0.501087
3 0.27715900000000004 0.6010869999999999 0.27715900000000004 0.618478 0.275418 0.631522 0.27507000000000004 0.647826 0.273677 0.659783 0.267061 0.671739 0.266017 0.682609 0.26532 0.681522 0.262883 0.688043 0.261142 0.690217 0.264972 0.6913039999999999 0.266713 0.694565 0.271588 0.696739 0.293524 0.696739 0.297354 0.68913 0.298398 0.68913 0.302577 0.682609 0.304666 0.677174 0.301184 0.675 0.300487 0.668478 0.299095 0.6630429999999999 0.295265 0.66087 0.293524 0.657609 0.293872 0.642391 0.293175 0.6380429999999999 0.293175 0.629348 0.291086 0.6141300000000001 0.291086 0.604348 0.289694 0.58913 0.288649 0.58587 0.28830100000000003 0.568478 0.286908 0.5478259999999999 0.28098900000000004 0.5478259999999999 0.279596 0.553261 0.278552 0.588043 0.27715900000000004 0.6010869999999999
3 0.38266 0.46195700000000006 0.38126699999999997 0.481522 0.380571 0.483696 0.379526 0.483696 0.379526 0.48586999999999997 0.377786 0.48804299999999995 0.377786 0.490217 0.39032 0.490217 0.393802 0.481522 0.392061 0.481522 0.39032 0.476087 0.389972 0.454348 0.388231 0.422826 0.38509699999999997 0.422826 0.383705 0.446739 0.38266 0.454348 0.38266 0.46195700000000006
3 0.506616 0.444565 0.504178 0.44565200000000005 0.504178 0.45 0.514972 0.45 0.515669 0.448913 0.515669 0.444565 0.514276 0.444565 0.513579 0.44239100000000003 0.513231 0.42391300000000004 0.51149 0.407609 0.51149 0.40217400000000003 0.510794 0.39891299999999996 0.509053 0.39891299999999996 0.507312 0.422826 0.507312 0.43695700000000004 0.506616 0.44021699999999997 0.506616 0.444565
3 0.616295 0.41956499999999997 0.61734 0.42391300000000004 0.61734 0.430435 0.615251 0.431522 0.615251 0.43587 0.625348 0.43587 0.625348 0.43260899999999997 0.623955 0.431522 0.622911 0.42717400000000005 0.621518 0.391304 0.619777 0.391304 0.618733 0.40543500000000005 0.616992 0.409783 0.616295 0.41413 0.616295 0.41956499999999997
3 0.714485 0.426087 0.713092 0.42717400000000005 0.713092 0.42934799999999995 0.721797 0.42934799999999995 0.721797 0.42717400000000005 0.720056 0.421739 0.720056 0.407609 0.719011 0.39891299999999996 0.719011 0.392391 0.718315 0.38913000000000003 0.7169220000000001 0.38913000000000003 0.716574 0.4 0.7151810000000001 0.40869600000000006 0.7151810000000001 0.420652 0.714485 0.426087
3 0.8182449999999999 0.433696 0.8272980000000001 0.433696 0.8272980000000001 0.431522 0.825905 0.42717400000000005 0.8255570000000001 0.41086999999999996 0.824164 0.40217400000000003 0.824164 0.395652 0.8217269999999999 0.394565 0.8203340000000001 0.407609 0.8203340000000001 0.425 0.8182449999999999 0.430435 0.8182449999999999 0.433696
0 0.5365599999999999 0.35 0.5365599999999999 0.342391 0.535515 0.342391 0.535515 0.347826 0.534123 0.356522 0.537604 0.356522 0.5365599999999999 0.35
0 0.509749 0.35 0.509401 0.340217 0.508357 0.340217 0.508357 0.346739 0.506964 0.355435 0.511142 0.355435 0.509749 0.35
0 0.452646 0.32934800000000003 0.45194999999999996 0.32934800000000003 0.451602 0.33913000000000004 0.450905 0.341304 0.454039 0.341304 0.452646 0.32934800000000003
0 0.889972 0.358696 0.888231 0.358696 0.887187 0.376087 0.8913650000000001 0.376087 0.889972 0.36739099999999997 0.889972 0.358696
0 0.8551529999999999 0.356522 0.85376 0.356522 0.852368 0.373913 0.8568939999999999 0.373913 0.85585 0.36739099999999997 0.8551529999999999 0.356522
0 0.8220750000000001 0.365217 0.8217269999999999 0.355435 0.8203340000000001 0.355435 0.81929 0.36739099999999997 0.8182449999999999 0.371739 0.82312 0.371739 0.8220750000000001 0.365217
0 0.784471 0.36956500000000003 0.788997 0.36956500000000003 0.787953 0.366304 0.787953 0.355435 0.787256 0.353261 0.786212 0.353261 0.7848189999999999 0.358696 0.785515 0.365217 0.784471 0.36739099999999997 0.784471 0.36956500000000003
0 0.5672010000000001 0.340217 0.565808 0.356522 0.5696380000000001 0.356522 0.568245 0.340217 0.5672010000000001 0.340217
0 0.47771600000000003 0.348913 0.47736799999999996 0.33913000000000004 0.47667099999999996 0.33913000000000004 0.47597500000000004 0.35 0.47492999999999996 0.355435 0.47876 0.355435 0.47771600000000003 0.348913
0 0.438719 0.355435 0.437326 0.347826 0.43697800000000003 0.338043 0.435933 0.338043 0.435585 0.348913 0.434192 0.353261 0.434192 0.355435 0.438719 0.355435