1 0.836351 0.576087 0.834958 0.58587 0.8342620000000001 0.603261 0.833217 0.607609 0.832869 0.621739 0.831476 0.6304350000000001 0.8307800000000001 0.643478 0.830084 0.646739 0.8255570000000001 0.6489130000000001 0.8238160000000001 0.6543479999999999 0.822423 0.655435 0.8220750000000001 0.6586960000000001 0.8245129999999999 0.6630429999999999 0.8252090000000001 0.6673910000000001 0.827994 0.673913 0.8370469999999999 0.675 0.837396 0.677174 0.8391360000000001 0.678261 0.8621169999999999 0.678261 0.8621169999999999 0.673913 0.861421 0.673913 0.858287 0.66413 0.8593310000000001 0.6630429999999999 0.8593310000000001 0.6586960000000001 0.8586349999999999 0.656522 0.855501 0.6543479999999999 0.8551529999999999 0.652174 0.85376 0.652174 0.852368 0.647826 0.852368 0.631522 0.851671 0.628261 0.851671 0.622826 0.850975 0.620652 0.8502789999999999 0.603261 0.848886 0.592391 0.848886 0.584783 0.8478410000000001 0.580435 0.847493 0.56087 0.846448 0.559783 0.846448 0.53913 0.8391360000000001 0.5380429999999999 0.838092 0.5423910000000001 0.837396 0.56413 0.836699 0.565217 0.836351 0.576087
1 0.9042479999999999 0.44565200000000005 0.9014620000000001 0.446739 0.9014620000000001 0.453261 0.9157379999999999 0.454348 0.916086 0.452174 0.916783 0.452174 0.916783 0.448913 0.913997 0.44565200000000005 0.912604 0.43913 0.912604 0.430435 0.9112120000000001 0.41086999999999996 0.9112120000000001 0.4 0.910515 0.397826 0.907033 0.39891299999999996 0.9066850000000001 0.41086999999999996 0.905292 0.42934799999999995 0.904596 0.431522 0.9042479999999999 0.44565200000000005
1 0.932451 0.41413 0.9314069999999999 0.41413 0.9314069999999999 0.418478 0.9432449999999999 0.418478 0.9432449999999999 0.41630399999999995 0.941156 0.415217 0.941156 0.403261 0.9401109999999999 0.397826 0.939415 0.375 0.935933 0.373913 0.9348890000000001 0.393478 0.9334960000000001 0.40543500000000005 0.9334960000000001 0.41086999999999996 0.932451 0.41413
1 0.8304320000000001 0.388043 0.829387 0.391304 0.8286910000000001 0.391304 0.8286910000000001 0.393478 0.8370469999999999 0.393478 0.836003 0.386957 0.8353059999999999 0.36086999999999997 0.834958 0.358696 0.8325210000000001 0.358696 0.831825 0.359783 0.831825 0.36739099999999997 0.831128 0.36956500000000003 0.8304320000000001 0.388043
3 0.71727 0.403261 0.716574 0.40543500000000005 0.715529 0.40543500000000005 0.715529 0.40869600000000006 0.725627 0.409783 0.725627 0.406522 0.7245820000000001 0.40543500000000005 0.723886 0.396739 0.723189 0.394565 0.722145 0.36956500000000003 0.7211000000000001 0.366304 0.720404 0.366304 0.719011 0.36956500000000003 0.718315 0.390217 0.717618 0.391304 0.71727 0.403261
3 0.668872 0.433696 0.666783 0.43478300000000003 0.666086 0.43804299999999996 0.665042 0.43913 0.666086 0.441304 0.6793180000000001 0.441304 0.680014 0.43913 0.6793180000000001 0.43478300000000003 0.677577 0.43260899999999997 0.6768799999999999 0.42934799999999995 0.6768799999999999 0.41956499999999997 0.674443 0.386957 0.672006 0.386957 0.670265 0.417391 0.669568 0.41956499999999997 0.668872 0.42717400000000005 0.668872 0.433696
3 0.670265 0.38587 0.670265 0.38913000000000003 0.671657 0.38913000000000003 0.672006 0.38587 0.674443 0.38587 0.674791 0.38913000000000003 0.6786209999999999 0.38913000000000003 0.678969 0.386957 0.677577 0.384783 0.677577 0.379348 0.676532 0.372826 0.676184 0.357609 0.675836 0.355435 0.6733979999999999 0.355435 0.6733979999999999 0.365217 0.672702 0.36847799999999997 0.671657 0.384783 0.670265 0.38587
3 0.500348 0.47717400000000004 0.49895500000000004 0.48043500000000006 0.49895500000000004 0.48695700000000003 0.514624 0.48804299999999995 0.51532 0.48586999999999997 0.51532 0.479348 0.512535 0.47717400000000004 0.5121870000000001 0.46630399999999994 0.511142 0.45869600000000005 0.511142 0.446739 0.509749 0.433696 0.509749 0.420652 0.508705 0.417391 0.506616 0.417391 0.505571 0.41956499999999997 0.504178 0.45 0.502089 0.476087 0.500348 0.47717400000000004
3 0.33286899999999997 0.502174 0.33286899999999997 0.51413 0.332173 0.516304 0.332173 0.525 0.331476 0.527174 0.331476 0.53587 0.33077999999999996 0.536957 0.33077999999999996 0.552174 0.330084 0.559783 0.329387 0.56087 0.329387 0.5663039999999999 0.328691 0.567391 0.327646 0.583696 0.325905 0.5869570000000001 0.322423 0.588043 0.322423 0.593478 0.32137899999999997 0.597826 0.32137899999999997 0.603261 0.327298 0.606522 0.34435899999999997 0.606522 0.349582 0.6 0.351323 0.5956520000000001 0.350627 0.590217 0.349234 0.590217 0.347493 0.5826089999999999 0.345752 0.581522 0.34435899999999997 0.578261 0.343315 0.556522 0.342618 0.554348 0.342618 0.548913 0.341922 0.546739 0.341922 0.531522 0.34052899999999997 0.504348 0.339136 0.49347799999999997 0.33843999999999996 0.492391 0.334958 0.492391 0.333565 0.49565200000000004 0.333565 0.5 0.33286899999999997 0.502174
3 0.057103 0.504348 0.056058 0.507609 0.056058 0.521739 0.052925 0.521739 0.052228 0.525 0.05188 0.5195649999999999 0.050836000000000006 0.521739 0.050487000000000004 0.528261 0.05118399999999999 0.532609 0.056755 0.532609 0.057103 0.530435 0.06337000000000001 0.532609 0.063719 0.530435 0.074513 0.528261 0.078691 0.525 0.073816 0.517391 0.072772 0.517391 0.070682 0.509783 0.069638 0.49130399999999996 0.068942 0.48913 0.067549 0.45108699999999996 0.066504 0.43913 0.061280999999999995 0.43804299999999996 0.059889000000000005 0.45108699999999996 0.059889000000000005 0.465217 0.057450999999999995 0.48913 0.057103 0.504348
1 0.170961 0.40869600000000006 0.169916 0.41086999999999996 0.169916 0.41413 0.183148 0.41413 0.183496 0.411957 0.182799 0.40869600000000006 0.182103 0.40869600000000006 0.180362 0.403261 0.178273 0.379348 0.178273 0.365217 0.177228 0.363043 0.175487 0.363043 0.174095 0.397826 0.17304999999999998 0.407609 0.172354 0.409783 0.170961 0.40869600000000006
1 0.29805000000000004 0.378261 0.296657 0.38043499999999997 0.307103 0.38043499999999997 0.303969 0.372826 0.30362100000000003 0.352174 0.302925 0.348913 0.302925 0.34565199999999996 0.30362100000000003 0.343478 0.300836 0.343478 0.300836 0.353261 0.29979100000000003 0.36086999999999997 0.29979100000000003 0.371739 0.29805000000000004 0.378261
3 0.399373 0.38152200000000003 0.399721 0.386957 0.39832900000000004 0.391304 0.397284 0.391304 0.396936 0.38913000000000003 0.395891 0.392391 0.39624000000000004 0.394565 0.407382 0.393478 0.406337 0.393478 0.40424800000000005 0.386957 0.40424800000000005 0.371739 0.40250700000000006 0.355435 0.401462 0.355435 0.400418 0.358696 0.40007000000000004 0.376087 0.399373 0.38152200000000003
1 0.374304 0.359783 0.373955 0.363043 0.381964 0.363043 0.381964 0.36086999999999997 0.379526 0.354348 0.378482 0.33260900000000004 0.37743699999999997 0.33260900000000004 0.376741 0.33587 0.37639300000000003 0.355435 0.375 0.359783 0.374304 0.359783
1 0.423747 0.346739 0.423747 0.348913 0.429666 0.348913 0.428273 0.344565 0.428273 0.32934800000000003 0.42722800000000005 0.326087 0.426184 0.326087 0.425836 0.342391 0.424443 0.346739 0.423747 0.346739
1 0.45578 0.343478 0.456128 0.341304 0.454387 0.336957 0.454735 0.325 0.454039 0.323913 0.454039 0.321739 0.452298 0.321739 0.452298 0.334783 0.45194999999999996 0.338043 0.45020899999999997 0.342391 0.45578 0.343478
3 0.462047 0.361957 0.46239600000000003 0.366304 0.460306 0.371739 0.46065500000000004 0.372826 0.46831500000000004 0.371739 0.46657400000000004 0.36739099999999997 0.466226 0.356522 0.46552899999999997 0.354348 0.46552899999999997 0.343478 0.46483299999999994 0.341304 0.464136 0.341304 0.46309199999999995 0.344565 0.462744 0.358696 0.462047 0.361957
1 0.47876 0.33587 0.480501 0.33587 0.48085000000000006 0.338043 0.481546 0.334783 0.48259100000000005 0.334783 0.481546 0.31630400000000003 0.480501 0.317391 0.479805 0.330435 0.47876 0.33260900000000004 0.47876 0.33587
3 0.501741 0.357609 0.500696 0.354348 0.501045 0.35 0.500348 0.344565 0.500348 0.338043 0.49930399999999997 0.33587 0.49895500000000004 0.330435 0.498259 0.330435 0.49721399999999993 0.35 0.49617000000000006 0.352174 0.495474 0.356522 0.501741 0.357609
3 0.518454 0.346739 0.5212399999999999 0.347826 0.523677 0.34565199999999996 0.522632 0.342391 0.521936 0.328261 0.5212399999999999 0.325 0.520195 0.33587 0.5194989999999999 0.336957 0.5198470000000001 0.342391 0.518454 0.346739
1 0.52507 0.33260900000000004 0.528552 0.33260900000000004 0.5288999999999999 0.331522 0.5271589999999999 0.323913 0.5275070000000001 0.31630400000000003 0.526114 0.31630400000000003 0.525766 0.321739 0.52507 0.322826 0.525766 0.325 0.52507 0.33260900000000004
3 0.618384 0.347826 0.622563 0.347826 0.6222139999999999 0.328261 0.62117 0.328261 0.619777 0.341304 0.618384 0.34565199999999996 0.618384 0.347826
1 0.697075 0.359783 0.697075 0.361957 0.702994 0.361957 0.7016020000000001 0.348913 0.701253 0.33913000000000004 0.6998610000000001 0.33913000000000004 0.698816 0.348913 0.699164 0.355435 0.697772 0.359783 0.697075 0.359783
1 0.7228410000000001 0.354348 0.721797 0.352174 0.719708 0.334783 0.719011 0.334783 0.717967 0.348913 0.7169220000000001 0.352174 0.71727 0.354348 0.7228410000000001 0.354348
3 0.592618 0.33260900000000004 0.592618 0.323913 0.59227 0.321739 0.591574 0.321739 0.591226 0.334783 0.5901810000000001 0.338043 0.5943590000000001 0.338043 0.592618 0.33260900000000004
1 0.755571 0.35108700000000004 0.759749 0.35108700000000004 0.759749 0.348913 0.758705 0.346739 0.758357 0.331522 0.757312 0.331522 0.756964 0.344565 0.756267 0.34565199999999996 0.756616 0.347826 0.755571 0.35108700000000004
1 0.5560579999999999 0.306522 0.55571 0.311957 0.555014 0.313043 0.5577989999999999 0.313043 0.557103 0.31087 0.557103 0.306522 0.5560579999999999 0.306522
1 0.565111 0.301087 0.564415 0.301087 0.564067 0.307609 0.5630219999999999 0.31087 0.566156 0.31087 0.565111 0.301087
3 0.591226 0.320652 0.590529 0.30978300000000003 0.589485 0.30869599999999997 0.589485 0.31521699999999997 0.5884400000000001 0.318478 0.5884400000000001 0.320652 0.591226 0.320652
3 0.635097 0.313043 0.634401 0.326087 0.636838 0.32717399999999996 0.636142 0.313043 0.635097 0.313043
1 0.773677 0.33913000000000004 0.7729809999999999 0.340217 0.7729809999999999 0.343478 0.773677 0.344565 0.776811 0.344565 0.775766 0.32717399999999996 0.774025 0.33260900000000004 0.772632 0.331522 0.772632 0.33587 0.773677 0.33913000000000004
1 0.833914 0.46956499999999995 0.8325210000000001 0.47282599999999997 0.8342620000000001 0.478261 0.836351 0.471739 0.836699 0.47282599999999997 0.835655 0.49130399999999996 0.83461 0.49347799999999997 0.8325210000000001 0.49347799999999997 0.831128 0.496739 0.831128 0.501087 0.833217 0.504348 0.833914 0.507609 0.853064 0.507609 0.853412 0.502174 0.8485379999999999 0.490217 0.8467969999999999 0.476087 0.8467969999999999 0.467391 0.845404 0.456522 0.8443590000000001 0.430435 0.8398329999999999 0.431522 0.83844 0.454348 0.837396 0.459783 0.8370469999999999 0.467391 0.833914 0.46956499999999995
1 0.739206 0.370652 0.7395539999999999 0.372826 0.745125 0.372826 0.745474 0.371739 0.744429 0.36739099999999997 0.743384 0.34565199999999996 0.741992 0.344565 0.741295 0.346739 0.740947 0.363043 0.740251 0.36847799999999997 0.739206 0.370652
3 0.546657 0.33587 0.5459609999999999 0.321739 0.544916 0.321739 0.5442199999999999 0.33587 0.543175 0.340217 0.547702 0.340217 0.546657 0.33587
3 0.602368 0.36847799999999997 0.601323 0.365217 0.600627 0.358696 0.600279 0.343478 0.5978410000000001 0.344565 0.5974929999999999 0.361957 0.5961000000000001 0.36956500000000003 0.602368 0.36847799999999997
1 0.55571 0.326087 0.555014 0.31521699999999997 0.5543180000000001 0.31521699999999997 0.5543180000000001 0.323913 0.552577 0.32934800000000003 0.556755 0.32934800000000003 0.55571 0.326087
1 0.553969 0.323913 0.552925 0.31087 0.552228 0.311957 0.551184 0.326087 0.553273 0.326087 0.553969 0.323913
1 0.541783 0.320652 0.5407379999999999 0.31521699999999997 0.54039 0.30869599999999997 0.539345 0.311957 0.539345 0.31630400000000003 0.5383009999999999 0.320652 0.541783 0.320652
1 0.5442199999999999 0.317391 0.547006 0.317391 0.545265 0.305435 0.5442199999999999 0.317391
3 0.604457 0.334783 0.608635 0.334783 0.607591 0.330435 0.6068939999999999 0.318478 0.606198 0.319565 0.6055010000000001 0.330435 0.604457 0.33260900000000004 0.604457 0.334783
3 0.6051529999999999 0.330435 0.604457 0.31521699999999997 0.603412 0.31630400000000003 0.603412 0.322826 0.6020190000000001 0.330435 0.6051529999999999 0.330435
3 0.6733979999999999 0.33913000000000004 0.67305 0.330435 0.672006 0.32934800000000003 0.6709609999999999 0.342391 0.669916 0.34565199999999996 0.674443 0.34565199999999996 0.6733979999999999 0.33913000000000004
3 0.671309 0.334783 0.671657 0.32934800000000003 0.672702 0.328261 0.672006 0.319565 0.6709609999999999 0.319565 0.670613 0.328261 0.6692199999999999 0.334783 0.671309 0.334783
3 0.691504 0.323913 0.690808 0.323913 0.689763 0.338043 0.689067 0.341304 0.693245 0.341304 0.691504 0.323913
1 0.572423 0.301087 0.571727 0.30869599999999997 0.573816 0.30869599999999997 0.5731200000000001 0.301087 0.572423 0.301087
1 0.577994 0.29782600000000004 0.57695 0.307609 0.579387 0.307609 0.578691 0.29782600000000004 0.577994 0.29782600000000004
3 0.595404 0.323913 0.594708 0.313043 0.594011 0.31413 0.594011 0.318478 0.592967 0.323913 0.595404 0.323913
3 0.629526 0.319565 0.629526 0.311957 0.628482 0.30978300000000003 0.627089 0.322826 0.630223 0.322826 0.630223 0.320652 0.629526 0.319565
3 0.642061 0.317391 0.641713 0.30978300000000003 0.641017 0.31087 0.639972 0.320652 0.6427579999999999 0.320652 0.642061 0.317391
1 0.7040390000000001 0.318478 0.702646 0.333696 0.706128 0.333696 0.704735 0.319565 0.7040390000000001 0.318478
1 0.743733 0.340217 0.743036 0.338043 0.74234 0.323913 0.741295 0.32717399999999996 0.740947 0.336957 0.739903 0.340217 0.743733 0.340217
1 0.699164 0.317391 0.6981200000000001 0.31413 0.697075 0.325 0.6998610000000001 0.325 0.699164 0.321739 0.699164 0.317391
1 0.687674 0.328261 0.6862809999999999 0.31521699999999997 0.685585 0.31630400000000003 0.685237 0.322826 0.684192 0.328261 0.687674 0.328261
1 0.7211000000000001 0.323913 0.723886 0.323913 0.7228410000000001 0.311957 0.7211000000000001 0.323913
3 0.30571000000000004 0.421739 0.305014 0.422826 0.305014 0.42717400000000005 0.302577 0.431522 0.30188000000000004 0.43478300000000003 0.316504 0.43478300000000003 0.316504 0.431522 0.314415 0.42717400000000005 0.31371899999999997 0.421739 0.313022 0.4 0.312326 0.397826 0.31128100000000003 0.38043499999999997 0.308496 0.38043499999999997 0.307799 0.383696 0.30745100000000003 0.4 0.306407 0.406522 0.30571000000000004 0.421739
3 0.598538 0.33260900000000004 0.5974929999999999 0.344565 0.59993 0.342391 0.59993 0.334783 0.599234 0.331522 0.598538 0.33260900000000004
3 0.5974929999999999 0.344565 0.595404 0.354348 0.5974929999999999 0.354348 0.5974929999999999 0.344565
3 0.600279 0.31413 0.599234 0.304348 0.598538 0.305435 0.598538 0.30869599999999997 0.5974929999999999 0.31413 0.600279 0.31413
3 0.603412 0.31087 0.6055010000000001 0.31087 0.604805 0.302174 0.603412 0.31087
3 0.6072420000000001 0.30869599999999997 0.609331 0.30869599999999997 0.608635 0.3 0.6072420000000001 0.30869599999999997
3 0.6448470000000001 0.31087 0.646936 0.31087 0.6462399999999999 0.303261 0.6448470000000001 0.31087
3 0.649373 0.301087 0.648677 0.302174 0.6479809999999999 0.30869599999999997 0.65007 0.30869599999999997 0.649373 0.301087
3 0.670265 0.30869599999999997 0.668524 0.320652 0.670613 0.320652 0.6709609999999999 0.318478 0.670265 0.30869599999999997
3 0.683148 0.31521699999999997 0.6827989999999999 0.307609 0.682103 0.307609 0.6810579999999999 0.317391 0.683496 0.318478 0.683844 0.317391 0.683148 0.31521699999999997
3 0.611769 0.298913 0.611072 0.307609 0.6128129999999999 0.307609 0.612465 0.301087 0.611769 0.298913
1 0.6904600000000001 0.305435 0.689763 0.306522 0.689067 0.31413 0.691156 0.31413 0.6904600000000001 0.305435
1 0.735376 0.311957 0.73468 0.319565 0.733983 0.321739 0.737117 0.321739 0.735376 0.311957
1 0.5842620000000001 0.29782600000000004 0.583217 0.301087 0.582869 0.305435 0.584958 0.305435 0.5842620000000001 0.29782600000000004
1 0.586351 0.304348 0.588092 0.304348 0.587047 0.296739 0.586351 0.304348
3 0.665042 0.31413 0.6678270000000001 0.31413 0.666783 0.304348 0.665042 0.31413
3 0.593663 0.306522 0.592967 0.306522 0.5919220000000001 0.31630400000000003 0.593663 0.31630400000000003 0.593663 0.306522