3 0.14136500000000002 0.325 0.14032 0.328261 0.138928 0.328261 0.138579 0.331522 0.136142 0.33260900000000004 0.136142 0.334783 0.151114 0.334783 0.154248 0.33260900000000004 0.153552 0.328261 0.152507 0.328261 0.150766 0.322826 0.15006999999999998 0.305435 0.149373 0.302174 0.14902500000000002 0.281522 0.148329 0.276087 0.144499 0.277174 0.144499 0.284783 0.143106 0.293478 0.14136500000000002 0.325
3 0.292479 0.303261 0.291783 0.303261 0.291783 0.307609 0.301184 0.307609 0.29979100000000003 0.298913 0.29805000000000004 0.265217 0.29596100000000003 0.265217 0.295265 0.27391299999999996 0.293524 0.284783 0.293524 0.298913 0.292479 0.303261
3 0.425139 0.296739 0.422702 0.305435 0.431058 0.305435 0.42896900000000004 0.286957 0.428621 0.269565 0.42722800000000005 0.269565 0.426184 0.27934800000000004 0.425139 0.283696 0.425139 0.296739
3 0.560585 0.307609 0.5595399999999999 0.283696 0.5577989999999999 0.282609 0.556407 0.302174 0.554666 0.31521699999999997 0.5619780000000001 0.31521699999999997 0.560585 0.307609
3 0.689763 0.334783 0.697423 0.334783 0.696031 0.330435 0.694986 0.304348 0.693245 0.303261 0.691504 0.319565 0.691504 0.326087 0.689763 0.33260900000000004 0.689763 0.334783
3 0.829735 0.363043 0.837744 0.363043 0.836699 0.358696 0.836351 0.35108700000000004 0.835655 0.348913 0.8353059999999999 0.331522 0.832869 0.330435 0.831128 0.35 0.831128 0.356522 0.829735 0.359783 0.829735 0.363043
1 0.8638579999999999 0.391304 0.862465 0.393478 0.862465 0.397826 0.8725630000000001 0.397826 0.8725630000000001 0.395652 0.87117 0.395652 0.871518 0.38913000000000003 0.8708220000000001 0.384783 0.870125 0.355435 0.8673400000000001 0.355435 0.865947 0.366304 0.865947 0.371739 0.8638579999999999 0.391304
1 0.709958 0.366304 0.719708 0.366304 0.719708 0.36413 0.717967 0.358696 0.717618 0.334783 0.716574 0.325 0.7148329999999999 0.325 0.714136 0.32717399999999996 0.712396 0.352174 0.709958 0.366304
1 0.619429 0.34565199999999996 0.618384 0.348913 0.618384 0.352174 0.627089 0.352174 0.625348 0.33913000000000004 0.624652 0.311957 0.622563 0.31087 0.621866 0.313043 0.620822 0.325 0.620474 0.338043 0.619429 0.34565199999999996
1 0.52507 0.35108700000000004 0.5351670000000001 0.35108700000000004 0.5351670000000001 0.348913 0.533774 0.346739 0.532382 0.304348 0.529596 0.304348 0.528203 0.328261 0.526114 0.34565199999999996 0.52507 0.347826 0.52507 0.35108700000000004
1 0.439763 0.356522 0.44046 0.359783 0.441504 0.36086999999999997 0.449861 0.36086999999999997 0.452298 0.356522 0.450905 0.355435 0.449861 0.35 0.449164 0.30978300000000003 0.448816 0.306522 0.445334 0.306522 0.442201 0.348913 0.441504 0.352174 0.439763 0.354348 0.439763 0.356522
1 0.40076599999999996 0.386957 0.401462 0.38587 0.400418 0.378261 0.399025 0.377174 0.39798100000000003 0.373913 0.397284 0.354348 0.396588 0.348913 0.396588 0.334783 0.395891 0.322826 0.395195 0.320652 0.392409 0.320652 0.391365 0.32934800000000003 0.389624 0.356522 0.389972 0.386957 0.40076599999999996 0.386957
1 0.378134 0.430435 0.375348 0.431522 0.374304 0.43913 0.375 0.443478 0.37639300000000003 0.446739 0.396588 0.446739 0.396588 0.44239100000000003 0.395543 0.44021699999999997 0.395195 0.43587 0.391713 0.42717400000000005 0.391017 0.421739 0.389276 0.38260900000000003 0.389276 0.366304 0.388579 0.359783 0.387883 0.357609 0.38405300000000003 0.357609 0.383357 0.363043 0.38266 0.38260900000000003 0.379526 0.41956499999999997 0.378134 0.430435
1 0.465181 0.517391 0.464485 0.520652 0.46309199999999995 0.543478 0.46135099999999996 0.557609 0.45960999999999996 0.584783 0.45891400000000004 0.588043 0.456825 0.588043 0.45369099999999996 0.592391 0.452994 0.596739 0.450557 0.598913 0.45020899999999997 0.603261 0.452298 0.609783 0.45891400000000004 0.621739 0.489206 0.620652 0.489903 0.618478 0.489903 0.6141300000000001 0.48607199999999995 0.604348 0.48607199999999995 0.598913 0.48537600000000003 0.594565 0.480501 0.588043 0.47910899999999995 0.555435 0.478064 0.544565 0.47597500000000004 0.48695700000000003 0.47492999999999996 0.475 0.47423400000000004 0.471739 0.46831500000000004 0.471739 0.46726999999999996 0.479348 0.46726999999999996 0.48695700000000003 0.465877 0.5 0.465181 0.517391