0 0.9352370000000001 0.192391 0.9397629999999999 0.192391 0.9387190000000001 0.18695699999999998 0.9387190000000001 0.177174 0.9380219999999999 0.17282599999999998 0.9369780000000001 0.173913 0.9362809999999999 0.179348 0.9362809999999999 0.18587 0.9352370000000001 0.192391
0 0.912256 0.176087 0.9112120000000001 0.176087 0.909819 0.19347799999999998 0.913301 0.19347799999999998 0.912604 0.190217 0.912256 0.176087
0 0.9084260000000001 0.203261 0.907033 0.18152200000000002 0.9056409999999999 0.183696 0.905292 0.192391 0.9038999999999999 0.203261 0.9084260000000001 0.203261
0 0.901114 0.206522 0.900766 0.19347799999999998 0.90007 0.190217 0.898677 0.191304 0.898329 0.206522 0.896588 0.216304 0.902507 0.216304 0.901114 0.206522
0 0.892061 0.233696 0.889972 0.220652 0.8892760000000001 0.213043 0.8892760000000001 0.20434800000000003 0.887535 0.203261 0.886838 0.220652 0.885794 0.225 0.885097 0.233696 0.892061 0.233696
1 0.87883 0.243478 0.87883 0.24565199999999998 0.885446 0.24565199999999998 0.8844010000000001 0.24021699999999999 0.8844010000000001 0.22282600000000002 0.883705 0.219565 0.883705 0.213043 0.883008 0.209783 0.881964 0.209783 0.881267 0.211957 0.879875 0.226087 0.879875 0.24130400000000002 0.87883 0.243478
1 0.778552 0.21739099999999997 0.778552 0.230435 0.776811 0.23586999999999997 0.7788999999999999 0.23478300000000002 0.7788999999999999 0.227174 0.779596 0.22282600000000002 0.781337 0.22282600000000002 0.782033 0.23478300000000002 0.783774 0.23586999999999997 0.78273 0.22934800000000002 0.782033 0.209783 0.781337 0.206522 0.780292 0.206522 0.779596 0.208696 0.779596 0.213043 0.778552 0.21739099999999997
3 0.776462 0.259783 0.775766 0.259783 0.775766 0.261957 0.7851670000000001 0.261957 0.7851670000000001 0.259783 0.783774 0.25543499999999997 0.78273 0.24565199999999998 0.782382 0.236957 0.781337 0.230435 0.781337 0.22391299999999997 0.779596 0.22391299999999997 0.779248 0.23478300000000002 0.778203 0.236957 0.777855 0.25543499999999997 0.776462 0.259783
3 0.708217 0.251087 0.715529 0.251087 0.715877 0.248913 0.714485 0.24782600000000002 0.713788 0.238043 0.713092 0.23586999999999997 0.712744 0.220652 0.712396 0.218478 0.710655 0.219565 0.710655 0.232609 0.70961 0.24565199999999998 0.708217 0.248913 0.708217 0.251087
3 0.634749 0.243478 0.633357 0.219565 0.632312 0.219565 0.630919 0.243478 0.629875 0.24782600000000002 0.635794 0.24782600000000002 0.634749 0.243478
1 0.6754870000000001 0.23478300000000002 0.6754870000000001 0.232609 0.674791 0.231522 0.674443 0.21739099999999997 0.6733979999999999 0.208696 0.672006 0.21086999999999997 0.6709609999999999 0.230435 0.669916 0.23478300000000002 0.6754870000000001 0.23478300000000002
1 0.566504 0.23586999999999997 0.566504 0.238043 0.571727 0.238043 0.5706819999999999 0.233696 0.56929 0.216304 0.568245 0.216304 0.568245 0.220652 0.567549 0.22391299999999997 0.567549 0.233696 0.566504 0.23586999999999997
3 0.5543180000000001 0.251087 0.5543180000000001 0.248913 0.553273 0.24782600000000002 0.552925 0.232609 0.5518799999999999 0.228261 0.5518799999999999 0.225 0.550836 0.225 0.549791 0.24782600000000002 0.548747 0.248913 0.548747 0.251087 0.5543180000000001 0.251087
3 0.46483299999999994 0.259783 0.46344 0.25543499999999997 0.46239600000000003 0.23478300000000002 0.461003 0.233696 0.460306 0.238043 0.45960999999999996 0.25543499999999997 0.458565 0.259783 0.46483299999999994 0.259783
1 0.458565 0.25 0.45717299999999994 0.23913 0.45717299999999994 0.230435 0.456476 0.226087 0.455084 0.226087 0.454387 0.24565199999999998 0.453343 0.24782600000000002 0.453343 0.25 0.458565 0.25
3 0.375 0.270652 0.373955 0.268478 0.37256300000000003 0.24673899999999999 0.37117 0.24565199999999998 0.370125 0.265217 0.369081 0.27391299999999996 0.375348 0.27391299999999996 0.375 0.270652
1 0.253134 0.275 0.252786 0.263043 0.251741 0.258696 0.251045 0.258696 0.24965199999999999 0.286957 0.254526 0.286957 0.254875 0.283696 0.253134 0.275
1 0.147284 0.313043 0.145543 0.307609 0.143106 0.284783 0.141017 0.284783 0.141017 0.304348 0.14032 0.31521699999999997 0.147284 0.31521699999999997 0.147284 0.313043
1 0.604805 0.620652 0.603064 0.63913 0.6020190000000001 0.659783 0.601323 0.661957 0.5961000000000001 0.6673910000000001 0.593315 0.673913 0.5898329999999999 0.676087 0.589485 0.68587 0.598189 0.708696 0.600975 0.71413 0.609331 0.71413 0.610724 0.7119570000000001 0.625 0.7119570000000001 0.638928 0.705435 0.64032 0.7021740000000001 0.64032 0.694565 0.6371870000000001 0.6836960000000001 0.63649 0.671739 0.630919 0.6630429999999999 0.62883 0.656522 0.627437 0.633696 0.626045 0.622826 0.624304 0.6 0.619429 0.515217 0.618384 0.511957 0.610724 0.511957 0.610028 0.516304 0.60968 0.532609 0.6072420000000001 0.569565 0.604805 0.620652
3 0.306755 0.286957 0.305014 0.280435 0.305014 0.275 0.303273 0.259783 0.30188000000000004 0.259783 0.300487 0.286957 0.299443 0.28913 0.306755 0.28913 0.306755 0.286957
3 0.232242 0.311957 0.22980499999999998 0.301087 0.22980499999999998 0.29565199999999997 0.229109 0.288043 0.228412 0.28586999999999996 0.228412 0.278261 0.226323 0.277174 0.22562700000000002 0.282609 0.224582 0.307609 0.223189 0.311957 0.232242 0.311957
3 0.157382 0.341304 0.166435 0.341304 0.167827 0.336957 0.166783 0.33587 0.165738 0.331522 0.163649 0.303261 0.162953 0.298913 0.16051500000000002 0.298913 0.159471 0.31413 0.158774 0.334783 0.157382 0.338043 0.157382 0.341304
3 0.12117 0.378261 0.127437 0.375 0.127437 0.36956500000000003 0.125696 0.36847799999999997 0.12465200000000001 0.361957 0.123607 0.346739 0.122563 0.341304 0.12151799999999999 0.328261 0.12082200000000001 0.325 0.118036 0.325 0.11559900000000001 0.371739 0.114554 0.373913 0.114554 0.378261 0.12117 0.378261
3 0.131267 0.41304299999999994 0.131267 0.41956499999999997 0.145543 0.41956499999999997 0.15006999999999998 0.415217 0.15006999999999998 0.41304299999999994 0.14902500000000002 0.411957 0.147981 0.407609 0.14519500000000002 0.403261 0.143454 0.386957 0.143454 0.38152200000000003 0.140669 0.356522 0.140669 0.352174 0.139972 0.35 0.136142 0.35 0.135446 0.361957 0.135097 0.386957 0.13370500000000002 0.40869600000000006 0.131267 0.41304299999999994
3 0.267758 0.43478300000000003 0.266713 0.43804299999999996 0.264276 0.441304 0.264276 0.45 0.277855 0.45108699999999996 0.287256 0.444565 0.287256 0.441304 0.285515 0.441304 0.284123 0.43587 0.281685 0.43478300000000003 0.28098900000000004 0.43260899999999997 0.27890000000000004 0.411957 0.278203 0.393478 0.275418 0.36413 0.27124000000000004 0.363043 0.270195 0.36847799999999997 0.26949900000000004 0.40543500000000005 0.268454 0.415217 0.267758 0.43478300000000003
3 0.523329 0.418478 0.520891 0.420652 0.51915 0.428261 0.517061 0.42934799999999995 0.517061 0.43260899999999997 0.5177579999999999 0.43478300000000003 0.537604 0.43478300000000003 0.5428270000000001 0.42934799999999995 0.543175 0.42717400000000005 0.541086 0.425 0.539345 0.41956499999999997 0.536908 0.418478 0.536212 0.41630399999999995 0.534471 0.393478 0.534471 0.38043499999999997 0.532382 0.357609 0.531685 0.343478 0.530989 0.341304 0.5271589999999999 0.341304 0.526462 0.343478 0.526114 0.363043 0.523677 0.397826 0.523329 0.418478
3 0.770195 0.357609 0.7681060000000001 0.359783 0.7681060000000001 0.366304 0.770891 0.36847799999999997 0.785864 0.36739099999999997 0.7865599999999999 0.365217 0.7865599999999999 0.36086999999999997 0.785515 0.357609 0.783426 0.356522 0.782382 0.35108700000000004 0.782382 0.343478 0.7806409999999999 0.321739 0.779248 0.29239099999999996 0.7754179999999999 0.291304 0.774373 0.30978300000000003 0.773329 0.318478 0.771936 0.35 0.770195 0.357609
3 0.840181 0.298913 0.8408770000000001 0.317391 0.842967 0.319565 0.8478410000000001 0.319565 0.848189 0.313043 0.845404 0.31087 0.844708 0.306522 0.844708 0.296739 0.8422700000000001 0.259783 0.8387879999999999 0.259783 0.83844 0.276087 0.839485 0.283696 0.839485 0.293478 0.840181 0.298913
2 0.826602 0.294565 0.825905 0.31521699999999997 0.8252090000000001 0.318478 0.8238160000000001 0.320652 0.82312 0.326087 0.8217269999999999 0.326087 0.821031 0.328261 0.821379 0.331522 0.8415739999999999 0.331522 0.8440110000000001 0.32717399999999996 0.842967 0.320652 0.8408770000000001 0.318478 0.840181 0.31413 0.8391360000000001 0.283696 0.836003 0.252174 0.835655 0.231522 0.83461 0.227174 0.831825 0.227174 0.8307800000000001 0.231522 0.829387 0.259783 0.826602 0.294565
1 0.345404 0.267391 0.343315 0.254348 0.343315 0.243478 0.341574 0.24239099999999997 0.340877 0.244565 0.340877 0.263043 0.34018099999999996 0.267391 0.345404 0.267391
2 0.8387879999999999 0.258696 0.8426180000000001 0.259783 0.8450559999999999 0.296739 0.845404 0.30978300000000003 0.8485379999999999 0.313043 0.850627 0.313043 0.850975 0.301087 0.8485379999999999 0.29565199999999997 0.8485379999999999 0.28913 0.847493 0.278261 0.8443590000000001 0.219565 0.8408770000000001 0.219565 0.8398329999999999 0.227174 0.83844 0.24673899999999999 0.837744 0.269565 0.8387879999999999 0.258696