0 0.319986 0.504348 0.319986 0.5130429999999999 0.31754899999999997 0.5130429999999999 0.316504 0.515217 0.316504 0.517391 0.319986 0.521739 0.34226999999999996 0.521739 0.350279 0.509783 0.35201899999999997 0.509783 0.352368 0.5054350000000001 0.349234 0.5054350000000001 0.34818899999999997 0.503261 0.34818899999999997 0.49891300000000005 0.342967 0.49565200000000004 0.34226999999999996 0.492391 0.34052899999999997 0.459783 0.338092 0.43587 0.334958 0.394565 0.33077999999999996 0.394565 0.32903899999999997 0.396739 0.327646 0.446739 0.324861 0.501087 0.324164 0.504348 0.319986 0.504348
0 0.231894 0.354348 0.231894 0.359783 0.24199199999999998 0.36086999999999997 0.24895499999999998 0.357609 0.24895499999999998 0.355435 0.247214 0.355435 0.24686599999999997 0.352174 0.244081 0.35108700000000004 0.23990300000000003 0.296739 0.236421 0.296739 0.236421 0.31413 0.23502800000000001 0.35 0.23433099999999998 0.353261 0.231894 0.354348
0 0.458565 0.365217 0.457521 0.371739 0.456476 0.373913 0.473886 0.373913 0.47597500000000004 0.370652 0.476323 0.366304 0.475279 0.365217 0.474582 0.361957 0.472841 0.361957 0.471448 0.359783 0.4711 0.344565 0.470404 0.343478 0.47005600000000003 0.33260900000000004 0.46831500000000004 0.31413 0.467618 0.298913 0.464136 0.298913 0.46344 0.305435 0.46344 0.31521699999999997 0.461003 0.36086999999999997 0.458565 0.365217
3 0.765669 0.5478259999999999 0.763231 0.559783 0.7604460000000001 0.559783 0.758008 0.561957 0.758008 0.567391 0.764276 0.572826 0.766017 0.576087 0.773677 0.579348 0.776114 0.5826089999999999 0.781337 0.58587 0.7907379999999999 0.58587 0.7959609999999999 0.5826089999999999 0.7983979999999999 0.579348 0.8046659999999999 0.5771740000000001 0.8064069999999999 0.575 0.8060579999999999 0.569565 0.800836 0.5663039999999999 0.799791 0.561957 0.799443 0.554348 0.794568 0.551087 0.793872 0.548913 0.791086 0.504348 0.790042 0.478261 0.787953 0.45543500000000003 0.7865599999999999 0.42391300000000004 0.779248 0.422826 0.7712399999999999 0.541304 0.770195 0.545652 0.7677579999999999 0.545652 0.765669 0.5478259999999999
3 0.884053 0.320652 0.884053 0.323913 0.888579 0.326087 0.9049440000000001 0.326087 0.9049440000000001 0.323913 0.9038999999999999 0.322826 0.902855 0.317391 0.900766 0.317391 0.8997210000000001 0.31413 0.899025 0.307609 0.898677 0.290217 0.89624 0.259783 0.892758 0.259783 0.8892760000000001 0.30978300000000003 0.888231 0.31413 0.88649 0.31521699999999997 0.884053 0.320652
3 0.7527860000000001 0.288043 0.766017 0.28913 0.766017 0.28586999999999996 0.763231 0.281522 0.762535 0.278261 0.7604460000000001 0.23913 0.757312 0.238043 0.755919 0.272826 0.754875 0.280435 0.7527860000000001 0.283696 0.7527860000000001 0.288043
3 0.7169220000000001 0.25652200000000003 0.7169220000000001 0.26087 0.726323 0.26087 0.726323 0.25652200000000003 0.7245820000000001 0.25543499999999997 0.723886 0.238043 0.722145 0.221739 0.720752 0.221739 0.720056 0.226087 0.719011 0.251087 0.717967 0.25652200000000003 0.7169220000000001 0.25652200000000003
3 0.741643 0.24130400000000002 0.741643 0.238043 0.740599 0.238043 0.739903 0.233696 0.73851 0.208696 0.736421 0.208696 0.735376 0.233696 0.733635 0.23913 0.733635 0.24130400000000002 0.741643 0.24130400000000002
3 0.787604 0.22934800000000002 0.787604 0.226087 0.786908 0.226087 0.786212 0.221739 0.7851670000000001 0.20108700000000002 0.7830779999999999 0.20108700000000002 0.781685 0.22391299999999997 0.780292 0.226087 0.780292 0.22934800000000002 0.787604 0.22934800000000002
3 0.853064 0.22282600000000002 0.853064 0.219565 0.852019 0.215217 0.850975 0.195652 0.8485379999999999 0.19456500000000002 0.847493 0.21413000000000001 0.846448 0.219565 0.846448 0.22282600000000002 0.853064 0.22282600000000002
3 0.9387190000000001 0.215217 0.937326 0.21413000000000001 0.9362809999999999 0.191304 0.9334960000000001 0.190217 0.932451 0.21086999999999997 0.930362 0.218478 0.9387190000000001 0.218478 0.9387190000000001 0.215217
1 0.733287 0.378261 0.734331 0.38152200000000003 0.753482 0.38152200000000003 0.7527860000000001 0.370652 0.75 0.36739099999999997 0.748955 0.361957 0.745125 0.298913 0.740947 0.29782600000000004 0.736769 0.36413 0.736072 0.36847799999999997 0.733287 0.372826 0.733287 0.378261
1 0.589136 0.304348 0.603412 0.304348 0.603412 0.301087 0.59993 0.29565199999999997 0.598886 0.291304 0.596448 0.251087 0.593315 0.251087 0.591226 0.29239099999999996 0.590529 0.29565199999999997 0.588788 0.296739 0.589136 0.304348
1 0.584958 0.258696 0.584958 0.261957 0.592618 0.261957 0.592618 0.25543499999999997 0.5919220000000001 0.24673899999999999 0.591226 0.244565 0.5898329999999999 0.22391299999999997 0.5884400000000001 0.22391299999999997 0.587396 0.238043 0.587047 0.253261 0.586003 0.258696 0.584958 0.258696
1 0.63266 0.236957 0.639972 0.236957 0.639972 0.233696 0.639276 0.233696 0.638579 0.230435 0.6371870000000001 0.20760900000000002 0.634749 0.20760900000000002 0.634053 0.230435 0.633357 0.233696 0.63266 0.233696 0.63266 0.236957
1 0.709958 0.21413000000000001 0.708914 0.196739 0.7071729999999999 0.196739 0.706476 0.213043 0.705084 0.22282600000000002 0.712047 0.22282600000000002 0.709958 0.21413000000000001
1 0.795613 0.18913 0.7942199999999999 0.18913 0.7928270000000001 0.213043 0.7983979999999999 0.213043 0.797006 0.20760900000000002 0.795613 0.18913
1 0.901114 0.203261 0.9004179999999999 0.197826 0.90007 0.184783 0.897981 0.184783 0.897284 0.208696 0.902507 0.208696 0.902507 0.206522 0.901114 0.203261