3 0.45543199999999995 0.5826089999999999 0.45369099999999996 0.607609 0.452994 0.61087 0.45020899999999997 0.609783 0.448816 0.6119570000000001 0.44812 0.618478 0.44568199999999997 0.622826 0.444986 0.627174 0.44777199999999995 0.6304350000000001 0.45717299999999994 0.632609 0.47005600000000003 0.632609 0.47736799999999996 0.627174 0.47841199999999995 0.625 0.478064 0.6195649999999999 0.476323 0.6195649999999999 0.475279 0.6141300000000001 0.471448 0.6141300000000001 0.47075199999999995 0.61087 0.468663 0.58587 0.468663 0.579348 0.467618 0.570652 0.465181 0.516304 0.464485 0.51413 0.460306 0.51413 0.45960999999999996 0.516304 0.458565 0.540217 0.45543199999999995 0.572826 0.45543199999999995 0.5826089999999999
3 0.59227 0.517391 0.59227 0.526087 0.591574 0.528261 0.589136 0.528261 0.588092 0.5336960000000001 0.586003 0.534783 0.585655 0.536957 0.5919220000000001 0.5423910000000001 0.610028 0.541304 0.610028 0.5380429999999999 0.607591 0.536957 0.6037600000000001 0.531522 0.6037600000000001 0.518478 0.603064 0.5130429999999999 0.603064 0.504348 0.6020190000000001 0.494565 0.601671 0.48260899999999995 0.600975 0.478261 0.600975 0.46630399999999994 0.600279 0.46413000000000004 0.600279 0.46087 0.596797 0.46087 0.595056 0.484783 0.594011 0.49130399999999996 0.594011 0.496739 0.59227 0.517391
3 0.672702 0.47717400000000004 0.672006 0.479348 0.669568 0.48043500000000006 0.668872 0.48695700000000003 0.670265 0.48913 0.684192 0.48804299999999995 0.684192 0.48260899999999995 0.682451 0.479348 0.6810579999999999 0.46956499999999995 0.68071 0.457609 0.6786209999999999 0.430435 0.676184 0.430435 0.674791 0.444565 0.674791 0.452174 0.67305 0.467391 0.672702 0.47717400000000004
3 0.736769 0.443478 0.735028 0.44565200000000005 0.73468 0.452174 0.746866 0.45108699999999996 0.745474 0.44565200000000005 0.744429 0.44565200000000005 0.743733 0.44239100000000003 0.741992 0.409783 0.739206 0.40869600000000006 0.73851 0.42391300000000004 0.736072 0.42717400000000005 0.737465 0.43478300000000003 0.736769 0.443478
3 0.776114 0.41956499999999997 0.776114 0.421739 0.773677 0.42934799999999995 0.773329 0.433696 0.783426 0.43478300000000003 0.783426 0.42934799999999995 0.782033 0.42934799999999995 0.781337 0.426087 0.7806409999999999 0.407609 0.779596 0.396739 0.778203 0.396739 0.7775070000000001 0.404348 0.7754179999999999 0.41086999999999996 0.77507 0.417391 0.776114 0.41956499999999997
3 0.800836 0.418478 0.800139 0.421739 0.799095 0.422826 0.799095 0.428261 0.8077989999999999 0.428261 0.8077989999999999 0.42391300000000004 0.80571 0.418478 0.803969 0.393478 0.802577 0.393478 0.8015319999999999 0.4 0.8011839999999999 0.40869600000000006 0.8004870000000001 0.409783 0.800836 0.418478
3 0.822772 0.415217 0.822772 0.41956499999999997 0.831128 0.41956499999999997 0.831128 0.417391 0.830084 0.41630399999999995 0.8290390000000001 0.41086999999999996 0.827994 0.390217 0.826253 0.38913000000000003 0.8252090000000001 0.395652 0.824861 0.407609 0.824164 0.41304299999999994 0.822772 0.415217
1 0.877089 0.409783 0.884749 0.409783 0.884749 0.407609 0.883008 0.404348 0.883008 0.395652 0.881964 0.384783 0.880223 0.384783 0.87883 0.394565 0.87883 0.40217400000000003 0.877089 0.407609 0.877089 0.409783
1 0.949164 0.42391300000000004 0.949164 0.421739 0.9470750000000001 0.415217 0.9467269999999999 0.40217400000000003 0.946031 0.396739 0.9439420000000001 0.395652 0.942549 0.417391 0.940808 0.420652 0.940808 0.42391300000000004 0.949164 0.42391300000000004
1 0.8673400000000001 0.39891299999999996 0.873259 0.39891299999999996 0.873259 0.396739 0.871866 0.393478 0.871518 0.390217 0.871518 0.378261 0.869429 0.378261 0.868733 0.383696 0.868733 0.392391 0.8673400000000001 0.396739 0.8673400000000001 0.39891299999999996
3 0.788997 0.407609 0.789345 0.404348 0.788649 0.403261 0.787604 0.393478 0.787604 0.38587 0.786908 0.38043499999999997 0.7848189999999999 0.38043499999999997 0.783774 0.40108699999999997 0.78273 0.404348 0.78273 0.406522 0.788997 0.407609
1 0.7983979999999999 0.394565 0.796657 0.372826 0.795613 0.372826 0.7942199999999999 0.390217 0.793175 0.391304 0.793175 0.394565 0.7983979999999999 0.394565
1 0.7983979999999999 0.38913000000000003 0.80188 0.38913000000000003 0.799791 0.36847799999999997 0.798747 0.36847799999999997 0.798747 0.375 0.797702 0.38152200000000003 0.797702 0.38587 0.7983979999999999 0.38913000000000003
3 0.779944 0.361957 0.779248 0.361957 0.776811 0.38043499999999997 0.782033 0.38043499999999997 0.780989 0.375 0.779944 0.361957
1 0.744429 0.373913 0.744429 0.363043 0.743733 0.36086999999999997 0.742688 0.36086999999999997 0.740947 0.38043499999999997 0.745822 0.38043499999999997 0.745822 0.378261 0.744429 0.373913
1 0.727368 0.38587 0.732591 0.38587 0.732591 0.38260900000000003 0.731546 0.38043499999999997 0.731198 0.365217 0.729457 0.36413 0.728412 0.373913 0.728412 0.38043499999999997 0.727368 0.38260900000000003 0.727368 0.38587
3 0.728064 0.371739 0.726323 0.357609 0.72493 0.356522 0.723886 0.361957 0.723538 0.36956500000000003 0.7228410000000001 0.371739 0.728064 0.371739
3 0.6998610000000001 0.393478 0.706476 0.393478 0.705432 0.38913000000000003 0.704735 0.375 0.703343 0.36739099999999997 0.702646 0.36956500000000003 0.701253 0.388043 0.6998610000000001 0.391304 0.6998610000000001 0.393478
1 0.6956819999999999 0.36956500000000003 0.6946380000000001 0.366304 0.6939420000000001 0.354348 0.692549 0.359783 0.691504 0.371739 0.6956819999999999 0.371739 0.6956819999999999 0.36956500000000003
1 0.667131 0.36739099999999997 0.666435 0.354348 0.6657379999999999 0.354348 0.663649 0.372826 0.668175 0.372826 0.668175 0.370652 0.667131 0.36739099999999997
1 0.648329 0.357609 0.6479809999999999 0.347826 0.646588 0.347826 0.645543 0.36413 0.649373 0.36413 0.649373 0.36086999999999997 0.648329 0.357609
3 0.641017 0.38152200000000003 0.641017 0.378261 0.639972 0.373913 0.639276 0.358696 0.637883 0.358696 0.63649 0.376087 0.6354460000000001 0.377174 0.6354460000000001 0.38152200000000003 0.641017 0.38152200000000003
3 0.077994 0.411957 0.077994 0.418478 0.079387 0.420652 0.092618 0.41956499999999997 0.092967 0.41304299999999994 0.090877 0.409783 0.089136 0.39891299999999996 0.087396 0.36413 0.08460999999999999 0.36413 0.083565 0.370652 0.081128 0.40869600000000006 0.080084 0.411957 0.077994 0.411957
1 0.196727 0.38152200000000003 0.20647600000000002 0.38260900000000003 0.20647600000000002 0.378261 0.205432 0.376087 0.204039 0.365217 0.203691 0.348913 0.201253 0.347826 0.200209 0.36413 0.19812000000000002 0.375 0.196727 0.377174 0.196727 0.38152200000000003
3 0.29805000000000004 0.40869600000000006 0.308496 0.409783 0.308844 0.404348 0.307103 0.40217400000000003 0.306407 0.394565 0.306755 0.392391 0.307799 0.393478 0.307799 0.38913000000000003 0.30571000000000004 0.378261 0.305014 0.366304 0.302577 0.365217 0.300487 0.386957 0.300139 0.40108699999999997 0.29805000000000004 0.404348 0.29805000000000004 0.40869600000000006
1 0.31337000000000004 0.377174 0.311978 0.372826 0.311978 0.36739099999999997 0.31128100000000003 0.363043 0.310933 0.348913 0.308496 0.347826 0.306058 0.378261 0.306407 0.38043499999999997 0.313022 0.38043499999999997 0.31337000000000004 0.377174
1 0.361072 0.371739 0.361072 0.36847799999999997 0.360028 0.36413 0.358983 0.346739 0.357242 0.34565199999999996 0.356198 0.366304 0.354457 0.36847799999999997 0.354457 0.371739 0.361072 0.371739
1 0.366643 0.366304 0.371866 0.366304 0.371866 0.36413 0.370822 0.36086999999999997 0.370125 0.343478 0.36873300000000003 0.343478 0.368036 0.346739 0.367688 0.357609 0.366643 0.363043 0.366643 0.366304
1 0.38509699999999997 0.36413 0.383705 0.342391 0.381964 0.342391 0.38126699999999997 0.356522 0.38022300000000003 0.36086999999999997 0.38022300000000003 0.36413 0.38509699999999997 0.36413
1 0.942549 0.41086999999999996 0.940808 0.38913000000000003 0.939415 0.390217 0.9383699999999999 0.404348 0.9369780000000001 0.41086999999999996 0.942549 0.41086999999999996
3 0.8607239999999999 0.388043 0.8607239999999999 0.383696 0.8593310000000001 0.371739 0.8586349999999999 0.371739 0.857591 0.386957 0.856546 0.390217 0.861421 0.390217 0.8607239999999999 0.388043
3 0.42130900000000004 0.396739 0.42896900000000004 0.396739 0.42896900000000004 0.393478 0.427577 0.390217 0.426532 0.36413 0.424443 0.363043 0.423398 0.372826 0.422702 0.38913000000000003 0.42130900000000004 0.393478 0.42130900000000004 0.396739
1 0.407382 0.36086999999999997 0.40598900000000004 0.354348 0.405641 0.344565 0.40494399999999997 0.342391 0.40424800000000005 0.346739 0.40424800000000005 0.353261 0.402855 0.36086999999999997 0.407382 0.36086999999999997
1 0.366295 0.353261 0.36594699999999997 0.343478 0.36490300000000003 0.341304 0.364206 0.343478 0.363162 0.356522 0.366992 0.356522 0.366295 0.353261
1 0.331825 0.346739 0.331476 0.33913000000000004 0.33077999999999996 0.33913000000000004 0.329735 0.354348 0.32903899999999997 0.357609 0.333217 0.357609 0.331825 0.346739
3 0.32137899999999997 0.354348 0.320682 0.352174 0.319986 0.338043 0.31928999999999996 0.33913000000000004 0.318942 0.34565199999999996 0.317201 0.354348 0.32137899999999997 0.354348
3 0.279944 0.356522 0.27890000000000004 0.33913000000000004 0.278203 0.33913000000000004 0.277507 0.35 0.276114 0.356522 0.279944 0.356522
1 0.283078 0.356522 0.28273000000000004 0.34565199999999996 0.281685 0.340217 0.28064100000000003 0.355435 0.279596 0.359783 0.284123 0.359783 0.283078 0.356522
1 0.067201 0.36413 0.06545999999999999 0.356522 0.065111 0.341304 0.064415 0.338043 0.063719 0.338043 0.062674 0.343478 0.06163 0.357609 0.060237 0.363043 0.067201 0.36413
3 0.05571 0.356522 0.060933 0.355435 0.059889000000000005 0.33913000000000004 0.059192 0.33587 0.058148 0.336957 0.057103 0.35 0.055362 0.354348 0.05571 0.356522
3 0.146936 0.356522 0.147981 0.353261 0.147981 0.341304 0.147284 0.33587 0.146588 0.33587 0.144847 0.354348 0.14415 0.356522 0.146936 0.356522
1 0.14623999999999998 0.359783 0.151811 0.359783 0.15006999999999998 0.340217 0.149373 0.340217 0.148677 0.343478 0.147981 0.355435 0.14623999999999998 0.359783
3 0.219359 0.356522 0.220752 0.356522 0.222493 0.348913 0.222493 0.342391 0.22179700000000002 0.338043 0.2211 0.33913000000000004 0.21970800000000001 0.352174 0.218663 0.354348 0.219359 0.356522
3 0.603064 0.370652 0.6020190000000001 0.366304 0.601323 0.353261 0.600279 0.352174 0.599234 0.36086999999999997 0.599234 0.366304 0.5978410000000001 0.370652 0.603064 0.370652
3 0.5706819999999999 0.36413 0.569986 0.363043 0.5689420000000001 0.348913 0.568245 0.347826 0.5672010000000001 0.36086999999999997 0.566156 0.365217 0.570334 0.366304 0.5706819999999999 0.36413
3 0.568593 0.346739 0.56929 0.348913 0.5696380000000001 0.355435 0.5696380000000001 0.347826 0.5689420000000001 0.342391 0.568245 0.341304 0.5672010000000001 0.35108700000000004 0.567549 0.352174 0.567549 0.348913 0.568593 0.346739
3 0.496866 0.36086999999999997 0.49617000000000006 0.359783 0.495474 0.354348 0.495125 0.344565 0.49442899999999995 0.344565 0.493384 0.358696 0.49234 0.361957 0.49617000000000006 0.363043 0.496866 0.36086999999999997
1 0.493384 0.35108700000000004 0.49268799999999996 0.347826 0.49268799999999996 0.342391 0.49199200000000004 0.342391 0.490599 0.358696 0.49303600000000003 0.358696 0.493384 0.35108700000000004
1 0.48015299999999994 0.354348 0.480501 0.352174 0.48015299999999994 0.340217 0.479457 0.340217 0.47876 0.35108700000000004 0.478064 0.354348 0.48015299999999994 0.354348
3 0.483983 0.363043 0.482939 0.357609 0.482242 0.344565 0.481198 0.344565 0.48015299999999994 0.36086999999999997 0.47910899999999995 0.36413 0.48363500000000004 0.365217 0.483983 0.363043
3 0.410515 0.35108700000000004 0.40947100000000003 0.344565 0.40947100000000003 0.33913000000000004 0.40842599999999996 0.341304 0.40842599999999996 0.346739 0.407382 0.35108700000000004 0.410515 0.35108700000000004
1 0.427925 0.359783 0.431407 0.358696 0.43036199999999997 0.353261 0.430014 0.342391 0.42896900000000004 0.343478 0.42896900000000004 0.347826 0.42722800000000005 0.357609 0.427925 0.359783
1 0.438719 0.354348 0.442201 0.354348 0.440808 0.340217 0.438719 0.354348
3 0.455084 0.38587 0.45543199999999995 0.388043 0.462047 0.386957 0.462047 0.384783 0.46065500000000004 0.38043499999999997 0.46065500000000004 0.371739 0.45891400000000004 0.356522 0.458217 0.357609 0.456825 0.36847799999999997 0.456825 0.378261 0.455084 0.38587
3 0.461003 0.373913 0.46239600000000003 0.373913 0.460306 0.357609 0.459958 0.347826 0.459262 0.346739 0.458217 0.356522 0.45891400000000004 0.355435 0.45960999999999996 0.357609 0.461003 0.373913
1 0.56163 0.355435 0.560933 0.342391 0.560237 0.342391 0.559889 0.35 0.558844 0.355435 0.56163 0.355435
1 0.597145 0.35108700000000004 0.596797 0.344565 0.5961000000000001 0.344565 0.5961000000000001 0.347826 0.594708 0.356522 0.598189 0.356522 0.597145 0.35108700000000004
1 0.618733 0.363043 0.618036 0.359783 0.61734 0.347826 0.616643 0.348913 0.615947 0.359783 0.614903 0.363043 0.618733 0.363043
1 0.615599 0.358696 0.616643 0.34565199999999996 0.615599 0.346739 0.615251 0.355435 0.6145539999999999 0.358696 0.615599 0.358696
3 0.6145539999999999 0.342391 0.613858 0.342391 0.6128129999999999 0.355435 0.614903 0.355435 0.6145539999999999 0.342391
3 0.461699 0.341304 0.46065500000000004 0.35108700000000004 0.46309199999999995 0.35108700000000004 0.46239600000000003 0.342391 0.461699 0.341304
3 0.650766 0.347826 0.65007 0.34565199999999996 0.648677 0.357609 0.651811 0.357609 0.650766 0.353261 0.650766 0.347826
3 0.679666 0.348913 0.678969 0.348913 0.678273 0.357609 0.677228 0.361957 0.6810579999999999 0.361957 0.679666 0.348913
1 0.40250700000000006 0.354348 0.401114 0.341304 0.399721 0.352174 0.399025 0.353261 0.399373 0.355435 0.40250700000000006 0.354348
1 0.22562700000000002 0.359783 0.224234 0.33913000000000004 0.22284099999999998 0.341304 0.22284099999999998 0.348913 0.220404 0.359783 0.22562700000000002 0.359783
1 0.579387 0.358696 0.578691 0.357609 0.577646 0.344565 0.57695 0.344565 0.576253 0.355435 0.575209 0.359783 0.578691 0.36086999999999997 0.579387 0.358696