3 0.379526 0.615217 0.37883 0.6195649999999999 0.37883 0.627174 0.378134 0.632609 0.378482 0.642391 0.376045 0.671739 0.375348 0.673913 0.373259 0.675 0.369081 0.681522 0.369429 0.692391 0.36734 0.697826 0.36734 0.701087 0.379526 0.704348 0.401114 0.704348 0.408078 0.6836960000000001 0.404596 0.6836960000000001 0.403203 0.676087 0.40076599999999996 0.6728259999999999 0.39798100000000003 0.6728259999999999 0.395891 0.641304 0.39624000000000004 0.617391 0.395543 0.6141300000000001 0.39449900000000004 0.596739 0.393106 0.596739 0.392409 0.592391 0.391713 0.5663039999999999 0.389972 0.556522 0.38509699999999997 0.555435 0.383705 0.561957 0.38126699999999997 0.5956520000000001 0.38022300000000003 0.597826 0.379526 0.615217
3 0.493384 0.527174 0.49234 0.530435 0.48955399999999993 0.532609 0.489206 0.543478 0.509053 0.543478 0.509053 0.531522 0.505919 0.5239130000000001 0.505223 0.517391 0.502089 0.46087 0.498259 0.46087 0.498259 0.468478 0.496866 0.483696 0.496866 0.48913 0.493384 0.527174
3 0.544568 0.44239100000000003 0.544916 0.448913 0.543524 0.459783 0.541435 0.46195700000000006 0.541086 0.46413000000000004 0.543175 0.468478 0.552228 0.468478 0.5536209999999999 0.46630399999999994 0.553969 0.46195700000000006 0.5518799999999999 0.45869600000000005 0.549443 0.41956499999999997 0.5483979999999999 0.41304299999999994 0.547006 0.41304299999999994 0.546309 0.415217 0.545613 0.431522 0.5428270000000001 0.43913 0.544568 0.44239100000000003
3 0.573816 0.42717400000000005 0.571727 0.430435 0.573816 0.433696 0.579387 0.433696 0.581476 0.431522 0.581476 0.42934799999999995 0.579735 0.42717400000000005 0.579387 0.407609 0.577994 0.393478 0.575905 0.392391 0.5748610000000001 0.40217400000000003 0.5748610000000001 0.411957 0.573816 0.420652 0.573816 0.42717400000000005
3 0.60968 0.40869600000000006 0.6072420000000001 0.41413 0.610028 0.417391 0.61351 0.417391 0.6145539999999999 0.41630399999999995 0.615251 0.41304299999999994 0.613858 0.41086999999999996 0.613162 0.390217 0.612465 0.384783 0.611421 0.383696 0.610724 0.388043 0.610724 0.395652 0.60968 0.403261 0.60968 0.40869600000000006
1 0.62117 0.394565 0.62117 0.396739 0.621866 0.397826 0.6277860000000001 0.396739 0.626741 0.392391 0.625696 0.370652 0.624304 0.371739 0.623259 0.384783 0.621866 0.393478 0.62117 0.394565
1 0.63649 0.386957 0.6371870000000001 0.38587 0.6371870000000001 0.383696 0.63649 0.38043499999999997 0.6354460000000001 0.365217 0.634401 0.365217 0.633705 0.36956500000000003 0.633357 0.38152200000000003 0.632312 0.38587 0.63649 0.386957
3 0.610376 0.376087 0.610376 0.373913 0.609331 0.370652 0.609331 0.363043 0.608635 0.356522 0.6072420000000001 0.358696 0.606546 0.371739 0.6055010000000001 0.376087 0.610376 0.376087
1 0.697423 0.406522 0.6963790000000001 0.40869600000000006 0.697075 0.41086999999999996 0.703343 0.409783 0.70195 0.40217400000000003 0.7016020000000001 0.38913000000000003 0.700557 0.38043499999999997 0.6998610000000001 0.38043499999999997 0.699164 0.383696 0.698468 0.39891299999999996 0.697423 0.406522
1 0.6880219999999999 0.396739 0.693245 0.397826 0.6939420000000001 0.395652 0.692549 0.38913000000000003 0.691852 0.373913 0.690808 0.373913 0.690111 0.378261 0.689763 0.390217 0.689067 0.394565 0.6880219999999999 0.396739
3 0.697423 0.386957 0.697772 0.384783 0.696727 0.383696 0.6956819999999999 0.366304 0.6946380000000001 0.366304 0.6939420000000001 0.379348 0.692897 0.383696 0.692897 0.386957 0.697423 0.386957
1 0.5518799999999999 0.383696 0.550836 0.38152200000000003 0.5501389999999999 0.361957 0.548747 0.36086999999999997 0.547006 0.38152200000000003 0.5459609999999999 0.384783 0.551184 0.38587 0.5518799999999999 0.383696
1 0.5619780000000001 0.376087 0.5619780000000001 0.373913 0.560933 0.370652 0.560237 0.355435 0.559192 0.355435 0.558148 0.371739 0.556755 0.376087 0.5612809999999999 0.377174 0.5619780000000001 0.376087
3 0.54039 0.386957 0.540042 0.370652 0.539345 0.36739099999999997 0.537953 0.36739099999999997 0.5365599999999999 0.390217 0.534123 0.397826 0.542131 0.397826 0.54039 0.386957
3 0.532382 0.36086999999999997 0.532033 0.348913 0.5306409999999999 0.348913 0.529596 0.363043 0.528552 0.366304 0.533426 0.366304 0.532382 0.36086999999999997
1 0.505919 0.36847799999999997 0.504526 0.347826 0.503482 0.348913 0.503134 0.359783 0.501741 0.36847799999999997 0.505919 0.36847799999999997
1 0.480501 0.36739099999999997 0.479805 0.353261 0.47841199999999995 0.353261 0.478064 0.36086999999999997 0.476323 0.375 0.481546 0.375 0.480501 0.36739099999999997
1 0.8422700000000001 0.613043 0.8405290000000001 0.615217 0.8405290000000001 0.618478 0.839485 0.621739 0.836351 0.622826 0.848886 0.6358699999999999 0.871866 0.6358699999999999 0.871518 0.633696 0.868733 0.629348 0.866992 0.620652 0.8655989999999999 0.618478 0.86351 0.618478 0.862465 0.615217 0.860028 0.58587 0.85968 0.565217 0.857939 0.5293479999999999 0.852716 0.5293479999999999 0.8502789999999999 0.552174 0.845404 0.61087 0.844708 0.613043 0.8422700000000001 0.613043
1 0.773329 0.516304 0.770891 0.516304 0.770543 0.5195649999999999 0.7694989999999999 0.521739 0.770195 0.5239130000000001 0.772632 0.526087 0.788649 0.526087 0.787256 0.522826 0.787256 0.5195649999999999 0.785515 0.518478 0.784123 0.511957 0.781337 0.45869600000000005 0.778552 0.45869600000000005 0.776811 0.48043500000000006 0.7754179999999999 0.490217 0.774373 0.511957 0.773329 0.516304
1 0.758008 0.46630399999999994 0.757312 0.46956499999999995 0.755571 0.46956499999999995 0.754526 0.47391300000000003 0.755919 0.476087 0.76915 0.476087 0.767409 0.470652 0.765669 0.46956499999999995 0.76532 0.456522 0.763579 0.43695700000000004 0.763579 0.428261 0.760794 0.42717400000000005 0.760097 0.43804299999999996 0.758705 0.44782599999999995 0.758705 0.457609 0.758008 0.46630399999999994
1 0.741992 0.44565200000000005 0.744429 0.448913 0.751045 0.44782599999999995 0.751393 0.44565200000000005 0.749652 0.441304 0.748259 0.41086999999999996 0.74617 0.409783 0.745125 0.428261 0.744081 0.433696 0.743733 0.44021699999999997 0.741992 0.44565200000000005
1 0.738858 0.430435 0.744429 0.430435 0.744777 0.428261 0.744777 0.409783 0.743733 0.406522 0.743384 0.397826 0.741992 0.39891299999999996 0.739903 0.422826 0.738162 0.428261 0.738858 0.430435
1 0.753134 0.41086999999999996 0.760097 0.41086999999999996 0.758357 0.40108699999999997 0.758357 0.391304 0.757312 0.383696 0.756267 0.384783 0.754526 0.404348 0.753134 0.40869600000000006 0.753134 0.41086999999999996
3 0.754178 0.390217 0.753134 0.396739 0.754875 0.395652 0.755919 0.384783 0.756616 0.38260900000000003 0.756267 0.377174 0.755223 0.377174 0.754875 0.38043499999999997 0.75383 0.38260900000000003 0.754178 0.390217
1 0.892409 0.45543500000000003 0.892061 0.45869600000000005 0.902507 0.459783 0.900766 0.453261 0.899373 0.443478 0.898677 0.420652 0.896588 0.41956499999999997 0.895543 0.425 0.89415 0.45108699999999996 0.8931060000000001 0.45543500000000003 0.892409 0.45543500000000003
1 0.836003 0.431522 0.8433149999999999 0.43260899999999997 0.8440110000000001 0.431522 0.8440110000000001 0.42934799999999995 0.8426180000000001 0.42717400000000005 0.8415739999999999 0.40217400000000003 0.8398329999999999 0.40108699999999997 0.8387879999999999 0.404348 0.838092 0.422826 0.837396 0.428261 0.836003 0.431522
3 0.459958 0.38260900000000003 0.459262 0.36847799999999997 0.458217 0.359783 0.457521 0.358696 0.45578 0.38043499999999997 0.454387 0.38587 0.461699 0.38587 0.459958 0.38260900000000003
1 0.443942 0.358696 0.44254899999999997 0.353261 0.442201 0.341304 0.441156 0.340217 0.44011100000000003 0.346739 0.44046 0.353261 0.439415 0.358696 0.443942 0.358696
1 0.414694 0.361957 0.412953 0.342391 0.41190800000000005 0.34565199999999996 0.411212 0.358696 0.41016700000000006 0.361957 0.414694 0.361957
3 0.425139 0.348913 0.424443 0.34565199999999996 0.423398 0.32934800000000003 0.422702 0.330435 0.422006 0.344565 0.420961 0.348913 0.425139 0.348913
3 0.473538 0.342391 0.472841 0.341304 0.4711 0.356522 0.47492999999999996 0.356522 0.473886 0.35108700000000004 0.473538 0.342391
3 0.383705 0.372826 0.384749 0.36956500000000003 0.383705 0.366304 0.383008 0.35 0.382312 0.34565199999999996 0.380919 0.34565199999999996 0.379526 0.36739099999999997 0.378134 0.370652 0.379526 0.372826 0.383705 0.372826
3 0.392061 0.33913000000000004 0.391713 0.331522 0.391017 0.32934800000000003 0.39032 0.333696 0.391017 0.342391 0.392758 0.342391 0.392061 0.33913000000000004
1 0.389972 0.33260900000000004 0.389276 0.33260900000000004 0.387535 0.35108700000000004 0.392061 0.35108700000000004 0.391017 0.346739 0.389972 0.33260900000000004
1 0.363162 0.333696 0.362117 0.333696 0.360028 0.353261 0.364554 0.353261 0.36351 0.344565 0.363162 0.333696
1 0.354805 0.336957 0.354805 0.331522 0.35375999999999996 0.330435 0.35201899999999997 0.343478 0.35550099999999996 0.344565 0.35585 0.342391 0.354805 0.336957
3 0.352368 0.340217 0.353064 0.33587 0.352368 0.328261 0.35167099999999996 0.32934800000000003 0.35167099999999996 0.33260900000000004 0.350279 0.340217 0.352368 0.340217
3 0.339833 0.36086999999999997 0.33843999999999996 0.355435 0.33843999999999996 0.346739 0.337396 0.33913000000000004 0.336351 0.33913000000000004 0.335306 0.346739 0.335306 0.355435 0.333565 0.36086999999999997 0.339833 0.36086999999999997
1 0.331476 0.328261 0.330084 0.341304 0.333217 0.341304 0.332173 0.328261 0.331476 0.328261
3 0.30188000000000004 0.338043 0.301184 0.334783 0.300836 0.323913 0.300139 0.323913 0.299443 0.33260900000000004 0.298398 0.338043 0.30188000000000004 0.338043
1 0.292479 0.341304 0.291086 0.333696 0.291086 0.32717399999999996 0.290042 0.325 0.289345 0.32717399999999996 0.288997 0.338043 0.28830100000000003 0.341304 0.292479 0.341304
1 0.24651800000000001 0.33913000000000004 0.24547400000000003 0.326087 0.244429 0.325 0.24373300000000003 0.32717399999999996 0.24373300000000003 0.33260900000000004 0.24268800000000001 0.33913000000000004 0.24651800000000001 0.33913000000000004
1 0.239554 0.336957 0.23920599999999997 0.32934800000000003 0.23851 0.328261 0.23746499999999998 0.340217 0.236421 0.344565 0.24094699999999997 0.344565 0.239554 0.336957
3 0.23328700000000002 0.347826 0.232242 0.344565 0.23154599999999997 0.333696 0.23085 0.32934800000000003 0.230153 0.32934800000000003 0.229109 0.341304 0.22736800000000001 0.348913 0.23328700000000002 0.35 0.23328700000000002 0.347826
1 0.193245 0.338043 0.193593 0.33260900000000004 0.192897 0.323913 0.191852 0.325 0.191504 0.334783 0.19046000000000002 0.33913000000000004 0.193245 0.338043
1 0.179318 0.336957 0.178969 0.32717399999999996 0.177577 0.326087 0.177577 0.331522 0.175487 0.34565199999999996 0.181058 0.34565199999999996 0.179318 0.336957
3 0.13753500000000002 0.38260900000000003 0.136142 0.388043 0.134749 0.38913000000000003 0.134749 0.391304 0.137187 0.393478 0.142409 0.393478 0.146588 0.390217 0.146588 0.388043 0.144847 0.388043 0.14415 0.384783 0.143454 0.377174 0.143454 0.36413 0.142409 0.359783 0.142409 0.353261 0.14136500000000002 0.348913 0.139624 0.35108700000000004 0.139624 0.357609 0.137883 0.372826 0.13753500000000002 0.38260900000000003
3 0.153203 0.36086999999999997 0.161212 0.36086999999999997 0.159471 0.354348 0.158426 0.331522 0.157033 0.33260900000000004 0.155641 0.344565 0.155292 0.355435 0.153203 0.36086999999999997
1 0.126741 0.336957 0.126741 0.32934800000000003 0.126393 0.32717399999999996 0.125348 0.32717399999999996 0.124304 0.343478 0.122563 0.348913 0.128482 0.348913 0.126741 0.336957
1 0.138928 0.338043 0.137883 0.333696 0.137187 0.323913 0.13649 0.323913 0.136142 0.331522 0.134749 0.340217 0.138579 0.340217 0.138928 0.338043
3 0.098886 0.331522 0.098538 0.322826 0.097841 0.321739 0.096797 0.333696 0.095752 0.338043 0.10027900000000001 0.338043 0.098886 0.331522
1 0.070334 0.352174 0.077298 0.352174 0.075557 0.344565 0.074861 0.328261 0.073816 0.32717399999999996 0.07311999999999999 0.32934800000000003 0.072075 0.344565 0.070334 0.352174
1 0.084262 0.343478 0.08460999999999999 0.341304 0.083565 0.338043 0.082869 0.325 0.08182500000000001 0.322826 0.081128 0.325 0.080432 0.33913000000000004 0.079039 0.342391 0.084262 0.343478
3 0.9129530000000001 0.420652 0.9108639999999999 0.409783 0.910515 0.397826 0.909819 0.393478 0.908774 0.393478 0.9073819999999999 0.403261 0.907033 0.41630399999999995 0.9056409999999999 0.420652 0.9129530000000001 0.420652
3 0.8290390000000001 0.40108699999999997 0.827646 0.38260900000000003 0.826253 0.38260900000000003 0.825905 0.391304 0.824164 0.40543500000000005 0.830084 0.40543500000000005 0.8290390000000001 0.40108699999999997
3 0.302228 0.346739 0.300487 0.353261 0.306407 0.353261 0.304666 0.344565 0.304318 0.331522 0.303273 0.33260900000000004 0.302925 0.338043 0.302228 0.340217 0.302228 0.346739
3 0.196031 0.344565 0.196031 0.33913000000000004 0.195334 0.336957 0.194986 0.330435 0.19429000000000002 0.330435 0.192549 0.347826 0.191156 0.353261 0.197772 0.354348 0.196031 0.344565
3 0.151462 0.370652 0.151462 0.36847799999999997 0.149721 0.365217 0.149373 0.35 0.147981 0.34565199999999996 0.147632 0.33913000000000004 0.145891 0.33913000000000004 0.145891 0.343478 0.14415 0.358696 0.144499 0.370652 0.151462 0.370652
4 0.077994 0.31413 0.075557 0.31413 0.074861 0.317391 0.074861 0.325 0.077994 0.325 0.077994 0.31413
4 0.5254179999999999 0.33587 0.523677 0.33587 0.5229809999999999 0.353261 0.526114 0.353261 0.525766 0.338043 0.5254179999999999 0.33587