3 0.22493 0.544565 0.22493 0.553261 0.224234 0.5586960000000001 0.22353800000000001 0.5771740000000001 0.22284099999999998 0.580435 0.21970800000000001 0.5826089999999999 0.21796700000000002 0.5913039999999999 0.215529 0.5913039999999999 0.215529 0.5956520000000001 0.22214499999999998 0.602174 0.23433099999999998 0.602174 0.239554 0.598913 0.24895499999999998 0.597826 0.24930400000000003 0.5956520000000001 0.24512499999999998 0.5913039999999999 0.24477699999999997 0.581522 0.24129499999999998 0.580435 0.23990300000000003 0.576087 0.23816199999999998 0.531522 0.23711700000000002 0.521739 0.236421 0.502174 0.23502800000000001 0.48695700000000003 0.22945700000000002 0.48804299999999995 0.22771599999999997 0.516304 0.226323 0.527174 0.22562700000000002 0.5423910000000001 0.22493 0.544565
3 0.306058 0.483696 0.304666 0.49130399999999996 0.304666 0.494565 0.323816 0.49347799999999997 0.323816 0.48913 0.322772 0.48913 0.322075 0.483696 0.319986 0.48260899999999995 0.318942 0.459783 0.316156 0.426087 0.313022 0.425 0.310585 0.448913 0.309192 0.479348 0.308496 0.48260899999999995 0.306058 0.483696
3 0.430014 0.443478 0.428621 0.443478 0.42722800000000005 0.44782599999999995 0.42722800000000005 0.45108699999999996 0.441156 0.45108699999999996 0.440808 0.444565 0.43837000000000004 0.44239100000000003 0.435933 0.4 0.433496 0.4 0.431407 0.421739 0.431407 0.43260899999999997 0.43071000000000004 0.441304 0.430014 0.443478
3 0.37639300000000003 0.420652 0.37639300000000003 0.41630399999999995 0.375348 0.41630399999999995 0.374652 0.41413 0.373955 0.404348 0.373955 0.393478 0.372911 0.388043 0.37256300000000003 0.379348 0.370822 0.379348 0.368384 0.415217 0.366643 0.417391 0.366295 0.420652 0.37639300000000003 0.420652
3 0.340877 0.392391 0.34052899999999997 0.394565 0.348886 0.395652 0.348886 0.391304 0.347493 0.38913000000000003 0.347493 0.379348 0.346797 0.370652 0.34609999999999996 0.36956500000000003 0.34609999999999996 0.363043 0.344708 0.361957 0.34401099999999996 0.363043 0.342618 0.38260900000000003 0.342618 0.390217 0.340877 0.392391
3 0.358635 0.36847799999999997 0.358635 0.373913 0.357939 0.375 0.357939 0.377174 0.364206 0.377174 0.364206 0.375 0.362813 0.373913 0.362813 0.366304 0.362117 0.363043 0.361769 0.352174 0.360028 0.352174 0.360028 0.359783 0.35933099999999996 0.361957 0.35933099999999996 0.36739099999999997 0.358635 0.36847799999999997
3 0.403552 0.36413 0.403552 0.366304 0.408774 0.366304 0.408078 0.36413 0.40703300000000003 0.34565199999999996 0.405641 0.34565199999999996 0.40529200000000004 0.356522 0.404596 0.357609 0.404596 0.363043 0.403552 0.36413
3 0.464136 0.343478 0.46344 0.342391 0.46239600000000003 0.344565 0.461003 0.361957 0.465181 0.361957 0.464136 0.343478
1 0.47249299999999994 0.4 0.48015299999999994 0.40108699999999997 0.48015299999999994 0.397826 0.47876 0.396739 0.47736799999999996 0.36956500000000003 0.47597500000000004 0.36739099999999997 0.47492999999999996 0.373913 0.473886 0.394565 0.47249299999999994 0.397826 0.47249299999999994 0.4
1 0.48537600000000003 0.386957 0.485724 0.384783 0.48468 0.383696 0.483983 0.377174 0.48328699999999997 0.359783 0.482242 0.358696 0.481546 0.359783 0.48015299999999994 0.38152200000000003 0.47910899999999995 0.38587 0.48537600000000003 0.386957
1 0.49268799999999996 0.375 0.491643 0.371739 0.49094699999999997 0.353261 0.48955399999999993 0.353261 0.48851000000000006 0.36413 0.48851000000000006 0.371739 0.487465 0.375 0.49268799999999996 0.375
1 0.5254179999999999 0.370652 0.530292 0.370652 0.529248 0.36847799999999997 0.528203 0.35 0.5275070000000001 0.35 0.5275070000000001 0.352174 0.526811 0.353261 0.526462 0.36739099999999997 0.5254179999999999 0.370652
1 0.5407379999999999 0.422826 0.552228 0.42391300000000004 0.552228 0.421739 0.551532 0.421739 0.550836 0.418478 0.549443 0.41630399999999995 0.549443 0.409783 0.548747 0.40869600000000006 0.547702 0.384783 0.547006 0.38260900000000003 0.5459609999999999 0.38260900000000003 0.545265 0.384783 0.543524 0.41630399999999995 0.541435 0.41956499999999997 0.5407379999999999 0.422826
1 0.627437 0.47282599999999997 0.62883 0.47717400000000004 0.6277860000000001 0.503261 0.626741 0.506522 0.624304 0.507609 0.623607 0.51413 0.625348 0.518478 0.642061 0.518478 0.641713 0.509783 0.641017 0.507609 0.638928 0.506522 0.638231 0.502174 0.635097 0.44565200000000005 0.631267 0.44565200000000005 0.630919 0.453261 0.630223 0.456522 0.630223 0.46413000000000004 0.627437 0.47282599999999997
1 0.619081 0.443478 0.61734 0.444565 0.616295 0.448913 0.615251 0.448913 0.615251 0.45108699999999996 0.629875 0.452174 0.628482 0.446739 0.627437 0.446739 0.626393 0.44239100000000003 0.626045 0.433696 0.625 0.426087 0.624652 0.404348 0.623955 0.40108699999999997 0.621866 0.40108699999999997 0.62117 0.407609 0.62117 0.41630399999999995 0.620474 0.417391 0.619081 0.443478
1 0.638579 0.40543500000000005 0.637883 0.406522 0.637535 0.41086999999999996 0.63649 0.41086999999999996 0.635794 0.41304299999999994 0.635794 0.415217 0.6448470000000001 0.415217 0.6448470000000001 0.411957 0.6431060000000001 0.409783 0.642061 0.38043499999999997 0.641365 0.378261 0.639972 0.378261 0.639276 0.38152200000000003 0.638928 0.390217 0.638231 0.392391 0.638579 0.40543500000000005
3 0.5194989999999999 0.359783 0.523329 0.36086999999999997 0.522284 0.344565 0.5212399999999999 0.343478 0.520891 0.35 0.520195 0.352174 0.520195 0.357609 0.5194989999999999 0.359783
1 0.607591 0.396739 0.607591 0.40108699999999997 0.6145539999999999 0.40108699999999997 0.614903 0.397826 0.61351 0.395652 0.612465 0.371739 0.610376 0.370652 0.610376 0.377174 0.60968 0.379348 0.608983 0.395652 0.607591 0.396739
1 0.618384 0.392391 0.625 0.392391 0.625 0.388043 0.623955 0.384783 0.623259 0.365217 0.621518 0.365217 0.620474 0.376087 0.620125 0.388043 0.618384 0.390217 0.618384 0.392391
1 0.684192 0.559783 0.683148 0.563043 0.683148 0.571739 0.681755 0.5956520000000001 0.6803619999999999 0.598913 0.677925 0.6 0.6768799999999999 0.603261 0.676532 0.607609 0.673747 0.607609 0.673747 0.61087 0.676184 0.615217 0.682103 0.620652 0.706825 0.620652 0.706476 0.616304 0.702994 0.6119570000000001 0.702994 0.606522 0.702298 0.604348 0.698468 0.6010869999999999 0.697423 0.583696 0.6995129999999999 0.5826089999999999 0.6995129999999999 0.579348 0.696727 0.570652 0.694986 0.534783 0.692897 0.509783 0.6880219999999999 0.509783 0.6869780000000001 0.516304 0.685237 0.546739 0.683496 0.551087 0.684192 0.559783
1 0.574164 0.36847799999999997 0.5731200000000001 0.366304 0.572075 0.35 0.5713790000000001 0.35 0.570334 0.366304 0.5696380000000001 0.36956500000000003 0.573816 0.36956500000000003 0.574164 0.36847799999999997
1 0.610376 0.363043 0.608983 0.36739099999999997 0.613162 0.36739099999999997 0.612117 0.36413 0.611769 0.35 0.610724 0.348913 0.60968 0.355435 0.608983 0.356522 0.608983 0.361957 0.610376 0.363043
3 0.638231 0.347826 0.637535 0.347826 0.6371870000000001 0.361957 0.636142 0.36413 0.639972 0.36413 0.638231 0.347826
1 0.661212 0.372826 0.660864 0.36086999999999997 0.6598189999999999 0.36086999999999997 0.659471 0.371739 0.657382 0.384783 0.662953 0.384783 0.661212 0.372826
1 0.6754870000000001 0.36739099999999997 0.6751389999999999 0.354348 0.674095 0.354348 0.6733979999999999 0.36739099999999997 0.672354 0.372826 0.6768799999999999 0.372826 0.6754870000000001 0.36739099999999997
1 0.702646 0.38152200000000003 0.702646 0.383696 0.708217 0.383696 0.7071729999999999 0.38043499999999997 0.706128 0.36086999999999997 0.705084 0.36086999999999997 0.704735 0.36847799999999997 0.7040390000000001 0.370652 0.7040390000000001 0.377174 0.702646 0.38152200000000003
1 0.706128 0.41956499999999997 0.706825 0.420652 0.706128 0.422826 0.706128 0.426087 0.7040390000000001 0.42934799999999995 0.7040390000000001 0.43478300000000003 0.714136 0.43478300000000003 0.714136 0.431522 0.712744 0.430435 0.712047 0.426087 0.710306 0.394565 0.708217 0.394565 0.7071729999999999 0.40543500000000005 0.7071729999999999 0.41304299999999994 0.706128 0.415217 0.706128 0.41956499999999997
1 0.893802 0.46195700000000006 0.892409 0.46195700000000006 0.892409 0.468478 0.893802 0.470652 0.9063370000000001 0.470652 0.9059889999999999 0.46413000000000004 0.903552 0.463043 0.9032030000000001 0.45 0.902507 0.44565200000000005 0.900766 0.417391 0.897981 0.417391 0.897284 0.42934799999999995 0.895891 0.43804299999999996 0.895543 0.453261 0.893802 0.46195700000000006
3 0.714136 0.371739 0.713092 0.365217 0.712744 0.354348 0.7116990000000001 0.354348 0.711351 0.359783 0.710306 0.363043 0.710306 0.371739 0.714136 0.371739
3 0.749652 0.40217400000000003 0.749652 0.40543500000000005 0.748607 0.406522 0.748607 0.409783 0.756964 0.409783 0.756616 0.406522 0.755223 0.404348 0.753482 0.377174 0.752089 0.377174 0.751741 0.38587 0.750696 0.390217 0.750696 0.4 0.749652 0.40217400000000003
1 0.749304 0.38043499999999997 0.75 0.378261 0.75 0.371739 0.751393 0.36956500000000003 0.751045 0.359783 0.749652 0.36086999999999997 0.748607 0.378261 0.747563 0.38043499999999997 0.749304 0.38043499999999997
1 0.764624 0.386957 0.7698470000000001 0.386957 0.768802 0.383696 0.768454 0.379348 0.768454 0.365217 0.767061 0.36413 0.766017 0.373913 0.766017 0.38043499999999997 0.76532 0.38152200000000003 0.764624 0.386957
3 0.7907379999999999 0.39891299999999996 0.7907379999999999 0.396739 0.789694 0.394565 0.789694 0.38587 0.788997 0.38260900000000003 0.788649 0.36956500000000003 0.786908 0.36956500000000003 0.785515 0.383696 0.785515 0.392391 0.784123 0.397826 0.7907379999999999 0.39891299999999996
3 0.796657 0.38152200000000003 0.7959609999999999 0.38260900000000003 0.8004870000000001 0.38260900000000003 0.798747 0.366304 0.79805 0.365217 0.7959609999999999 0.373913 0.7959609999999999 0.377174 0.796657 0.379348 0.796657 0.38152200000000003
3 0.8485379999999999 0.417391 0.8467969999999999 0.425 0.856546 0.425 0.855501 0.42391300000000004 0.854805 0.41956499999999997 0.853412 0.40217400000000003 0.853412 0.392391 0.852716 0.38913000000000003 0.851323 0.38913000000000003 0.850627 0.391304 0.8502789999999999 0.397826 0.848189 0.406522 0.8485379999999999 0.417391
1 0.836003 0.390217 0.8342620000000001 0.38152200000000003 0.833914 0.36956500000000003 0.8325210000000001 0.36956500000000003 0.831825 0.384783 0.8307800000000001 0.386957 0.8307800000000001 0.390217 0.836003 0.390217
3 0.875 0.392391 0.879526 0.392391 0.878134 0.383696 0.8777860000000001 0.375 0.876741 0.375 0.8760450000000001 0.38043499999999997 0.8760450000000001 0.386957 0.875 0.390217 0.875 0.392391
3 0.8948470000000001 0.40543500000000005 0.893802 0.407609 0.893802 0.409783 0.900766 0.41086999999999996 0.900766 0.40869600000000006 0.899373 0.407609 0.897981 0.391304 0.897981 0.38260900000000003 0.896588 0.38260900000000003 0.893802 0.395652 0.893802 0.4 0.8948470000000001 0.40108699999999997 0.8948470000000001 0.40543500000000005
1 0.899373 0.38260900000000003 0.898329 0.38260900000000003 0.898329 0.391304 0.899373 0.403261 0.901811 0.403261 0.899373 0.38260900000000003
1 0.908078 0.395652 0.908078 0.4 0.912604 0.40108699999999997 0.912604 0.39891299999999996 0.91156 0.395652 0.910515 0.38043499999999997 0.9094709999999999 0.38043499999999997 0.9094709999999999 0.383696 0.9084260000000001 0.386957 0.908774 0.394565 0.908078 0.395652
3 0.9362809999999999 0.4 0.9348890000000001 0.392391 0.934192 0.38043499999999997 0.9331480000000001 0.38043499999999997 0.9331480000000001 0.383696 0.9317550000000001 0.38913000000000003 0.9317550000000001 0.39891299999999996 0.9362809999999999 0.4
3 0.573468 0.343478 0.572423 0.343478 0.572772 0.358696 0.5731200000000001 0.36086999999999997 0.5748610000000001 0.36086999999999997 0.573468 0.343478
3 0.748955 0.388043 0.748955 0.396739 0.747563 0.397826 0.747563 0.40108699999999997 0.750348 0.4 0.750348 0.390217 0.751393 0.38587 0.752089 0.370652 0.750348 0.371739 0.750348 0.378261 0.749652 0.38043499999999997 0.748955 0.388043