3 0.669916 0.544565 0.668524 0.554348 0.668872 0.5586960000000001 0.668175 0.561957 0.667131 0.58913 0.666435 0.590217 0.666435 0.6 0.6657379999999999 0.6054350000000001 0.6657379999999999 0.6119570000000001 0.665042 0.6141300000000001 0.665042 0.6195649999999999 0.664345 0.622826 0.6633009999999999 0.645652 0.6598189999999999 0.647826 0.6556409999999999 0.653261 0.654944 0.665217 0.649721 0.668478 0.648329 0.670652 0.648329 0.673913 0.656337 0.682609 0.656685 0.684783 0.6598189999999999 0.684783 0.664694 0.690217 0.67305 0.694565 0.674443 0.697826 0.676532 0.697826 0.6768799999999999 0.7 0.6810579999999999 0.7 0.681755 0.697826 0.6869780000000001 0.697826 0.6869780000000001 0.695652 0.68837 0.695652 0.689763 0.692391 0.693245 0.690217 0.697075 0.682609 0.6995129999999999 0.682609 0.6998610000000001 0.680435 0.7016020000000001 0.680435 0.705432 0.676087 0.705432 0.673913 0.703691 0.6728259999999999 0.702298 0.669565 0.6981200000000001 0.6673910000000001 0.697423 0.66413 0.697423 0.657609 0.6963790000000001 0.6543479999999999 0.695334 0.6543479999999999 0.693245 0.65 0.691852 0.65 0.690808 0.646739 0.689415 0.646739 0.689067 0.634783 0.687326 0.6119570000000001 0.68663 0.608696 0.685933 0.5826089999999999 0.685237 0.571739 0.6845399999999999 0.568478 0.684192 0.5478259999999999 0.6827989999999999 0.5380429999999999 0.6810579999999999 0.5 0.6786209999999999 0.497826 0.673747 0.497826 0.672354 0.5 0.671309 0.525 0.670613 0.526087 0.669916 0.544565
0 0.119777 0.356522 0.119777 0.36086999999999997 0.131267 0.36086999999999997 0.132312 0.355435 0.12987500000000002 0.352174 0.12883 0.33587 0.127786 0.330435 0.127786 0.32717399999999996 0.127089 0.326087 0.127089 0.320652 0.125696 0.31413 0.124304 0.31413 0.12325900000000001 0.31630400000000003 0.12291099999999999 0.342391 0.12117 0.356522 0.119777 0.356522
0 0.197423 0.31087 0.195682 0.305435 0.19429000000000002 0.282609 0.193593 0.278261 0.192201 0.278261 0.191156 0.307609 0.189415 0.30869599999999997 0.189415 0.31087 0.197423 0.31087
0 0.285864 0.325 0.285167 0.328261 0.283774 0.330435 0.283774 0.33260900000000004 0.29422000000000004 0.33260900000000004 0.29422000000000004 0.32934800000000003 0.292479 0.328261 0.291783 0.325 0.291783 0.317391 0.291086 0.31413 0.290738 0.302174 0.289694 0.296739 0.289345 0.28913 0.287604 0.288043 0.286908 0.291304 0.286908 0.303261 0.285864 0.317391 0.285864 0.325
0 0.235724 0.3 0.233983 0.27391299999999996 0.232242 0.272826 0.23119800000000001 0.301087 0.22945700000000002 0.304348 0.23746499999999998 0.304348 0.235724 0.3
0 0.27715900000000004 0.29782600000000004 0.277507 0.29565199999999997 0.276462 0.29565199999999997 0.275766 0.293478 0.274373 0.269565 0.273677 0.266304 0.272632 0.266304 0.271588 0.291304 0.269847 0.29565199999999997 0.269847 0.29782600000000004 0.27715900000000004 0.29782600000000004
0 0.304318 0.293478 0.31128100000000003 0.293478 0.31162999999999996 0.291304 0.30988899999999997 0.288043 0.308844 0.278261 0.308148 0.261957 0.306755 0.261957 0.306407 0.277174 0.305362 0.290217 0.304318 0.291304 0.304318 0.293478
0 0.23816199999999998 0.41304299999999994 0.23537599999999997 0.41956499999999997 0.23537599999999997 0.42391300000000004 0.24686599999999997 0.425 0.251045 0.42391300000000004 0.253482 0.420652 0.25383 0.417391 0.252786 0.41304299999999994 0.250348 0.411957 0.24965199999999999 0.406522 0.24895499999999998 0.40543500000000005 0.247911 0.395652 0.24756300000000003 0.384783 0.24651800000000001 0.379348 0.24547400000000003 0.363043 0.244081 0.35108700000000004 0.24094699999999997 0.35 0.23990300000000003 0.366304 0.239554 0.391304 0.23885800000000001 0.394565 0.23816199999999998 0.41304299999999994
0 0.056755 0.8380430000000001 0.057799 0.8380430000000001 0.059889000000000005 0.831522 0.063022 0.827174 0.064415 0.8228260000000001 0.066852 0.8195650000000001 0.073816 0.8010870000000001 0.073816 0.7978259999999999 0.066504 0.796739 0.065111 0.790217 0.063022 0.7880429999999999 0.05571 0.786957 0.054666000000000006 0.7836960000000001 0.053969 0.776087 0.052577 0.7695649999999999 0.052228 0.7608699999999999 0.050139 0.745652 0.049443 0.7304350000000001 0.048747 0.728261 0.048747 0.846739 0.052577 0.846739 0.055362 0.8423909999999999 0.056755 0.8380430000000001
4 0.331128 0.26087 0.331128 0.254348 0.33077999999999996 0.252174 0.330084 0.252174 0.32903899999999997 0.277174 0.33286899999999997 0.277174 0.332173 0.266304 0.331128 0.26087
4 0.247214 0.265217 0.247214 0.26087 0.24651800000000001 0.26087 0.24512499999999998 0.284783 0.24860699999999997 0.284783 0.247911 0.268478 0.247214 0.265217
4 0.344708 0.24239099999999997 0.34401099999999996 0.23586999999999997 0.343315 0.25543499999999997 0.345752 0.25543499999999997 0.345404 0.243478 0.344708 0.24239099999999997
4 0.39624000000000004 0.23586999999999997 0.395195 0.23586999999999997 0.39415 0.25543499999999997 0.397632 0.25543499999999997 0.396588 0.24673899999999999 0.39624000000000004 0.23586999999999997
4 0.452994 0.220652 0.452298 0.219565 0.451602 0.23478300000000002 0.45369099999999996 0.23478300000000002 0.452994 0.228261 0.452994 0.220652
4 0.479457 0.22282600000000002 0.47841199999999995 0.238043 0.481198 0.238043 0.48015299999999994 0.22282600000000002 0.479457 0.22282600000000002
4 0.577298 0.209783 0.576253 0.225 0.5790390000000001 0.225 0.577994 0.211957 0.577298 0.209783
4 0.678969 0.2 0.678273 0.2 0.677228 0.216304 0.6803619999999999 0.216304 0.679666 0.213043 0.678969 0.2
4 0.785515 0.21086999999999997 0.7848189999999999 0.198913 0.783774 0.198913 0.7830779999999999 0.213043 0.782382 0.215217 0.7865599999999999 0.215217 0.785515 0.21086999999999997
4 0.885794 0.219565 0.889972 0.219565 0.888579 0.195652 0.8878830000000001 0.195652 0.887535 0.20108700000000002 0.886838 0.203261 0.885794 0.219565
4 0.5706819999999999 0.20434800000000003 0.569986 0.218478 0.572075 0.218478 0.5713790000000001 0.20434800000000003 0.5706819999999999 0.20434800000000003
4 0.695334 0.192391 0.69429 0.196739 0.693593 0.209783 0.6963790000000001 0.209783 0.695334 0.192391
4 0.832173 0.195652 0.831476 0.18695699999999998 0.8304320000000001 0.18804300000000002 0.829387 0.20543499999999998 0.832173 0.20543499999999998 0.832173 0.195652