1 0.51532 0.403261 0.51532 0.41413 0.514624 0.42391300000000004 0.510794 0.426087 0.509749 0.42934799999999995 0.528552 0.430435 0.5288999999999999 0.42934799999999995 0.5275070000000001 0.42717400000000005 0.526811 0.42391300000000004 0.52507 0.42391300000000004 0.524025 0.417391 0.523329 0.396739 0.522632 0.394565 0.522284 0.370652 0.521588 0.36086999999999997 0.518454 0.36086999999999997 0.517061 0.379348 0.516713 0.393478 0.516017 0.40217400000000003 0.51532 0.403261
3 0.155292 0.383696 0.153552 0.404348 0.153552 0.415217 0.151811 0.420652 0.149721 0.421739 0.14902500000000002 0.42717400000000005 0.14623999999999998 0.428261 0.163649 0.42934799999999995 0.173398 0.42717400000000005 0.173398 0.425 0.170265 0.42391300000000004 0.169568 0.41956499999999997 0.166435 0.418478 0.165738 0.41630399999999995 0.165738 0.40217400000000003 0.165042 0.396739 0.16434500000000002 0.372826 0.162256 0.357609 0.161908 0.347826 0.158774 0.346739 0.157033 0.36739099999999997 0.156337 0.370652 0.155641 0.370652 0.155292 0.383696
1 0.666086 0.38913000000000003 0.66539 0.384783 0.664345 0.384783 0.6633009999999999 0.38043499999999997 0.6633009999999999 0.373913 0.662256 0.363043 0.661908 0.341304 0.659123 0.341304 0.655989 0.38043499999999997 0.6521589999999999 0.38913000000000003 0.666086 0.38913000000000003
1 0.822423 0.38913000000000003 0.8307800000000001 0.38913000000000003 0.8286910000000001 0.38587 0.8269500000000001 0.371739 0.826602 0.348913 0.826253 0.346739 0.824164 0.346739 0.821379 0.38152200000000003 0.8203340000000001 0.38587 0.8189420000000001 0.386957 0.822423 0.38913000000000003
3 0.327994 0.357609 0.32694999999999996 0.36086999999999997 0.341226 0.36086999999999997 0.339833 0.356522 0.33843999999999996 0.356522 0.337744 0.354348 0.337047 0.325 0.336003 0.318478 0.335655 0.30978300000000003 0.333914 0.30978300000000003 0.332173 0.32934800000000003 0.331476 0.348913 0.330084 0.355435 0.327994 0.357609
3 0.438719 0.343478 0.43837000000000004 0.34565199999999996 0.448816 0.34565199999999996 0.44603099999999996 0.341304 0.44603099999999996 0.326087 0.44463800000000003 0.304348 0.442897 0.304348 0.442897 0.31087 0.441852 0.317391 0.440808 0.341304 0.438719 0.343478
3 0.543175 0.331522 0.542131 0.336957 0.54039 0.340217 0.549443 0.340217 0.547702 0.336957 0.546657 0.306522 0.544916 0.306522 0.544916 0.311957 0.543175 0.320652 0.543175 0.331522
3 0.631267 0.33587 0.629875 0.33587 0.629875 0.338043 0.637535 0.338043 0.636142 0.33260900000000004 0.636142 0.32717399999999996 0.6354460000000001 0.325 0.6354460000000001 0.307609 0.633357 0.307609 0.633357 0.31521699999999997 0.63266 0.31630400000000003 0.632312 0.331522 0.631267 0.33587
3 0.8353059999999999 0.353261 0.8422700000000001 0.353261 0.8408770000000001 0.35 0.840181 0.326087 0.838092 0.326087 0.838092 0.33260900000000004 0.8370469999999999 0.340217 0.8370469999999999 0.35 0.8353059999999999 0.353261
3 0.9369780000000001 0.358696 0.9352370000000001 0.363043 0.942549 0.36413 0.942897 0.361957 0.9418519999999999 0.361957 0.941156 0.358696 0.941156 0.346739 0.9404600000000001 0.33913000000000004 0.9397629999999999 0.33587 0.939067 0.33587 0.9383699999999999 0.33913000000000004 0.9383699999999999 0.343478 0.9369780000000001 0.35 0.9369780000000001 0.358696
3 0.7318939999999999 0.344565 0.732591 0.346739 0.739903 0.346739 0.738162 0.340217 0.737465 0.318478 0.736072 0.31630400000000003 0.734331 0.328261 0.734331 0.33587 0.733635 0.340217 0.7318939999999999 0.344565
1 0.503482 0.56087 0.502089 0.573913 0.500348 0.603261 0.49895500000000004 0.6119570000000001 0.49895500000000004 0.622826 0.498259 0.6304350000000001 0.49721399999999993 0.634783 0.49303600000000003 0.6380429999999999 0.48955399999999993 0.645652 0.48676899999999995 0.645652 0.48607199999999995 0.647826 0.488162 0.651087 0.489903 0.657609 0.49617000000000006 0.671739 0.505223 0.671739 0.516017 0.668478 0.529248 0.668478 0.529248 0.665217 0.528552 0.6630429999999999 0.526811 0.661957 0.52507 0.657609 0.524025 0.6445649999999999 0.520195 0.640217 0.518802 0.6358699999999999 0.5177579999999999 0.617391 0.5177579999999999 0.597826 0.516365 0.583696 0.516365 0.56413 0.514624 0.540217 0.513928 0.515217 0.513231 0.511957 0.5104460000000001 0.509783 0.507312 0.509783 0.506616 0.5130429999999999 0.505919 0.527174 0.504526 0.53913 0.503482 0.56087