3 0.516713 0.581522 0.515669 0.5913039999999999 0.513928 0.596739 0.513928 0.603261 0.514624 0.604348 0.514972 0.61087 0.514276 0.6141300000000001 0.514276 0.6195649999999999 0.512535 0.623913 0.508705 0.623913 0.508008 0.627174 0.508008 0.634783 0.507312 0.636957 0.505571 0.6380429999999999 0.505223 0.641304 0.505919 0.643478 0.508357 0.6445649999999999 0.524025 0.645652 0.526462 0.6489130000000001 0.53273 0.6489130000000001 0.535515 0.6358699999999999 0.5348189999999999 0.634783 0.534123 0.628261 0.529248 0.628261 0.5288999999999999 0.620652 0.527855 0.6195649999999999 0.5271589999999999 0.596739 0.528552 0.5956520000000001 0.528552 0.592391 0.5275070000000001 0.584783 0.5275070000000001 0.576087 0.526811 0.575 0.526811 0.56413 0.52507 0.563043 0.52507 0.545652 0.524025 0.527174 0.51915 0.526087 0.5177579999999999 0.555435 0.5181060000000001 0.559783 0.517409 0.56087 0.516713 0.581522
3 0.623955 0.51413 0.62117 0.51413 0.62117 0.518478 0.6277860000000001 0.521739 0.635794 0.521739 0.636142 0.516304 0.634053 0.51413 0.633357 0.504348 0.634401 0.5 0.63649 0.5 0.638928 0.492391 0.638928 0.48913 0.636142 0.48804299999999995 0.633357 0.483696 0.631616 0.483696 0.630919 0.478261 0.630919 0.46956499999999995 0.627437 0.46956499999999995 0.626741 0.476087 0.625696 0.507609 0.624304 0.5108699999999999 0.623955 0.51413
3 0.627437 0.46413000000000004 0.626045 0.470652 0.625 0.470652 0.625 0.475 0.626741 0.475 0.627437 0.468478 0.630919 0.468478 0.631267 0.475 0.636838 0.475 0.63649 0.471739 0.6354460000000001 0.471739 0.634749 0.46956499999999995 0.634053 0.46087 0.633357 0.45869600000000005 0.633357 0.44021699999999997 0.633008 0.43587 0.632312 0.43478300000000003 0.632312 0.430435 0.629875 0.430435 0.629526 0.44239100000000003 0.628482 0.444565 0.6277860000000001 0.45108699999999996 0.627437 0.46413000000000004
3 0.598886 0.43913 0.598886 0.43478300000000003 0.598189 0.43260899999999997 0.598189 0.42934799999999995 0.5974929999999999 0.428261 0.5974929999999999 0.411957 0.594708 0.411957 0.594708 0.426087 0.592618 0.443478 0.600279 0.44239100000000003 0.598886 0.43913
3 0.577298 0.42391300000000004 0.57695 0.406522 0.575905 0.40217400000000003 0.573816 0.40217400000000003 0.572772 0.40543500000000005 0.572772 0.418478 0.5713790000000001 0.42391300000000004 0.577298 0.42391300000000004
3 0.60585 0.417391 0.6128129999999999 0.417391 0.611769 0.415217 0.611421 0.403261 0.610376 0.395652 0.608287 0.395652 0.607591 0.397826 0.607591 0.407609 0.6068939999999999 0.415217 0.60585 0.417391
3 0.671657 0.411957 0.669916 0.40543500000000005 0.669916 0.396739 0.6692199999999999 0.391304 0.6674789999999999 0.391304 0.666783 0.393478 0.6657379999999999 0.40869600000000006 0.664345 0.411957 0.671657 0.411957
1 0.706128 0.44021699999999997 0.705084 0.428261 0.705084 0.415217 0.702298 0.415217 0.701253 0.43478300000000003 0.6995129999999999 0.443478 0.7075210000000001 0.443478 0.706128 0.44021699999999997
1 0.720404 0.43260899999999997 0.719708 0.431522 0.719708 0.426087 0.719011 0.425 0.719011 0.41413 0.717967 0.41086999999999996 0.716574 0.41086999999999996 0.715877 0.41304299999999994 0.7148329999999999 0.43478300000000003 0.720404 0.43478300000000003 0.720404 0.43260899999999997
3 0.718315 0.409783 0.718315 0.39891299999999996 0.7169220000000001 0.390217 0.7148329999999999 0.390217 0.714136 0.392391 0.714136 0.404348 0.7134400000000001 0.409783 0.718315 0.409783
1 0.743036 0.46087 0.742688 0.463043 0.7472139999999999 0.465217 0.753482 0.465217 0.751393 0.45869600000000005 0.751393 0.452174 0.749652 0.441304 0.749304 0.428261 0.7472139999999999 0.428261 0.746866 0.44239100000000003 0.74617 0.443478 0.744777 0.459783 0.743036 0.46087
1 0.746866 0.42934799999999995 0.7472139999999999 0.42717400000000005 0.75 0.428261 0.748607 0.42391300000000004 0.7472139999999999 0.407609 0.745125 0.407609 0.744429 0.41086999999999996 0.744081 0.425 0.742688 0.42934799999999995 0.746866 0.42934799999999995
1 0.786908 0.481522 0.785515 0.483696 0.785515 0.48804299999999995 0.7983979999999999 0.48804299999999995 0.796657 0.48586999999999997 0.7959609999999999 0.48260899999999995 0.795613 0.459783 0.794568 0.45 0.7942199999999999 0.44239100000000003 0.791435 0.44239100000000003 0.789345 0.457609 0.789345 0.46195700000000006 0.787604 0.471739 0.786908 0.481522
1 0.8077989999999999 0.42717400000000005 0.807103 0.42391300000000004 0.8067550000000001 0.409783 0.804318 0.409783 0.803621 0.422826 0.8015319999999999 0.428261 0.808844 0.428261 0.8077989999999999 0.42717400000000005
1 0.831825 0.44021699999999997 0.831825 0.43804299999999996 0.8307800000000001 0.43695700000000004 0.829735 0.428261 0.829735 0.417391 0.8269500000000001 0.417391 0.8255570000000001 0.42717400000000005 0.8252090000000001 0.43804299999999996 0.824164 0.44021699999999997 0.831825 0.44021699999999997
1 0.839485 0.446739 0.8387879999999999 0.43695700000000004 0.8387879999999999 0.42391300000000004 0.836351 0.42391300000000004 0.836351 0.43260899999999997 0.833217 0.453261 0.8408770000000001 0.453261 0.839485 0.446739
1 0.869777 0.5 0.868036 0.506522 0.868036 0.5130429999999999 0.869777 0.51413 0.869429 0.527174 0.867688 0.531522 0.8655989999999999 0.531522 0.865251 0.53587 0.865947 0.53913 0.884053 0.540217 0.8826599999999999 0.5380429999999999 0.8826599999999999 0.532609 0.880571 0.532609 0.8791779999999999 0.526087 0.8791779999999999 0.5195649999999999 0.877089 0.494565 0.876741 0.48043500000000006 0.8760450000000001 0.476087 0.8725630000000001 0.476087 0.871866 0.48695700000000003 0.8708220000000001 0.49347799999999997 0.870125 0.494565 0.869777 0.5
1 0.8861420000000001 0.470652 0.883357 0.465217 0.883357 0.456522 0.881964 0.43804299999999996 0.879875 0.43804299999999996 0.87883 0.446739 0.878482 0.45869600000000005 0.875 0.470652 0.8861420000000001 0.470652
1 0.871866 0.43260899999999997 0.879875 0.43260899999999997 0.879875 0.430435 0.87883 0.430435 0.8774369999999999 0.425 0.877089 0.411957 0.8743040000000001 0.411957 0.873607 0.428261 0.872911 0.430435 0.871866 0.430435 0.871866 0.43260899999999997
1 0.886838 0.441304 0.893802 0.441304 0.892061 0.43260899999999997 0.892061 0.41956499999999997 0.8892760000000001 0.418478 0.8892760000000001 0.426087 0.888231 0.426087 0.888231 0.433696 0.886838 0.441304
3 0.787256 0.41413 0.7924789999999999 0.41413 0.791435 0.41086999999999996 0.7907379999999999 0.393478 0.789345 0.396739 0.7883009999999999 0.404348 0.7883009999999999 0.40869600000000006 0.787256 0.41413
3 0.8638579999999999 0.41956499999999997 0.8638579999999999 0.41630399999999995 0.862813 0.41086999999999996 0.862465 0.4 0.861421 0.395652 0.85968 0.395652 0.8593310000000001 0.406522 0.857591 0.415217 0.857591 0.418478 0.8638579999999999 0.41956499999999997
3 0.909819 0.407609 0.908774 0.40217400000000003 0.9073819999999999 0.4 0.9059889999999999 0.406522 0.905292 0.421739 0.9108639999999999 0.421739 0.909819 0.407609
3 0.950905 0.422826 0.9505570000000001 0.397826 0.9484680000000001 0.40108699999999997 0.9467269999999999 0.409783 0.9470750000000001 0.422826 0.950905 0.422826
1 0.940808 0.42717400000000005 0.939067 0.433696 0.939067 0.43587 0.945682 0.43695700000000004 0.9467269999999999 0.433696 0.945682 0.418478 0.9439420000000001 0.41086999999999996 0.942897 0.41086999999999996 0.9418519999999999 0.41413 0.940808 0.420652 0.940808 0.42717400000000005