1 0.871866 0.404348 0.87117 0.4 0.870125 0.40108699999999997 0.8690810000000001 0.39891299999999996 0.868036 0.377174 0.868036 0.361957 0.864554 0.361957 0.863162 0.377174 0.863162 0.384783 0.861769 0.392391 0.861769 0.396739 0.85968 0.39891299999999996 0.8593310000000001 0.40108699999999997 0.856198 0.40108699999999997 0.8586349999999999 0.40543500000000005 0.872911 0.406522 0.872911 0.404348 0.871866 0.404348
3 0.807451 0.36739099999999997 0.8067550000000001 0.371739 0.8168519999999999 0.372826 0.8168519999999999 0.36847799999999997 0.815808 0.366304 0.8151109999999999 0.36086999999999997 0.814067 0.336957 0.8112809999999999 0.336957 0.8095399999999999 0.357609 0.8095399999999999 0.363043 0.8084960000000001 0.36739099999999997 0.807451 0.36739099999999997
3 0.200557 0.395652 0.197423 0.39891299999999996 0.196379 0.40543500000000005 0.19429000000000002 0.40543500000000005 0.193245 0.407609 0.193245 0.409783 0.199164 0.409783 0.20090499999999997 0.411957 0.221448 0.411957 0.220752 0.409783 0.217618 0.407609 0.216922 0.40543500000000005 0.216922 0.39891299999999996 0.213092 0.396739 0.212047 0.379348 0.212047 0.363043 0.21030600000000002 0.34565199999999996 0.209958 0.328261 0.20578 0.328261 0.204387 0.347826 0.20299399999999998 0.356522 0.201253 0.378261 0.200557 0.395652
3 0.385446 0.330435 0.385446 0.342391 0.38266 0.347826 0.379178 0.348913 0.37883 0.35108700000000004 0.383357 0.353261 0.396588 0.353261 0.394847 0.346739 0.393802 0.346739 0.393106 0.342391 0.393106 0.330435 0.391365 0.31413 0.391365 0.301087 0.388579 0.301087 0.387535 0.313043 0.386142 0.319565 0.385446 0.330435
3 0.533774 0.33587 0.530292 0.33913000000000004 0.530292 0.341304 0.542131 0.342391 0.542131 0.336957 0.541086 0.336957 0.54039 0.33260900000000004 0.5407379999999999 0.325 0.539694 0.322826 0.539345 0.301087 0.5365599999999999 0.302174 0.534471 0.323913 0.534471 0.333696 0.533774 0.33587
3 0.668524 0.346739 0.668175 0.35 0.678969 0.35108700000000004 0.678969 0.34565199999999996 0.678273 0.34565199999999996 0.677228 0.342391 0.676532 0.33587 0.676184 0.31521699999999997 0.6733979999999999 0.31521699999999997 0.671309 0.334783 0.671309 0.343478 0.669568 0.346739 0.668524 0.346739
1 0.47423400000000004 0.598913 0.472145 0.616304 0.470404 0.6380429999999999 0.469359 0.642391 0.469359 0.65 0.468663 0.653261 0.467618 0.6543479999999999 0.46483299999999994 0.6543479999999999 0.46135099999999996 0.666304 0.45891400000000004 0.666304 0.457521 0.670652 0.457521 0.675 0.459262 0.6836960000000001 0.46309199999999995 0.695652 0.464136 0.7021740000000001 0.481546 0.7 0.49129500000000004 0.696739 0.494081 0.7021740000000001 0.49895500000000004 0.7021740000000001 0.504875 0.698913 0.505223 0.68913 0.5027860000000001 0.68587 0.5 0.678261 0.500348 0.6728259999999999 0.49895500000000004 0.66413 0.49373300000000003 0.6586960000000001 0.49303600000000003 0.656522 0.49303600000000003 0.647826 0.49025100000000005 0.609783 0.49025100000000005 0.598913 0.48851000000000006 0.5663039999999999 0.48851000000000006 0.544565 0.487465 0.525 0.479805 0.5239130000000001 0.47876 0.5293479999999999 0.47841199999999995 0.53913 0.475279 0.573913 0.47423400000000004 0.598913
1 0.47075199999999995 0.415217 0.46901099999999996 0.42934799999999995 0.468663 0.43913 0.46726999999999996 0.452174 0.46552899999999997 0.459783 0.462744 0.46195700000000006 0.462047 0.46630399999999994 0.458565 0.475 0.458565 0.47717400000000004 0.475279 0.47717400000000004 0.47562699999999997 0.479348 0.477019 0.48043500000000006 0.48537600000000003 0.48043500000000006 0.485724 0.47717400000000004 0.48502799999999996 0.475 0.487465 0.47391300000000003 0.487465 0.468478 0.48363500000000004 0.46413000000000004 0.481198 0.459783 0.480501 0.456522 0.479805 0.433696 0.478064 0.40869600000000006 0.47771600000000003 0.383696 0.47249299999999994 0.383696 0.471797 0.397826 0.47075199999999995 0.406522 0.47075199999999995 0.415217
1 0.5383009999999999 0.40217400000000003 0.5330779999999999 0.40108699999999997 0.5330779999999999 0.404348 0.534471 0.406522 0.5383009999999999 0.406522 0.54039 0.40869600000000006 0.556407 0.40869600000000006 0.556407 0.403261 0.552925 0.403261 0.550836 0.4 0.5504870000000001 0.383696 0.549443 0.376087 0.549095 0.34565199999999996 0.548747 0.343478 0.545613 0.343478 0.544568 0.35 0.541435 0.394565 0.538997 0.396739 0.5383009999999999 0.40217400000000003
1 0.640669 0.363043 0.638928 0.376087 0.637535 0.377174 0.635794 0.38260900000000003 0.633705 0.38260900000000003 0.633705 0.384783 0.639276 0.386957 0.648329 0.386957 0.648329 0.38152200000000003 0.646936 0.378261 0.646936 0.36739099999999997 0.645891 0.353261 0.645543 0.33587 0.642061 0.336957 0.642061 0.342391 0.640669 0.355435 0.640669 0.363043
1 0.740947 0.386957 0.743384 0.388043 0.744081 0.390217 0.753134 0.390217 0.75383 0.38913000000000003 0.75383 0.383696 0.752089 0.38043499999999997 0.751393 0.34565199999999996 0.747911 0.344565 0.745474 0.378261 0.742688 0.384783 0.740947 0.384783 0.740947 0.386957