3 0.41156 0.572826 0.40842599999999996 0.573913 0.407382 0.578261 0.407382 0.584783 0.40529200000000004 0.58913 0.40494399999999997 0.592391 0.40842599999999996 0.594565 0.431407 0.594565 0.435237 0.58587 0.435585 0.5826089999999999 0.433844 0.579348 0.433496 0.573913 0.429666 0.571739 0.428621 0.567391 0.42479100000000003 0.516304 0.423398 0.48043500000000006 0.418175 0.48043500000000006 0.416783 0.49891300000000005 0.416435 0.51413 0.412256 0.569565 0.41156 0.572826
3 0.6674789999999999 0.370652 0.666435 0.36739099999999997 0.66539 0.346739 0.664345 0.346739 0.663649 0.35 0.661908 0.373913 0.6674789999999999 0.373913 0.6674789999999999 0.370652
3 0.659123 0.463043 0.6580779999999999 0.467391 0.65773 0.47717400000000004 0.654944 0.48043500000000006 0.654944 0.48913 0.672006 0.490217 0.672006 0.481522 0.6709609999999999 0.478261 0.668872 0.478261 0.668175 0.47391300000000003 0.6678270000000001 0.454348 0.666435 0.44021699999999997 0.6657379999999999 0.41956499999999997 0.662256 0.41956499999999997 0.660515 0.43913 0.6580779999999999 0.45543500000000003 0.6580779999999999 0.459783 0.659123 0.463043
3 0.712047 0.377174 0.710655 0.384783 0.710655 0.38913000000000003 0.718663 0.390217 0.718663 0.386957 0.71727 0.383696 0.716226 0.376087 0.7151810000000001 0.357609 0.713788 0.357609 0.712744 0.36086999999999997 0.712744 0.36739099999999997 0.7116990000000001 0.372826 0.712047 0.377174
3 0.623955 0.361957 0.630223 0.361957 0.630223 0.358696 0.629178 0.356522 0.628482 0.35108700000000004 0.6277860000000001 0.33913000000000004 0.626741 0.33913000000000004 0.625348 0.35 0.625348 0.355435 0.623955 0.358696 0.623955 0.361957
3 0.653203 0.343478 0.6521589999999999 0.330435 0.651114 0.32717399999999996 0.6504179999999999 0.33587 0.649721 0.338043 0.649721 0.343478 0.653203 0.343478
1 0.8603759999999999 0.38913000000000003 0.8603759999999999 0.394565 0.868733 0.394565 0.868733 0.390217 0.866992 0.386957 0.865947 0.361957 0.8638579999999999 0.36086999999999997 0.862813 0.365217 0.8621169999999999 0.38043499999999997 0.861421 0.386957 0.8603759999999999 0.38913000000000003
1 0.834958 0.365217 0.8415739999999999 0.365217 0.8415739999999999 0.361957 0.839485 0.35 0.839485 0.343478 0.8391360000000001 0.341304 0.838092 0.341304 0.8370469999999999 0.34565199999999996 0.836351 0.358696 0.834958 0.36086999999999997 0.834958 0.365217
1 0.842967 0.357609 0.8485379999999999 0.357609 0.8485379999999999 0.354348 0.847493 0.35 0.847145 0.340217 0.845404 0.33913000000000004 0.844708 0.341304 0.844708 0.346739 0.842967 0.354348 0.842967 0.357609
1 0.895543 0.375 0.902507 0.376087 0.902507 0.371739 0.900766 0.36413 0.9004179999999999 0.35 0.898677 0.348913 0.897632 0.353261 0.896588 0.36847799999999997 0.895543 0.370652 0.895543 0.375
1 0.779248 0.377174 0.786212 0.377174 0.786212 0.375 0.784471 0.36956500000000003 0.783426 0.35108700000000004 0.781685 0.35108700000000004 0.7806409999999999 0.357609 0.780292 0.36847799999999997 0.779596 0.370652 0.779248 0.377174
1 0.73468 0.36739099999999997 0.740599 0.36739099999999997 0.740599 0.36413 0.7395539999999999 0.36086999999999997 0.73851 0.343478 0.737117 0.342391 0.735724 0.353261 0.735724 0.361957 0.73468 0.36413 0.73468 0.36739099999999997
1 0.735028 0.344565 0.733983 0.328261 0.732591 0.328261 0.7322420000000001 0.33587 0.731198 0.33913000000000004 0.73085 0.344565 0.735028 0.344565
3 0.937326 0.370652 0.9369780000000001 0.36413 0.9352370000000001 0.356522 0.9345399999999999 0.33913000000000004 0.9331480000000001 0.33913000000000004 0.9331480000000001 0.344565 0.9310579999999999 0.359783 0.93071 0.36956500000000003 0.937326 0.370652
1 0.712047 0.354348 0.712047 0.357609 0.7169220000000001 0.357609 0.715877 0.354348 0.715529 0.342391 0.7148329999999999 0.336957 0.713788 0.33913000000000004 0.713092 0.343478 0.713092 0.35108700000000004 0.712047 0.354348
1 0.709958 0.35 0.712744 0.35 0.712744 0.333696 0.711003 0.334783 0.710655 0.346739 0.709958 0.347826 0.709958 0.35
3 0.622911 0.352174 0.625 0.352174 0.626045 0.341304 0.625696 0.333696 0.624652 0.333696 0.623607 0.343478 0.623607 0.348913 0.622911 0.352174
3 0.617688 0.32717399999999996 0.617688 0.319565 0.616643 0.319565 0.615947 0.331522 0.618384 0.33260900000000004 0.618733 0.330435 0.617688 0.32717399999999996
1 0.852368 0.35108700000000004 0.856546 0.35108700000000004 0.8551529999999999 0.334783 0.854109 0.334783 0.853412 0.340217 0.853412 0.346739 0.852368 0.348913 0.852368 0.35108700000000004
3 0.93071 0.359783 0.9314069999999999 0.356522 0.9317550000000001 0.341304 0.93071 0.341304 0.928969 0.35 0.928969 0.359783 0.93071 0.359783
3 0.9247909999999999 0.343478 0.923747 0.33260900000000004 0.9227019999999999 0.33260900000000004 0.9216570000000001 0.338043 0.9213089999999999 0.34565199999999996 0.9244429999999999 0.346739 0.9247909999999999 0.343478
3 0.918524 0.330435 0.917131 0.344565 0.920265 0.344565 0.919916 0.331522 0.918524 0.330435
1 0.810585 0.322826 0.8095399999999999 0.333696 0.812326 0.333696 0.8116300000000001 0.322826 0.810585 0.322826
3 0.789694 0.320652 0.788649 0.320652 0.787953 0.325 0.787953 0.330435 0.790042 0.330435 0.789694 0.320652
1 0.7771589999999999 0.321739 0.776811 0.331522 0.7788999999999999 0.331522 0.778203 0.321739 0.7771589999999999 0.321739
3 0.6786209999999999 0.317391 0.677925 0.32717399999999996 0.680014 0.32717399999999996 0.6793180000000001 0.318478 0.6786209999999999 0.317391
1 0.738162 0.320652 0.737465 0.321739 0.736769 0.330435 0.738858 0.330435 0.738162 0.320652
1 0.8433149999999999 0.33587 0.8433149999999999 0.33260900000000004 0.8422700000000001 0.330435 0.8422700000000001 0.326087 0.8415739999999999 0.326087 0.8415739999999999 0.331522 0.8408770000000001 0.33260900000000004 0.8408770000000001 0.33587 0.8433149999999999 0.33587
3 0.874652 0.33260900000000004 0.874652 0.328261 0.873259 0.32717399999999996 0.873259 0.33260900000000004 0.8725630000000001 0.33587 0.875348 0.33587 0.874652 0.33260900000000004
3 0.900766 0.32934800000000003 0.9004179999999999 0.340217 0.902855 0.340217 0.902507 0.32934800000000003 0.900766 0.32934800000000003
3 0.770543 0.415217 0.770891 0.422826 0.770195 0.425 0.7698470000000001 0.431522 0.76915 0.433696 0.7681060000000001 0.433696 0.7681060000000001 0.43804299999999996 0.7698470000000001 0.44021699999999997 0.779944 0.44021699999999997 0.779944 0.43478300000000003 0.777855 0.431522 0.776811 0.420652 0.7754179999999999 0.38913000000000003 0.773329 0.38913000000000003 0.772284 0.4 0.7712399999999999 0.404348 0.7712399999999999 0.41086999999999996 0.770543 0.415217
3 0.782382 0.40869600000000006 0.780989 0.407609 0.780292 0.404348 0.778552 0.372826 0.776462 0.372826 0.7754179999999999 0.38152200000000003 0.776811 0.41086999999999996 0.782382 0.41086999999999996 0.782382 0.40869600000000006
3 0.63649 0.33587 0.6354460000000001 0.322826 0.634401 0.328261 0.634401 0.333696 0.633705 0.33587 0.63649 0.33587
3 0.638231 0.341304 0.637883 0.331522 0.636838 0.330435 0.636838 0.33587 0.6354460000000001 0.34565199999999996 0.638928 0.34565199999999996 0.638231 0.341304
3 0.6371870000000001 0.32934800000000003 0.636142 0.317391 0.6354460000000001 0.321739 0.636142 0.323913 0.63649 0.32934800000000003 0.6371870000000001 0.32934800000000003
1 0.697772 0.33587 0.700209 0.334783 0.698816 0.323913 0.697772 0.33587
1 0.6709609999999999 0.32934800000000003 0.670265 0.320652 0.6692199999999999 0.32717399999999996 0.6692199999999999 0.331522 0.670265 0.331522 0.6709609999999999 0.32934800000000003
3 0.671657 0.326087 0.670613 0.33913000000000004 0.67305 0.340217 0.673747 0.338043 0.671657 0.326087
1 0.67305 0.321739 0.672702 0.32934800000000003 0.6733979999999999 0.33260900000000004 0.674095 0.33260900000000004 0.67305 0.321739
1 0.857591 0.336957 0.857591 0.331522 0.8568939999999999 0.331522 0.85585 0.341304 0.856198 0.343478 0.8586349999999999 0.343478 0.857591 0.336957