3 0.169568 0.613043 0.168872 0.633696 0.165738 0.661957 0.165042 0.665217 0.159819 0.675 0.159819 0.681522 0.156337 0.68913 0.155989 0.692391 0.191504 0.694565 0.193245 0.692391 0.201253 0.670652 0.201253 0.668478 0.19812000000000002 0.670652 0.196379 0.661957 0.189763 0.659783 0.189067 0.656522 0.188022 0.628261 0.185237 0.58913 0.183148 0.545652 0.181755 0.53913 0.176184 0.53913 0.174095 0.5423910000000001 0.172006 0.58587 0.169568 0.613043
3 0.38126699999999997 0.5239130000000001 0.379526 0.525 0.386838 0.527174 0.399373 0.527174 0.403552 0.525 0.403203 0.520652 0.401462 0.520652 0.40007000000000004 0.51413 0.39798100000000003 0.51413 0.397284 0.511957 0.393802 0.44565200000000005 0.388928 0.44565200000000005 0.385446 0.5108699999999999 0.383705 0.517391 0.381964 0.517391 0.38126699999999997 0.5239130000000001
3 0.306058 0.44239100000000003 0.305014 0.441304 0.305014 0.448913 0.31754899999999997 0.44782599999999995 0.31754899999999997 0.44021699999999997 0.31545999999999996 0.44021699999999997 0.313022 0.393478 0.310237 0.393478 0.30954000000000004 0.397826 0.309192 0.409783 0.307103 0.43695700000000004 0.306058 0.44239100000000003
3 0.299443 0.4 0.29805000000000004 0.40108699999999997 0.29805000000000004 0.404348 0.300139 0.406522 0.306755 0.406522 0.30745100000000003 0.40543500000000005 0.307103 0.4 0.30571000000000004 0.39891299999999996 0.30571000000000004 0.391304 0.305014 0.390217 0.303969 0.366304 0.30188000000000004 0.365217 0.30188000000000004 0.36956500000000003 0.300836 0.376087 0.299443 0.393478 0.299443 0.4
3 0.321727 0.38152200000000003 0.321727 0.379348 0.320334 0.377174 0.31928999999999996 0.36847799999999997 0.318593 0.35108700000000004 0.316504 0.35108700000000004 0.31511100000000003 0.373913 0.31371899999999997 0.378261 0.31371899999999997 0.38152200000000003 0.321727 0.38152200000000003
3 0.366643 0.365217 0.365599 0.344565 0.36351 0.343478 0.361769 0.36739099999999997 0.36734 0.36847799999999997 0.36734 0.366304 0.366643 0.365217
3 0.426184 0.340217 0.42479100000000003 0.340217 0.423398 0.361957 0.427925 0.361957 0.42722800000000005 0.34565199999999996 0.426184 0.340217
3 0.541086 0.341304 0.540042 0.341304 0.538649 0.359783 0.5428270000000001 0.359783 0.541783 0.344565 0.541086 0.341304
3 0.608287 0.347826 0.6068939999999999 0.365217 0.611421 0.365217 0.60968 0.347826 0.608287 0.347826
3 0.689067 0.36956500000000003 0.6880219999999999 0.355435 0.68663 0.355435 0.685585 0.36413 0.685585 0.373913 0.690111 0.373913 0.689067 0.36956500000000003
3 0.778203 0.373913 0.7771589999999999 0.366304 0.776114 0.365217 0.774721 0.376087 0.774721 0.386957 0.7788999999999999 0.386957 0.778203 0.373913
3 0.852368 0.428261 0.851323 0.430435 0.851323 0.43695700000000004 0.8607239999999999 0.43804299999999996 0.8610720000000001 0.43587 0.85968 0.43260899999999997 0.8589829999999999 0.41413 0.857591 0.407609 0.857242 0.397826 0.854805 0.397826 0.854457 0.40543500000000005 0.853064 0.40869600000000006 0.852368 0.41413 0.852368 0.428261
3 0.898677 0.420652 0.907033 0.421739 0.9063370000000001 0.41413 0.9049440000000001 0.407609 0.904596 0.392391 0.901811 0.391304 0.9004179999999999 0.403261 0.9004179999999999 0.415217 0.899025 0.417391 0.898677 0.420652
3 0.917131 0.406522 0.9227019999999999 0.406522 0.9227019999999999 0.40217400000000003 0.9213089999999999 0.39891299999999996 0.9213089999999999 0.38913000000000003 0.920613 0.38587 0.9195679999999999 0.38587 0.918872 0.390217 0.918872 0.39891299999999996 0.917131 0.403261 0.917131 0.406522
3 0.852716 0.38913000000000003 0.852019 0.373913 0.850975 0.372826 0.8502789999999999 0.376087 0.848886 0.395652 0.85376 0.395652 0.852716 0.38913000000000003
1 0.695334 0.615217 0.692549 0.617391 0.6922010000000001 0.621739 0.690111 0.623913 0.690111 0.626087 0.693245 0.634783 0.697075 0.6380429999999999 0.721797 0.6380429999999999 0.721797 0.6358699999999999 0.7193590000000001 0.627174 0.7193590000000001 0.621739 0.7148329999999999 0.6141300000000001 0.713092 0.573913 0.711003 0.553261 0.7092620000000001 0.521739 0.702646 0.520652 0.701253 0.5586960000000001 0.699164 0.58913 0.696727 0.6119570000000001 0.695334 0.615217
1 0.596797 0.48913 0.594708 0.492391 0.5995820000000001 0.494565 0.610724 0.494565 0.613858 0.492391 0.612465 0.48913 0.612117 0.48586999999999997 0.609331 0.48260899999999995 0.606546 0.428261 0.603064 0.428261 0.5995820000000001 0.48260899999999995 0.598886 0.484783 0.596797 0.484783 0.596797 0.48913
1 0.6145539999999999 0.407609 0.621866 0.407609 0.621866 0.404348 0.620822 0.4 0.619777 0.373913 0.617688 0.373913 0.616643 0.38260900000000003 0.615599 0.40217400000000003 0.6145539999999999 0.404348 0.6145539999999999 0.407609
1 0.451253 0.392391 0.451253 0.390217 0.448816 0.384783 0.44812 0.36086999999999997 0.446379 0.359783 0.44463800000000003 0.384783 0.443245 0.38913000000000003 0.443245 0.392391 0.451253 0.392391
1 0.585306 0.348913 0.583914 0.348913 0.582869 0.36956500000000003 0.587047 0.36956500000000003 0.586003 0.363043 0.585306 0.348913
1 0.634053 0.394565 0.640669 0.395652 0.639624 0.38260900000000003 0.639276 0.366304 0.6371870000000001 0.366304 0.635794 0.377174 0.6354460000000001 0.388043 0.634053 0.391304 0.634053 0.394565
1 0.655989 0.375 0.6538999999999999 0.357609 0.652855 0.356522 0.6521589999999999 0.359783 0.6521589999999999 0.36739099999999997 0.651114 0.375 0.655989 0.375
1 0.660864 0.42934799999999995 0.671657 0.42934799999999995 0.671657 0.42717400000000005 0.668872 0.420652 0.668524 0.4 0.6678270000000001 0.390217 0.665042 0.390217 0.663649 0.40543500000000005 0.662953 0.422826 0.661212 0.426087 0.660864 0.42934799999999995
1 0.700905 0.386957 0.6998610000000001 0.38043499999999997 0.699164 0.366304 0.697423 0.365217 0.6963790000000001 0.372826 0.695334 0.391304 0.700557 0.391304 0.700905 0.386957
1 0.731198 0.38587 0.736072 0.38587 0.735376 0.379348 0.735028 0.363043 0.733635 0.363043 0.732939 0.375 0.731198 0.38260900000000003 0.731198 0.38587
1 0.7883009999999999 0.386957 0.787604 0.371739 0.785864 0.371739 0.784471 0.391304 0.7830779999999999 0.396739 0.789694 0.396739 0.7883009999999999 0.386957
1 0.8203340000000001 0.386957 0.819638 0.372826 0.8182449999999999 0.372826 0.816156 0.396739 0.8220750000000001 0.396739 0.821379 0.38913000000000003 0.8203340000000001 0.386957
1 0.883008 0.40869600000000006 0.881616 0.404348 0.881267 0.392391 0.880223 0.38260900000000003 0.8791779999999999 0.38587 0.878134 0.40108699999999997 0.8756959999999999 0.409783 0.883008 0.40869600000000006
1 0.895195 0.394565 0.8948470000000001 0.38043499999999997 0.893454 0.379348 0.892061 0.38587 0.8913650000000001 0.404348 0.896936 0.404348 0.895195 0.394565
1 0.9174789999999999 0.46195700000000006 0.9164350000000001 0.46956499999999995 0.9164350000000001 0.481522 0.915042 0.48586999999999997 0.912604 0.48586999999999997 0.9129530000000001 0.49565200000000004 0.9300140000000001 0.496739 0.928969 0.48804299999999995 0.925836 0.48586999999999997 0.925836 0.46956499999999995 0.9230499999999999 0.433696 0.9195679999999999 0.433696 0.9195679999999999 0.44021699999999997 0.918175 0.453261 0.9174789999999999 0.45543500000000003 0.9174789999999999 0.46195700000000006
3 0.8147629999999999 0.41086999999999996 0.815808 0.40869600000000006 0.815808 0.40543500000000005 0.8147629999999999 0.403261 0.8130219999999999 0.38043499999999997 0.8112809999999999 0.379348 0.8095399999999999 0.392391 0.8084960000000001 0.40869600000000006 0.810585 0.41086999999999996 0.8147629999999999 0.41086999999999996
1 0.5459609999999999 0.36413 0.545265 0.348913 0.543872 0.348913 0.542131 0.371739 0.547006 0.371739 0.547006 0.36847799999999997 0.5459609999999999 0.36413
1 0.755571 0.42934799999999995 0.754875 0.448913 0.7527860000000001 0.456522 0.751045 0.45869600000000005 0.764624 0.45869600000000005 0.764624 0.45543500000000003 0.7621870000000001 0.45 0.76149 0.422826 0.760097 0.41086999999999996 0.759053 0.41086999999999996 0.756616 0.41956499999999997 0.756616 0.425 0.755571 0.42934799999999995
3 0.753134 0.40869600000000006 0.752089 0.41086999999999996 0.752437 0.41413 0.75766 0.41413 0.758705 0.41086999999999996 0.758705 0.407609 0.75766 0.40543500000000005 0.756616 0.38043499999999997 0.755919 0.38043499999999997 0.755223 0.388043 0.754526 0.390217 0.753134 0.40869600000000006
1 0.49965200000000004 0.443478 0.513928 0.443478 0.512883 0.43913 0.511142 0.43804299999999996 0.5104460000000001 0.43478300000000003 0.510097 0.41956499999999997 0.508357 0.397826 0.505571 0.396739 0.504526 0.407609 0.504178 0.41956499999999997 0.49965200000000004 0.44021699999999997 0.49965200000000004 0.443478
1 0.456476 0.409783 0.461003 0.40869600000000006 0.46135099999999996 0.40543500000000005 0.460306 0.40108699999999997 0.460306 0.391304 0.45960999999999996 0.38913000000000003 0.45891400000000004 0.375 0.457521 0.375 0.45578 0.40217400000000003 0.454387 0.407609 0.45578 0.407609 0.456476 0.409783
0 0.072423 0.32717399999999996 0.072423 0.319565 0.071727 0.313043 0.070334 0.313043 0.069986 0.32717399999999996 0.068593 0.33587 0.073816 0.33587 0.072423 0.32717399999999996
0 0.170613 0.320652 0.170613 0.313043 0.16921999999999998 0.313043 0.16921999999999998 0.325 0.167827 0.32934800000000003 0.172006 0.32934800000000003 0.170613 0.320652
0 0.114903 0.330435 0.11942900000000001 0.330435 0.118036 0.323913 0.11734 0.31087 0.11664300000000001 0.31087 0.115947 0.313043 0.115947 0.323913 0.114903 0.32717399999999996 0.114903 0.330435