3 0.8255570000000001 0.417391 0.8255570000000001 0.42391300000000004 0.839485 0.426087 0.838092 0.420652 0.836699 0.41956499999999997 0.836351 0.403261 0.835655 0.397826 0.8353059999999999 0.372826 0.83461 0.370652 0.832869 0.370652 0.831476 0.376087 0.827994 0.415217 0.8272980000000001 0.417391 0.8255570000000001 0.417391
3 0.696727 0.411957 0.6946380000000001 0.44239100000000003 0.6939420000000001 0.44565200000000005 0.691504 0.44565200000000005 0.691156 0.452174 0.6939420000000001 0.456522 0.708565 0.45869600000000005 0.707869 0.448913 0.705432 0.446739 0.703691 0.407609 0.703343 0.38587 0.702298 0.383696 0.6995129999999999 0.383696 0.6995129999999999 0.38913000000000003 0.698816 0.392391 0.697423 0.409783 0.696727 0.411957
3 0.572772 0.530435 0.5731200000000001 0.53587 0.5713790000000001 0.551087 0.5706819999999999 0.563043 0.569986 0.5663039999999999 0.565808 0.568478 0.564763 0.571739 0.564763 0.579348 0.562326 0.584783 0.562326 0.588043 0.580432 0.596739 0.590877 0.596739 0.593663 0.590217 0.593663 0.576087 0.591226 0.571739 0.5884400000000001 0.569565 0.587744 0.544565 0.585306 0.5 0.5842620000000001 0.46413000000000004 0.578691 0.463043 0.577646 0.481522 0.575209 0.503261 0.574164 0.520652 0.572772 0.530435
0 0.46552899999999997 0.446739 0.46239600000000003 0.44782599999999995 0.462047 0.45543500000000003 0.462744 0.45869600000000005 0.463788 0.45869600000000005 0.46657400000000004 0.463043 0.48468 0.46413000000000004 0.48502799999999996 0.46195700000000006 0.48433099999999996 0.45869600000000005 0.482242 0.456522 0.482242 0.45 0.47841199999999995 0.44782599999999995 0.475279 0.373913 0.471448 0.372826 0.46970799999999996 0.397826 0.468663 0.40543500000000005 0.466226 0.443478 0.46552899999999997 0.446739
0 0.372911 0.333696 0.370822 0.334783 0.370474 0.33913000000000004 0.372214 0.342391 0.383008 0.342391 0.38266 0.338043 0.38126699999999997 0.33587 0.38022300000000003 0.330435 0.378482 0.29239099999999996 0.376045 0.291304 0.375696 0.303261 0.374304 0.31630400000000003 0.37360699999999997 0.330435 0.372911 0.333696
0 0.333217 0.29239099999999996 0.341574 0.293478 0.341574 0.290217 0.339833 0.286957 0.339833 0.277174 0.338788 0.259783 0.338092 0.25652200000000003 0.337047 0.25652200000000003 0.335306 0.283696 0.33460999999999996 0.288043 0.333217 0.290217 0.333217 0.29239099999999996
0 0.311978 0.265217 0.317897 0.266304 0.318245 0.26413000000000003 0.31754899999999997 0.26413000000000003 0.316852 0.259783 0.316156 0.24021699999999999 0.31511100000000003 0.238043 0.314415 0.24021699999999999 0.31337000000000004 0.26087 0.311978 0.263043 0.311978 0.265217
1 0.072772 0.618478 0.068593 0.625 0.068593 0.647826 0.069986 0.65 0.080084 0.655435 0.088788 0.655435 0.091226 0.6543479999999999 0.09331500000000001 0.651087 0.098538 0.65 0.10585 0.645652 0.109331 0.641304 0.112465 0.632609 0.11281300000000001 0.617391 0.11176900000000001 0.6141300000000001 0.108287 0.61087 0.10515300000000001 0.61087 0.104457 0.608696 0.103064 0.579348 0.09714500000000001 0.511957 0.095056 0.475 0.086699 0.475 0.077994 0.61087 0.07694999999999999 0.615217 0.072772 0.618478
0 0.138231 0.45108699999999996 0.13370500000000002 0.454348 0.133357 0.463043 0.131616 0.46630399999999994 0.131267 0.46956499999999995 0.158078 0.46956499999999995 0.159471 0.465217 0.159819 0.45543500000000003 0.158078 0.45108699999999996 0.155292 0.45108699999999996 0.154596 0.44782599999999995 0.15285500000000002 0.40869600000000006 0.150766 0.390217 0.149721 0.365217 0.14902500000000002 0.361957 0.14415 0.361957 0.142758 0.392391 0.142061 0.395652 0.139276 0.446739 0.138231 0.45108699999999996
0 0.184889 0.32717399999999996 0.184889 0.330435 0.183844 0.331522 0.183844 0.333696 0.198816 0.33260900000000004 0.198816 0.328261 0.196031 0.323913 0.194638 0.29239099999999996 0.193942 0.28913 0.193593 0.278261 0.192897 0.276087 0.190808 0.277174 0.18836999999999998 0.318478 0.186978 0.325 0.184889 0.32717399999999996
0 0.202298 0.282609 0.212047 0.282609 0.211699 0.27934800000000004 0.21030600000000002 0.278261 0.20961 0.271739 0.20856499999999997 0.24673899999999999 0.20647600000000002 0.24565199999999998 0.20473499999999997 0.276087 0.203691 0.278261 0.202298 0.278261 0.202298 0.282609
0 0.218663 0.25652200000000003 0.217618 0.253261 0.216922 0.233696 0.21622599999999997 0.228261 0.214833 0.22934800000000002 0.213788 0.25 0.211699 0.25652200000000003 0.218663 0.25652200000000003
0 0.254178 0.259783 0.252786 0.254348 0.251741 0.232609 0.25 0.232609 0.24860699999999997 0.25543499999999997 0.24756300000000003 0.25652200000000003 0.24756300000000003 0.259783 0.254178 0.259783
0 0.282382 0.263043 0.28830100000000003 0.263043 0.287256 0.25652200000000003 0.28656000000000004 0.23586999999999997 0.285167 0.23478300000000002 0.28447100000000003 0.251087 0.283774 0.25652200000000003 0.282382 0.259783 0.282382 0.263043
4 0.24094699999999997 0.244565 0.240251 0.22391299999999997 0.239554 0.22391299999999997 0.237813 0.24239099999999997 0.236769 0.244565 0.24094699999999997 0.244565
4 0.32137899999999997 0.25652200000000003 0.320682 0.23586999999999997 0.319638 0.23586999999999997 0.318942 0.251087 0.317897 0.25652200000000003 0.32137899999999997 0.25652200000000003