3 0.091922 0.8391299999999999 0.090181 0.844565 0.090181 0.846739 0.143802 0.846739 0.149721 0.8391299999999999 0.15006999999999998 0.836957 0.141713 0.832609 0.141713 0.8206519999999999 0.134749 0.816304 0.133357 0.8130430000000001 0.120125 0.665217 0.11176900000000001 0.66413 0.109331 0.666304 0.10376 0.7695649999999999 0.099582 0.8293480000000001 0.098538 0.833696 0.091922 0.8391299999999999
3 0.45020899999999997 0.536957 0.44951299999999994 0.53913 0.44777199999999995 0.540217 0.447423 0.5423910000000001 0.456128 0.544565 0.466922 0.544565 0.47318899999999997 0.5380429999999999 0.47075199999999995 0.5336960000000001 0.47075199999999995 0.528261 0.46831500000000004 0.527174 0.466922 0.521739 0.462047 0.456522 0.45786899999999997 0.456522 0.454039 0.526087 0.453343 0.5293479999999999 0.450557 0.531522 0.45020899999999997 0.536957
3 0.565808 0.453261 0.571031 0.45543500000000003 0.579735 0.454348 0.579735 0.446739 0.577646 0.44565200000000005 0.5766020000000001 0.441304 0.573816 0.39891299999999996 0.5706819999999999 0.39891299999999996 0.568593 0.44021699999999997 0.567549 0.44565200000000005 0.565808 0.44782599999999995 0.565808 0.453261
3 0.6371870000000001 0.40869600000000006 0.6371870000000001 0.403261 0.636142 0.403261 0.635097 0.397826 0.633357 0.36847799999999997 0.630571 0.36847799999999997 0.62883 0.40217400000000003 0.627089 0.404348 0.627089 0.40869600000000006 0.6371870000000001 0.40869600000000006
3 0.668524 0.384783 0.668524 0.38043499999999997 0.6674789999999999 0.378261 0.666086 0.354348 0.6657379999999999 0.352174 0.6633009999999999 0.352174 0.661908 0.376087 0.660864 0.38043499999999997 0.660864 0.383696 0.668524 0.384783
3 0.6880219999999999 0.365217 0.68663 0.36086999999999997 0.685585 0.341304 0.683496 0.341304 0.682451 0.357609 0.6810579999999999 0.36739099999999997 0.6880219999999999 0.36739099999999997 0.6880219999999999 0.365217
3 0.696727 0.355435 0.702994 0.355435 0.702994 0.352174 0.70195 0.35 0.70195 0.346739 0.701253 0.344565 0.700557 0.331522 0.6995129999999999 0.331522 0.698816 0.334783 0.6981200000000001 0.348913 0.696727 0.35108700000000004 0.696727 0.355435
3 0.708565 0.34565199999999996 0.7134400000000001 0.34565199999999996 0.7134400000000001 0.342391 0.712047 0.334783 0.712047 0.32717399999999996 0.7116990000000001 0.325 0.710306 0.325 0.709958 0.334783 0.7092620000000001 0.340217 0.708565 0.341304 0.708565 0.34565199999999996
3 0.7228410000000001 0.338043 0.723189 0.333696 0.722145 0.331522 0.721448 0.321739 0.719708 0.320652 0.719708 0.32934800000000003 0.717967 0.334783 0.717967 0.338043 0.7228410000000001 0.338043
3 0.7301529999999999 0.331522 0.7301529999999999 0.328261 0.729457 0.32717399999999996 0.729109 0.317391 0.727716 0.317391 0.727716 0.326087 0.726323 0.32934800000000003 0.726323 0.331522 0.7301529999999999 0.331522
3 0.735724 0.32717399999999996 0.735724 0.323913 0.73468 0.320652 0.734331 0.313043 0.733287 0.313043 0.732939 0.322826 0.7322420000000001 0.323913 0.7322420000000001 0.32717399999999996 0.735724 0.32717399999999996
3 0.76149 0.319565 0.76149 0.31087 0.760097 0.31087 0.760097 0.318478 0.759053 0.322826 0.762535 0.322826 0.76149 0.319565
1 0.865947 0.698913 0.862813 0.701087 0.862465 0.704348 0.873607 0.731522 0.915042 0.731522 0.9146940000000001 0.729348 0.9101670000000001 0.7206520000000001 0.909819 0.708696 0.9063370000000001 0.7021740000000001 0.901811 0.697826 0.901114 0.694565 0.892061 0.561957 0.884053 0.561957 0.8739549999999999 0.688043 0.8722139999999999 0.6913039999999999 0.868384 0.692391 0.865947 0.698913
1 0.8060579999999999 0.490217 0.825905 0.490217 0.8255570000000001 0.48043500000000006 0.8234680000000001 0.479348 0.8220750000000001 0.475 0.817897 0.41630399999999995 0.812674 0.415217 0.8095399999999999 0.475 0.808844 0.478261 0.8060579999999999 0.479348 0.8060579999999999 0.490217
1 0.802577 0.420652 0.8029249999999999 0.42717400000000005 0.8116300000000001 0.42717400000000005 0.8119780000000001 0.417391 0.8130219999999999 0.41413 0.8130219999999999 0.406522 0.8112809999999999 0.376087 0.807451 0.376087 0.8046659999999999 0.415217 0.803621 0.41956499999999997 0.802577 0.420652
1 0.9213089999999999 0.366304 0.920265 0.366304 0.920265 0.36956500000000003 0.9300140000000001 0.36956500000000003 0.929318 0.365217 0.9282730000000001 0.36413 0.9279249999999999 0.354348 0.92688 0.35108700000000004 0.925836 0.336957 0.923747 0.336957 0.923398 0.344565 0.922354 0.347826 0.922354 0.361957 0.9213089999999999 0.366304
1 0.9112120000000001 0.35108700000000004 0.910515 0.35 0.9094709999999999 0.33260900000000004 0.9077299999999999 0.331522 0.9049440000000001 0.358696 0.912604 0.358696 0.91156 0.356522 0.9112120000000001 0.35108700000000004
1 0.933844 0.348913 0.932451 0.343478 0.9314069999999999 0.323913 0.9296659999999999 0.323913 0.929318 0.331522 0.9282730000000001 0.338043 0.9279249999999999 0.348913 0.933844 0.348913
1 0.793524 0.35 0.793524 0.353261 0.797006 0.353261 0.797354 0.338043 0.7983979999999999 0.336957 0.7983979999999999 0.32934800000000003 0.7959609999999999 0.330435 0.795613 0.344565 0.7942199999999999 0.35 0.793524 0.35
1 0.796309 0.388043 0.8064069999999999 0.38913000000000003 0.8064069999999999 0.383696 0.8050140000000001 0.38043499999999997 0.803969 0.370652 0.8029249999999999 0.352174 0.800139 0.353261 0.7983979999999999 0.379348 0.797702 0.38260900000000003 0.796309 0.383696 0.796309 0.388043
1 0.7959609999999999 0.363043 0.794916 0.363043 0.794916 0.366304 0.799095 0.366304 0.799443 0.355435 0.800139 0.352174 0.8011839999999999 0.35108700000000004 0.8011839999999999 0.347826 0.8004870000000001 0.34565199999999996 0.8004870000000001 0.338043 0.797702 0.338043 0.797354 0.355435 0.796657 0.36086999999999997 0.7959609999999999 0.363043
1 0.8004870000000001 0.325 0.8032730000000001 0.325 0.8032730000000001 0.321739 0.802577 0.319565 0.802577 0.313043 0.8014145421875 0.314386959375 0.8004870000000001 0.325
1 0.7924789999999999 0.33913000000000004 0.791783 0.343478 0.795265 0.343478 0.794568 0.323913 0.7985470203125 0.31770220937500004 0.793175 0.323913 0.7924789999999999 0.33913000000000004
1 0.792131 0.334783 0.7928270000000001 0.323913 0.793524 0.322826 0.793175 0.31521699999999997 0.791783 0.31521699999999997 0.791086 0.32717399999999996 0.790042 0.334783 0.792131 0.334783
1 0.8252090000000001 0.30978300000000003 0.824164 0.30978300000000003 0.8234680000000001 0.321739 0.826602 0.321739 0.8255570000000001 0.318478 0.8252090000000001 0.30978300000000003
1 0.8708220000000001 0.307609 0.870125 0.318478 0.872911 0.318478 0.8722139999999999 0.30869599999999997 0.8708220000000001 0.307609
1 0.927577 0.311957 0.9265319999999999 0.304348 0.925139 0.31087 0.9247909999999999 0.317391 0.927577 0.317391 0.927577 0.311957
3 0.799095 0.30978300000000003 0.79805 0.319565 0.8004870000000001 0.319565 0.799791 0.30978300000000003 0.799095 0.30978300000000003
3 0.854109 0.306522 0.853064 0.31630400000000003 0.856198 0.31630400000000003 0.854805 0.306522 0.854109 0.306522
3 0.922006 0.302174 0.9209609999999999 0.305435 0.919916 0.31521699999999997 0.923398 0.31521699999999997 0.922006 0.302174