1 0.7848189999999999 0.7880429999999999 0.783426 0.796739 0.783426 0.8043480000000001 0.780989 0.8206519999999999 0.7788999999999999 0.846739 0.8029249999999999 0.846739 0.80188 0.794565 0.8004870000000001 0.759783 0.799791 0.756522 0.7942199999999999 0.75 0.787953 0.75 0.787256 0.753261 0.786908 0.766304 0.785515 0.775 0.7848189999999999 0.7880429999999999
1 0.284123 0.561957 0.282033 0.571739 0.27715900000000004 0.571739 0.27681100000000003 0.5771740000000001 0.277507 0.579348 0.28064100000000003 0.581522 0.300139 0.588043 0.307103 0.588043 0.31128100000000003 0.584783 0.316156 0.583696 0.319638 0.580435 0.319638 0.575 0.316504 0.572826 0.315808 0.570652 0.31511100000000003 0.561957 0.31337000000000004 0.5586960000000001 0.310933 0.557609 0.30988899999999997 0.553261 0.308844 0.541304 0.308496 0.527174 0.307799 0.5239130000000001 0.306755 0.509783 0.306755 0.502174 0.305014 0.479348 0.30362100000000003 0.446739 0.302925 0.444565 0.296309 0.444565 0.290042 0.553261 0.289345 0.556522 0.285864 0.5586960000000001 0.284123 0.561957
1 0.070682 0.444565 0.091574 0.44565200000000005 0.09609999999999999 0.44239100000000003 0.09609999999999999 0.430435 0.094359 0.428261 0.09226999999999999 0.428261 0.091574 0.425 0.086351 0.34565199999999996 0.080084 0.34565199999999996 0.075209 0.42717400000000005 0.074513 0.430435 0.070334 0.431522 0.070682 0.444565
1 0.060585 0.254348 0.059889000000000005 0.25 0.058148 0.248913 0.056407 0.221739 0.053273 0.221739 0.05188 0.24673899999999999 0.050139 0.251087 0.050139 0.254348 0.060585 0.254348
3 0.052228 0.23586999999999997 0.052577 0.22391299999999997 0.053273 0.220652 0.056407 0.220652 0.057103 0.225 0.057450999999999995 0.236957 0.058843999999999994 0.236957 0.058843999999999994 0.233696 0.057450999999999995 0.231522 0.057103 0.218478 0.056058 0.213043 0.056058 0.209783 0.055362 0.206522 0.053969 0.206522 0.052577 0.215217 0.052228 0.228261 0.049443 0.236957 0.052228 0.23586999999999997
1 0.159819 0.26087 0.168872 0.26087 0.168524 0.25760900000000003 0.166783 0.254348 0.166435 0.236957 0.165738 0.23478300000000002 0.16538999999999998 0.227174 0.163649 0.227174 0.162953 0.231522 0.161908 0.253261 0.159819 0.25760900000000003 0.159819 0.26087
3 0.18663000000000002 0.244565 0.185237 0.238043 0.184192 0.218478 0.181407 0.21739099999999997 0.181058 0.23478300000000002 0.178969 0.24130400000000002 0.178969 0.244565 0.18663000000000002 0.244565
1 0.24547400000000003 0.267391 0.25383 0.267391 0.25383 0.265217 0.252089 0.259783 0.250696 0.23586999999999997 0.24860699999999997 0.23586999999999997 0.248259 0.25543499999999997 0.247214 0.261957 0.24547400000000003 0.265217 0.24547400000000003 0.267391
3 0.295613 0.25543499999999997 0.295613 0.253261 0.294568 0.251087 0.293175 0.22934800000000002 0.291435 0.22934800000000002 0.29039000000000004 0.24782600000000002 0.288649 0.253261 0.288649 0.25543499999999997 0.295613 0.25543499999999997
1 0.375348 0.288043 0.383357 0.288043 0.383357 0.283696 0.382312 0.281522 0.382312 0.278261 0.38126699999999997 0.27391299999999996 0.380919 0.254348 0.378134 0.254348 0.377786 0.271739 0.377089 0.27934800000000004 0.375348 0.283696 0.375348 0.288043
3 0.395195 0.258696 0.393106 0.269565 0.40007000000000004 0.269565 0.40007000000000004 0.267391 0.39832900000000004 0.26087 0.39832900000000004 0.25 0.397632 0.24239099999999997 0.39624000000000004 0.243478 0.39624000000000004 0.24673899999999999 0.395195 0.251087 0.395195 0.258696
3 0.44046 0.27391299999999996 0.446379 0.27391299999999996 0.446379 0.270652 0.445334 0.267391 0.44463800000000003 0.24782600000000002 0.443245 0.24673899999999999 0.441852 0.25760900000000003 0.441504 0.268478 0.44046 0.270652 0.44046 0.27391299999999996
1 0.472145 0.298913 0.472145 0.29565199999999997 0.470404 0.291304 0.470404 0.288043 0.46901099999999996 0.281522 0.46901099999999996 0.26413000000000003 0.46657400000000004 0.26413000000000003 0.466226 0.282609 0.463788 0.294565 0.463788 0.29782600000000004 0.472145 0.298913
3 0.502437 0.27934800000000004 0.508357 0.27934800000000004 0.508357 0.277174 0.507312 0.276087 0.506267 0.252174 0.505223 0.252174 0.504526 0.263043 0.50383 0.265217 0.50383 0.270652 0.502437 0.27934800000000004
3 0.557103 0.281522 0.557103 0.27934800000000004 0.5560579999999999 0.277174 0.5560579999999999 0.26413000000000003 0.5553619999999999 0.263043 0.5553619999999999 0.25760900000000003 0.5536209999999999 0.25760900000000003 0.552228 0.276087 0.551184 0.278261 0.551184 0.281522 0.557103 0.281522
1 0.564415 0.298913 0.5630219999999999 0.302174 0.5630219999999999 0.306522 0.571031 0.306522 0.571031 0.304348 0.569986 0.303261 0.56929 0.3 0.56929 0.294565 0.568593 0.290217 0.568593 0.276087 0.567897 0.272826 0.566504 0.272826 0.5654600000000001 0.282609 0.5654600000000001 0.290217 0.564763 0.291304 0.564415 0.298913
3 0.58461 0.282609 0.58461 0.280435 0.583914 0.27934800000000004 0.583565 0.267391 0.582869 0.266304 0.582869 0.258696 0.581476 0.258696 0.580432 0.27934800000000004 0.579387 0.280435 0.579387 0.282609 0.58461 0.282609
3 0.616992 0.282609 0.616295 0.270652 0.615599 0.267391 0.615599 0.261957 0.614206 0.26087 0.61351 0.277174 0.612465 0.280435 0.612465 0.282609 0.616992 0.282609
1 0.638579 0.30869599999999997 0.6462399999999999 0.30978300000000003 0.64415 0.302174 0.643454 0.29565199999999997 0.643454 0.27934800000000004 0.641365 0.27934800000000004 0.64032 0.29782600000000004 0.639276 0.304348 0.638579 0.305435 0.638579 0.30869599999999997
1 0.690111 0.303261 0.689067 0.303261 0.689067 0.306522 0.6956819999999999 0.306522 0.6956819999999999 0.304348 0.69429 0.303261 0.69429 0.29782600000000004 0.693593 0.294565 0.693593 0.280435 0.6922010000000001 0.280435 0.691852 0.288043 0.691156 0.28913 0.690808 0.3 0.690111 0.303261
1 0.7224929999999999 0.304348 0.720056 0.29565199999999997 0.719708 0.280435 0.717967 0.280435 0.7169220000000001 0.29782600000000004 0.715529 0.302174 0.715529 0.304348 0.7224929999999999 0.304348
1 0.728412 0.298913 0.7270190000000001 0.29565199999999997 0.726671 0.27391299999999996 0.72493 0.27391299999999996 0.7245820000000001 0.28913 0.723886 0.294565 0.7224929999999999 0.298913 0.728412 0.298913
1 0.710306 0.278261 0.710306 0.267391 0.7092620000000001 0.267391 0.708914 0.275 0.7071729999999999 0.286957 0.7116990000000001 0.286957 0.710306 0.278261
1 0.715877 0.282609 0.715877 0.280435 0.7148329999999999 0.277174 0.7148329999999999 0.266304 0.7134400000000001 0.265217 0.712744 0.278261 0.7116990000000001 0.280435 0.7116990000000001 0.282609 0.715877 0.282609
1 0.739903 0.284783 0.738858 0.280435 0.73851 0.269565 0.736769 0.269565 0.736072 0.280435 0.735028 0.282609 0.735028 0.284783 0.739903 0.284783