3 0.470404 0.476087 0.468663 0.476087 0.467618 0.478261 0.467618 0.49347799999999997 0.471448 0.49565200000000004 0.482939 0.49565200000000004 0.48468 0.49347799999999997 0.489903 0.49347799999999997 0.49094699999999997 0.49130399999999996 0.49094699999999997 0.48043500000000006 0.488858 0.47282599999999997 0.487117 0.471739 0.48607199999999995 0.468478 0.48537600000000003 0.457609 0.48328699999999997 0.44239100000000003 0.48015299999999994 0.388043 0.47492999999999996 0.388043 0.47318899999999997 0.42934799999999995 0.47249299999999994 0.43260899999999997 0.471448 0.47282599999999997 0.470404 0.476087
3 0.373259 0.373913 0.374652 0.370652 0.374652 0.365217 0.371866 0.363043 0.370125 0.33587 0.369081 0.331522 0.36873300000000003 0.320652 0.365251 0.319565 0.364206 0.36847799999999997 0.362117 0.36847799999999997 0.361769 0.375 0.373259 0.373913
3 0.46831500000000004 0.3 0.47597500000000004 0.298913 0.47667099999999996 0.296739 0.47667099999999996 0.29239099999999996 0.475279 0.29239099999999996 0.474582 0.28913 0.47423400000000004 0.281522 0.473538 0.27934800000000004 0.473538 0.268478 0.472841 0.26413000000000003 0.470404 0.26413000000000003 0.469359 0.282609 0.469359 0.293478 0.46831500000000004 0.294565 0.46831500000000004 0.3
3 0.161212 0.372826 0.161212 0.379348 0.167131 0.379348 0.172006 0.375 0.172006 0.370652 0.170265 0.36847799999999997 0.168524 0.346739 0.167827 0.343478 0.167479 0.333696 0.16434500000000002 0.333696 0.163997 0.357609 0.163301 0.36847799999999997 0.162604 0.371739 0.161212 0.372826
3 0.543175 0.271739 0.543175 0.268478 0.541783 0.266304 0.5407379999999999 0.243478 0.5383009999999999 0.243478 0.537604 0.266304 0.536908 0.267391 0.5365599999999999 0.271739 0.543175 0.271739
3 0.7224929999999999 0.231522 0.7287600000000001 0.231522 0.7287600000000001 0.228261 0.728064 0.228261 0.727368 0.225 0.726671 0.20760900000000002 0.7245820000000001 0.20760900000000002 0.723886 0.215217 0.723886 0.226087 0.7224929999999999 0.22934800000000002 0.7224929999999999 0.231522
0 0.305362 0.27934800000000004 0.305362 0.276087 0.304666 0.275 0.303969 0.261957 0.302228 0.261957 0.302228 0.272826 0.301184 0.280435 0.304666 0.280435 0.305362 0.27934800000000004
3 0.279944 0.733696 0.279248 0.743478 0.278552 0.796739 0.277507 0.809783 0.277507 0.821739 0.276114 0.8380430000000001 0.276114 0.846739 0.308496 0.846739 0.307799 0.844565 0.307103 0.8293480000000001 0.305362 0.816304 0.30362100000000003 0.790217 0.302577 0.78587 0.302577 0.778261 0.301184 0.7695649999999999 0.299095 0.742391 0.297702 0.734783 0.297006 0.723913 0.29596100000000003 0.719565 0.293175 0.68587 0.293524 0.675 0.28481900000000004 0.673913 0.282382 0.676087 0.28098900000000004 0.681522 0.28098900000000004 0.705435 0.280292 0.7119570000000001 0.279944 0.733696
1 0.07311999999999999 0.371739 0.082521 0.370652 0.082869 0.36413 0.081476 0.363043 0.08077999999999999 0.359783 0.080432 0.348913 0.078691 0.334783 0.075557 0.334783 0.075209 0.363043 0.074513 0.366304 0.07311999999999999 0.36739099999999997 0.07311999999999999 0.371739
1 0.236072 0.341304 0.236072 0.336957 0.233983 0.333696 0.233983 0.323913 0.232242 0.311957 0.232242 0.306522 0.22980499999999998 0.306522 0.22980499999999998 0.32717399999999996 0.22771599999999997 0.336957 0.22771599999999997 0.341304 0.236072 0.341304
1 0.350279 0.328261 0.355153 0.328261 0.358287 0.326087 0.358287 0.321739 0.356546 0.31630400000000003 0.356546 0.31087 0.354805 0.291304 0.352368 0.290217 0.35201899999999997 0.320652 0.350975 0.323913 0.350279 0.323913 0.350279 0.328261
1 0.797354 0.353261 0.797354 0.361957 0.796309 0.36739099999999997 0.793524 0.36956500000000003 0.793524 0.377174 0.797702 0.38152200000000003 0.812326 0.38043499999999997 0.8133699999999999 0.378261 0.8133699999999999 0.36956500000000003 0.8095399999999999 0.366304 0.8095399999999999 0.358696 0.8081480000000001 0.347826 0.8081480000000001 0.341304 0.8067550000000001 0.32717399999999996 0.8060579999999999 0.301087 0.800836 0.301087 0.799791 0.31413 0.799095 0.33913000000000004 0.79805 0.343478 0.797354 0.353261
1 0.849234 0.226087 0.856198 0.225 0.856198 0.221739 0.8551529999999999 0.218478 0.854805 0.196739 0.852368 0.196739 0.851671 0.218478 0.8495820000000001 0.221739 0.849234 0.226087
1 0.764972 0.233696 0.763928 0.230435 0.763579 0.226087 0.763579 0.21086999999999997 0.760794 0.209783 0.760097 0.227174 0.758705 0.236957 0.764972 0.236957 0.764972 0.233696
1 0.6869780000000001 0.252174 0.6869780000000001 0.24782600000000002 0.685933 0.244565 0.685237 0.22282600000000002 0.6827989999999999 0.22282600000000002 0.681755 0.24782600000000002 0.68071 0.248913 0.68071 0.252174 0.6869780000000001 0.252174
1 0.631964 0.32934800000000003 0.630919 0.33913000000000004 0.62883 0.342391 0.62883 0.348913 0.6427579999999999 0.35 0.6427579999999999 0.340217 0.641365 0.340217 0.640669 0.338043 0.639972 0.32934800000000003 0.639276 0.32717399999999996 0.637535 0.290217 0.634053 0.28913 0.633357 0.293478 0.633357 0.302174 0.631964 0.317391 0.631964 0.32934800000000003
1 0.579387 0.291304 0.586351 0.291304 0.586351 0.28586999999999996 0.585306 0.283696 0.5842620000000001 0.277174 0.583565 0.25543499999999997 0.581476 0.254348 0.580084 0.258696 0.580084 0.277174 0.5790390000000001 0.28913 0.579387 0.291304
0 0.450905 0.29239099999999996 0.450905 0.286957 0.449861 0.286957 0.448816 0.281522 0.44777199999999995 0.26087 0.445334 0.26087 0.44463800000000003 0.286957 0.443245 0.288043 0.442897 0.29239099999999996 0.450905 0.29239099999999996
0 0.410864 0.281522 0.410864 0.277174 0.409819 0.27391299999999996 0.409123 0.25543499999999997 0.40703300000000003 0.25543499999999997 0.406337 0.276087 0.40529200000000004 0.278261 0.40529200000000004 0.280435 0.410864 0.281522
0 0.38509699999999997 0.272826 0.38509699999999997 0.269565 0.38405300000000003 0.267391 0.383357 0.252174 0.38126699999999997 0.252174 0.38126699999999997 0.268478 0.38022300000000003 0.269565 0.38022300000000003 0.272826 0.38509699999999997 0.272826
0 0.338092 0.31521699999999997 0.34609999999999996 0.31413 0.34609999999999996 0.30978300000000003 0.34435899999999997 0.30869599999999997 0.343663 0.290217 0.342967 0.284783 0.34052899999999997 0.283696 0.34018099999999996 0.303261 0.339485 0.31087 0.338092 0.311957 0.338092 0.31521699999999997
0 0.36594699999999997 0.265217 0.36490300000000003 0.261957 0.36490300000000003 0.254348 0.364206 0.25 0.362465 0.25 0.362465 0.261957 0.361769 0.267391 0.36594699999999997 0.267391 0.36594699999999997 0.265217
0 0.347493 0.271739 0.347493 0.268478 0.346797 0.267391 0.346448 0.254348 0.34435899999999997 0.253261 0.34401099999999996 0.268478 0.343315 0.269565 0.343315 0.271739 0.347493 0.271739
0 0.327646 0.29782600000000004 0.327994 0.29565199999999997 0.326602 0.291304 0.32520899999999997 0.276087 0.323468 0.276087 0.322772 0.294565 0.321727 0.29565199999999997 0.321727 0.29782600000000004 0.327646 0.29782600000000004
0 0.31371899999999997 0.282609 0.313022 0.268478 0.31128100000000003 0.267391 0.310237 0.286957 0.314067 0.286957 0.314415 0.283696 0.31371899999999997 0.282609
3 0.834958 0.216304 0.841922 0.216304 0.841922 0.213043 0.841226 0.211957 0.840181 0.203261 0.839485 0.191304 0.8370469999999999 0.191304 0.836351 0.209783 0.835655 0.213043 0.834958 0.213043 0.834958 0.216304
3 0.268454 0.363043 0.268454 0.36847799999999997 0.279596 0.36739099999999997 0.279944 0.36086999999999997 0.278552 0.36086999999999997 0.277507 0.358696 0.27715900000000004 0.35108700000000004 0.275766 0.343478 0.274721 0.320652 0.271588 0.320652 0.27124000000000004 0.347826 0.270543 0.352174 0.270543 0.36086999999999997 0.268454 0.363043
0 0.326253 0.275 0.326602 0.27391299999999996 0.32520899999999997 0.268478 0.324861 0.259783 0.324164 0.25760900000000003 0.323468 0.26087 0.323468 0.268478 0.322423 0.275 0.326253 0.275
3 0.437674 0.397826 0.435933 0.397826 0.435933 0.40869600000000006 0.44568199999999997 0.409783 0.44777199999999995 0.403261 0.44777199999999995 0.375 0.44568199999999997 0.358696 0.444986 0.33587 0.440808 0.33587 0.439415 0.371739 0.438719 0.376087 0.438719 0.392391 0.437674 0.397826
3 0.628134 0.25 0.628134 0.24673899999999999 0.627437 0.24673899999999999 0.626741 0.24239099999999997 0.626741 0.23478300000000002 0.625696 0.225 0.623955 0.225 0.623259 0.23586999999999997 0.623955 0.238043 0.625 0.25 0.628134 0.25
1 0.573816 0.30978300000000003 0.5731200000000001 0.313043 0.5713790000000001 0.313043 0.571031 0.318478 0.5821729999999999 0.318478 0.5821729999999999 0.31087 0.581128 0.31087 0.580432 0.30869599999999997 0.579387 0.298913 0.578343 0.272826 0.577646 0.270652 0.575557 0.270652 0.5748610000000001 0.272826 0.5748610000000001 0.277174 0.574164 0.280435 0.573816 0.30978300000000003
1 0.619777 0.270652 0.626393 0.270652 0.626741 0.265217 0.626045 0.265217 0.625 0.26087 0.624652 0.24673899999999999 0.623607 0.24130400000000002 0.623607 0.238043 0.6222139999999999 0.236957 0.62117 0.244565 0.62117 0.258696 0.619777 0.265217 0.619777 0.270652
2 0.658426 0.29239099999999996 0.656685 0.307609 0.656685 0.31630400000000003 0.655989 0.321739 0.655989 0.33913000000000004 0.654248 0.344565 0.653552 0.35108700000000004 0.65007 0.353261 0.65007 0.355435 0.651811 0.357609 0.666086 0.357609 0.668872 0.355435 0.675836 0.354348 0.676184 0.35108700000000004 0.672702 0.35108700000000004 0.672006 0.34565199999999996 0.669916 0.342391 0.669916 0.336957 0.668175 0.323913 0.668175 0.31630400000000003 0.667131 0.307609 0.667131 0.29782600000000004 0.666086 0.282609 0.665042 0.278261 0.664345 0.263043 0.6633009999999999 0.253261 0.661212 0.253261 0.6601670000000001 0.25543499999999997 0.6601670000000001 0.263043 0.658426 0.283696 0.658426 0.29239099999999996
2 0.45020899999999997 0.353261 0.449164 0.36086999999999997 0.449164 0.36847799999999997 0.448468 0.375 0.44812 0.403261 0.44463800000000003 0.41630399999999995 0.442897 0.415217 0.44254899999999997 0.418478 0.444986 0.42391300000000004 0.46135099999999996 0.42391300000000004 0.46831500000000004 0.41956499999999997 0.46901099999999996 0.417391 0.46901099999999996 0.41413 0.466922 0.41304299999999994 0.46657400000000004 0.407609 0.463788 0.40217400000000003 0.462744 0.383696 0.461003 0.370652 0.460306 0.352174 0.458565 0.340217 0.45717299999999994 0.30869599999999997 0.456476 0.306522 0.456476 0.3 0.452646 0.298913 0.451253 0.301087 0.45194999999999996 0.31087 0.450905 0.31630400000000003 0.45020899999999997 0.353261
2 0.42479100000000003 0.317391 0.423747 0.32934800000000003 0.423747 0.343478 0.422006 0.370652 0.422006 0.383696 0.41922 0.392391 0.41782700000000006 0.392391 0.416783 0.394565 0.416783 0.396739 0.41956800000000005 0.40108699999999997 0.435585 0.39891299999999996 0.435933 0.396739 0.437674 0.396739 0.43802199999999997 0.394565 0.43802199999999997 0.388043 0.43662999999999996 0.38152200000000003 0.435237 0.379348 0.433844 0.36739099999999997 0.433496 0.34565199999999996 0.432103 0.334783 0.431755 0.318478 0.43071000000000004 0.31413 0.430014 0.294565 0.42896900000000004 0.290217 0.42722800000000005 0.290217 0.425836 0.29239099999999996 0.42479100000000003 0.301087 0.42479100000000003 0.317391
2 0.612117 0.331522 0.611421 0.334783 0.610028 0.334783 0.608983 0.33913000000000004 0.6072420000000001 0.340217 0.611072 0.343478 0.61734 0.344565 0.6277860000000001 0.343478 0.628482 0.342391 0.628482 0.340217 0.626045 0.338043 0.625348 0.333696 0.623607 0.330435 0.623607 0.323913 0.6222139999999999 0.317391 0.6222139999999999 0.304348 0.619777 0.278261 0.619081 0.25652200000000003 0.618036 0.251087 0.615599 0.251087 0.614903 0.253261 0.614206 0.275 0.611769 0.30869599999999997 0.612117 0.331522