3 0.271588 0.6630429999999999 0.264972 0.673913 0.264624 0.682609 0.263928 0.684783 0.259749 0.68913 0.259401 0.6913039999999999 0.28064100000000003 0.695652 0.293872 0.695652 0.30571000000000004 0.677174 0.305014 0.675 0.30188000000000004 0.675 0.301532 0.669565 0.300487 0.665217 0.295613 0.665217 0.294916 0.661957 0.294916 0.657609 0.293872 0.651087 0.291783 0.625 0.293524 0.621739 0.297006 0.620652 0.297702 0.618478 0.29213100000000003 0.5956520000000001 0.29039000000000004 0.58587 0.288649 0.568478 0.287953 0.548913 0.287256 0.546739 0.279596 0.546739 0.27681100000000003 0.590217 0.275418 0.6010869999999999 0.271588 0.6630429999999999
3 0.625696 0.548913 0.624652 0.56087 0.623955 0.563043 0.620822 0.563043 0.620474 0.569565 0.618384 0.572826 0.620474 0.575 0.627437 0.575 0.629178 0.5771740000000001 0.638928 0.5771740000000001 0.640669 0.573913 0.641017 0.570652 0.639972 0.5663039999999999 0.6371870000000001 0.565217 0.63649 0.561957 0.635097 0.516304 0.634053 0.51413 0.633008 0.494565 0.632312 0.490217 0.629526 0.490217 0.628134 0.502174 0.626393 0.534783 0.625348 0.53913 0.625696 0.548913
3 0.726323 0.509783 0.725279 0.51413 0.727368 0.51413 0.7287600000000001 0.516304 0.740251 0.516304 0.740599 0.515217 0.739903 0.511957 0.737465 0.508696 0.736769 0.5 0.737465 0.497826 0.739206 0.496739 0.741295 0.48913 0.740251 0.48695700000000003 0.736072 0.484783 0.73468 0.46087 0.732591 0.46087 0.731546 0.468478 0.729457 0.504348 0.728412 0.508696 0.726323 0.509783
3 0.7395539999999999 0.48043500000000006 0.738858 0.483696 0.740251 0.483696 0.740599 0.48586999999999997 0.749652 0.48586999999999997 0.75 0.483696 0.747563 0.479348 0.745822 0.444565 0.744081 0.444565 0.742688 0.456522 0.741992 0.457609 0.741643 0.478261 0.7395539999999999 0.48043500000000006
3 0.721797 0.46087 0.721797 0.45869600000000005 0.720056 0.457609 0.7193590000000001 0.43695700000000004 0.718663 0.430435 0.71727 0.42934799999999995 0.715529 0.456522 0.714136 0.457609 0.7134400000000001 0.46087 0.721797 0.46087
3 0.7040390000000001 0.44565200000000005 0.702646 0.44239100000000003 0.702298 0.43913 0.702298 0.428261 0.701253 0.421739 0.700209 0.420652 0.698468 0.430435 0.698468 0.44021699999999997 0.697075 0.444565 0.7040390000000001 0.44565200000000005
3 0.739206 0.44239100000000003 0.738162 0.44021699999999997 0.738162 0.43478300000000003 0.736769 0.420652 0.735376 0.420652 0.733983 0.431522 0.733983 0.43695700000000004 0.732591 0.441304 0.739206 0.44239100000000003
1 0.897284 0.5054350000000001 0.9073819999999999 0.507609 0.908078 0.503261 0.9063370000000001 0.501087 0.9038999999999999 0.46195700000000006 0.9021589999999999 0.46195700000000006 0.9004179999999999 0.478261 0.899373 0.5 0.897632 0.501087 0.897284 0.5054350000000001
1 0.869429 0.48586999999999997 0.869429 0.483696 0.868384 0.48260899999999995 0.866295 0.452174 0.865251 0.45108699999999996 0.864554 0.454348 0.863162 0.476087 0.8610720000000001 0.484783 0.869429 0.48586999999999997
1 0.8283429999999999 0.467391 0.8290390000000001 0.465217 0.827994 0.46087 0.827646 0.44782599999999995 0.826602 0.43804299999999996 0.824861 0.43695700000000004 0.82312 0.454348 0.82312 0.46087 0.8217269999999999 0.46630399999999994 0.8283429999999999 0.467391
1 0.846448 0.46195700000000006 0.8467969999999999 0.459783 0.8457520000000001 0.45543500000000003 0.844708 0.43587 0.8433149999999999 0.43478300000000003 0.841922 0.44782599999999995 0.841922 0.454348 0.8408770000000001 0.46087 0.846448 0.46195700000000006
1 0.9505570000000001 0.46195700000000006 0.9495129999999999 0.457609 0.9484680000000001 0.44021699999999997 0.9470750000000001 0.43913 0.946031 0.446739 0.945682 0.45543500000000003 0.9439420000000001 0.46087 0.9505570000000001 0.46195700000000006
1 0.8743040000000001 0.45869600000000005 0.880223 0.45869600000000005 0.8791779999999999 0.45543500000000003 0.878134 0.43478300000000003 0.876741 0.433696 0.875348 0.44782599999999995 0.875348 0.453261 0.8743040000000001 0.456522 0.8743040000000001 0.45869600000000005
3 0.9314069999999999 0.44782599999999995 0.935585 0.446739 0.9345399999999999 0.44239100000000003 0.9331480000000001 0.426087 0.932103 0.425 0.93071 0.431522 0.930362 0.441304 0.928969 0.44565200000000005 0.9314069999999999 0.44782599999999995
3 0.8495820000000001 0.41956499999999997 0.8485379999999999 0.41956499999999997 0.846448 0.43804299999999996 0.851671 0.43804299999999996 0.850627 0.43478300000000003 0.8495820000000001 0.41956499999999997
3 0.797702 0.41956499999999997 0.796657 0.41956499999999997 0.795613 0.431522 0.7942199999999999 0.43804299999999996 0.799443 0.43804299999999996 0.797702 0.41956499999999997