3 0.430014 0.598913 0.42896900000000004 0.603261 0.42548700000000006 0.6054350000000001 0.424443 0.6119570000000001 0.422354 0.613043 0.422354 0.617391 0.423398 0.620652 0.429666 0.627174 0.446727 0.627174 0.456128 0.625 0.456476 0.620652 0.453343 0.6141300000000001 0.452994 0.607609 0.448816 0.603261 0.44777199999999995 0.598913 0.441504 0.504348 0.436281 0.5054350000000001 0.43488899999999997 0.5239130000000001 0.43454 0.536957 0.433148 0.551087 0.430014 0.598913
3 0.578691 0.468478 0.578691 0.475 0.577298 0.48913 0.5745129999999999 0.492391 0.573468 0.502174 0.590877 0.503261 0.591574 0.502174 0.591226 0.49347799999999997 0.588788 0.492391 0.588092 0.48913 0.584958 0.42934799999999995 0.581825 0.42934799999999995 0.5807800000000001 0.45 0.580084 0.454348 0.580084 0.46087 0.578691 0.468478
3 0.888579 0.404348 0.888579 0.407609 0.897632 0.407609 0.897632 0.40543500000000005 0.896588 0.404348 0.895891 0.40108699999999997 0.895543 0.388043 0.894499 0.38152200000000003 0.89415 0.372826 0.892409 0.372826 0.89032 0.390217 0.8910170000000001 0.40108699999999997 0.889972 0.404348 0.888579 0.404348
3 0.768454 0.38913000000000003 0.7729809999999999 0.38913000000000003 0.7729809999999999 0.386957 0.7712399999999999 0.38260900000000003 0.7698470000000001 0.358696 0.7681060000000001 0.358696 0.767409 0.363043 0.767061 0.373913 0.768454 0.378261 0.768454 0.38913000000000003
3 0.673747 0.377174 0.679666 0.377174 0.678273 0.36847799999999997 0.677925 0.352174 0.677577 0.35 0.675836 0.35 0.675836 0.356522 0.674791 0.361957 0.674791 0.370652 0.673747 0.377174
3 0.6020190000000001 0.36847799999999997 0.607591 0.36847799999999997 0.607591 0.366304 0.606546 0.365217 0.60585 0.356522 0.60585 0.346739 0.6051529999999999 0.343478 0.6037600000000001 0.343478 0.6037600000000001 0.353261 0.602716 0.354348 0.603064 0.36086999999999997 0.6020190000000001 0.36847799999999997
3 0.596797 0.348913 0.601323 0.348913 0.600279 0.343478 0.5995820000000001 0.330435 0.598538 0.33260900000000004 0.5978410000000001 0.336957 0.5978410000000001 0.34565199999999996 0.596797 0.348913
3 0.594011 0.357609 0.592618 0.352174 0.5919220000000001 0.33587 0.590529 0.33587 0.5898329999999999 0.341304 0.5898329999999999 0.352174 0.588788 0.357609 0.594011 0.357609
3 0.580432 0.341304 0.583914 0.341304 0.583217 0.336957 0.583217 0.32934800000000003 0.5825210000000001 0.326087 0.581825 0.326087 0.581476 0.330435 0.5807800000000001 0.331522 0.581128 0.338043 0.580432 0.341304
3 0.553273 0.334783 0.552228 0.319565 0.551532 0.319565 0.551184 0.323913 0.5501389999999999 0.32717399999999996 0.5501389999999999 0.334783 0.553273 0.334783
3 0.50766 0.321739 0.50766 0.31521699999999997 0.506616 0.31630400000000003 0.505571 0.32717399999999996 0.508357 0.32717399999999996 0.50766 0.321739
3 0.47492999999999996 0.325 0.47423400000000004 0.319565 0.47423400000000004 0.313043 0.472841 0.313043 0.472841 0.319565 0.472145 0.321739 0.472145 0.325 0.47492999999999996 0.325
3 0.446727 0.30869599999999997 0.44568199999999997 0.30869599999999997 0.44568199999999997 0.31413 0.444986 0.318478 0.447075 0.318478 0.446727 0.30869599999999997
3 0.44011100000000003 0.311957 0.439763 0.321739 0.441852 0.321739 0.441156 0.311957 0.44011100000000003 0.311957
3 0.290738 0.31087 0.289694 0.31087 0.288649 0.323913 0.291086 0.323913 0.291086 0.31413 0.290738 0.31087
3 0.31337000000000004 0.313043 0.312674 0.32717399999999996 0.315808 0.328261 0.314763 0.313043 0.31337000000000004 0.313043
3 0.331128 0.336957 0.330084 0.32717399999999996 0.329735 0.319565 0.328691 0.319565 0.327994 0.322826 0.327994 0.32934800000000003 0.32694999999999996 0.336957 0.331128 0.336957
3 0.339485 0.322826 0.338788 0.317391 0.338092 0.317391 0.337047 0.330435 0.337396 0.33260900000000004 0.339833 0.33260900000000004 0.339485 0.322826
3 0.26949900000000004 0.311957 0.268802 0.30869599999999997 0.268106 0.30869599999999997 0.267758 0.317391 0.266713 0.319565 0.269847 0.319565 0.26949900000000004 0.311957
3 0.267409 0.306522 0.266365 0.305435 0.26566900000000004 0.30869599999999997 0.26532 0.31630400000000003 0.267409 0.317391 0.267409 0.306522
3 0.284123 0.322826 0.283078 0.322826 0.281337 0.343478 0.286212 0.343478 0.285167 0.33913000000000004 0.284123 0.322826
3 0.30571000000000004 0.40869600000000006 0.305362 0.411957 0.316852 0.411957 0.316852 0.40869600000000006 0.31511100000000003 0.404348 0.312674 0.36739099999999997 0.310585 0.36739099999999997 0.308844 0.38587 0.308148 0.404348 0.307103 0.407609 0.30571000000000004 0.40869600000000006
3 0.22562700000000002 0.352174 0.224582 0.346739 0.224582 0.338043 0.22353800000000001 0.33260900000000004 0.22353800000000001 0.328261 0.22179700000000002 0.32717399999999996 0.2211 0.341304 0.220404 0.34565199999999996 0.220752 0.352174 0.22562700000000002 0.352174
3 0.195334 0.366304 0.20264600000000002 0.366304 0.20264600000000002 0.36413 0.201602 0.36413 0.20090499999999997 0.359783 0.199861 0.336957 0.19812000000000002 0.336957 0.197423 0.352174 0.196379 0.361957 0.195334 0.36413 0.195334 0.366304
3 0.43802199999999997 0.444565 0.437326 0.43587 0.435237 0.43587 0.43454 0.43260899999999997 0.432103 0.38913000000000003 0.429666 0.38913000000000003 0.42688 0.433696 0.424443 0.43587 0.424443 0.444565 0.43802199999999997 0.444565
3 0.22388599999999997 0.38587 0.22388599999999997 0.38260900000000003 0.222493 0.38152200000000003 0.22179700000000002 0.377174 0.220404 0.35 0.21831499999999998 0.35 0.21622599999999997 0.38043499999999997 0.214833 0.38260900000000003 0.21448499999999998 0.38587 0.22388599999999997 0.38587
1 0.92688 0.576087 0.9244429999999999 0.6010869999999999 0.923747 0.603261 0.9192199999999999 0.604348 0.918872 0.609783 0.918175 0.6119570000000001 0.913649 0.6119570000000001 0.913649 0.616304 0.9174789999999999 0.617391 0.919916 0.620652 0.9227019999999999 0.620652 0.9317550000000001 0.629348 0.950905 0.628261 0.950905 0.621739 0.949861 0.6195649999999999 0.949861 0.613043 0.944638 0.608696 0.9432449999999999 0.580435 0.9435930000000001 0.579348 0.9453340000000001 0.583696 0.9453340000000001 0.578261 0.9422010000000001 0.568478 0.937674 0.5108699999999999 0.932103 0.5108699999999999 0.9310579999999999 0.517391 0.9282730000000001 0.555435 0.92688 0.565217 0.92688 0.576087
1 0.797702 0.453261 0.796657 0.463043 0.796657 0.468478 0.7959609999999999 0.470652 0.793872 0.470652 0.793524 0.475 0.791435 0.475 0.791435 0.478261 0.798747 0.481522 0.8116300000000001 0.481522 0.8116300000000001 0.479348 0.8102370000000001 0.478261 0.8095399999999999 0.47391300000000003 0.807103 0.47282599999999997 0.8060579999999999 0.470652 0.803621 0.415217 0.8004870000000001 0.415217 0.799443 0.421739 0.799095 0.431522 0.797702 0.444565 0.797702 0.453261
1 0.7621870000000001 0.40869600000000006 0.761142 0.411957 0.7604460000000001 0.411957 0.7604460000000001 0.41413 0.771936 0.41413 0.7712399999999999 0.409783 0.7694989999999999 0.40869600000000006 0.7694989999999999 0.4 0.768802 0.397826 0.768802 0.392391 0.7681060000000001 0.38913000000000003 0.7681060000000001 0.378261 0.767409 0.375 0.765669 0.375 0.763928 0.397826 0.763928 0.40543500000000005 0.763231 0.40869600000000006 0.7621870000000001 0.40869600000000006
1 0.6427579999999999 0.421739 0.642061 0.425 0.641017 0.426087 0.641017 0.42934799999999995 0.654944 0.42934799999999995 0.654944 0.42717400000000005 0.653552 0.422826 0.6521589999999999 0.422826 0.651462 0.41956499999999997 0.651114 0.409783 0.6521589999999999 0.407609 0.65007 0.39891299999999996 0.649025 0.38260900000000003 0.646936 0.38260900000000003 0.6448470000000001 0.411957 0.6448470000000001 0.41956499999999997 0.64415 0.421739 0.6427579999999999 0.421739
1 0.649025 0.38152200000000003 0.649721 0.384783 0.6504179999999999 0.397826 0.6556409999999999 0.397826 0.6556409999999999 0.395652 0.6538999999999999 0.393478 0.653203 0.390217 0.6521589999999999 0.377174 0.651811 0.363043 0.649373 0.363043 0.649373 0.36956500000000003 0.6479809999999999 0.377174 0.648329 0.38152200000000003 0.649025 0.38152200000000003
1 0.556407 0.383696 0.5654600000000001 0.383696 0.564763 0.379348 0.5637190000000001 0.379348 0.5630219999999999 0.376087 0.56163 0.352174 0.560237 0.352174 0.558844 0.365217 0.558496 0.378261 0.557103 0.379348 0.556407 0.383696
1 0.490599 0.40108699999999997 0.490599 0.403261 0.502437 0.403261 0.501045 0.39891299999999996 0.49930399999999997 0.396739 0.49721399999999993 0.36413 0.495474 0.36413 0.494081 0.38043499999999997 0.494081 0.391304 0.49303600000000003 0.397826 0.490599 0.40108699999999997
1 0.501741 0.36956500000000003 0.501741 0.36739099999999997 0.500348 0.363043 0.49965200000000004 0.344565 0.49895500000000004 0.341304 0.497563 0.342391 0.496518 0.363043 0.497563 0.36413 0.49791100000000005 0.36956500000000003 0.501741 0.36956500000000003
1 0.5027860000000001 0.342391 0.502437 0.32934800000000003 0.501393 0.32934800000000003 0.500348 0.336957 0.5 0.348913 0.50383 0.348913 0.5027860000000001 0.342391
1 0.48433099999999996 0.356522 0.489206 0.357609 0.48955399999999993 0.355435 0.48851000000000006 0.353261 0.487465 0.333696 0.48607199999999995 0.333696 0.48537600000000003 0.342391 0.48537600000000003 0.352174 0.48433099999999996 0.354348 0.48433099999999996 0.356522
1 0.48328699999999997 0.319565 0.482242 0.333696 0.48502799999999996 0.333696 0.48433099999999996 0.319565 0.48328699999999997 0.319565
1 0.452646 0.31630400000000003 0.45194999999999996 0.31630400000000003 0.450905 0.328261 0.45369099999999996 0.328261 0.452646 0.320652 0.452646 0.31630400000000003
1 0.416783 0.311957 0.41608599999999996 0.311957 0.415042 0.323913 0.41782700000000006 0.323913 0.416783 0.318478 0.416783 0.311957
1 0.411212 0.307609 0.410515 0.31630400000000003 0.41260399999999997 0.31630400000000003 0.412256 0.30869599999999997 0.411212 0.307609
1 0.408774 0.340217 0.40773000000000004 0.33260900000000004 0.407382 0.321739 0.40598900000000004 0.322826 0.40529200000000004 0.336957 0.4039 0.340217 0.408774 0.340217
1 0.410515 0.330435 0.410864 0.328261 0.41016700000000006 0.326087 0.41016700000000006 0.319565 0.409123 0.318478 0.40842599999999996 0.322826 0.408078 0.33260900000000004 0.411212 0.333696 0.410515 0.330435
1 0.401462 0.307609 0.400418 0.30869599999999997 0.399721 0.318478 0.40181100000000003 0.318478 0.401462 0.307609
1 0.391365 0.30978300000000003 0.39066900000000004 0.320652 0.392758 0.320652 0.392409 0.30978300000000003 0.391365 0.30978300000000003
1 0.386838 0.31521699999999997 0.386142 0.31521699999999997 0.385446 0.318478 0.384749 0.32934800000000003 0.387883 0.32934800000000003 0.386838 0.31521699999999997
1 0.379526 0.346739 0.378482 0.338043 0.378134 0.326087 0.376741 0.326087 0.376045 0.341304 0.375 0.344565 0.375 0.346739 0.379526 0.346739
1 0.354457 0.311957 0.353412 0.311957 0.35201899999999997 0.325 0.355153 0.325 0.354457 0.320652 0.354457 0.311957
1 0.33286899999999997 0.31087 0.332173 0.321739 0.334262 0.321739 0.333565 0.31087 0.33286899999999997 0.31087
1 0.336351 0.36847799999999997 0.343315 0.36847799999999997 0.341574 0.36086999999999997 0.34052899999999997 0.340217 0.338788 0.340217 0.338092 0.361957 0.337396 0.365217 0.336351 0.365217 0.336351 0.36847799999999997
1 0.333565 0.356522 0.337744 0.356522 0.337744 0.341304 0.337047 0.336957 0.337047 0.331522 0.335306 0.33260900000000004 0.33460999999999996 0.347826 0.333565 0.353261 0.333565 0.356522
1 0.388928 0.384783 0.388928 0.388043 0.399025 0.388043 0.398677 0.38587 0.396588 0.38260900000000003 0.394847 0.352174 0.393106 0.352174 0.392409 0.36413 0.391713 0.366304 0.391713 0.38152200000000003 0.388928 0.384783