3 0.586003 0.392391 0.594011 0.392391 0.594011 0.390217 0.593315 0.390217 0.59227 0.386957 0.591574 0.36956500000000003 0.590529 0.361957 0.589485 0.36086999999999997 0.5884400000000001 0.36739099999999997 0.587396 0.383696 0.586003 0.38913000000000003 0.586003 0.392391
3 0.634401 0.48586999999999997 0.631964 0.492391 0.631964 0.494565 0.638928 0.497826 0.65007 0.496739 0.6525070000000001 0.494565 0.651462 0.49347799999999997 0.65007 0.48695700000000003 0.647284 0.484783 0.646588 0.465217 0.645543 0.457609 0.6448470000000001 0.43587 0.64415 0.43478300000000003 0.64415 0.42934799999999995 0.643454 0.426087 0.641017 0.426087 0.639624 0.44782599999999995 0.638231 0.45869600000000005 0.636142 0.484783 0.634401 0.48586999999999997
1 0.793872 0.415217 0.80571 0.415217 0.80571 0.411957 0.8046659999999999 0.411957 0.8029249999999999 0.407609 0.802228 0.378261 0.8015319999999999 0.376087 0.79805 0.377174 0.797006 0.403261 0.795613 0.409783 0.793872 0.411957 0.793872 0.415217
3 0.6845399999999999 0.41956499999999997 0.683844 0.43695700000000004 0.681407 0.43804299999999996 0.68071 0.44021699999999997 0.68071 0.443478 0.685933 0.446739 0.6939420000000001 0.446739 0.6946380000000001 0.444565 0.6946380000000001 0.44021699999999997 0.692549 0.43695700000000004 0.692897 0.431522 0.691852 0.42934799999999995 0.691504 0.409783 0.689763 0.404348 0.689763 0.393478 0.6869780000000001 0.393478 0.6869780000000001 0.396739 0.6862809999999999 0.397826 0.685585 0.415217 0.6845399999999999 0.41956499999999997
3 0.627089 0.40869600000000006 0.627089 0.41086999999999996 0.6371870000000001 0.411957 0.637883 0.407609 0.635794 0.406522 0.635097 0.392391 0.633357 0.38043499999999997 0.633705 0.373913 0.631964 0.372826 0.630223 0.39891299999999996 0.629178 0.406522 0.628482 0.40869600000000006 0.627089 0.40869600000000006
1 0.674791 0.353261 0.67305 0.353261 0.672006 0.370652 0.670613 0.379348 0.678273 0.379348 0.674791 0.353261
1 0.89624 0.45 0.89624 0.452174 0.911908 0.453261 0.912256 0.45108699999999996 0.9094709999999999 0.44782599999999995 0.9084260000000001 0.441304 0.9084260000000001 0.43260899999999997 0.9077299999999999 0.431522 0.907033 0.42391300000000004 0.907033 0.404348 0.9063370000000001 0.40108699999999997 0.905292 0.4 0.902507 0.4 0.901114 0.403261 0.9004179999999999 0.431522 0.899025 0.44021699999999997 0.89624 0.45
1 0.71727 0.393478 0.72493 0.393478 0.72493 0.391304 0.723538 0.388043 0.723189 0.376087 0.7224929999999999 0.372826 0.721797 0.361957 0.719708 0.361957 0.719708 0.36847799999999997 0.718663 0.375 0.718663 0.38043499999999997 0.71727 0.393478
3 0.487465 0.5380429999999999 0.486421 0.55 0.486421 0.556522 0.485724 0.56087 0.48607199999999995 0.569565 0.48537600000000003 0.572826 0.48537600000000003 0.578261 0.48468 0.580435 0.48433099999999996 0.5869570000000001 0.481546 0.596739 0.479805 0.596739 0.47876 0.6 0.47736799999999996 0.6 0.47736799999999996 0.604348 0.476323 0.606522 0.48015299999999994 0.6119570000000001 0.481198 0.615217 0.482242 0.615217 0.48328699999999997 0.618478 0.5027860000000001 0.616304 0.508008 0.613043 0.508357 0.61087 0.507312 0.607609 0.505919 0.607609 0.504526 0.603261 0.504875 0.597826 0.501741 0.596739 0.5 0.593478 0.49860699999999997 0.576087 0.49860699999999997 0.56413 0.496866 0.544565 0.496866 0.534783 0.495474 0.526087 0.495125 0.511957 0.494081 0.504348 0.49268799999999996 0.5 0.491643 0.5 0.49129500000000004 0.502174 0.490599 0.5 0.48955399999999993 0.5 0.48851000000000006 0.503261 0.488858 0.5108699999999999 0.488162 0.511957 0.487465 0.5380429999999999
3 0.5654600000000001 0.373913 0.564067 0.372826 0.562326 0.36739099999999997 0.56337 0.365217 0.56337 0.361957 0.562326 0.359783 0.562326 0.355435 0.5612809999999999 0.352174 0.5595399999999999 0.353261 0.5595399999999999 0.366304 0.557103 0.375 0.5630219999999999 0.376087 0.5654600000000001 0.373913
3 0.577646 0.36086999999999997 0.575905 0.365217 0.575905 0.36739099999999997 0.5825210000000001 0.366304 0.581476 0.36086999999999997 0.581476 0.354348 0.580432 0.34565199999999996 0.579735 0.34565199999999996 0.579735 0.347826 0.577646 0.356522 0.577646 0.36086999999999997
3 0.594011 0.346739 0.595752 0.346739 0.597145 0.344565 0.5961000000000001 0.342391 0.595404 0.33587 0.595404 0.328261 0.5943590000000001 0.328261 0.5943590000000001 0.33587 0.592967 0.340217 0.592967 0.343478 0.594011 0.346739
3 0.584958 0.338043 0.583217 0.32717399999999996 0.5825210000000001 0.328261 0.581825 0.338043 0.5842620000000001 0.33913000000000004 0.584958 0.338043
3 0.624304 0.331522 0.627437 0.331522 0.627089 0.320652 0.626045 0.320652 0.625 0.323913 0.625 0.32934800000000003 0.624304 0.331522
1 0.7075210000000001 0.365217 0.707869 0.363043 0.7071729999999999 0.361957 0.706476 0.355435 0.706476 0.344565 0.7057800000000001 0.341304 0.704735 0.341304 0.703343 0.346739 0.703691 0.359783 0.702994 0.365217 0.7075210000000001 0.365217
1 0.715529 0.354348 0.714485 0.352174 0.7134400000000001 0.340217 0.712047 0.33913000000000004 0.712047 0.343478 0.710306 0.357609 0.715529 0.358696 0.715529 0.354348
1 0.884053 0.370652 0.883357 0.366304 0.883008 0.347826 0.881616 0.346739 0.881267 0.356522 0.878134 0.371739 0.885097 0.372826 0.884053 0.370652
1 0.8467969999999999 0.357609 0.8461000000000001 0.343478 0.845404 0.343478 0.8440110000000001 0.35 0.8436629999999999 0.361957 0.847493 0.361957 0.8467969999999999 0.357609
1 0.820682 0.340217 0.819638 0.336957 0.8185930000000001 0.338043 0.8172010000000001 0.356522 0.820682 0.355435 0.820682 0.340217
1 0.79805 0.333696 0.795613 0.352174 0.799443 0.352174 0.799095 0.33913000000000004 0.79805 0.333696
1 0.6580779999999999 0.326087 0.656685 0.33913000000000004 0.6598189999999999 0.340217 0.659471 0.330435 0.6580779999999999 0.326087
3 0.923747 0.365217 0.92688 0.365217 0.9279249999999999 0.361957 0.9261839999999999 0.352174 0.9261839999999999 0.342391 0.9247909999999999 0.344565 0.924095 0.356522 0.9227019999999999 0.36086999999999997 0.923747 0.365217
3 0.8844010000000001 0.356522 0.8889279999999999 0.357609 0.8896240000000001 0.356522 0.8896240000000001 0.352174 0.888231 0.344565 0.8878830000000001 0.338043 0.886838 0.338043 0.885794 0.342391 0.885794 0.348913 0.884749 0.35108700000000004 0.8844010000000001 0.356522
3 0.8610720000000001 0.341304 0.8589829999999999 0.33587 0.857242 0.347826 0.8593310000000001 0.35 0.861769 0.35 0.8610720000000001 0.341304
3 0.836699 0.344565 0.8353059999999999 0.330435 0.83461 0.331522 0.8325210000000001 0.344565 0.833217 0.346739 0.836699 0.344565
3 0.8116300000000001 0.340217 0.812674 0.342391 0.8165039999999999 0.342391 0.8165039999999999 0.340217 0.815808 0.33913000000000004 0.8147629999999999 0.325 0.8137190000000001 0.328261 0.8137190000000001 0.33260900000000004 0.8116300000000001 0.336957 0.8116300000000001 0.340217
3 0.609331 0.354348 0.608635 0.359783 0.6145539999999999 0.359783 0.6145539999999999 0.356522 0.613858 0.355435 0.612465 0.346739 0.612117 0.33913000000000004 0.611769 0.344565 0.610724 0.346739 0.610376 0.352174 0.609331 0.354348
3 0.613858 0.35108700000000004 0.615251 0.35108700000000004 0.615947 0.347826 0.614903 0.344565 0.6145539999999999 0.331522 0.6128129999999999 0.33260900000000004 0.612465 0.33587 0.6128129999999999 0.346739 0.613858 0.35108700000000004
3 0.633008 0.355435 0.63649 0.355435 0.63649 0.348913 0.6354460000000001 0.336957 0.634401 0.338043 0.633357 0.35 0.632312 0.353261 0.633008 0.355435
1 0.6880219999999999 0.371739 0.6939420000000001 0.372826 0.693593 0.36956500000000003 0.6922010000000001 0.366304 0.692549 0.356522 0.691852 0.35 0.690808 0.346739 0.689763 0.346739 0.6887190000000001 0.35 0.689067 0.363043 0.6887190000000001 0.36956500000000003 0.6880219999999999 0.371739
1 0.9352370000000001 0.38043499999999997 0.934192 0.373913 0.9334960000000001 0.356522 0.9314069999999999 0.357609 0.93071 0.36086999999999997 0.928969 0.38152200000000003 0.9352370000000001 0.38043499999999997
1 0.781337 0.334783 0.780292 0.333696 0.779944 0.33913000000000004 0.778552 0.344565 0.78273 0.344565 0.781337 0.334783
1 0.763231 0.330435 0.7621870000000001 0.342391 0.764972 0.342391 0.764972 0.33913000000000004 0.763231 0.330435
1 0.750696 0.325 0.75 0.322826 0.749304 0.326087 0.748607 0.338043 0.751393 0.336957 0.750696 0.325
1 0.6862809999999999 0.352174 0.68837 0.352174 0.68837 0.35 0.689415 0.347826 0.689067 0.338043 0.68837 0.333696 0.687326 0.336957 0.68663 0.348913 0.685585 0.35108700000000004 0.6862809999999999 0.352174
1 0.665042 0.344565 0.663649 0.338043 0.662953 0.32934800000000003 0.662256 0.32934800000000003 0.662256 0.334783 0.660864 0.347826 0.664694 0.348913 0.665042 0.344565
1 0.666086 0.341304 0.666435 0.33913000000000004 0.6657379999999999 0.323913 0.663649 0.32934800000000003 0.663649 0.334783 0.664694 0.341304 0.666086 0.341304
3 0.7729809999999999 0.328261 0.771936 0.321739 0.7712399999999999 0.320652 0.770195 0.32717399999999996 0.770195 0.334783 0.7729809999999999 0.334783 0.7729809999999999 0.328261