1 0.257312 0.506522 0.256616 0.511957 0.25626699999999997 0.546739 0.25522300000000003 0.55 0.254526 0.557609 0.250696 0.561957 0.24965199999999999 0.567391 0.248259 0.570652 0.244081 0.571739 0.244081 0.575 0.24617 0.578261 0.24860699999999997 0.579348 0.24930400000000003 0.581522 0.25243699999999997 0.5826089999999999 0.253134 0.584783 0.272632 0.584783 0.274025 0.580435 0.275766 0.580435 0.27715900000000004 0.5771740000000001 0.279596 0.578261 0.28098900000000004 0.575 0.28098900000000004 0.556522 0.279944 0.553261 0.276114 0.551087 0.274721 0.544565 0.274025 0.5336960000000001 0.27124000000000004 0.509783 0.270543 0.497826 0.269847 0.494565 0.269847 0.48586999999999997 0.26915 0.483696 0.268106 0.46087 0.266365 0.44239100000000003 0.26566900000000004 0.44021699999999997 0.259401 0.44021699999999997 0.258705 0.443478 0.258008 0.45869600000000005 0.258008 0.48913 0.257312 0.506522
1 0.157382 0.404348 0.15668500000000002 0.406522 0.15668500000000002 0.41413 0.175487 0.41304299999999994 0.175487 0.40217400000000003 0.17304999999999998 0.4 0.172006 0.394565 0.172006 0.390217 0.16921999999999998 0.36847799999999997 0.16921999999999998 0.357609 0.166783 0.338043 0.162953 0.338043 0.16155999999999998 0.352174 0.160167 0.40108699999999997 0.159471 0.404348 0.157382 0.404348
1 0.21518099999999998 0.33260900000000004 0.215877 0.32934800000000003 0.21796700000000002 0.33260900000000004 0.22597499999999998 0.33260900000000004 0.226323 0.325 0.225279 0.325 0.22388599999999997 0.318478 0.22388599999999997 0.311957 0.22214499999999998 0.296739 0.22179700000000002 0.284783 0.21901099999999998 0.283696 0.21831499999999998 0.288043 0.216922 0.323913 0.21344 0.33260900000000004 0.21518099999999998 0.33260900000000004
1 0.40424800000000005 0.25760900000000003 0.40250700000000006 0.248913 0.401462 0.228261 0.399721 0.228261 0.398677 0.253261 0.397284 0.25543499999999997 0.397284 0.25760900000000003 0.40424800000000005 0.25760900000000003
1 0.600279 0.22282600000000002 0.5995820000000001 0.21739099999999997 0.598886 0.203261 0.597145 0.203261 0.596448 0.22282600000000002 0.595056 0.227174 0.601671 0.227174 0.600279 0.22282600000000002
1 0.685933 0.220652 0.691852 0.220652 0.692549 0.218478 0.691156 0.21413000000000001 0.6904600000000001 0.20760900000000002 0.6904600000000001 0.198913 0.6887190000000001 0.196739 0.68837 0.203261 0.687326 0.20760900000000002 0.687326 0.21739099999999997 0.685933 0.220652
1 0.81929 0.21739099999999997 0.817897 0.21086999999999997 0.8168519999999999 0.2 0.8168519999999999 0.192391 0.8151109999999999 0.192391 0.814067 0.202174 0.814067 0.209783 0.812674 0.21739099999999997 0.81929 0.21739099999999997
3 0.533426 0.375 0.532033 0.393478 0.531337 0.395652 0.5288999999999999 0.396739 0.528203 0.40108699999999997 0.526811 0.40217400000000003 0.526811 0.404348 0.530292 0.409783 0.5407379999999999 0.409783 0.5504870000000001 0.407609 0.5504870000000001 0.40543500000000005 0.549791 0.40543500000000005 0.548747 0.40217400000000003 0.547702 0.395652 0.545613 0.394565 0.544568 0.391304 0.543175 0.372826 0.5428270000000001 0.356522 0.541086 0.341304 0.54039 0.323913 0.539345 0.320652 0.536212 0.320652 0.535515 0.323913 0.5348189999999999 0.34565199999999996 0.533426 0.359783 0.533426 0.375
3 0.39415 0.35108700000000004 0.39415 0.357609 0.40947100000000003 0.357609 0.409819 0.355435 0.408774 0.353261 0.408774 0.35 0.406337 0.347826 0.405641 0.343478 0.4039 0.313043 0.403203 0.30869599999999997 0.402855 0.294565 0.402159 0.29239099999999996 0.399373 0.293478 0.396588 0.338043 0.396588 0.348913 0.395891 0.35108700000000004 0.39415 0.35108700000000004
3 0.387883 0.31413 0.387883 0.30978300000000003 0.386142 0.305435 0.38509699999999997 0.298913 0.383008 0.265217 0.380571 0.265217 0.378482 0.30869599999999997 0.37639300000000003 0.31087 0.37639300000000003 0.31413 0.387883 0.31413
3 0.421657 0.283696 0.421657 0.27934800000000004 0.420265 0.277174 0.41922 0.268478 0.418175 0.24782600000000002 0.417479 0.244565 0.41608599999999996 0.244565 0.413997 0.278261 0.41260399999999997 0.280435 0.41260399999999997 0.283696 0.421657 0.283696
3 0.48015299999999994 0.258696 0.479457 0.258696 0.47876 0.254348 0.477019 0.22934800000000002 0.47492999999999996 0.22934800000000002 0.473886 0.251087 0.47249299999999994 0.26087 0.48015299999999994 0.26087 0.48015299999999994 0.258696
3 0.543524 0.24673899999999999 0.549791 0.24673899999999999 0.548747 0.236957 0.548747 0.22934800000000002 0.547702 0.22391299999999997 0.547702 0.218478 0.546309 0.21739099999999997 0.545613 0.219565 0.544916 0.24021699999999999 0.5442199999999999 0.24130400000000002 0.543524 0.24673899999999999
3 0.628482 0.23586999999999997 0.628482 0.233696 0.6277860000000001 0.232609 0.627437 0.219565 0.626393 0.213043 0.626393 0.208696 0.625 0.209783 0.623607 0.232609 0.6222139999999999 0.23586999999999997 0.628482 0.23586999999999997
3 0.697423 0.215217 0.697423 0.22391299999999997 0.696031 0.231522 0.702298 0.231522 0.701253 0.225 0.701253 0.215217 0.700209 0.208696 0.700209 0.203261 0.699164 0.203261 0.698468 0.206522 0.6981200000000001 0.213043 0.697423 0.215217
3 0.796657 0.230435 0.8032730000000001 0.230435 0.802577 0.226087 0.8015319999999999 0.203261 0.800836 0.20108700000000002 0.799791 0.20108700000000002 0.799095 0.20434800000000003 0.7983979999999999 0.221739 0.796657 0.228261 0.796657 0.230435
3 0.8743040000000001 0.40217400000000003 0.8722139999999999 0.417391 0.871866 0.426087 0.8673400000000001 0.428261 0.866295 0.433696 0.86351 0.433696 0.86351 0.43695700000000004 0.8673400000000001 0.446739 0.87117 0.448913 0.898677 0.448913 0.898677 0.446739 0.8948470000000001 0.441304 0.8948470000000001 0.43587 0.893802 0.43260899999999997 0.89032 0.42934799999999995 0.889972 0.425 0.8892760000000001 0.42391300000000004 0.888231 0.390217 0.886838 0.371739 0.885794 0.36739099999999997 0.884749 0.341304 0.884053 0.338043 0.878482 0.336957 0.8777860000000001 0.341304 0.877089 0.36956500000000003 0.874652 0.388043 0.8743040000000001 0.40217400000000003
3 0.9157379999999999 0.23478300000000002 0.9157379999999999 0.230435 0.914345 0.227174 0.913997 0.216304 0.9129530000000001 0.20434800000000003 0.912256 0.202174 0.9108639999999999 0.202174 0.9094709999999999 0.216304 0.9091229999999999 0.22934800000000002 0.9073819999999999 0.23478300000000002 0.9157379999999999 0.23478300000000002
1 0.302925 0.280435 0.30188000000000004 0.283696 0.30188000000000004 0.286957 0.30954000000000004 0.286957 0.310585 0.283696 0.308496 0.277174 0.307799 0.26087 0.307103 0.258696 0.306755 0.251087 0.305362 0.251087 0.303969 0.261957 0.303969 0.268478 0.303273 0.271739 0.302925 0.280435
1 0.496866 0.24021699999999999 0.496866 0.23586999999999997 0.49791100000000005 0.23478300000000002 0.498259 0.236957 0.497563 0.23913 0.501045 0.24021699999999999 0.501045 0.236957 0.49965200000000004 0.23478300000000002 0.49965200000000004 0.231522 0.49895500000000004 0.22934800000000002 0.49860699999999997 0.216304 0.49791100000000005 0.213043 0.49721399999999993 0.213043 0.496518 0.216304 0.49617000000000006 0.233696 0.495474 0.23913 0.496866 0.24021699999999999