3 0.161212 0.61087 0.15772999999999998 0.651087 0.157382 0.661957 0.154944 0.68913 0.153203 0.717391 0.146936 0.725 0.145891 0.728261 0.14519500000000002 0.7391300000000001 0.143454 0.743478 0.142061 0.7445649999999999 0.140669 0.748913 0.140669 0.7554350000000001 0.179318 0.7554350000000001 0.187326 0.741304 0.190808 0.732609 0.19046000000000002 0.727174 0.187674 0.7260869999999999 0.18453999999999998 0.7163039999999999 0.182799 0.71413 0.180362 0.71413 0.178969 0.709783 0.170961 0.583696 0.168872 0.581522 0.165042 0.581522 0.162604 0.58587 0.161212 0.61087
3 0.464485 0.5380429999999999 0.46309199999999995 0.554348 0.462047 0.556522 0.45960999999999996 0.557609 0.459262 0.563043 0.458565 0.565217 0.456128 0.5663039999999999 0.456128 0.569565 0.462744 0.573913 0.475279 0.575 0.48433099999999996 0.570652 0.483983 0.5663039999999999 0.481198 0.56413 0.481198 0.557609 0.47736799999999996 0.555435 0.47318899999999997 0.49565200000000004 0.47249299999999994 0.47717400000000004 0.468663 0.47717400000000004 0.467618 0.484783 0.466922 0.502174 0.465181 0.517391 0.464485 0.5380429999999999
3 0.664345 0.5054350000000001 0.663649 0.509783 0.6633009999999999 0.5195649999999999 0.6598189999999999 0.520652 0.6598189999999999 0.526087 0.6580779999999999 0.527174 0.65773 0.532609 0.664345 0.532609 0.666086 0.534783 0.6793180000000001 0.5336960000000001 0.679666 0.528261 0.6786209999999999 0.528261 0.677925 0.5239130000000001 0.675836 0.522826 0.674791 0.5195649999999999 0.67305 0.496739 0.671309 0.457609 0.6674789999999999 0.457609 0.666783 0.47282599999999997 0.66539 0.479348 0.663649 0.497826 0.664345 0.5054350000000001
3 0.903552 0.506522 0.9042479999999999 0.508696 0.903552 0.521739 0.9021589999999999 0.525 0.899373 0.526087 0.899373 0.528261 0.897981 0.530435 0.897981 0.5336960000000001 0.9004179999999999 0.536957 0.9209609999999999 0.540217 0.9192199999999999 0.536957 0.9195679999999999 0.531522 0.918872 0.528261 0.9164350000000001 0.528261 0.9157379999999999 0.526087 0.9146940000000001 0.501087 0.913301 0.48804299999999995 0.9129530000000001 0.47282599999999997 0.912256 0.46630399999999994 0.908774 0.46630399999999994 0.9066850000000001 0.483696 0.905292 0.48913 0.903552 0.501087 0.903552 0.506522
1 0.932103 0.733696 0.927577 0.7880429999999999 0.925836 0.791304 0.923398 0.791304 0.918872 0.794565 0.918175 0.803261 0.9108639999999999 0.803261 0.910515 0.809783 0.916086 0.818478 0.9192199999999999 0.8206519999999999 0.92688 0.831522 0.935585 0.840217 0.9401109999999999 0.843478 0.950905 0.843478 0.950905 0.684783 0.9488160000000001 0.6543479999999999 0.9467269999999999 0.652174 0.940808 0.652174 0.939067 0.655435 0.9380219999999999 0.659783 0.933844 0.718478 0.932103 0.733696
0 0.766017 0.396739 0.7729809999999999 0.397826 0.7712399999999999 0.386957 0.770543 0.36956500000000003 0.768802 0.36847799999999997 0.767061 0.386957 0.767061 0.392391 0.766017 0.393478 0.766017 0.396739
0 0.613858 0.392391 0.614903 0.392391 0.615599 0.390217 0.617688 0.390217 0.617688 0.36956500000000003 0.610724 0.36847799999999997 0.610724 0.388043 0.611769 0.390217 0.613162 0.390217 0.613858 0.392391
0 0.6692199999999999 0.38913000000000003 0.675836 0.38913000000000003 0.674443 0.38043499999999997 0.673747 0.36413 0.672006 0.363043 0.6709609999999999 0.36956500000000003 0.670265 0.384783 0.6692199999999999 0.38587 0.6692199999999999 0.38913000000000003
0 0.495125 0.33260900000000004 0.495125 0.330435 0.494081 0.328261 0.493384 0.30869599999999997 0.49199200000000004 0.307609 0.49094699999999997 0.328261 0.489903 0.330435 0.489903 0.33260900000000004 0.495125 0.33260900000000004
0 0.9004179999999999 0.395652 0.90007 0.418478 0.908774 0.417391 0.9084260000000001 0.395652 0.9004179999999999 0.395652
0 0.898677 0.40217400000000003 0.897981 0.40543500000000005 0.896936 0.40543500000000005 0.896936 0.40869600000000006 0.8997210000000001 0.40869600000000006 0.90007 0.395652 0.900766 0.393478 0.9032030000000001 0.393478 0.9032030000000001 0.383696 0.9021589999999999 0.379348 0.901114 0.379348 0.9004179999999999 0.384783 0.899025 0.386957 0.898677 0.40217400000000003