3 0.224234 0.782609 0.22005599999999997 0.834783 0.21970800000000001 0.846739 0.25243699999999997 0.846739 0.25243699999999997 0.840217 0.250696 0.821739 0.247214 0.7695649999999999 0.244429 0.740217 0.243384 0.722826 0.24129499999999998 0.704348 0.24129499999999998 0.695652 0.240599 0.692391 0.237813 0.690217 0.232242 0.6913039999999999 0.22980499999999998 0.7 0.228412 0.723913 0.22562700000000002 0.754348 0.224234 0.782609
3 0.288649 0.5380429999999999 0.288649 0.543478 0.289694 0.548913 0.310237 0.5478259999999999 0.310933 0.545652 0.310585 0.53587 0.307103 0.5336960000000001 0.306058 0.527174 0.306058 0.517391 0.304666 0.502174 0.303969 0.48043500000000006 0.302577 0.459783 0.301532 0.45543500000000003 0.298747 0.45543500000000003 0.297354 0.45869600000000005 0.292827 0.532609 0.289694 0.534783 0.288649 0.5380429999999999
3 0.314763 0.433696 0.31337000000000004 0.43804299999999996 0.31337000000000004 0.44239100000000003 0.314067 0.44565200000000005 0.322772 0.446739 0.323816 0.443478 0.323816 0.43913 0.322075 0.43478300000000003 0.321727 0.421739 0.320682 0.415217 0.320682 0.406522 0.319638 0.40108699999999997 0.319638 0.396739 0.31754899999999997 0.394565 0.316852 0.397826 0.31545999999999996 0.426087 0.314763 0.42934799999999995 0.314763 0.433696
3 0.39832900000000004 0.418478 0.396588 0.418478 0.396936 0.422826 0.40703300000000003 0.422826 0.40773000000000004 0.418478 0.405641 0.418478 0.40494399999999997 0.41630399999999995 0.403552 0.38260900000000003 0.401462 0.38043499999999997 0.399721 0.407609 0.399025 0.41086999999999996 0.399025 0.41630399999999995 0.39832900000000004 0.418478
3 0.502437 0.394565 0.504875 0.4 0.50766 0.4 0.510794 0.396739 0.508705 0.390217 0.507312 0.366304 0.506616 0.36413 0.505571 0.36956500000000003 0.504526 0.386957 0.50383 0.391304 0.502437 0.394565
3 0.579735 0.357609 0.578343 0.355435 0.575209 0.38587 0.5821729999999999 0.38587 0.581128 0.38043499999999997 0.579735 0.357609
3 0.6733979999999999 0.38260900000000003 0.680014 0.38260900000000003 0.6803619999999999 0.38043499999999997 0.679666 0.38043499999999997 0.6786209999999999 0.376087 0.6786209999999999 0.36847799999999997 0.677228 0.357609 0.676532 0.357609 0.675836 0.366304 0.6751389999999999 0.36847799999999997 0.6751389999999999 0.377174 0.6733979999999999 0.38260900000000003
1 0.9174789999999999 0.73587 0.9164350000000001 0.743478 0.916086 0.7554350000000001 0.915042 0.7630429999999999 0.915042 0.772826 0.912604 0.793478 0.911908 0.807609 0.9077299999999999 0.816304 0.902507 0.816304 0.900766 0.818478 0.90007 0.8228260000000001 0.90007 0.8391299999999999 0.899373 0.846739 0.950905 0.846739 0.9505570000000001 0.834783 0.9467269999999999 0.8304349999999999 0.9453340000000001 0.827174 0.9432449999999999 0.777174 0.9418519999999999 0.766304 0.941156 0.746739 0.9401109999999999 0.738043 0.939415 0.721739 0.937674 0.705435 0.937674 0.6913039999999999 0.9369780000000001 0.686957 0.9366300000000001 0.676087 0.9369780000000001 0.666304 0.9310579999999999 0.66087 0.9227019999999999 0.66087 0.9213089999999999 0.670652 0.9209609999999999 0.6836960000000001 0.9192199999999999 0.701087 0.9174789999999999 0.73587
1 0.6768799999999999 0.572826 0.676532 0.583696 0.674791 0.588043 0.6733979999999999 0.588043 0.671309 0.5913039999999999 0.6709609999999999 0.5956520000000001 0.6674789999999999 0.596739 0.667131 0.598913 0.669916 0.603261 0.6709609999999999 0.603261 0.672354 0.606522 0.6751389999999999 0.6054350000000001 0.678969 0.608696 0.689067 0.609783 0.6922010000000001 0.608696 0.692897 0.606522 0.700209 0.604348 0.700557 0.602174 0.699164 0.602174 0.696727 0.597826 0.696727 0.592391 0.691504 0.5869570000000001 0.690111 0.5663039999999999 0.687326 0.5 0.681407 0.5 0.6803619999999999 0.525 0.6786209999999999 0.545652 0.6786209999999999 0.554348 0.6768799999999999 0.572826
1 0.580084 0.453261 0.5943590000000001 0.453261 0.5943590000000001 0.45108699999999996 0.591226 0.44239100000000003 0.588788 0.404348 0.5866990000000001 0.403261 0.583565 0.441304 0.5821729999999999 0.446739 0.580084 0.45 0.580084 0.453261
1 0.634749 0.428261 0.634749 0.425 0.633357 0.422826 0.631616 0.411957 0.631267 0.391304 0.630223 0.386957 0.628134 0.388043 0.626393 0.41956499999999997 0.624304 0.42391300000000004 0.624304 0.42717400000000005 0.634749 0.428261
1 0.712744 0.41086999999999996 0.710655 0.404348 0.70961 0.379348 0.707869 0.378261 0.706825 0.386957 0.706128 0.404348 0.703691 0.41086999999999996 0.712744 0.41086999999999996
1 0.756267 0.44239100000000003 0.768802 0.443478 0.768802 0.441304 0.7681060000000001 0.441304 0.766017 0.43587 0.765669 0.420652 0.764276 0.403261 0.763579 0.4 0.762535 0.4 0.76149 0.40217400000000003 0.759401 0.43478300000000003 0.758357 0.43587 0.756267 0.44239100000000003
1 0.7959609999999999 0.478261 0.7983979999999999 0.48043500000000006 0.8084960000000001 0.48260899999999995 0.810933 0.479348 0.8112809999999999 0.476087 0.8095399999999999 0.475 0.8081480000000001 0.471739 0.8077989999999999 0.454348 0.8064069999999999 0.441304 0.80571 0.425 0.803969 0.42391300000000004 0.802228 0.428261 0.8011839999999999 0.45108699999999996 0.799443 0.471739 0.7959609999999999 0.478261
1 0.9369780000000001 0.49565200000000004 0.9366300000000001 0.5108699999999999 0.9345399999999999 0.536957 0.93071 0.53913 0.9296659999999999 0.543478 0.927577 0.544565 0.927577 0.5478259999999999 0.929318 0.55 0.9348890000000001 0.55 0.942897 0.553261 0.950905 0.553261 0.950905 0.5423910000000001 0.949164 0.541304 0.9484680000000001 0.5380429999999999 0.94429 0.475 0.9432449999999999 0.47282599999999997 0.9387190000000001 0.47391300000000003 0.9383699999999999 0.483696 0.937674 0.48586999999999997 0.937674 0.49130399999999996 0.9369780000000001 0.49565200000000004
3 0.763231 0.373913 0.76149 0.383696 0.7677579999999999 0.383696 0.7677579999999999 0.38152200000000003 0.766713 0.379348 0.766017 0.375 0.766017 0.361957 0.76532 0.358696 0.764276 0.358696 0.763579 0.365217 0.762535 0.36739099999999997 0.762535 0.371739 0.763231 0.373913
1 0.800139 0.406522 0.800139 0.404348 0.7983979999999999 0.39891299999999996 0.797354 0.377174 0.795613 0.376087 0.794568 0.38260900000000003 0.793524 0.40108699999999997 0.791783 0.40543500000000005 0.800139 0.406522
3 0.8151109999999999 0.376087 0.814415 0.36956500000000003 0.814067 0.358696 0.812326 0.357609 0.810933 0.379348 0.8154600000000001 0.38043499999999997 0.815808 0.377174 0.8151109999999999 0.376087
1 0.866992 0.4 0.866992 0.40217400000000003 0.868384 0.404348 0.873607 0.404348 0.874652 0.40217400000000003 0.874652 0.4 0.872911 0.394565 0.871866 0.376087 0.870474 0.375 0.869429 0.379348 0.868733 0.395652 0.868036 0.39891299999999996 0.866992 0.4
3 0.852716 0.375 0.852019 0.372826 0.852019 0.36413 0.851323 0.358696 0.84993 0.358696 0.849234 0.36413 0.849234 0.372826 0.8485379999999999 0.375 0.852716 0.375
3 0.8638579999999999 0.371739 0.868733 0.371739 0.867688 0.36956500000000003 0.866992 0.354348 0.865947 0.354348 0.8655989999999999 0.363043 0.864903 0.36413 0.864554 0.36956500000000003 0.8638579999999999 0.371739
1 0.940808 0.38260900000000003 0.9401109999999999 0.36739099999999997 0.939067 0.36739099999999997 0.937674 0.376087 0.937326 0.38913000000000003 0.9418519999999999 0.38913000000000003 0.940808 0.38260900000000003
1 0.922006 0.394565 0.920613 0.383696 0.920613 0.379348 0.9195679999999999 0.378261 0.918872 0.371739 0.917827 0.376087 0.917131 0.390217 0.916086 0.394565 0.922006 0.394565
1 0.9195679999999999 0.431522 0.9227019999999999 0.431522 0.9244429999999999 0.426087 0.9230499999999999 0.422826 0.922006 0.41630399999999995 0.9216570000000001 0.406522 0.919916 0.395652 0.9192199999999999 0.395652 0.918524 0.397826 0.917131 0.41956499999999997 0.913649 0.42717400000000005 0.9195679999999999 0.431522
3 0.8948470000000001 0.370652 0.896588 0.36739099999999997 0.894499 0.356522 0.894499 0.352174 0.893454 0.35108700000000004 0.892758 0.365217 0.891713 0.36847799999999997 0.8931060000000001 0.370652 0.8948470000000001 0.370652
3 0.94812 0.372826 0.945682 0.355435 0.9453340000000001 0.365217 0.9432449999999999 0.371739 0.946031 0.373913 0.94812 0.372826