1 0.672702 0.504348 0.669568 0.541304 0.668872 0.543478 0.665042 0.545652 0.664345 0.5478259999999999 0.664694 0.559783 0.666783 0.568478 0.691852 0.570652 0.691852 0.567391 0.690111 0.56413 0.690111 0.553261 0.68837 0.548913 0.6862809999999999 0.5478259999999999 0.685585 0.5423910000000001 0.683148 0.46956499999999995 0.683496 0.45869600000000005 0.681755 0.45543500000000003 0.677925 0.45543500000000003 0.6754870000000001 0.484783 0.674095 0.490217 0.674095 0.494565 0.672702 0.504348
1 0.696727 0.456522 0.698816 0.459783 0.705084 0.46413000000000004 0.713788 0.463043 0.713788 0.457609 0.712047 0.454348 0.711351 0.45543500000000003 0.710655 0.45108699999999996 0.708914 0.391304 0.7057800000000001 0.391304 0.700905 0.44782599999999995 0.6995129999999999 0.452174 0.697772 0.452174 0.696727 0.456522
1 0.778203 0.422826 0.778203 0.428261 0.783774 0.43260899999999997 0.7907379999999999 0.43260899999999997 0.7907379999999999 0.42717400000000005 0.788649 0.422826 0.787604 0.375 0.7851670000000001 0.375 0.783774 0.38587 0.781337 0.418478 0.780292 0.422826 0.778203 0.422826
1 0.8913650000000001 0.430435 0.892758 0.43260899999999997 0.902855 0.433696 0.902855 0.430435 0.9014620000000001 0.42934799999999995 0.90007 0.409783 0.90007 0.38587 0.8997210000000001 0.383696 0.896936 0.383696 0.893802 0.420652 0.892409 0.426087 0.8913650000000001 0.426087 0.8913650000000001 0.430435
3 0.7883009999999999 0.377174 0.7883009999999999 0.38152200000000003 0.791783 0.383696 0.79805 0.383696 0.796309 0.38043499999999997 0.795265 0.36739099999999997 0.794916 0.346739 0.794568 0.344565 0.7928270000000001 0.344565 0.7907379999999999 0.361957 0.790042 0.375 0.789345 0.377174 0.7883009999999999 0.377174
3 0.64032 0.372826 0.651114 0.373913 0.651114 0.370652 0.649373 0.36956500000000003 0.6479809999999999 0.34565199999999996 0.6479809999999999 0.330435 0.646936 0.328261 0.645543 0.32934800000000003 0.642409 0.366304 0.64032 0.36739099999999997 0.64032 0.372826
3 0.502437 0.390217 0.506616 0.392391 0.514972 0.392391 0.514972 0.384783 0.513579 0.384783 0.512535 0.38260900000000003 0.511142 0.347826 0.511142 0.333696 0.510794 0.331522 0.508357 0.331522 0.504875 0.379348 0.50383 0.383696 0.502437 0.383696 0.502437 0.390217
3 0.35167099999999996 0.446739 0.35167099999999996 0.457609 0.353412 0.46087 0.35968 0.46195700000000006 0.371518 0.46087 0.372214 0.459783 0.372214 0.448913 0.371518 0.446739 0.36873300000000003 0.44565200000000005 0.368036 0.443478 0.364206 0.36739099999999997 0.361072 0.36739099999999997 0.356546 0.426087 0.35585 0.441304 0.355153 0.444565 0.35167099999999996 0.446739
0 0.302925 0.377174 0.302228 0.379348 0.302228 0.38587 0.303273 0.38913000000000003 0.319638 0.390217 0.319986 0.388043 0.318942 0.384783 0.318942 0.38152200000000003 0.318245 0.379348 0.316156 0.379348 0.31545999999999996 0.377174 0.312674 0.319565 0.30954000000000004 0.319565 0.306755 0.363043 0.30571000000000004 0.36956500000000003 0.30571000000000004 0.376087 0.302925 0.377174
0 0.250348 0.307609 0.253482 0.30978300000000003 0.260794 0.30978300000000003 0.261142 0.306522 0.260446 0.304348 0.259401 0.304348 0.258357 0.298913 0.256964 0.265217 0.25522300000000003 0.265217 0.252786 0.302174 0.252089 0.304348 0.250696 0.304348 0.250348 0.307609
0 0.226323 0.269565 0.22562700000000002 0.269565 0.22562700000000002 0.271739 0.23328700000000002 0.271739 0.23154599999999997 0.267391 0.23154599999999997 0.25760900000000003 0.23050099999999998 0.24021699999999999 0.229109 0.23913 0.228412 0.248913 0.22771599999999997 0.251087 0.22736800000000001 0.266304 0.226323 0.269565
0 0.079387 0.29239099999999996 0.078691 0.29565199999999997 0.076602 0.29565199999999997 0.076602 0.3 0.080432 0.302174 0.08948500000000001 0.301087 0.089833 0.298913 0.087047 0.293478 0.086003 0.268478 0.08460999999999999 0.252174 0.082173 0.251087 0.081476 0.254348 0.080432 0.281522 0.079735 0.284783 0.079387 0.29239099999999996
0 0.09992999999999999 0.25543499999999997 0.097493 0.259783 0.097841 0.261957 0.106894 0.261957 0.106894 0.259783 0.105501 0.25760900000000003 0.10376 0.228261 0.102019 0.226087 0.10132300000000001 0.230435 0.10132300000000001 0.236957 0.100627 0.24021699999999999 0.09992999999999999 0.25543499999999997
0 0.11002799999999999 0.23913 0.11664300000000001 0.24021699999999999 0.11525099999999999 0.232609 0.114554 0.213043 0.11281300000000001 0.213043 0.11176900000000001 0.23478300000000002 0.11107199999999999 0.236957 0.11002799999999999 0.236957 0.11002799999999999 0.23913
0 0.152507 0.243478 0.150766 0.23586999999999997 0.150418 0.220652 0.149721 0.21739099999999997 0.148677 0.21739099999999997 0.147632 0.23913 0.14623999999999998 0.24130400000000002 0.14623999999999998 0.243478 0.152507 0.243478
0 0.182451 0.24673899999999999 0.18663000000000002 0.24673899999999999 0.186978 0.24565199999999998 0.185585 0.243478 0.184889 0.220652 0.183496 0.219565 0.182451 0.23913 0.181407 0.243478 0.180362 0.244565 0.182451 0.24673899999999999
0 0.215877 0.25 0.214833 0.24673899999999999 0.21413600000000002 0.23913 0.213788 0.22391299999999997 0.21239599999999997 0.22391299999999997 0.211699 0.24130400000000002 0.211003 0.24673899999999999 0.209958 0.248913 0.215877 0.25
4 0.220404 0.221739 0.219359 0.225 0.21831499999999998 0.24130400000000002 0.221448 0.24130400000000002 0.220404 0.221739
1 0.873607 0.8304349999999999 0.870125 0.7260869999999999 0.866295 0.7206520000000001 0.858287 0.7206520000000001 0.845404 0.841304 0.845404 0.845652 0.873607 0.845652 0.873607 0.8304349999999999