3 0.079039 0.846739 0.089136 0.827174 0.089833 0.8206519999999999 0.088788 0.818478 0.083217 0.818478 0.081128 0.8141299999999999 0.077994 0.8141299999999999 0.077298 0.809783 0.074164 0.808696 0.072772 0.7923910000000001 0.071727 0.7880429999999999 0.070682 0.776087 0.069986 0.775 0.06928999999999999 0.761957 0.06545999999999999 0.727174 0.06545999999999999 0.717391 0.064067 0.706522 0.061978 0.659783 0.05501399999999999 0.659783 0.050139 0.665217 0.049791 0.682609 0.048747 0.693478 0.048747 0.846739 0.079039 0.846739
3 0.24199199999999998 0.571739 0.239554 0.571739 0.239554 0.5771740000000001 0.257312 0.5771740000000001 0.262883 0.573913 0.267409 0.573913 0.267409 0.568478 0.264276 0.568478 0.263231 0.561957 0.259749 0.56087 0.25905300000000003 0.534783 0.256616 0.5108699999999999 0.256616 0.503261 0.255571 0.497826 0.255571 0.48804299999999995 0.251045 0.48804299999999995 0.24651800000000001 0.5586960000000001 0.24547400000000003 0.561957 0.244081 0.563043 0.24199199999999998 0.571739
3 0.385794 0.49565200000000004 0.38509699999999997 0.503261 0.398677 0.503261 0.398677 0.501087 0.399721 0.5 0.40007000000000004 0.496739 0.397284 0.49347799999999997 0.397284 0.48913 0.395891 0.479348 0.395891 0.465217 0.395543 0.46087 0.39449900000000004 0.457609 0.39415 0.443478 0.39066900000000004 0.443478 0.39066900000000004 0.45 0.388928 0.465217 0.388231 0.494565 0.385794 0.49565200000000004
1 0.502437 0.42391300000000004 0.501741 0.43478300000000003 0.501741 0.441304 0.500696 0.44239100000000003 0.5 0.45543500000000003 0.49930399999999997 0.457609 0.498259 0.457609 0.498259 0.46195700000000006 0.509401 0.46087 0.509401 0.457609 0.507312 0.456522 0.506964 0.44565200000000005 0.506267 0.441304 0.506267 0.42391300000000004 0.505571 0.421739 0.505223 0.415217 0.50383 0.415217 0.503134 0.417391 0.503134 0.422826 0.502437 0.42391300000000004
1 0.6371870000000001 0.6010869999999999 0.635097 0.6010869999999999 0.634749 0.606522 0.634053 0.608696 0.63266 0.608696 0.63266 0.61087 0.636838 0.620652 0.66539 0.620652 0.66539 0.617391 0.664694 0.615217 0.663649 0.615217 0.662256 0.6119570000000001 0.6615599999999999 0.604348 0.6601670000000001 0.602174 0.658426 0.602174 0.6580779999999999 0.598913 0.657382 0.598913 0.656685 0.5956520000000001 0.650766 0.509783 0.6444989999999999 0.509783 0.642409 0.534783 0.639972 0.581522 0.638579 0.596739 0.6371870000000001 0.6010869999999999
1 0.603064 0.502174 0.600627 0.502174 0.598538 0.511957 0.604457 0.511957 0.604805 0.509783 0.60968 0.509783 0.610028 0.511957 0.619777 0.511957 0.619429 0.509783 0.61734 0.508696 0.616643 0.503261 0.615251 0.503261 0.614206 0.501087 0.614206 0.490217 0.613162 0.48913 0.6128129999999999 0.479348 0.611769 0.471739 0.611072 0.44782599999999995 0.60968 0.444565 0.606546 0.44565200000000005 0.60585 0.465217 0.604109 0.47717400000000004 0.6037600000000001 0.5 0.603064 0.502174
3 0.623955 0.431522 0.623955 0.428261 0.622911 0.42717400000000005 0.6222139999999999 0.41304299999999994 0.621518 0.411957 0.62117 0.397826 0.620474 0.395652 0.618733 0.395652 0.616992 0.40869600000000006 0.616643 0.425 0.6145539999999999 0.430435 0.623955 0.431522
1 0.690111 0.454348 0.690111 0.46087 0.689415 0.463043 0.685933 0.465217 0.685933 0.46956499999999995 0.702298 0.46956499999999995 0.702298 0.467391 0.700209 0.46413000000000004 0.699164 0.457609 0.698468 0.456522 0.698468 0.448913 0.697075 0.44021699999999997 0.697075 0.425 0.6963790000000001 0.422826 0.6963790000000001 0.41630399999999995 0.6922010000000001 0.41630399999999995 0.6922010000000001 0.430435 0.691504 0.433696 0.691156 0.44782599999999995 0.690111 0.454348
3 0.7116990000000001 0.417391 0.7211000000000001 0.418478 0.718663 0.41304299999999994 0.717967 0.395652 0.7169220000000001 0.390217 0.7169220000000001 0.383696 0.714485 0.383696 0.714136 0.403261 0.713092 0.41304299999999994 0.712047 0.41413 0.7116990000000001 0.417391
1 0.8304320000000001 0.44021699999999997 0.8304320000000001 0.44239100000000003 0.844708 0.44239100000000003 0.842967 0.441304 0.8426180000000001 0.43804299999999996 0.8405290000000001 0.43587 0.8387879999999999 0.39891299999999996 0.836351 0.39891299999999996 0.834958 0.42934799999999995 0.833914 0.43260899999999997 0.8335649999999999 0.43695700000000004 0.8304320000000001 0.44021699999999997
3 0.8154600000000001 0.407609 0.8154600000000001 0.41086999999999996 0.8252090000000001 0.41086999999999996 0.8252090000000001 0.40869600000000006 0.8234680000000001 0.404348 0.8220750000000001 0.379348 0.81929 0.379348 0.817549 0.397826 0.817549 0.404348 0.8165039999999999 0.407609 0.8154600000000001 0.407609
3 0.053273 0.409783 0.052925 0.397826 0.050487000000000004 0.39891299999999996 0.050487000000000004 0.403261 0.048747 0.41956499999999997 0.055362 0.41956499999999997 0.053273 0.409783
1 0.05571 0.454348 0.055362 0.456522 0.065111 0.456522 0.065111 0.453261 0.063022 0.446739 0.063022 0.433696 0.061978 0.426087 0.061978 0.421739 0.059889000000000005 0.421739 0.057799 0.43913 0.057799 0.45 0.056755 0.454348 0.05571 0.454348
1 0.11176900000000001 0.41304299999999994 0.11142099999999999 0.4 0.10968 0.39891299999999996 0.10898300000000001 0.41413 0.10724199999999999 0.422826 0.11316200000000001 0.422826 0.11176900000000001 0.41304299999999994
1 0.16434500000000002 0.43913 0.172006 0.43913 0.172006 0.43695700000000004 0.171309 0.43695700000000004 0.169916 0.430435 0.169916 0.421739 0.168872 0.409783 0.166783 0.409783 0.166086 0.42934799999999995 0.16538999999999998 0.43260899999999997 0.16538999999999998 0.43695700000000004 0.16434500000000002 0.43913
3 0.19046000000000002 0.454348 0.199513 0.454348 0.199513 0.45108699999999996 0.197772 0.448913 0.195682 0.41956499999999997 0.193942 0.41956499999999997 0.192549 0.443478 0.191504 0.45 0.19046000000000002 0.45108699999999996 0.19046000000000002 0.454348
1 0.178621 0.407609 0.178273 0.395652 0.177577 0.394565 0.177577 0.390217 0.176532 0.390217 0.176184 0.40108699999999997 0.174791 0.41086999999999996 0.180014 0.41086999999999996 0.178621 0.407609
3 0.180014 0.396739 0.179666 0.38587 0.177925 0.384783 0.177577 0.38913000000000003 0.178621 0.39891299999999996 0.18070999999999998 0.39891299999999996 0.180014 0.396739
1 0.24965199999999999 0.42391300000000004 0.24965199999999999 0.426087 0.254875 0.426087 0.254875 0.42391300000000004 0.254178 0.422826 0.254178 0.41304299999999994 0.253134 0.403261 0.251741 0.404348 0.251045 0.41086999999999996 0.251045 0.41956499999999997 0.24965199999999999 0.42391300000000004
3 0.288997 0.43695700000000004 0.297006 0.43695700000000004 0.297006 0.43478300000000003 0.294916 0.43260899999999997 0.293872 0.406522 0.29213100000000003 0.406522 0.291435 0.41086999999999996 0.29039000000000004 0.433696 0.288997 0.43478300000000003 0.288997 0.43695700000000004
1 0.339136 0.411957 0.337744 0.407609 0.337396 0.390217 0.335655 0.390217 0.334958 0.40869600000000006 0.333914 0.409783 0.333914 0.411957 0.339136 0.411957
1 0.341226 0.395652 0.341226 0.383696 0.339833 0.383696 0.339485 0.397826 0.338788 0.4 0.342618 0.4 0.341226 0.395652
3 0.339136 0.392391 0.338788 0.378261 0.338092 0.377174 0.338092 0.375 0.337047 0.375 0.336351 0.38913000000000003 0.337396 0.38913000000000003 0.337744 0.392391 0.339136 0.392391
1 0.35968 0.4 0.35933099999999996 0.386957 0.357939 0.386957 0.357591 0.39891299999999996 0.356198 0.40543500000000005 0.361072 0.40543500000000005 0.35968 0.4
3 0.368036 0.41956499999999997 0.366643 0.421739 0.366643 0.42391300000000004 0.373259 0.42391300000000004 0.373259 0.421739 0.37256300000000003 0.421739 0.371866 0.417391 0.370822 0.396739 0.369429 0.396739 0.36734 0.403261 0.366992 0.411957 0.368036 0.41413 0.368036 0.41956499999999997
3 0.379178 0.377174 0.378134 0.377174 0.377089 0.392391 0.380571 0.392391 0.379875 0.38913000000000003 0.379178 0.377174
3 0.420961 0.409783 0.420265 0.40543500000000005 0.419916 0.386957 0.418175 0.386957 0.417479 0.40543500000000005 0.416435 0.409783 0.420961 0.409783
3 0.426532 0.38913000000000003 0.426184 0.377174 0.425139 0.377174 0.42479100000000003 0.38913000000000003 0.423747 0.394565 0.42722800000000005 0.394565 0.426532 0.38913000000000003
3 0.451253 0.394565 0.450905 0.38260900000000003 0.44951299999999994 0.38260900000000003 0.44951299999999994 0.391304 0.44812 0.39891299999999996 0.452646 0.39891299999999996 0.451253 0.394565
3 0.9146940000000001 0.40543500000000005 0.914345 0.40869600000000006 0.9227019999999999 0.40869600000000006 0.9227019999999999 0.406522 0.9213089999999999 0.404348 0.920265 0.397826 0.920265 0.388043 0.9192199999999999 0.384783 0.9192199999999999 0.38152200000000003 0.917131 0.38152200000000003 0.917131 0.383696 0.9157379999999999 0.388043 0.9157379999999999 0.404348 0.9146940000000001 0.40543500000000005