3 0.318245 0.563043 0.317897 0.565217 0.316504 0.56413 0.31545999999999996 0.567391 0.31545999999999996 0.570652 0.31371899999999997 0.576087 0.312326 0.576087 0.31162999999999996 0.580435 0.334958 0.580435 0.336351 0.578261 0.338788 0.579348 0.342967 0.576087 0.343663 0.573913 0.343663 0.570652 0.34052899999999997 0.569565 0.339833 0.567391 0.34018099999999996 0.56413 0.338092 0.56087 0.335655 0.561957 0.334958 0.559783 0.333914 0.53913 0.331825 0.520652 0.33077999999999996 0.497826 0.328691 0.479348 0.324513 0.479348 0.324164 0.494565 0.322075 0.5195649999999999 0.319986 0.561957 0.318245 0.563043
3 0.392061 0.45543500000000003 0.391365 0.45869600000000005 0.389972 0.45869600000000005 0.388579 0.463043 0.388579 0.46630399999999994 0.404596 0.465217 0.40529200000000004 0.46413000000000004 0.40529200000000004 0.46087 0.404596 0.46087 0.4039 0.456522 0.40076599999999996 0.45543500000000003 0.40076599999999996 0.443478 0.399721 0.43587 0.399721 0.42934799999999995 0.39798100000000003 0.411957 0.39798100000000003 0.406522 0.395543 0.40543500000000005 0.39449900000000004 0.41086999999999996 0.393802 0.42934799999999995 0.392409 0.44021699999999997 0.392061 0.45543500000000003
3 0.419916 0.40869600000000006 0.418175 0.407609 0.418175 0.41413 0.424095 0.415217 0.428273 0.41304299999999994 0.427925 0.40869600000000006 0.42688 0.40869600000000006 0.42548700000000006 0.40108699999999997 0.424095 0.371739 0.422006 0.371739 0.421657 0.38913000000000003 0.420613 0.393478 0.420613 0.40543500000000005 0.419916 0.40869600000000006
3 0.43837000000000004 0.388043 0.446379 0.388043 0.446379 0.384783 0.44463800000000003 0.38260900000000003 0.443942 0.379348 0.442897 0.355435 0.441156 0.355435 0.44011100000000003 0.36739099999999997 0.439763 0.38152200000000003 0.43837000000000004 0.383696 0.43837000000000004 0.388043
3 0.454735 0.371739 0.45369099999999996 0.36739099999999997 0.45369099999999996 0.359783 0.452994 0.358696 0.452646 0.34565199999999996 0.450905 0.34565199999999996 0.45020899999999997 0.36739099999999997 0.448816 0.36956500000000003 0.448816 0.371739 0.454735 0.371739
3 0.45891400000000004 0.356522 0.45891400000000004 0.34565199999999996 0.458217 0.344565 0.458217 0.338043 0.456825 0.338043 0.456476 0.352174 0.45543199999999995 0.36086999999999997 0.45960999999999996 0.36086999999999997 0.45891400000000004 0.356522
1 0.6371870000000001 0.431522 0.636142 0.44565200000000005 0.634053 0.446739 0.632312 0.45108699999999996 0.632312 0.454348 0.649025 0.454348 0.649025 0.452174 0.6479809999999999 0.45108699999999996 0.647284 0.446739 0.645195 0.444565 0.645195 0.441304 0.64415 0.43695700000000004 0.643802 0.41956499999999997 0.642061 0.397826 0.639276 0.39891299999999996 0.637883 0.421739 0.636142 0.42391300000000004 0.636142 0.42934799999999995 0.6371870000000001 0.431522
1 0.592967 0.40869600000000006 0.59227 0.40869600000000006 0.59227 0.41086999999999996 0.604805 0.41086999999999996 0.603412 0.40543500000000005 0.601671 0.403261 0.600975 0.397826 0.59993 0.370652 0.5978410000000001 0.36956500000000003 0.597145 0.372826 0.595404 0.403261 0.594011 0.404348 0.592967 0.40869600000000006
1 0.5748610000000001 0.38260900000000003 0.5748610000000001 0.38587 0.582869 0.38587 0.5821729999999999 0.38152200000000003 0.5807800000000001 0.379348 0.581128 0.370652 0.579735 0.365217 0.579735 0.354348 0.577646 0.354348 0.577646 0.36086999999999997 0.5766020000000001 0.366304 0.57695 0.376087 0.5748610000000001 0.38260900000000003
1 0.565808 0.36956500000000003 0.565808 0.366304 0.564415 0.361957 0.564067 0.357609 0.564067 0.343478 0.562674 0.343478 0.5612809999999999 0.365217 0.560237 0.36739099999999997 0.560237 0.36956500000000003 0.565808 0.36956500000000003
1 0.553969 0.358696 0.552925 0.356522 0.552228 0.338043 0.550836 0.336957 0.549791 0.355435 0.549095 0.356522 0.549095 0.358696 0.553969 0.358696
1 0.9348890000000001 0.391304 0.9439420000000001 0.391304 0.942549 0.386957 0.942549 0.38260900000000003 0.941156 0.373913 0.940808 0.357609 0.9383699999999999 0.357609 0.937674 0.363043 0.937674 0.372826 0.9366300000000001 0.38260900000000003 0.9348890000000001 0.391304
1 0.8325210000000001 0.376087 0.8398329999999999 0.376087 0.8398329999999999 0.372826 0.83844 0.36847799999999997 0.83844 0.363043 0.8370469999999999 0.354348 0.8370469999999999 0.347826 0.835655 0.347826 0.834958 0.355435 0.8342620000000001 0.357609 0.8342620000000001 0.36956500000000003 0.8325210000000001 0.376087
1 0.703343 0.357609 0.70195 0.35 0.7016020000000001 0.33587 0.700557 0.33587 0.6995129999999999 0.341304 0.6995129999999999 0.353261 0.698468 0.357609 0.703343 0.357609
3 0.9362809999999999 0.370652 0.9348890000000001 0.36413 0.933844 0.344565 0.932103 0.344565 0.9314069999999999 0.36086999999999997 0.93071 0.361957 0.930362 0.370652 0.9362809999999999 0.370652
1 0.7224929999999999 0.53587 0.720056 0.536957 0.718663 0.5423910000000001 0.718663 0.546739 0.7211000000000001 0.552174 0.743384 0.553261 0.743733 0.55 0.74234 0.5478259999999999 0.741643 0.53913 0.738858 0.536957 0.737465 0.5336960000000001 0.737117 0.520652 0.736421 0.5195649999999999 0.735724 0.506522 0.73468 0.49891300000000005 0.73468 0.492391 0.733635 0.48586999999999997 0.732939 0.46195700000000006 0.7318939999999999 0.45869600000000005 0.728064 0.459783 0.7270190000000001 0.48695700000000003 0.725279 0.504348 0.723886 0.532609 0.7224929999999999 0.53587
1 0.712744 0.334783 0.712744 0.32717399999999996 0.712396 0.325 0.7116990000000001 0.325 0.710655 0.331522 0.710306 0.33913000000000004 0.713788 0.33913000000000004 0.712744 0.334783
3 0.46901099999999996 0.32934800000000003 0.467618 0.328261 0.467618 0.344565 0.47005600000000003 0.344565 0.46901099999999996 0.340217 0.46901099999999996 0.32934800000000003
3 0.46726999999999996 0.347826 0.46657400000000004 0.346739 0.46657400000000004 0.334783 0.46483299999999994 0.333696 0.464485 0.348913 0.463788 0.352174 0.467618 0.352174 0.46726999999999996 0.347826
3 0.47492999999999996 0.32717399999999996 0.473538 0.32717399999999996 0.472841 0.342391 0.47597500000000004 0.342391 0.475279 0.33913000000000004 0.47492999999999996 0.32717399999999996
3 0.529596 0.33260900000000004 0.529596 0.325 0.528552 0.322826 0.528203 0.33260900000000004 0.5275070000000001 0.33587 0.530292 0.33587 0.529596 0.33260900000000004
1 0.541783 0.331522 0.541086 0.330435 0.539694 0.344565 0.5428270000000001 0.344565 0.543175 0.342391 0.541783 0.331522
1 0.540042 0.340217 0.540042 0.334783 0.541086 0.32934800000000003 0.5407379999999999 0.326087 0.540042 0.326087 0.539694 0.334783 0.538649 0.341304 0.540042 0.340217
1 0.546309 0.348913 0.545613 0.33587 0.544568 0.333696 0.5442199999999999 0.346739 0.5428270000000001 0.35108700000000004 0.547354 0.35108700000000004 0.546309 0.348913
1 0.566852 0.333696 0.566504 0.325 0.565808 0.325 0.565808 0.330435 0.564763 0.338043 0.567897 0.338043 0.566852 0.333696
3 0.5637190000000001 0.328261 0.5637190000000001 0.321739 0.5630219999999999 0.320652 0.562674 0.330435 0.56163 0.333696 0.564763 0.333696 0.5637190000000001 0.328261
3 0.779944 0.348913 0.778552 0.341304 0.778203 0.331522 0.776462 0.331522 0.776114 0.344565 0.77507 0.346739 0.77507 0.348913 0.779944 0.348913
3 0.77507 0.328261 0.773677 0.328261 0.773329 0.33913000000000004 0.772632 0.343478 0.775766 0.343478 0.77507 0.328261
1 0.789345 0.35 0.788649 0.33260900000000004 0.787256 0.333696 0.785515 0.355435 0.790042 0.355435 0.789345 0.35
1 0.606198 0.322826 0.6055010000000001 0.322826 0.6055010000000001 0.330435 0.604805 0.334783 0.6072420000000001 0.334783 0.606198 0.322826
1 0.654248 0.333696 0.653552 0.323913 0.6525070000000001 0.323913 0.6525070000000001 0.330435 0.651462 0.33587 0.654944 0.33587 0.654248 0.333696
3 0.613858 0.321739 0.613162 0.320652 0.612465 0.33260900000000004 0.614903 0.33260900000000004 0.613858 0.32717399999999996 0.613858 0.321739
1 0.691852 0.346739 0.691504 0.333696 0.690111 0.33260900000000004 0.689415 0.346739 0.6880219999999999 0.35108700000000004 0.693245 0.35108700000000004 0.691852 0.346739
1 0.691504 0.323913 0.6904600000000001 0.322826 0.689763 0.33260900000000004 0.690808 0.331522 0.691852 0.334783 0.691504 0.323913
1 0.697423 0.344565 0.699164 0.344565 0.699164 0.341304 0.700557 0.334783 0.700209 0.328261 0.699164 0.328261 0.699164 0.336957 0.697423 0.342391 0.697423 0.344565
3 0.660864 0.32934800000000003 0.660515 0.322826 0.6598189999999999 0.321739 0.659471 0.330435 0.658426 0.333696 0.661908 0.333696 0.660864 0.32934800000000003
3 0.762535 0.338043 0.76149 0.334783 0.761142 0.32717399999999996 0.759749 0.325 0.759401 0.333696 0.758357 0.340217 0.762535 0.340217 0.762535 0.338043
3 0.741643 0.336957 0.740599 0.333696 0.740599 0.325 0.739206 0.325 0.739206 0.333696 0.73851 0.334783 0.73851 0.336957 0.741643 0.336957
3 0.7075210000000001 0.322826 0.706476 0.322826 0.7057800000000001 0.334783 0.708914 0.334783 0.708217 0.33260900000000004 0.7075210000000001 0.322826
3 0.501045 0.33587 0.500348 0.325 0.49965200000000004 0.325 0.49930399999999997 0.334783 0.49860699999999997 0.338043 0.501741 0.338043 0.501045 0.33587
3 0.848189 0.361957 0.85376 0.361957 0.85376 0.359783 0.852716 0.358696 0.851671 0.341304 0.850627 0.341304 0.849234 0.347826 0.849234 0.357609 0.848189 0.358696 0.848189 0.361957
1 0.756616 0.366304 0.755223 0.361957 0.755223 0.35 0.754526 0.342391 0.7527860000000001 0.342391 0.752089 0.36086999999999997 0.750696 0.36413 0.750696 0.366304 0.756616 0.366304