3 0.048747 0.548913 0.048747 0.563043 0.053620999999999995 0.56413 0.05571 0.561957 0.063022 0.56087 0.070334 0.561957 0.072423 0.556522 0.072423 0.554348 0.071727 0.553261 0.071379 0.544565 0.068245 0.543478 0.066504 0.540217 0.064067 0.51413 0.060933 0.46087 0.055362 0.46195700000000006 0.053969 0.48695700000000003 0.05118399999999999 0.517391 0.05118399999999999 0.526087 0.048747 0.548913
3 0.120474 0.43587 0.11942900000000001 0.43913 0.118733 0.454348 0.116295 0.456522 0.114903 0.46195700000000006 0.11351 0.463043 0.128134 0.46413000000000004 0.13370500000000002 0.46195700000000006 0.131964 0.456522 0.12987500000000002 0.45543500000000003 0.12883 0.45108699999999996 0.125696 0.40217400000000003 0.122214 0.40217400000000003 0.121866 0.411957 0.12082200000000001 0.420652 0.12082200000000001 0.431522 0.120474 0.43587
3 0.211699 0.406522 0.211699 0.409783 0.22214499999999998 0.409783 0.222493 0.406522 0.22179700000000002 0.404348 0.220752 0.404348 0.22005599999999997 0.40108699999999997 0.22005599999999997 0.384783 0.21901099999999998 0.379348 0.21831499999999998 0.36739099999999997 0.216574 0.36739099999999997 0.214833 0.384783 0.21413600000000002 0.4 0.213092 0.404348 0.211699 0.406522
3 0.271936 0.377174 0.271936 0.379348 0.279248 0.379348 0.277855 0.375 0.277507 0.36413 0.276114 0.35 0.274721 0.348913 0.27298100000000003 0.36413 0.27332900000000004 0.372826 0.27298100000000003 0.376087 0.271936 0.377174
3 0.33077999999999996 0.363043 0.336003 0.363043 0.335306 0.357609 0.335306 0.348913 0.334262 0.344565 0.334262 0.33913000000000004 0.33286899999999997 0.33913000000000004 0.332173 0.343478 0.331476 0.359783 0.33077999999999996 0.36086999999999997 0.33077999999999996 0.363043
3 0.375696 0.352174 0.374304 0.344565 0.37360699999999997 0.331522 0.37256300000000003 0.331522 0.371866 0.334783 0.371518 0.34565199999999996 0.370474 0.352174 0.375696 0.352174
3 0.431407 0.338043 0.43071000000000004 0.33587 0.43036199999999997 0.328261 0.42931800000000003 0.328261 0.42896900000000004 0.33913000000000004 0.427577 0.346739 0.432103 0.346739 0.431407 0.338043
3 0.5104460000000001 0.328261 0.509053 0.344565 0.512883 0.344565 0.51149 0.32934800000000003 0.5104460000000001 0.328261
3 0.596448 0.328261 0.595404 0.328261 0.594011 0.34565199999999996 0.595752 0.34565199999999996 0.596448 0.328261
3 0.681755 0.35 0.68071 0.343478 0.6803619999999999 0.330435 0.6793180000000001 0.330435 0.678273 0.338043 0.678273 0.347826 0.677577 0.35 0.681755 0.35
3 0.706476 0.403261 0.7057800000000001 0.407609 0.704387 0.40869600000000006 0.704387 0.41413 0.7148329999999999 0.41413 0.714485 0.41086999999999996 0.712744 0.407609 0.711351 0.393478 0.710655 0.375 0.709958 0.371739 0.708565 0.371739 0.707869 0.375 0.707869 0.38043499999999997 0.706825 0.390217 0.706476 0.403261
3 0.754875 0.386957 0.754178 0.38913000000000003 0.753134 0.38913000000000003 0.753134 0.393478 0.76149 0.393478 0.76149 0.391304 0.759749 0.386957 0.758705 0.377174 0.758008 0.359783 0.756616 0.359783 0.755223 0.36956500000000003 0.755223 0.378261 0.754526 0.38152200000000003 0.754875 0.386957
3 0.744081 0.358696 0.749652 0.358696 0.748259 0.35108700000000004 0.747563 0.336957 0.746518 0.336957 0.74617 0.343478 0.745474 0.344565 0.745474 0.354348 0.744081 0.358696
3 0.7729809999999999 0.373913 0.779944 0.375 0.778203 0.36739099999999997 0.7771589999999999 0.346739 0.7754179999999999 0.346739 0.7754179999999999 0.35108700000000004 0.774373 0.355435 0.774373 0.36739099999999997 0.7729809999999999 0.373913
3 0.848886 0.43587 0.8478410000000001 0.43913 0.846448 0.44021699999999997 0.846448 0.444565 0.851323 0.446739 0.8607239999999999 0.446739 0.8607239999999999 0.444565 0.85968 0.441304 0.857591 0.43913 0.854457 0.393478 0.852019 0.393478 0.850975 0.406522 0.8495820000000001 0.415217 0.8495820000000001 0.42717400000000005 0.848886 0.43587
1 0.74234 0.6380429999999999 0.743733 0.6380429999999999 0.744081 0.640217 0.741992 0.668478 0.741295 0.671739 0.73851 0.6728259999999999 0.736072 0.677174 0.733983 0.688043 0.729109 0.692391 0.729109 0.694565 0.7378129999999999 0.7021740000000001 0.740251 0.7021740000000001 0.742688 0.705435 0.753482 0.71087 0.762535 0.71087 0.763928 0.708696 0.7677579999999999 0.708696 0.770543 0.704348 0.7754179999999999 0.7 0.775766 0.697826 0.774373 0.694565 0.771588 0.692391 0.770195 0.6836960000000001 0.764624 0.675 0.757312 0.556522 0.75 0.555435 0.75 0.565217 0.748607 0.576087 0.745125 0.625 0.74234 0.6380429999999999
1 0.861769 0.48804299999999995 0.8610720000000001 0.509783 0.8603759999999999 0.5130429999999999 0.8568939999999999 0.5130429999999999 0.8568939999999999 0.516304 0.854805 0.522826 0.856546 0.525 0.864903 0.525 0.8690810000000001 0.528261 0.876741 0.528261 0.879526 0.5239130000000001 0.879526 0.520652 0.8777860000000001 0.516304 0.875348 0.51413 0.8743040000000001 0.509783 0.870125 0.44239100000000003 0.865947 0.441304 0.864554 0.45108699999999996 0.864554 0.459783 0.863162 0.46956499999999995 0.861769 0.48804299999999995
1 0.608983 0.43478300000000003 0.610028 0.43695700000000004 0.609331 0.44782599999999995 0.608287 0.452174 0.606546 0.453261 0.606546 0.456522 0.6051529999999999 0.457609 0.604805 0.459783 0.608635 0.46195700000000006 0.6222139999999999 0.46087 0.620822 0.454348 0.619429 0.453261 0.618384 0.45 0.616992 0.43804299999999996 0.615251 0.403261 0.612465 0.403261 0.611072 0.417391 0.611072 0.422826 0.60968 0.426087 0.608983 0.43478300000000003
1 0.648677 0.36739099999999997 0.647632 0.36956500000000003 0.647632 0.373913 0.6538999999999999 0.373913 0.651811 0.361957 0.651462 0.34565199999999996 0.649721 0.34565199999999996 0.649373 0.355435 0.648677 0.358696 0.649025 0.363043 0.648677 0.36739099999999997
1 0.6521589999999999 0.36086999999999997 0.657382 0.361957 0.65773 0.36086999999999997 0.655989 0.353261 0.655292 0.338043 0.654248 0.338043 0.653203 0.344565 0.653203 0.35108700000000004 0.6521589999999999 0.356522 0.6521589999999999 0.36086999999999997
1 0.598189 0.384783 0.5974929999999999 0.384783 0.5974929999999999 0.390217 0.6055010000000001 0.390217 0.60585 0.386957 0.6037600000000001 0.383696 0.602368 0.356522 0.600627 0.356522 0.59993 0.36956500000000003 0.598886 0.371739 0.599234 0.38043499999999997 0.598189 0.384783
1 0.59993 0.353261 0.598538 0.34565199999999996 0.598189 0.33260900000000004 0.596797 0.33260900000000004 0.596448 0.34565199999999996 0.595752 0.346739 0.595056 0.353261 0.59993 0.353261
1 0.546657 0.406522 0.545613 0.409783 0.544916 0.409783 0.544916 0.415217 0.5553619999999999 0.415217 0.555014 0.41086999999999996 0.5536209999999999 0.409783 0.552925 0.40543500000000005 0.550836 0.371739 0.548747 0.371739 0.548747 0.38152200000000003 0.547702 0.384783 0.547354 0.40108699999999997 0.546657 0.406522
1 0.525766 0.35 0.52507 0.33260900000000004 0.523329 0.33260900000000004 0.522632 0.348913 0.521588 0.353261 0.526811 0.353261 0.525766 0.35
1 0.466226 0.348913 0.465181 0.355435 0.47005600000000003 0.355435 0.468663 0.334783 0.46726999999999996 0.334783 0.466922 0.340217 0.465181 0.343478 0.465181 0.346739 0.466226 0.348913
1 0.433844 0.366304 0.439763 0.366304 0.439763 0.363043 0.438719 0.358696 0.437674 0.340217 0.435933 0.340217 0.435237 0.35 0.435237 0.36086999999999997 0.433844 0.363043 0.433844 0.366304
1 0.41016700000000006 0.377174 0.41016700000000006 0.38152200000000003 0.41713100000000003 0.38152200000000003 0.41713100000000003 0.378261 0.415738 0.373913 0.415042 0.355435 0.41434499999999996 0.35108700000000004 0.41260399999999997 0.35108700000000004 0.412256 0.359783 0.41156 0.361957 0.41156 0.376087 0.41016700000000006 0.377174
1 0.40250700000000006 0.409783 0.40181100000000003 0.411957 0.41260399999999997 0.411957 0.41260399999999997 0.407609 0.41156 0.406522 0.410864 0.403261 0.40842599999999996 0.36956500000000003 0.40703300000000003 0.36956500000000003 0.40529200000000004 0.38913000000000003 0.404596 0.404348 0.40250700000000006 0.406522 0.40250700000000006 0.409783
1 0.37743699999999997 0.46087 0.374652 0.467391 0.373955 0.475 0.389276 0.475 0.39032 0.471739 0.39032 0.46630399999999994 0.388231 0.46413000000000004 0.387187 0.459783 0.383705 0.40869600000000006 0.380571 0.40869600000000006 0.380571 0.41630399999999995 0.37883 0.43587 0.378482 0.448913 0.37743699999999997 0.46087
1 0.49199200000000004 0.5380429999999999 0.49199200000000004 0.55 0.513579 0.551087 0.513579 0.536957 0.510794 0.534783 0.509749 0.530435 0.508705 0.5130429999999999 0.509401 0.507609 0.508008 0.501087 0.507312 0.48913 0.506616 0.48586999999999997 0.504875 0.456522 0.502089 0.456522 0.500348 0.46630399999999994 0.49617000000000006 0.530435 0.495125 0.534783 0.49199200000000004 0.5380429999999999