3 0.093663 0.846739 0.122214 0.846739 0.122214 0.841304 0.115947 0.768478 0.115947 0.759783 0.114206 0.740217 0.114206 0.731522 0.11351 0.729348 0.11176900000000001 0.728261 0.106546 0.728261 0.100627 0.734783 0.098538 0.756522 0.09714500000000001 0.7923910000000001 0.094011 0.8239129999999999 0.093663 0.846739
3 0.415738 0.56087 0.415042 0.56413 0.41260399999999997 0.565217 0.411212 0.568478 0.410515 0.575 0.410515 0.5826089999999999 0.435237 0.583696 0.436281 0.581522 0.43697800000000003 0.572826 0.435933 0.570652 0.435585 0.567391 0.432799 0.565217 0.431755 0.56087 0.42896900000000004 0.522826 0.426184 0.475 0.42305000000000004 0.475 0.42130900000000004 0.48260899999999995 0.418175 0.5293479999999999 0.41713100000000003 0.534783 0.415738 0.56087
3 0.213092 0.47717400000000004 0.211003 0.478261 0.209958 0.481522 0.209958 0.48913 0.228412 0.48913 0.22876 0.478261 0.22562700000000002 0.476087 0.22388599999999997 0.46195700000000006 0.22353800000000001 0.441304 0.22214499999999998 0.431522 0.220752 0.411957 0.21727 0.411957 0.21518099999999998 0.452174 0.21413600000000002 0.46195700000000006 0.213788 0.475 0.213092 0.47717400000000004
3 0.053969 0.43587 0.053273 0.43913 0.049095 0.44565200000000005 0.049095 0.44782599999999995 0.070682 0.446739 0.070682 0.443478 0.068942 0.443478 0.068245 0.44021699999999997 0.06545999999999999 0.43804299999999996 0.064415 0.422826 0.064415 0.411957 0.06337000000000001 0.403261 0.062326000000000006 0.4 0.06163 0.386957 0.058496000000000006 0.38587 0.057450999999999995 0.391304 0.055362 0.411957 0.055362 0.421739 0.053969 0.43587
3 0.758008 0.394565 0.756964 0.394565 0.756964 0.39891299999999996 0.765669 0.39891299999999996 0.765669 0.395652 0.764624 0.394565 0.763928 0.390217 0.762535 0.361957 0.760794 0.361957 0.760097 0.370652 0.759053 0.372826 0.758705 0.392391 0.758008 0.394565
3 0.5288999999999999 0.370652 0.528552 0.372826 0.5365599999999999 0.372826 0.5365599999999999 0.36956500000000003 0.535864 0.36956500000000003 0.5351670000000001 0.365217 0.534123 0.341304 0.53273 0.341304 0.530989 0.358696 0.530989 0.36739099999999997 0.5288999999999999 0.370652
3 0.62883 0.38152200000000003 0.636142 0.38152200000000003 0.635097 0.376087 0.635097 0.370652 0.634401 0.36956500000000003 0.634053 0.354348 0.633357 0.348913 0.632312 0.348913 0.630571 0.36086999999999997 0.630223 0.377174 0.62883 0.379348 0.62883 0.38152200000000003
3 0.449861 0.361957 0.449861 0.36413 0.456476 0.36413 0.456476 0.361957 0.455084 0.357609 0.45369099999999996 0.334783 0.452646 0.334783 0.452298 0.343478 0.451253 0.347826 0.451253 0.358696 0.449861 0.361957
3 0.441504 0.35108700000000004 0.441504 0.348913 0.440808 0.348913 0.44011100000000003 0.34565199999999996 0.439415 0.32717399999999996 0.437674 0.32717399999999996 0.43662999999999996 0.346739 0.435585 0.348913 0.435585 0.35108700000000004 0.441504 0.35108700000000004
3 0.444986 0.341304 0.44951299999999994 0.341304 0.448468 0.334783 0.44777199999999995 0.320652 0.446727 0.320652 0.44568199999999997 0.32934800000000003 0.44568199999999997 0.338043 0.444986 0.33913000000000004 0.444986 0.341304
3 0.42688 0.330435 0.42688 0.33260900000000004 0.43071000000000004 0.33260900000000004 0.43071000000000004 0.330435 0.430014 0.32934800000000003 0.429666 0.31630400000000003 0.428621 0.31521699999999997 0.427925 0.321739 0.42722800000000005 0.322826 0.427577 0.32934800000000003 0.42688 0.330435
1 0.433148 0.301087 0.43245100000000003 0.313043 0.43488899999999997 0.313043 0.434192 0.301087 0.433148 0.301087
3 0.39832900000000004 0.325 0.397284 0.317391 0.397284 0.30978300000000003 0.39624000000000004 0.30869599999999997 0.395891 0.31413 0.39449900000000004 0.319565 0.394847 0.325 0.39832900000000004 0.325
3 0.34784099999999996 0.304348 0.346797 0.318478 0.349582 0.318478 0.348886 0.304348 0.34784099999999996 0.304348
3 0.386838 0.296739 0.386142 0.29565199999999997 0.38509699999999997 0.307609 0.387535 0.307609 0.386838 0.303261 0.386838 0.296739
3 0.312326 0.302174 0.31162999999999996 0.302174 0.310585 0.31521699999999997 0.31371899999999997 0.31521699999999997 0.312674 0.31087 0.312326 0.302174
3 0.282033 0.298913 0.281337 0.30978300000000003 0.283774 0.30978300000000003 0.283078 0.298913 0.282033 0.298913
3 0.275418 0.302174 0.274721 0.313043 0.27715900000000004 0.313043 0.27681100000000003 0.302174 0.275418 0.302174
3 0.15006999999999998 0.311957 0.14902500000000002 0.311957 0.146936 0.32934800000000003 0.151811 0.32934800000000003 0.150766 0.323913 0.15006999999999998 0.311957
3 0.134749 0.33587 0.13753500000000002 0.33587 0.135794 0.31413 0.134401 0.31413 0.13370500000000002 0.320652 0.13370500000000002 0.328261 0.134749 0.330435 0.134749 0.33587
3 0.12151799999999999 0.306522 0.120125 0.306522 0.11942900000000001 0.311957 0.11908099999999999 0.325 0.12325900000000001 0.325 0.12151799999999999 0.306522
3 0.09331500000000001 0.31413 0.092967 0.305435 0.091226 0.305435 0.090877 0.31413 0.089833 0.319565 0.094359 0.319565 0.09331500000000001 0.31413
3 0.090529 0.294565 0.089833 0.305435 0.09226999999999999 0.304348 0.091574 0.294565 0.090529 0.294565
3 0.066156 0.343478 0.066156 0.34565199999999996 0.072772 0.34565199999999996 0.072772 0.343478 0.071727 0.341304 0.071379 0.330435 0.070334 0.320652 0.068942 0.320652 0.067897 0.325 0.067201 0.33260900000000004 0.067201 0.341304 0.066156 0.343478
3 0.060585 0.290217 0.059889000000000005 0.3 0.062326000000000006 0.3 0.06163 0.290217 0.060585 0.290217
3 0.065808 0.301087 0.064763 0.302174 0.06337000000000001 0.31630400000000003 0.066852 0.31630400000000003 0.065808 0.301087
3 0.064763 0.29782600000000004 0.063719 0.298913 0.062674 0.311957 0.063719 0.311957 0.064763 0.29782600000000004
3 0.076602 0.29782600000000004 0.075905 0.307609 0.078343 0.307609 0.077646 0.29782600000000004 0.076602 0.29782600000000004
3 0.079039 0.302174 0.079039 0.293478 0.078691 0.291304 0.077646 0.291304 0.07694999999999999 0.296739 0.077646 0.296739 0.078343 0.302174 0.079039 0.302174
3 0.110376 0.293478 0.109331 0.303261 0.11176900000000001 0.303261 0.11107199999999999 0.293478 0.110376 0.293478
1 0.114903 0.29239099999999996 0.11281300000000001 0.291304 0.112465 0.298913 0.11316200000000001 0.301087 0.11525099999999999 0.301087 0.114903 0.29239099999999996
3 0.12465200000000001 0.290217 0.12325900000000001 0.288043 0.122563 0.290217 0.122563 0.296739 0.124304 0.296739 0.12465200000000001 0.290217
1 0.9484680000000001 0.7206520000000001 0.9467269999999999 0.73587 0.945682 0.7391300000000001 0.9387190000000001 0.741304 0.9369780000000001 0.754348 0.9310579999999999 0.758696 0.93071 0.7630429999999999 0.9401109999999999 0.771739 0.9453340000000001 0.7739130000000001 0.9484680000000001 0.777174 0.950905 0.777174 0.950905 0.694565 0.9502090000000001 0.697826 0.9502090000000001 0.7021740000000001 0.949164 0.706522 0.9484680000000001 0.7206520000000001
1 0.851323 0.45 0.850627 0.463043 0.8485379999999999 0.46413000000000004 0.847145 0.46956499999999995 0.8457520000000001 0.470652 0.8457520000000001 0.47282599999999997 0.853064 0.475 0.866295 0.475 0.864554 0.470652 0.864554 0.468478 0.8610720000000001 0.465217 0.857591 0.41086999999999996 0.854457 0.41086999999999996 0.852368 0.44021699999999997 0.850627 0.446739 0.850627 0.448913 0.851323 0.45
1 0.696031 0.483696 0.695334 0.492391 0.69429 0.496739 0.691852 0.497826 0.690808 0.504348 0.689067 0.504348 0.6887190000000001 0.508696 0.69429 0.508696 0.6995129999999999 0.5130429999999999 0.7075210000000001 0.5130429999999999 0.7092620000000001 0.5108699999999999 0.713092 0.5108699999999999 0.713092 0.506522 0.711003 0.5054350000000001 0.709958 0.5 0.7071729999999999 0.497826 0.702994 0.42934799999999995 0.6995129999999999 0.42934799999999995 0.698816 0.443478 0.696727 0.465217 0.6956819999999999 0.470652 0.696031 0.483696
1 0.631267 0.41413 0.634749 0.41630399999999995 0.645195 0.415217 0.643802 0.415217 0.6431060000000001 0.409783 0.641017 0.40869600000000006 0.639276 0.370652 0.636838 0.370652 0.634749 0.40543500000000005 0.634053 0.40869600000000006 0.632312 0.409783 0.631267 0.41413
1 0.5 0.43587 0.49930399999999997 0.44021699999999997 0.498259 0.44021699999999997 0.498259 0.443478 0.514972 0.443478 0.514972 0.44021699999999997 0.513928 0.44021699999999997 0.513579 0.43695700000000004 0.510794 0.43478300000000003 0.510097 0.420652 0.511142 0.418478 0.511142 0.415217 0.509053 0.406522 0.50766 0.38913000000000003 0.505571 0.38913000000000003 0.50383 0.406522 0.502437 0.433696 0.501741 0.43587 0.5 0.43587
1 0.397632 0.38260900000000003 0.397632 0.38587 0.40842599999999996 0.38587 0.40842599999999996 0.383696 0.406337 0.38043499999999997 0.40529200000000004 0.376087 0.40529200000000004 0.36847799999999997 0.4039 0.354348 0.4039 0.348913 0.402159 0.348913 0.40076599999999996 0.359783 0.40007000000000004 0.379348 0.39832900000000004 0.38043499999999997 0.397632 0.38260900000000003
1 0.31754899999999997 0.40869600000000006 0.31545999999999996 0.409783 0.314067 0.41413 0.314067 0.41630399999999995 0.329387 0.41630399999999995 0.329387 0.41413 0.327994 0.41413 0.327298 0.409783 0.32520899999999997 0.40869600000000006 0.324513 0.395652 0.323816 0.393478 0.323816 0.384783 0.322423 0.366304 0.319986 0.366304 0.31928999999999996 0.371739 0.31928999999999996 0.38260900000000003 0.31754899999999997 0.40217400000000003 0.31754899999999997 0.40869600000000006
1 0.335306 0.36956500000000003 0.333217 0.358696 0.332173 0.336957 0.330432 0.336957 0.329387 0.348913 0.32903899999999997 0.363043 0.327298 0.36956500000000003 0.335306 0.36956500000000003
1 0.336003 0.344565 0.341226 0.344565 0.339833 0.333696 0.339485 0.320652 0.337744 0.320652 0.337047 0.328261 0.337047 0.33913000000000004 0.336003 0.341304 0.336003 0.344565
1 0.352716 0.331522 0.35201899999999997 0.31521699999999997 0.350627 0.31521699999999997 0.350279 0.326087 0.348886 0.334783 0.35375999999999996 0.334783 0.352716 0.331522
1 0.316156 0.354348 0.324164 0.354348 0.321727 0.346739 0.320682 0.325 0.319638 0.325 0.317897 0.341304 0.317897 0.35 0.316852 0.35108700000000004 0.316156 0.354348
1 0.321031 0.326087 0.323468 0.326087 0.322075 0.31087 0.321031 0.30978300000000003 0.319986 0.318478 0.319986 0.323913 0.320682 0.323913 0.321031 0.326087
1 0.287953 0.31521699999999997 0.287604 0.305435 0.28656000000000004 0.305435 0.285864 0.307609 0.285864 0.319565 0.288997 0.319565 0.287953 0.31521699999999997
1 0.232591 0.33587 0.23119800000000001 0.31413 0.22945700000000002 0.31413 0.22876 0.32934800000000003 0.22736800000000001 0.333696 0.22736800000000001 0.33587 0.232591 0.33587
1 0.236421 0.31087 0.23537599999999997 0.31087 0.23363499999999998 0.328261 0.23816199999999998 0.328261 0.236769 0.320652 0.236421 0.31087
1 0.24686599999999997 0.302174 0.24547400000000003 0.31630400000000003 0.24860699999999997 0.31630400000000003 0.247911 0.302174 0.24686599999999997 0.302174
1 0.244081 0.296739 0.243384 0.306522 0.24512499999999998 0.306522 0.24477699999999997 0.296739 0.244081 0.296739
1 0.23085 0.29782600000000004 0.230153 0.30978300000000003 0.232939 0.30978300000000003 0.231894 0.29782600000000004 0.23085 0.29782600000000004
1 0.220404 0.302174 0.219359 0.301087 0.218663 0.305435 0.218663 0.311957 0.2211 0.311957 0.220404 0.302174
1 0.211003 0.307609 0.209958 0.307609 0.208914 0.31413 0.208914 0.321739 0.211699 0.321739 0.211003 0.307609
1 0.172354 0.304348 0.170961 0.318478 0.174443 0.318478 0.173398 0.304348 0.172354 0.304348
1 0.187674 0.34565199999999996 0.193942 0.34565199999999996 0.192549 0.33587 0.192201 0.321739 0.19046000000000002 0.321739 0.189415 0.328261 0.188719 0.341304 0.187674 0.343478 0.187674 0.34565199999999996
1 0.188022 0.40108699999999997 0.20090499999999997 0.40108699999999997 0.199164 0.394565 0.197423 0.392391 0.196727 0.372826 0.196031 0.370652 0.195334 0.356522 0.193245 0.356522 0.191156 0.378261 0.191156 0.390217 0.188022 0.395652 0.188022 0.40108699999999997
1 0.125696 0.373913 0.125348 0.377174 0.136142 0.377174 0.135794 0.372826 0.134053 0.371739 0.131964 0.341304 0.130571 0.341304 0.12883 0.356522 0.128482 0.36739099999999997 0.127089 0.372826 0.125696 0.373913
1 0.136838 0.359783 0.135446 0.353261 0.135446 0.336957 0.134401 0.33587 0.134401 0.330435 0.132312 0.32934800000000003 0.132312 0.343478 0.133008 0.347826 0.133357 0.359783 0.136838 0.359783
1 0.503482 0.394565 0.500696 0.397826 0.500696 0.4 0.503134 0.4 0.504875 0.38587 0.50766 0.38587 0.508357 0.38913000000000003 0.508705 0.397826 0.509401 0.4 0.51149 0.4 0.51149 0.397826 0.509749 0.394565 0.508357 0.38152200000000003 0.50766 0.358696 0.505571 0.358696 0.504875 0.370652 0.504178 0.373913 0.503482 0.373913 0.503482 0.394565