3 0.682451 0.565217 0.682103 0.583696 0.6803619999999999 0.6054350000000001 0.6803619999999999 0.618478 0.678273 0.6489130000000001 0.6768799999999999 0.655435 0.672702 0.656522 0.670613 0.659783 0.6692199999999999 0.665217 0.668872 0.675 0.661908 0.680435 0.6615599999999999 0.686957 0.6678270000000001 0.693478 0.6709609999999999 0.694565 0.6751389999999999 0.7 0.6803619999999999 0.7021740000000001 0.6827989999999999 0.705435 0.685237 0.705435 0.689763 0.709783 0.697423 0.709783 0.699164 0.706522 0.7016020000000001 0.705435 0.707869 0.697826 0.7092620000000001 0.697826 0.714485 0.68913 0.718663 0.684783 0.718315 0.681522 0.7151810000000001 0.679348 0.712396 0.675 0.712047 0.669565 0.710655 0.66413 0.705432 0.657609 0.704387 0.6543479999999999 0.703691 0.6380429999999999 0.700209 0.606522 0.696727 0.53913 0.69429 0.5130429999999999 0.6946380000000001 0.509783 0.693245 0.506522 0.6862809999999999 0.506522 0.684889 0.536957 0.684192 0.541304 0.684192 0.551087 0.682451 0.565217
1 0.131267 0.597826 0.130223 0.606522 0.130223 0.6141300000000001 0.129526 0.620652 0.12987500000000002 0.627174 0.129526 0.63913 0.12883 0.643478 0.12883 0.653261 0.126741 0.655435 0.12465200000000001 0.66087 0.12117 0.666304 0.12117 0.679348 0.122214 0.680435 0.122563 0.6836960000000001 0.12604500000000002 0.68587 0.139972 0.686957 0.148677 0.682609 0.149721 0.680435 0.152507 0.680435 0.156337 0.677174 0.157033 0.675 0.162604 0.671739 0.162604 0.668478 0.161212 0.6630429999999999 0.160167 0.65 0.158426 0.647826 0.154596 0.646739 0.152507 0.6380429999999999 0.150418 0.6141300000000001 0.149373 0.609783 0.14902500000000002 0.6010869999999999 0.147284 0.584783 0.147284 0.579348 0.145891 0.569565 0.145891 0.56413 0.143106 0.5423910000000001 0.141713 0.525 0.140669 0.521739 0.135794 0.521739 0.13370500000000002 0.5239130000000001 0.13266 0.536957 0.13266 0.561957 0.131616 0.572826 0.131267 0.597826
0 0.63649 0.421739 0.63649 0.43478300000000003 0.6354460000000001 0.441304 0.635097 0.45543500000000003 0.634401 0.459783 0.631964 0.459783 0.630223 0.463043 0.630223 0.475 0.631616 0.478261 0.657382 0.478261 0.657382 0.475 0.6556409999999999 0.46956499999999995 0.6556409999999999 0.463043 0.653203 0.45869600000000005 0.651114 0.457609 0.65007 0.454348 0.648329 0.41956499999999997 0.647284 0.41086999999999996 0.6462399999999999 0.388043 0.645543 0.384783 0.6448470000000001 0.373913 0.6448470000000001 0.36739099999999997 0.639276 0.36739099999999997 0.639276 0.376087 0.638231 0.388043 0.637535 0.411957 0.63649 0.421739
0 0.604805 0.328261 0.616992 0.328261 0.617688 0.32717399999999996 0.617688 0.322826 0.615947 0.321739 0.614206 0.31521699999999997 0.61351 0.291304 0.612117 0.27391299999999996 0.609331 0.27391299999999996 0.607939 0.31630400000000003 0.606546 0.321739 0.6051529999999999 0.322826 0.604805 0.328261
0 0.5974929999999999 0.272826 0.595404 0.275 0.595056 0.278261 0.600975 0.278261 0.604109 0.276087 0.602368 0.272826 0.600975 0.26087 0.600279 0.24021699999999999 0.598538 0.24130400000000002 0.598538 0.24673899999999999 0.5978410000000001 0.251087 0.5974929999999999 0.272826
0 0.595752 0.248913 0.594708 0.24673899999999999 0.592967 0.22391299999999997 0.59227 0.22391299999999997 0.590877 0.24673899999999999 0.589485 0.251087 0.595752 0.248913
0 0.564415 0.24021699999999999 0.564067 0.226087 0.562674 0.226087 0.562326 0.243478 0.560585 0.253261 0.566504 0.253261 0.564415 0.24021699999999999
0 0.5330779999999999 0.25652200000000003 0.532033 0.253261 0.531685 0.24673899999999999 0.530989 0.244565 0.530989 0.23478300000000002 0.530292 0.230435 0.529596 0.230435 0.528203 0.24565199999999998 0.528203 0.254348 0.5275070000000001 0.25652200000000003 0.5330779999999999 0.25652200000000003
0 0.49930399999999997 0.25543499999999997 0.49791100000000005 0.232609 0.496866 0.232609 0.495822 0.25543499999999997 0.494777 0.259783 0.500348 0.259783 0.49930399999999997 0.25543499999999997
0 0.46831500000000004 0.288043 0.47667099999999996 0.288043 0.47492999999999996 0.281522 0.47492999999999996 0.272826 0.473886 0.267391 0.47318899999999997 0.253261 0.471448 0.254348 0.470404 0.280435 0.469359 0.284783 0.468663 0.284783 0.46831500000000004 0.288043
0 0.419916 0.33913000000000004 0.41956800000000005 0.343478 0.431755 0.343478 0.432103 0.33913000000000004 0.43071000000000004 0.338043 0.42931800000000003 0.330435 0.42688 0.29239099999999996 0.424095 0.291304 0.422702 0.31413 0.422354 0.336957 0.42130900000000004 0.33913000000000004 0.419916 0.33913000000000004
0 0.292827 0.433696 0.292827 0.45108699999999996 0.29213100000000003 0.456522 0.291435 0.47391300000000003 0.29039000000000004 0.478261 0.287953 0.479348 0.28656000000000004 0.48260899999999995 0.28656000000000004 0.48913 0.28447100000000003 0.49347799999999997 0.283426 0.49347799999999997 0.283426 0.49565200000000004 0.305362 0.49565200000000004 0.312326 0.484783 0.310933 0.483696 0.30954000000000004 0.476087 0.306058 0.475 0.305362 0.47282599999999997 0.305014 0.465217 0.303969 0.45869600000000005 0.302925 0.43478300000000003 0.300487 0.417391 0.299095 0.395652 0.298398 0.393478 0.295265 0.393478 0.294568 0.395652 0.293872 0.421739 0.292827 0.433696
4 0.6037600000000001 0.221739 0.602368 0.24021699999999999 0.6055010000000001 0.24021699999999999 0.604457 0.221739 0.6037600000000001 0.221739
4 0.603412 0.22282600000000002 0.6037600000000001 0.220652 0.6051529999999999 0.22282600000000002 0.604457 0.20760900000000002 0.603412 0.209783 0.603412 0.216304 0.602368 0.22282600000000002 0.603412 0.22282600000000002