1 0.7681060000000001 0.719565 0.764276 0.7554350000000001 0.76149 0.795652 0.756616 0.8293480000000001 0.754178 0.8423909999999999 0.754178 0.846739 0.787604 0.846739 0.7851670000000001 0.8 0.7848189999999999 0.7695649999999999 0.78273 0.7 0.780292 0.692391 0.777855 0.68913 0.774025 0.68913 0.770195 0.692391 0.7681060000000001 0.719565
1 0.43071000000000004 0.544565 0.430014 0.5478259999999999 0.428273 0.5478259999999999 0.425139 0.555435 0.423747 0.556522 0.422354 0.56087 0.422354 0.56413 0.424443 0.568478 0.427577 0.571739 0.439763 0.580435 0.444986 0.580435 0.454735 0.572826 0.456476 0.568478 0.456476 0.565217 0.45369099999999996 0.554348 0.450905 0.552174 0.44951299999999994 0.544565 0.448816 0.527174 0.447075 0.508696 0.446727 0.48804299999999995 0.445334 0.471739 0.445334 0.457609 0.44463800000000003 0.44565200000000005 0.43802199999999997 0.444565 0.43697800000000003 0.45 0.43488899999999997 0.5 0.432103 0.522826 0.43071000000000004 0.544565
1 0.271588 0.433696 0.270891 0.43587 0.268106 0.43804299999999996 0.267409 0.44239100000000003 0.26949900000000004 0.44565200000000005 0.27890000000000004 0.45108699999999996 0.287256 0.45 0.290042 0.444565 0.290042 0.43913 0.285167 0.43478300000000003 0.285515 0.41956499999999997 0.28447100000000003 0.407609 0.283426 0.378261 0.281685 0.357609 0.28098900000000004 0.355435 0.27681100000000003 0.355435 0.274721 0.378261 0.273677 0.40543500000000005 0.272632 0.41413 0.271588 0.433696
1 0.196031 0.365217 0.195682 0.377174 0.194986 0.379348 0.191852 0.38152200000000003 0.191852 0.383696 0.193245 0.388043 0.201253 0.390217 0.206128 0.390217 0.211351 0.38587 0.211003 0.38260900000000003 0.208914 0.379348 0.207521 0.373913 0.205432 0.341304 0.20473499999999997 0.31521699999999997 0.199861 0.31413 0.198816 0.32934800000000003 0.19812000000000002 0.33260900000000004 0.197772 0.347826 0.196031 0.365217
1 0.125 0.331522 0.12291099999999999 0.33587 0.127786 0.341304 0.137883 0.340217 0.138579 0.33913000000000004 0.138579 0.336957 0.13753500000000002 0.333696 0.135446 0.331522 0.135446 0.325 0.134749 0.321739 0.132312 0.280435 0.12883 0.280435 0.126393 0.307609 0.125696 0.322826 0.125 0.326087 0.125 0.331522
1 0.050487000000000004 0.291304 0.060237 0.290217 0.059889000000000005 0.28586999999999996 0.058843999999999994 0.283696 0.058148 0.270652 0.057450999999999995 0.269565 0.056755 0.25543499999999997 0.055362 0.244565 0.052925 0.243478 0.050139 0.283696 0.048747 0.28586999999999996 0.048747 0.288043 0.050487000000000004 0.291304
1 0.063022 0.269565 0.063022 0.266304 0.061978 0.26413000000000003 0.060933 0.25543499999999997 0.060933 0.24673899999999999 0.059889000000000005 0.238043 0.05954 0.228261 0.056407 0.228261 0.056058 0.248913 0.057103 0.25543499999999997 0.057799 0.269565 0.063022 0.269565
1 0.078691 0.25652200000000003 0.088092 0.25760900000000003 0.086351 0.248913 0.086351 0.24130400000000002 0.08565500000000001 0.238043 0.084958 0.22391299999999997 0.082869 0.22282600000000002 0.082173 0.225 0.080084 0.251087 0.078691 0.254348 0.078691 0.25652200000000003
1 0.127786 0.251087 0.13649 0.252174 0.135446 0.248913 0.135446 0.244565 0.134749 0.243478 0.134053 0.22391299999999997 0.131964 0.220652 0.130919 0.227174 0.130223 0.244565 0.128482 0.251087 0.127786 0.251087
1 0.203343 0.25 0.202298 0.24782600000000002 0.201602 0.227174 0.20090499999999997 0.22391299999999997 0.199513 0.22391299999999997 0.19812000000000002 0.24565199999999998 0.196379 0.251087 0.203343 0.252174 0.203343 0.25
1 0.268106 0.25652200000000003 0.274373 0.25543499999999997 0.273677 0.253261 0.272632 0.232609 0.271936 0.22934800000000002 0.270543 0.230435 0.270195 0.24021699999999999 0.268802 0.254348 0.268106 0.25652200000000003
1 0.33669899999999997 0.261957 0.335306 0.253261 0.334958 0.236957 0.333565 0.23586999999999997 0.332521 0.243478 0.332173 0.254348 0.33077999999999996 0.261957 0.33669899999999997 0.261957
3 0.155989 0.23586999999999997 0.155989 0.233696 0.154944 0.230435 0.15389999999999998 0.211957 0.15285500000000002 0.211957 0.151811 0.219565 0.151462 0.231522 0.150418 0.23586999999999997 0.155989 0.23586999999999997
3 0.254178 0.24239099999999997 0.25905300000000003 0.24239099999999997 0.258357 0.238043 0.258008 0.22391299999999997 0.257312 0.220652 0.256616 0.220652 0.255571 0.22391299999999997 0.25522300000000003 0.238043 0.254178 0.24239099999999997
3 0.35167099999999996 0.253261 0.357939 0.253261 0.356546 0.248913 0.35585 0.231522 0.354805 0.231522 0.354109 0.23478300000000002 0.353064 0.248913 0.35167099999999996 0.253261
3 0.447423 0.25652200000000003 0.447423 0.244565 0.44603099999999996 0.24565199999999998 0.44428999999999996 0.266304 0.448468 0.266304 0.447423 0.25652200000000003
3 0.539345 0.282609 0.5383009999999999 0.276087 0.537953 0.259783 0.5365599999999999 0.258696 0.535864 0.263043 0.5351670000000001 0.277174 0.534123 0.282609 0.539345 0.282609
2 0.615947 0.3 0.614206 0.306522 0.614206 0.30978300000000003 0.622911 0.30978300000000003 0.622563 0.306522 0.621518 0.304348 0.620822 0.296739 0.620474 0.26413000000000003 0.618733 0.26413000000000003 0.618036 0.270652 0.61734 0.271739 0.615947 0.3
2 0.611421 0.288043 0.610724 0.294565 0.615599 0.294565 0.615947 0.29239099999999996 0.615599 0.26413000000000003 0.614903 0.25652200000000003 0.613858 0.25652200000000003 0.612465 0.27391299999999996 0.611421 0.280435 0.611421 0.288043
2 0.63649 0.284783 0.6354460000000001 0.302174 0.634401 0.306522 0.634401 0.313043 0.6427579999999999 0.313043 0.641713 0.30978300000000003 0.64032 0.296739 0.64032 0.270652 0.639624 0.266304 0.638231 0.267391 0.637535 0.271739 0.637535 0.277174 0.63649 0.284783
3 0.622563 0.272826 0.621518 0.272826 0.62117 0.294565 0.623955 0.294565 0.622563 0.27934800000000004 0.622563 0.272826
1 0.752437 0.330435 0.752437 0.328261 0.751393 0.325 0.751045 0.304348 0.748955 0.303261 0.747563 0.323913 0.74617 0.328261 0.74617 0.330435 0.752437 0.330435
1 0.8335649999999999 0.33587 0.833217 0.318478 0.831128 0.317391 0.8304320000000001 0.32934800000000003 0.8283429999999999 0.343478 0.834958 0.343478 0.8335649999999999 0.33587
1 0.9032030000000001 0.352174 0.9014620000000001 0.344565 0.901114 0.328261 0.9004179999999999 0.326087 0.899025 0.32717399999999996 0.897632 0.343478 0.895891 0.352174 0.9032030000000001 0.352174
3 0.719011 0.313043 0.725975 0.313043 0.7245820000000001 0.30869599999999997 0.7245820000000001 0.29782600000000004 0.723538 0.28913 0.7224929999999999 0.28913 0.720752 0.30869599999999997 0.719708 0.30978300000000003 0.719011 0.313043
3 0.8172010000000001 0.32717399999999996 0.8154600000000001 0.30978300000000003 0.8154600000000001 0.304348 0.8137190000000001 0.304348 0.812674 0.318478 0.810933 0.325 0.810933 0.32717399999999996 0.8172010000000001 0.32717399999999996
3 0.8478410000000001 0.32934800000000003 0.846448 0.307609 0.844708 0.30869599999999997 0.8433149999999999 0.325 0.8422700000000001 0.32934800000000003 0.8478410000000001 0.32934800000000003
3 0.862813 0.326087 0.861769 0.320652 0.8607239999999999 0.303261 0.8593310000000001 0.303261 0.857591 0.326087 0.856546 0.32934800000000003 0.862813 0.32934800000000003 0.862813 0.326087
3 0.866992 0.307609 0.8655989999999999 0.306522 0.863162 0.323913 0.868384 0.325 0.8673400000000001 0.318478 0.866992 0.307609
3 0.8304320000000001 0.30978300000000003 0.8286910000000001 0.293478 0.827994 0.293478 0.826602 0.305435 0.8255570000000001 0.30978300000000003 0.8304320000000001 0.30978300000000003
3 0.822772 0.304348 0.8217269999999999 0.28913 0.8203340000000001 0.290217 0.819638 0.298913 0.8182449999999999 0.304348 0.822772 0.304348
3 0.8450559999999999 0.298913 0.8440110000000001 0.29239099999999996 0.8433149999999999 0.291304 0.8422700000000001 0.296739 0.841922 0.303261 0.8450559999999999 0.303261 0.8450559999999999 0.298913
1 0.897981 0.319565 0.896936 0.31413 0.89624 0.302174 0.895195 0.303261 0.8948470000000001 0.30869599999999997 0.892758 0.319565 0.897981 0.319565
1 0.903552 0.305435 0.9014620000000001 0.322826 0.9059889999999999 0.322826 0.904596 0.305435 0.903552 0.305435
1 0.907033 0.303261 0.9059889999999999 0.303261 0.905292 0.31087 0.9056409999999999 0.317391 0.908078 0.317391 0.907033 0.303261
1 0.9345399999999999 0.30978300000000003 0.933844 0.307609 0.9327989999999999 0.307609 0.9314069999999999 0.321739 0.935585 0.321739 0.9345399999999999 0.31413 0.9345399999999999 0.30978300000000003
1 0.950905 0.33587 0.950905 0.330435 0.9502090000000001 0.328261 0.9495129999999999 0.319565 0.9467269999999999 0.333696 0.946031 0.334783 0.946031 0.336957 0.950905 0.33587
3 0.8878830000000001 0.301087 0.8878830000000001 0.296739 0.887187 0.296739 0.8861420000000001 0.302174 0.885446 0.31087 0.8892760000000001 0.31087 0.8878830000000001 0.301087
1 0.42722800000000005 0.276087 0.426184 0.268478 0.425836 0.252174 0.424443 0.25 0.42305000000000004 0.258696 0.422354 0.272826 0.421657 0.275 0.42722800000000005 0.276087
1 0.532033 0.283696 0.531685 0.268478 0.530989 0.266304 0.529944 0.266304 0.528552 0.283696 0.526811 0.293478 0.533426 0.293478 0.532033 0.283696
3 0.773329 0.298913 0.771936 0.29782600000000004 0.770543 0.31521699999999997 0.76915 0.321739 0.77507 0.321739 0.773329 0.298913
2 0.627437 0.282609 0.627437 0.288043 0.626393 0.29565199999999997 0.627437 0.29565199999999997 0.628482 0.286957 0.629526 0.286957 0.630571 0.294565 0.631616 0.29565199999999997 0.631964 0.283696 0.630919 0.259783 0.629875 0.259783 0.629178 0.261957 0.628134 0.27934800000000004 0.627437 0.282609
1 0.629526 0.31087 0.630571 0.306522 0.630571 0.29565199999999997 0.629526 0.291304 0.629526 0.288043 0.628482 0.288043 0.626393 0.306522 0.625348 0.31087 0.629526 0.31087