3 0.46483299999999994 0.468478 0.465181 0.483696 0.464485 0.49347799999999997 0.46309199999999995 0.496739 0.459958 0.5 0.459958 0.5195649999999999 0.482242 0.518478 0.48363500000000004 0.516304 0.48676899999999995 0.515217 0.48537600000000003 0.497826 0.48468 0.49565200000000004 0.48259100000000005 0.49565200000000004 0.480501 0.492391 0.479457 0.475 0.47841199999999995 0.468478 0.478064 0.45543500000000003 0.47597500000000004 0.43695700000000004 0.47597500000000004 0.42934799999999995 0.473886 0.4 0.46901099999999996 0.4 0.46901099999999996 0.411957 0.46796699999999997 0.41956499999999997 0.467618 0.43478300000000003 0.46483299999999994 0.468478
3 0.408078 0.607609 0.407382 0.608696 0.40703300000000003 0.620652 0.406337 0.626087 0.406337 0.634783 0.40494399999999997 0.659783 0.40494399999999997 0.680435 0.4039 0.697826 0.402855 0.7021740000000001 0.40076599999999996 0.703261 0.397632 0.708696 0.395891 0.715217 0.395543 0.725 0.39415 0.729348 0.388928 0.7369570000000001 0.388579 0.740217 0.39032 0.741304 0.39066900000000004 0.743478 0.39449900000000004 0.742391 0.397284 0.745652 0.40494399999999997 0.747826 0.409123 0.751087 0.42722800000000005 0.751087 0.427925 0.747826 0.428621 0.748913 0.431058 0.743478 0.434192 0.740217 0.44046 0.727174 0.442897 0.723913 0.444986 0.718478 0.444986 0.7163039999999999 0.439067 0.71413 0.43697800000000003 0.701087 0.434192 0.696739 0.43036199999999997 0.695652 0.429666 0.693478 0.427577 0.665217 0.426184 0.655435 0.425139 0.634783 0.424095 0.627174 0.423747 0.617391 0.418524 0.557609 0.418872 0.55 0.418524 0.5478259999999999 0.411212 0.5478259999999999 0.409819 0.551087 0.40947100000000003 0.555435 0.40947100000000003 0.578261 0.408078 0.607609
3 0.40007000000000004 0.379348 0.39832900000000004 0.379348 0.39798100000000003 0.384783 0.399025 0.384783 0.399373 0.388043 0.41016700000000006 0.388043 0.412256 0.38260900000000003 0.41260399999999997 0.378261 0.411212 0.378261 0.40947100000000003 0.373913 0.40773000000000004 0.340217 0.40703300000000003 0.338043 0.40598900000000004 0.320652 0.403203 0.319565 0.402855 0.325 0.402159 0.326087 0.401114 0.377174 0.40007000000000004 0.379348
3 0.334262 0.33587 0.333217 0.359783 0.332521 0.363043 0.331476 0.363043 0.329735 0.36739099999999997 0.34052899999999997 0.36847799999999997 0.34401099999999996 0.363043 0.34401099999999996 0.359783 0.340877 0.358696 0.339833 0.333696 0.338788 0.328261 0.338092 0.311957 0.337047 0.30978300000000003 0.336003 0.30978300000000003 0.334958 0.313043 0.334262 0.321739 0.334262 0.33587
3 0.216574 0.342391 0.21413600000000002 0.348913 0.22214499999999998 0.348913 0.224234 0.347826 0.22493 0.34565199999999996 0.22493 0.342391 0.22353800000000001 0.342391 0.22284099999999998 0.340217 0.222493 0.330435 0.221448 0.328261 0.220752 0.320652 0.220404 0.306522 0.219359 0.304348 0.21831499999999998 0.305435 0.217618 0.313043 0.217618 0.32934800000000003 0.216574 0.342391
3 0.175139 0.325 0.173747 0.328261 0.178621 0.32934800000000003 0.178969 0.32717399999999996 0.181755 0.32717399999999996 0.180362 0.322826 0.178621 0.30869599999999997 0.178273 0.293478 0.176532 0.29239099999999996 0.175836 0.296739 0.175836 0.313043 0.175139 0.317391 0.175139 0.325
3 0.193942 0.304348 0.200209 0.304348 0.19812000000000002 0.290217 0.19812000000000002 0.27934800000000004 0.197423 0.277174 0.196031 0.277174 0.196031 0.293478 0.195334 0.294565 0.195334 0.3 0.193942 0.304348
3 0.25 0.283696 0.254875 0.283696 0.255571 0.281522 0.25383 0.276087 0.253134 0.269565 0.253134 0.26087 0.251741 0.259783 0.251741 0.272826 0.251045 0.275 0.251045 0.280435 0.25 0.283696
3 0.31371899999999997 0.25652200000000003 0.313022 0.24565199999999998 0.311978 0.244565 0.31162999999999996 0.25760900000000003 0.310237 0.266304 0.31545999999999996 0.266304 0.31371899999999997 0.25652200000000003
3 0.379526 0.232609 0.37883 0.232609 0.37743699999999997 0.251087 0.38126699999999997 0.251087 0.379875 0.24130400000000002 0.379526 0.232609
3 0.44812 0.22282600000000002 0.447423 0.221739 0.446379 0.238043 0.449861 0.238043 0.448816 0.233696 0.44812 0.22282600000000002
3 0.5198470000000001 0.219565 0.5198470000000001 0.211957 0.51915 0.211957 0.518454 0.225 0.5177579999999999 0.228261 0.5212399999999999 0.228261 0.5198470000000001 0.219565
3 0.593663 0.20543499999999998 0.592618 0.203261 0.591226 0.220652 0.594708 0.220652 0.593663 0.213043 0.593663 0.20543499999999998
1 0.9209609999999999 0.355435 0.919916 0.36956500000000003 0.919916 0.377174 0.9192199999999999 0.38043499999999997 0.9192199999999999 0.38587 0.918175 0.393478 0.917131 0.411957 0.916086 0.417391 0.912604 0.418478 0.912256 0.428261 0.918175 0.431522 0.9192199999999999 0.433696 0.930362 0.433696 0.9327989999999999 0.431522 0.9380219999999999 0.430435 0.9387190000000001 0.42934799999999995 0.939067 0.425 0.9383699999999999 0.41956499999999997 0.933844 0.417391 0.9334960000000001 0.404348 0.9314069999999999 0.378261 0.9314069999999999 0.370652 0.930362 0.361957 0.930362 0.35 0.9296659999999999 0.346739 0.9296659999999999 0.341304 0.928621 0.33587 0.928621 0.32934800000000003 0.9227019999999999 0.32934800000000003 0.922006 0.34565199999999996 0.9213089999999999 0.35 0.9216570000000001 0.354348 0.9209609999999999 0.355435
1 0.73851 0.333696 0.737465 0.341304 0.735376 0.341304 0.735028 0.346739 0.738858 0.348913 0.75 0.348913 0.750348 0.343478 0.747911 0.33913000000000004 0.744429 0.282609 0.741643 0.282609 0.7395539999999999 0.31087 0.739206 0.323913 0.73851 0.32717399999999996 0.73851 0.333696
1 0.6051529999999999 0.31413 0.603412 0.31630400000000003 0.603412 0.318478 0.615599 0.318478 0.615251 0.31413 0.61351 0.31413 0.612465 0.31087 0.612117 0.293478 0.610724 0.280435 0.610724 0.270652 0.607591 0.270652 0.606546 0.3 0.60585 0.302174 0.60585 0.31087 0.6051529999999999 0.31413
1 0.489206 0.284783 0.489206 0.29565199999999997 0.48851000000000006 0.302174 0.487117 0.303261 0.487117 0.306522 0.496518 0.307609 0.496866 0.303261 0.49442899999999995 0.3 0.494081 0.283696 0.49303600000000003 0.277174 0.49268799999999996 0.26413000000000003 0.490599 0.26413000000000003 0.49094699999999997 0.268478 0.49025100000000005 0.269565 0.49025100000000005 0.276087 0.489206 0.284783
1 0.375 0.294565 0.375 0.282609 0.374304 0.27934800000000004 0.37360699999999997 0.267391 0.371518 0.267391 0.370125 0.29782600000000004 0.36873300000000003 0.302174 0.37743699999999997 0.302174 0.375 0.294565
1 0.350279 0.272826 0.349234 0.269565 0.348886 0.25760900000000003 0.34818899999999997 0.252174 0.347145 0.25 0.346448 0.254348 0.346448 0.270652 0.345752 0.272826 0.350279 0.272826
1 0.47910899999999995 0.23913 0.47841199999999995 0.221739 0.47736799999999996 0.221739 0.47667099999999996 0.238043 0.47562699999999997 0.24239099999999997 0.48015299999999994 0.24239099999999997 0.47910899999999995 0.23913
3 0.451253 0.418478 0.450905 0.426087 0.452298 0.42934799999999995 0.46657400000000004 0.428261 0.467618 0.42391300000000004 0.46796699999999997 0.415217 0.46552899999999997 0.41304299999999994 0.465877 0.40869600000000006 0.46483299999999994 0.4 0.464485 0.38152200000000003 0.46309199999999995 0.36739099999999997 0.462047 0.347826 0.46135099999999996 0.344565 0.458565 0.344565 0.457521 0.348913 0.455084 0.41304299999999994 0.45369099999999996 0.417391 0.451253 0.418478
1 0.338092 0.294565 0.33843999999999996 0.293478 0.337396 0.290217 0.336351 0.281522 0.335655 0.268478 0.334958 0.26413000000000003 0.333914 0.26413000000000003 0.333217 0.272826 0.33286899999999997 0.291304 0.331825 0.294565 0.338092 0.294565
1 0.32903899999999997 0.283696 0.33286899999999997 0.283696 0.332521 0.258696 0.33077999999999996 0.25652200000000003 0.33077999999999996 0.265217 0.330084 0.267391 0.330084 0.281522 0.32903899999999997 0.283696
1 0.6462399999999999 0.225 0.6462399999999999 0.221739 0.645195 0.219565 0.645195 0.209783 0.6444989999999999 0.203261 0.643454 0.20434800000000003 0.6427579999999999 0.220652 0.641365 0.225 0.6462399999999999 0.225
3 0.637535 0.20108700000000002 0.63649 0.2 0.635097 0.21739099999999997 0.638928 0.21739099999999997 0.637535 0.208696 0.637535 0.20108700000000002
1 0.5689420000000001 0.230435 0.5731200000000001 0.230435 0.572075 0.227174 0.571727 0.21086999999999997 0.5706819999999999 0.21086999999999997 0.569986 0.21739099999999997 0.569986 0.226087 0.5689420000000001 0.228261 0.5689420000000001 0.230435
1 0.532033 0.232609 0.531337 0.231522 0.530989 0.216304 0.529596 0.215217 0.529248 0.227174 0.528203 0.23478300000000002 0.532033 0.23478300000000002 0.532033 0.232609
3 0.667131 0.21413000000000001 0.666086 0.206522 0.666086 0.198913 0.66539 0.195652 0.664694 0.195652 0.663997 0.20108700000000002 0.663997 0.21086999999999997 0.6633009999999999 0.21413000000000001 0.667131 0.21413000000000001
1 0.752089 0.211957 0.751045 0.203261 0.751045 0.196739 0.75 0.191304 0.748955 0.19347799999999998 0.748607 0.208696 0.7472139999999999 0.211957 0.752089 0.211957
1 0.43245100000000003 0.251087 0.431407 0.248913 0.43071000000000004 0.233696 0.430014 0.230435 0.42931800000000003 0.230435 0.42896900000000004 0.24782600000000002 0.427925 0.248913 0.427925 0.251087 0.43245100000000003 0.251087
1 0.385446 0.24021699999999999 0.384401 0.23913 0.383357 0.26087 0.386838 0.26087 0.386142 0.24565199999999998 0.385446 0.24021699999999999
1 0.701253 0.213043 0.700905 0.198913 0.699164 0.198913 0.698816 0.213043 0.697423 0.219565 0.702298 0.219565 0.701253 0.213043
3 0.698816 0.198913 0.6995129999999999 0.197826 0.699164 0.192391 0.698468 0.192391 0.696727 0.209783 0.698468 0.209783 0.698816 0.198913
3 0.770195 0.18695699999999998 0.770195 0.18152200000000002 0.7694989999999999 0.18043499999999998 0.76915 0.18913 0.7681060000000001 0.195652 0.7712399999999999 0.195652 0.770195 0.18695699999999998
1 0.791086 0.20543499999999998 0.79039 0.2 0.79039 0.18913 0.790042 0.18695699999999998 0.788649 0.18695699999999998 0.787604 0.202174 0.786908 0.203261 0.786908 0.20543499999999998 0.791086 0.20543499999999998
3 0.723886 0.18913 0.7228410000000001 0.20543499999999998 0.726323 0.20543499999999998 0.725279 0.18913 0.723886 0.18913
1 0.816156 0.2 0.8151109999999999 0.18152200000000002 0.8137190000000001 0.18152200000000002 0.8130219999999999 0.195652 0.812326 0.196739 0.812326 0.2 0.816156 0.2
1 0.832173 0.178261 0.8307800000000001 0.19456500000000002 0.83461 0.19456500000000002 0.833217 0.178261 0.832173 0.178261
3 0.743384 0.18695699999999998 0.74234 0.202174 0.745822 0.202174 0.744777 0.18695699999999998 0.743384 0.18695699999999998
3 0.759401 0.183696 0.758705 0.197826 0.761838 0.197826 0.760794 0.183696 0.759401 0.183696