1 0.826602 0.527174 0.826602 0.531522 0.850627 0.534783 0.84993 0.526087 0.845404 0.520652 0.8440110000000001 0.516304 0.8436629999999999 0.5054350000000001 0.8422700000000001 0.49130399999999996 0.841922 0.457609 0.840181 0.453261 0.836351 0.452174 0.834958 0.45869600000000005 0.8335649999999999 0.48260899999999995 0.8304320000000001 0.517391 0.826602 0.527174
1 0.521936 0.43478300000000003 0.521936 0.43804299999999996 0.5348189999999999 0.43804299999999996 0.5348189999999999 0.43478300000000003 0.533426 0.433696 0.531337 0.42717400000000005 0.529596 0.393478 0.5288999999999999 0.390217 0.526462 0.390217 0.525766 0.393478 0.5254179999999999 0.421739 0.524721 0.428261 0.521936 0.43478300000000003
1 0.37360699999999997 0.42934799999999995 0.373259 0.454348 0.371866 0.45869600000000005 0.36873300000000003 0.45869600000000005 0.367688 0.46195700000000006 0.367688 0.465217 0.385794 0.465217 0.385794 0.46195700000000006 0.384749 0.45869600000000005 0.383357 0.459783 0.381964 0.45543500000000003 0.38126699999999997 0.43260899999999997 0.38022300000000003 0.425 0.379526 0.42391300000000004 0.378134 0.406522 0.37743699999999997 0.406522 0.37639300000000003 0.409783 0.376045 0.417391 0.37360699999999997 0.42934799999999995
1 0.342618 0.420652 0.342618 0.42391300000000004 0.353412 0.42391300000000004 0.353412 0.421739 0.35201899999999997 0.420652 0.350627 0.41630399999999995 0.348886 0.383696 0.34784099999999996 0.38043499999999997 0.346797 0.38043499999999997 0.345404 0.38587 0.345404 0.41086999999999996 0.345056 0.41413 0.342618 0.420652
1 0.28656000000000004 0.40108699999999997 0.28656000000000004 0.40543500000000005 0.295613 0.406522 0.29596100000000003 0.40217400000000003 0.295265 0.40217400000000003 0.293524 0.396739 0.292827 0.38913000000000003 0.292479 0.371739 0.291435 0.36847799999999997 0.289694 0.36847799999999997 0.288997 0.371739 0.288997 0.396739 0.287604 0.40108699999999997 0.28656000000000004 0.40108699999999997
1 0.458565 0.404348 0.458565 0.407609 0.46831500000000004 0.407609 0.46831500000000004 0.40543500000000005 0.465181 0.397826 0.46483299999999994 0.373913 0.463788 0.370652 0.462744 0.370652 0.461003 0.376087 0.461003 0.394565 0.46065500000000004 0.397826 0.458565 0.404348
1 0.435933 0.391304 0.43697800000000003 0.393478 0.44254899999999997 0.393478 0.44254899999999997 0.390217 0.441504 0.388043 0.44046 0.377174 0.44046 0.365217 0.439763 0.361957 0.438719 0.361957 0.437674 0.365217 0.437674 0.384783 0.435933 0.38913000000000003 0.435933 0.391304
1 0.43245100000000003 0.379348 0.432103 0.383696 0.437326 0.38260900000000003 0.43662999999999996 0.361957 0.435585 0.358696 0.43454 0.358696 0.433496 0.361957 0.433496 0.377174 0.43245100000000003 0.379348
1 0.370822 0.384783 0.376741 0.384783 0.37639300000000003 0.38043499999999997 0.375348 0.378261 0.374652 0.372826 0.373955 0.358696 0.373259 0.358696 0.371866 0.365217 0.371518 0.378261 0.36977699999999997 0.38260900000000003 0.370822 0.384783
1 0.307103 0.379348 0.306755 0.38260900000000003 0.31371899999999997 0.383696 0.31371899999999997 0.38152200000000003 0.31128100000000003 0.375 0.310933 0.359783 0.310585 0.357609 0.30954000000000004 0.357609 0.308496 0.36086999999999997 0.308148 0.365217 0.308148 0.377174 0.307103 0.379348
1 0.229109 0.38587 0.23502800000000001 0.384783 0.233983 0.38260900000000003 0.232591 0.36956500000000003 0.232591 0.363043 0.231894 0.363043 0.23085 0.366304 0.230153 0.38152200000000003 0.229109 0.38587
1 0.199513 0.4 0.200557 0.40217400000000003 0.20961 0.40217400000000003 0.20961 0.4 0.20856499999999997 0.4 0.207173 0.395652 0.20682499999999998 0.388043 0.205432 0.379348 0.205432 0.373913 0.20473499999999997 0.370652 0.203691 0.370652 0.20299399999999998 0.373913 0.20195 0.391304 0.199513 0.397826 0.199513 0.4
1 0.09714500000000001 0.40543500000000005 0.09714500000000001 0.407609 0.104457 0.407609 0.10515300000000001 0.406522 0.10515300000000001 0.403261 0.10341199999999999 0.395652 0.10341199999999999 0.38260900000000003 0.101671 0.377174 0.100627 0.377174 0.09992999999999999 0.38043499999999997 0.099234 0.40108699999999997 0.097841 0.40543500000000005 0.09714500000000001 0.40543500000000005
3 0.7729809999999999 0.44565200000000005 0.7729809999999999 0.448913 0.77507 0.452174 0.782033 0.452174 0.785515 0.45 0.785515 0.44565200000000005 0.7830779999999999 0.43913 0.782033 0.43260899999999997 0.780292 0.40108699999999997 0.778552 0.4 0.776811 0.407609 0.775766 0.44021699999999997 0.774025 0.44565200000000005 0.7729809999999999 0.44565200000000005
3 0.646588 0.396739 0.645891 0.40108699999999997 0.645891 0.411957 0.645195 0.41413 0.643454 0.415217 0.6431060000000001 0.417391 0.647632 0.417391 0.6504179999999999 0.41956499999999997 0.654596 0.41630399999999995 0.651462 0.407609 0.651462 0.396739 0.6504179999999999 0.388043 0.6504179999999999 0.378261 0.649373 0.376087 0.648329 0.38260900000000003 0.648329 0.388043 0.6462399999999999 0.392391 0.646588 0.396739
3 0.575209 0.38043499999999997 0.575209 0.38260900000000003 0.573468 0.392391 0.5807800000000001 0.393478 0.581128 0.390217 0.579387 0.38587 0.5790390000000001 0.38260900000000003 0.578691 0.363043 0.577646 0.359783 0.575905 0.36086999999999997 0.575905 0.36847799999999997 0.5745129999999999 0.372826 0.5745129999999999 0.379348 0.575209 0.38043499999999997
3 0.546657 0.38043499999999997 0.552228 0.379348 0.550836 0.375 0.5504870000000001 0.359783 0.5483979999999999 0.358696 0.547354 0.36086999999999997 0.546657 0.371739 0.547702 0.373913 0.547702 0.377174 0.546657 0.38043499999999997
3 0.506616 0.373913 0.505571 0.370652 0.505223 0.357609 0.504178 0.352174 0.503134 0.352174 0.502089 0.359783 0.5027860000000001 0.366304 0.501393 0.373913 0.506616 0.373913
3 0.426184 0.371739 0.425139 0.373913 0.42548700000000006 0.375 0.42931800000000003 0.375 0.431407 0.372826 0.43036199999999997 0.36847799999999997 0.43036199999999997 0.361957 0.42896900000000004 0.354348 0.427925 0.354348 0.42688 0.357609 0.42688 0.366304 0.426184 0.371739
3 0.341574 0.376087 0.345752 0.377174 0.346797 0.373913 0.345752 0.370652 0.345752 0.358696 0.345404 0.356522 0.343315 0.356522 0.342618 0.359783 0.342618 0.370652 0.341574 0.372826 0.341574 0.376087
3 0.24512499999999998 0.379348 0.247911 0.379348 0.24895499999999998 0.377174 0.247911 0.375 0.247214 0.361957 0.24617 0.361957 0.24477699999999997 0.36847799999999997 0.24512499999999998 0.375 0.244081 0.377174 0.24512499999999998 0.379348
3 0.177925 0.420652 0.174791 0.428261 0.174791 0.431522 0.185585 0.431522 0.18663000000000002 0.42934799999999995 0.186281 0.42717400000000005 0.184889 0.42717400000000005 0.183496 0.422826 0.183844 0.41304299999999994 0.182799 0.39891299999999996 0.182799 0.38913000000000003 0.182103 0.386957 0.180014 0.38587 0.178969 0.38913000000000003 0.178621 0.395652 0.177577 0.397826 0.177925 0.420652
3 0.136142 0.43695700000000004 0.135794 0.45543500000000003 0.134749 0.459783 0.133357 0.46087 0.132312 0.46413000000000004 0.132312 0.467391 0.133008 0.468478 0.144499 0.46956499999999995 0.148329 0.46630399999999994 0.147981 0.46087 0.14623999999999998 0.46087 0.144847 0.456522 0.143454 0.40869600000000006 0.142061 0.404348 0.139276 0.40543500000000005 0.138231 0.40869600000000006 0.137187 0.428261 0.136142 0.43695700000000004
3 0.082173 0.41413 0.081128 0.41413 0.080084 0.417391 0.080084 0.420652 0.081128 0.422826 0.090181 0.422826 0.091574 0.420652 0.088092 0.41304299999999994 0.08843999999999999 0.407609 0.087744 0.384783 0.086003 0.377174 0.084958 0.377174 0.083914 0.38043499999999997 0.082869 0.38913000000000003 0.082869 0.411957 0.082173 0.41413
1 0.700905 0.6119570000000001 0.700209 0.615217 0.700209 0.622826 0.699164 0.6304350000000001 0.699164 0.646739 0.697772 0.656522 0.697423 0.665217 0.696727 0.669565 0.69429 0.676087 0.68837 0.676087 0.687326 0.679348 0.687326 0.686957 0.685933 0.688043 0.684889 0.6913039999999999 0.684889 0.694565 0.685933 0.697826 0.697423 0.701087 0.705432 0.706522 0.7092620000000001 0.706522 0.710655 0.708696 0.7148329999999999 0.708696 0.7151810000000001 0.71087 0.718663 0.706522 0.719011 0.704348 0.7211000000000001 0.701087 0.723886 0.7 0.72493 0.696739 0.72493 0.6913039999999999 0.721797 0.681522 0.716574 0.679348 0.7151810000000001 0.675 0.714485 0.657609 0.713092 0.645652 0.711351 0.596739 0.709958 0.588043 0.709958 0.579348 0.711003 0.568478 0.710655 0.563043 0.70961 0.559783 0.703691 0.559783 0.702646 0.563043 0.70195 0.583696 0.700905 0.58587 0.700905 0.6119570000000001
1 0.446379 0.53913 0.44428999999999996 0.545652 0.441156 0.5478259999999999 0.439763 0.552174 0.439763 0.555435 0.440808 0.5586960000000001 0.464485 0.559783 0.46552899999999997 0.556522 0.46552899999999997 0.553261 0.464485 0.551087 0.464485 0.545652 0.46135099999999996 0.544565 0.459958 0.540217 0.45786899999999997 0.508696 0.456825 0.475 0.45578 0.465217 0.451602 0.46413000000000004 0.450557 0.467391 0.44951299999999994 0.47717400000000004 0.44777199999999995 0.520652 0.446379 0.53913
1 0.657033 0.43587 0.656337 0.441304 0.656685 0.457609 0.655989 0.46630399999999994 0.654248 0.471739 0.6521589999999999 0.471739 0.651114 0.475 0.651114 0.478261 0.6521589999999999 0.48043500000000006 0.6678270000000001 0.48043500000000006 0.668872 0.478261 0.668872 0.475 0.666783 0.47282599999999997 0.66539 0.468478 0.664694 0.456522 0.665042 0.448913 0.664345 0.443478 0.664345 0.43695700000000004 0.6633009999999999 0.43478300000000003 0.662604 0.418478 0.661908 0.415217 0.659471 0.41413 0.658426 0.417391 0.658426 0.425 0.657033 0.42934799999999995 0.657033 0.43587
3 0.139972 0.384783 0.142061 0.384783 0.142758 0.383696 0.141713 0.38152200000000003 0.14136500000000002 0.366304 0.139972 0.365217 0.138928 0.36739099999999997 0.139624 0.371739 0.139624 0.38152200000000003 0.139972 0.384783
1 0.133357 0.38913000000000003 0.133357 0.391304 0.141713 0.391304 0.139624 0.384783 0.139276 0.371739 0.138231 0.36739099999999997 0.137187 0.36739099999999997 0.135794 0.378261 0.135794 0.383696 0.134053 0.38913000000000003 0.133357 0.38913000000000003