1 0.56337 0.567391 0.56163 0.570652 0.56163 0.578261 0.5595399999999999 0.580435 0.5595399999999999 0.583696 0.577646 0.590217 0.583565 0.590217 0.588788 0.581522 0.589485 0.578261 0.5884400000000001 0.5771740000000001 0.587396 0.571739 0.585655 0.569565 0.583565 0.569565 0.582869 0.5663039999999999 0.577298 0.476087 0.572423 0.476087 0.568245 0.5336960000000001 0.566852 0.563043 0.566156 0.5663039999999999 0.56337 0.567391
1 0.82312 0.479348 0.8408770000000001 0.479348 0.841226 0.476087 0.8398329999999999 0.46956499999999995 0.838092 0.468478 0.837396 0.46413000000000004 0.8342620000000001 0.41304299999999994 0.8304320000000001 0.41304299999999994 0.826253 0.465217 0.8255570000000001 0.467391 0.8238160000000001 0.467391 0.82312 0.479348
1 0.375 0.453261 0.39032 0.452174 0.39032 0.446739 0.387883 0.444565 0.387187 0.44239100000000003 0.384401 0.392391 0.38126699999999997 0.392391 0.37743699999999997 0.441304 0.376741 0.443478 0.375 0.444565 0.375 0.453261
1 0.61734 0.42717400000000005 0.629178 0.42717400000000005 0.629178 0.421739 0.6277860000000001 0.421739 0.627089 0.417391 0.625348 0.379348 0.6222139999999999 0.378261 0.619777 0.417391 0.619081 0.420652 0.61734 0.420652 0.61734 0.42717400000000005
1 0.526811 0.38152200000000003 0.5271589999999999 0.384783 0.526114 0.388043 0.5254179999999999 0.388043 0.524721 0.392391 0.534471 0.392391 0.534471 0.386957 0.5330779999999999 0.386957 0.532382 0.38260900000000003 0.531337 0.355435 0.5288999999999999 0.355435 0.527855 0.370652 0.525766 0.379348 0.525766 0.38152200000000003 0.526811 0.38152200000000003
1 0.33669899999999997 0.396739 0.345752 0.396739 0.345752 0.393478 0.34435899999999997 0.391304 0.342967 0.356522 0.339833 0.356522 0.33843999999999996 0.375 0.337744 0.391304 0.33669899999999997 0.392391 0.33669899999999997 0.396739
1 0.346448 0.363043 0.346448 0.366304 0.35375999999999996 0.366304 0.35375999999999996 0.363043 0.353064 0.363043 0.352368 0.359783 0.351323 0.338043 0.349234 0.338043 0.348886 0.343478 0.34784099999999996 0.346739 0.34784099999999996 0.359783 0.346448 0.363043
1 0.4039 0.353261 0.4039 0.35 0.402855 0.347826 0.402159 0.328261 0.40007000000000004 0.328261 0.399025 0.346739 0.39798100000000003 0.35 0.39798100000000003 0.353261 0.4039 0.353261
1 0.525766 0.36847799999999997 0.525766 0.365217 0.524721 0.363043 0.523677 0.33913000000000004 0.5212399999999999 0.33913000000000004 0.520195 0.363043 0.51915 0.365217 0.51915 0.36847799999999997 0.525766 0.36847799999999997
1 0.54805 0.352174 0.54805 0.35 0.547006 0.347826 0.546657 0.331522 0.543872 0.331522 0.543524 0.347826 0.5424789999999999 0.35 0.5424789999999999 0.352174 0.54805 0.352174
1 0.567549 0.344565 0.565808 0.322826 0.564763 0.322826 0.5637190000000001 0.33913000000000004 0.562674 0.341304 0.562674 0.344565 0.567549 0.344565
1 0.544568 0.319565 0.544568 0.330435 0.5459609999999999 0.330435 0.5459609999999999 0.319565 0.544568 0.319565
1 0.443245 0.338043 0.443245 0.33587 0.442201 0.333696 0.441504 0.318478 0.44046 0.318478 0.44046 0.322826 0.439763 0.325 0.438719 0.338043 0.443245 0.338043
1 0.432799 0.342391 0.432799 0.344565 0.437326 0.344565 0.435933 0.330435 0.435933 0.322826 0.43454 0.322826 0.43454 0.32934800000000003 0.433844 0.330435 0.433496 0.341304 0.432799 0.342391
3 0.050487000000000004 0.588043 0.049095 0.592391 0.049443 0.596739 0.048747 0.598913 0.048747 0.606522 0.070334 0.606522 0.087047 0.5913039999999999 0.086003 0.58913 0.083565 0.588043 0.082521 0.583696 0.080084 0.579348 0.077298 0.578261 0.069986 0.48586999999999997 0.063719 0.48586999999999997 0.056058 0.580435 0.05501399999999999 0.584783 0.050487000000000004 0.588043
3 0.079735 0.441304 0.081128 0.448913 0.08077999999999999 0.45543500000000003 0.079735 0.45869600000000005 0.07694999999999999 0.459783 0.07694999999999999 0.468478 0.094359 0.467391 0.095404 0.465217 0.095404 0.457609 0.09331500000000001 0.457609 0.09226999999999999 0.45 0.09226999999999999 0.444565 0.093663 0.44239100000000003 0.094011 0.43587 0.090529 0.425 0.08843999999999999 0.397826 0.08460999999999999 0.397826 0.082869 0.422826 0.082173 0.426087 0.081476 0.426087 0.079735 0.441304
3 0.136142 0.393478 0.136142 0.396739 0.146936 0.396739 0.146936 0.393478 0.144847 0.390217 0.144847 0.38587 0.145891 0.383696 0.14623999999999998 0.378261 0.143454 0.36956500000000003 0.142758 0.355435 0.139972 0.355435 0.138579 0.373913 0.138231 0.388043 0.13753500000000002 0.392391 0.136142 0.393478
3 0.274373 0.35108700000000004 0.27298100000000003 0.343478 0.272284 0.326087 0.269847 0.326087 0.26915 0.34565199999999996 0.268106 0.348913 0.268106 0.35108700000000004 0.274373 0.35108700000000004
3 0.7924789999999999 0.41086999999999996 0.8029249999999999 0.41086999999999996 0.8029249999999999 0.407609 0.8015319999999999 0.406522 0.800836 0.40217400000000003 0.799443 0.36847799999999997 0.797354 0.36847799999999997 0.794916 0.388043 0.794916 0.404348 0.7928270000000001 0.406522 0.7924789999999999 0.41086999999999996
3 0.670613 0.384783 0.670613 0.388043 0.678969 0.388043 0.678969 0.383696 0.677925 0.383696 0.677228 0.379348 0.675836 0.354348 0.674443 0.354348 0.672354 0.36956500000000003 0.672354 0.38152200000000003 0.671657 0.384783 0.670613 0.384783
3 0.639972 0.36956500000000003 0.6462399999999999 0.36956500000000003 0.6462399999999999 0.366304 0.645195 0.36413 0.64415 0.340217 0.642409 0.340217 0.641365 0.35108700000000004 0.641017 0.365217 0.639972 0.366304 0.639972 0.36956500000000003
3 0.649025 0.354348 0.654248 0.354348 0.654248 0.35108700000000004 0.653203 0.347826 0.6525070000000001 0.330435 0.651114 0.330435 0.651114 0.33587 0.6504179999999999 0.338043 0.649721 0.35108700000000004 0.649025 0.354348
3 0.656685 0.323913 0.655292 0.323913 0.6538999999999999 0.343478 0.65773 0.343478 0.657033 0.338043 0.656685 0.323913
3 0.624304 0.333696 0.623607 0.319565 0.622563 0.319565 0.6222139999999999 0.331522 0.62117 0.33587 0.625 0.33587 0.624304 0.333696
3 0.583914 0.328261 0.583217 0.32717399999999996 0.582869 0.31630400000000003 0.581825 0.31630400000000003 0.581825 0.322826 0.5807800000000001 0.331522 0.583914 0.331522 0.583914 0.328261
3 0.360376 0.336957 0.360376 0.334783 0.35933099999999996 0.331522 0.358983 0.317391 0.357591 0.317391 0.357242 0.328261 0.356546 0.330435 0.356198 0.336957 0.360376 0.336957
3 0.332521 0.321739 0.331476 0.321739 0.330432 0.338043 0.329387 0.342391 0.333914 0.342391 0.332521 0.321739
3 0.21901099999999998 0.365217 0.21901099999999998 0.361957 0.217618 0.358696 0.216574 0.334783 0.213788 0.334783 0.213092 0.358696 0.211699 0.361957 0.211699 0.365217 0.21901099999999998 0.365217
3 0.295265 0.318478 0.295265 0.31087 0.293872 0.30978300000000003 0.293872 0.31413 0.292479 0.323913 0.296309 0.323913 0.295265 0.318478
3 0.29979100000000003 0.307609 0.298747 0.306522 0.29805000000000004 0.317391 0.297354 0.320652 0.300836 0.320652 0.29979100000000003 0.307609
3 0.306755 0.30869599999999997 0.306058 0.304348 0.305014 0.304348 0.305014 0.30869599999999997 0.30362100000000003 0.317391 0.307103 0.317391 0.306755 0.30869599999999997
3 0.30954000000000004 0.325 0.309192 0.31413 0.308496 0.31087 0.307799 0.31087 0.30745100000000003 0.321739 0.306407 0.328261 0.310237 0.328261 0.30954000000000004 0.325
3 0.322423 0.302174 0.321727 0.313043 0.323816 0.313043 0.32311999999999996 0.302174 0.322423 0.302174
3 0.336351 0.301087 0.335655 0.31087 0.338092 0.31087 0.337744 0.304348 0.336351 0.301087
3 0.335655 0.33260900000000004 0.33460999999999996 0.32717399999999996 0.334262 0.317391 0.33286899999999997 0.31413 0.332173 0.320652 0.33286899999999997 0.321739 0.333565 0.331522 0.335655 0.33260900000000004
1 0.361769 0.320652 0.361421 0.31413 0.360724 0.31413 0.360376 0.322826 0.35968 0.325 0.362813 0.325 0.361769 0.320652
1 0.363162 0.30869599999999997 0.362465 0.30869599999999997 0.361769 0.31413 0.362117 0.320652 0.364206 0.320652 0.363162 0.30869599999999997
1 0.369081 0.303261 0.368036 0.31521699999999997 0.37117 0.31521699999999997 0.370125 0.303261 0.369081 0.303261
1 0.383008 0.303261 0.382312 0.311957 0.384749 0.311957 0.383705 0.303261 0.383008 0.303261
3 0.36351 0.302174 0.36351 0.31087 0.365251 0.31087 0.364206 0.302174 0.36351 0.302174
1 0.39032 0.32934800000000003 0.39032 0.32717399999999996 0.389624 0.326087 0.388928 0.311957 0.388231 0.311957 0.387535 0.323913 0.386142 0.32934800000000003 0.39032 0.32934800000000003
1 0.410864 0.321739 0.409819 0.317391 0.40947100000000003 0.30869599999999997 0.408078 0.30869599999999997 0.408078 0.318478 0.407382 0.319565 0.407382 0.321739 0.410864 0.321739
1 0.410864 0.303261 0.410515 0.311957 0.412256 0.311957 0.41190800000000005 0.303261 0.410864 0.303261
3 0.407382 0.31087 0.40668499999999996 0.3 0.40598900000000004 0.3 0.40598900000000004 0.306522 0.40529200000000004 0.307609 0.40529200000000004 0.31087 0.407382 0.31087
1 0.418175 0.328261 0.417479 0.31521699999999997 0.416435 0.31521699999999997 0.415738 0.328261 0.414694 0.33260900000000004 0.41922 0.33260900000000004 0.418175 0.328261
1 0.41922 0.30978300000000003 0.418524 0.325 0.42130900000000004 0.325 0.420265 0.313043 0.41922 0.30978300000000003
1 0.434192 0.31521699999999997 0.434192 0.306522 0.432799 0.306522 0.432799 0.31413 0.431755 0.319565 0.43488899999999997 0.319565 0.434192 0.31521699999999997
3 0.451253 0.307609 0.451253 0.302174 0.45020899999999997 0.301087 0.45020899999999997 0.307609 0.44951299999999994 0.31087 0.45194999999999996 0.31087 0.451253 0.307609
1 0.46344 0.325 0.46309199999999995 0.31413 0.462047 0.313043 0.461699 0.322826 0.460306 0.32934800000000003 0.464136 0.32934800000000003 0.46344 0.325
3 0.46135099999999996 0.321739 0.46135099999999996 0.31413 0.462047 0.311957 0.461699 0.30869599999999997 0.461003 0.30869599999999997 0.461003 0.31630400000000003 0.459958 0.321739 0.46135099999999996 0.321739
1 0.459958 0.311957 0.459958 0.305435 0.45891400000000004 0.305435 0.458217 0.31630400000000003 0.46065500000000004 0.31630400000000003 0.46065500000000004 0.313043 0.459958 0.311957
1 0.46901099999999996 0.303261 0.46831500000000004 0.303261 0.46796699999999997 0.31087 0.46726999999999996 0.31413 0.47005600000000003 0.31413 0.46901099999999996 0.303261
3 0.490599 0.322826 0.49025100000000005 0.31521699999999997 0.489206 0.31413 0.48781299999999994 0.325 0.49129500000000004 0.326087 0.49129500000000004 0.323913 0.490599 0.322826
3 0.490599 0.30869599999999997 0.49025100000000005 0.303261 0.48955399999999993 0.302174 0.489206 0.307609 0.488162 0.311957 0.491643 0.311957 0.490599 0.30869599999999997
3 0.5306409999999999 0.313043 0.529944 0.313043 0.528203 0.328261 0.532033 0.328261 0.530989 0.321739 0.5306409999999999 0.313043
3 0.511838 0.313043 0.511838 0.305435 0.510794 0.305435 0.5104460000000001 0.31413 0.509749 0.317391 0.512535 0.317391 0.511838 0.313043
3 0.512535 0.304348 0.5121870000000001 0.313043 0.514276 0.31413 0.513231 0.304348 0.512535 0.304348
1 0.50766 0.32934800000000003 0.506964 0.31521699999999997 0.505571 0.31521699999999997 0.505223 0.32934800000000003 0.504526 0.331522 0.508357 0.331522 0.50766 0.32934800000000003
1 0.447075 0.303261 0.44603099999999996 0.303261 0.44568199999999997 0.30978300000000003 0.444986 0.311957 0.44777199999999995 0.311957 0.447075 0.303261