3 0.34609999999999996 0.5380429999999999 0.344708 0.551087 0.344708 0.563043 0.343315 0.579348 0.343315 0.5869570000000001 0.34226999999999996 0.590217 0.34018099999999996 0.590217 0.338788 0.592391 0.33843999999999996 0.598913 0.335306 0.603261 0.335306 0.606522 0.336351 0.61087 0.360028 0.609783 0.363162 0.604348 0.365599 0.603261 0.366643 0.6010869999999999 0.366643 0.5956520000000001 0.365251 0.592391 0.36490300000000003 0.58913 0.360724 0.5869570000000001 0.35933099999999996 0.5826089999999999 0.35933099999999996 0.573913 0.357591 0.546739 0.35550099999999996 0.527174 0.354109 0.507609 0.354109 0.5 0.353064 0.496739 0.34992999999999996 0.496739 0.348538 0.5 0.346448 0.526087 0.34609999999999996 0.5380429999999999
3 0.379526 0.465217 0.37743699999999997 0.46630399999999994 0.37639300000000003 0.46956499999999995 0.37639300000000003 0.475 0.391365 0.475 0.391713 0.46630399999999994 0.388579 0.46413000000000004 0.388579 0.45543500000000003 0.38509699999999997 0.41413 0.383357 0.41413 0.381964 0.41956499999999997 0.38126699999999997 0.430435 0.38022300000000003 0.43478300000000003 0.379526 0.465217
3 0.322423 0.422826 0.322423 0.430435 0.33286899999999997 0.42934799999999995 0.33286899999999997 0.42391300000000004 0.331128 0.41956499999999997 0.329387 0.395652 0.329387 0.388043 0.328691 0.38587 0.32694999999999996 0.38587 0.325557 0.397826 0.324861 0.41956499999999997 0.324164 0.422826 0.322423 0.422826
1 0.537953 0.403261 0.5383009999999999 0.41304299999999994 0.536908 0.417391 0.535864 0.417391 0.535864 0.420652 0.536908 0.42391300000000004 0.5459609999999999 0.422826 0.546657 0.418478 0.545613 0.418478 0.5442199999999999 0.41413 0.5442199999999999 0.407609 0.543175 0.403261 0.542131 0.379348 0.541086 0.376087 0.540042 0.376087 0.539345 0.38152200000000003 0.539345 0.394565 0.538649 0.40217400000000003 0.537953 0.403261
1 0.613162 0.453261 0.6128129999999999 0.45869600000000005 0.62883 0.459783 0.629178 0.456522 0.626045 0.45 0.625 0.44565200000000005 0.625348 0.443478 0.624304 0.433696 0.624652 0.42934799999999995 0.623259 0.42391300000000004 0.6222139999999999 0.41413 0.621866 0.40217400000000003 0.618733 0.40217400000000003 0.616643 0.444565 0.615599 0.45108699999999996 0.613858 0.45108699999999996 0.613162 0.453261
1 0.714136 0.517391 0.713092 0.525 0.712744 0.53913 0.708914 0.540217 0.707869 0.545652 0.705432 0.551087 0.705432 0.554348 0.711003 0.559783 0.733635 0.5586960000000001 0.733635 0.554348 0.731546 0.55 0.731198 0.544565 0.727716 0.53913 0.726671 0.534783 0.726323 0.527174 0.72493 0.517391 0.724234 0.497826 0.7228410000000001 0.48804299999999995 0.7224929999999999 0.463043 0.717618 0.46195700000000006 0.7169220000000001 0.46630399999999994 0.716574 0.48043500000000006 0.714485 0.49565200000000004 0.714136 0.517391
1 0.43454 0.397826 0.433496 0.397826 0.433496 0.4 0.442201 0.4 0.442897 0.39891299999999996 0.441852 0.39891299999999996 0.439763 0.390217 0.44011100000000003 0.38587 0.439415 0.384783 0.439067 0.38043499999999997 0.439415 0.36956500000000003 0.438719 0.366304 0.437674 0.366304 0.437326 0.375 0.435933 0.383696 0.43662999999999996 0.391304 0.43454 0.397826
1 0.350627 0.38913000000000003 0.348886 0.378261 0.34784099999999996 0.36086999999999997 0.346797 0.36086999999999997 0.345752 0.36413 0.345404 0.377174 0.343663 0.388043 0.350627 0.38913000000000003
3 0.152159 0.38913000000000003 0.152159 0.394565 0.150418 0.4 0.158426 0.4 0.158426 0.396739 0.157382 0.394565 0.157033 0.391304 0.157033 0.38043499999999997 0.155641 0.373913 0.155641 0.36956500000000003 0.153203 0.36956500000000003 0.153552 0.375 0.15285500000000002 0.376087 0.15285500000000002 0.388043 0.152159 0.38913000000000003
1 0.782033 0.38152200000000003 0.781685 0.38587 0.781685 0.39891299999999996 0.780989 0.4 0.780989 0.407609 0.778203 0.41413 0.778203 0.417391 0.778552 0.415217 0.7830779999999999 0.417391 0.788649 0.41630399999999995 0.788997 0.418478 0.789345 0.41630399999999995 0.791086 0.41630399999999995 0.791086 0.41413 0.790042 0.41086999999999996 0.788997 0.41086999999999996 0.787604 0.407609 0.786908 0.396739 0.787256 0.392391 0.7865599999999999 0.391304 0.7865599999999999 0.38152200000000003 0.785515 0.378261 0.785515 0.371739 0.7830779999999999 0.370652 0.7830779999999999 0.377174 0.782382 0.378261 0.78273 0.38043499999999997 0.782033 0.38152200000000003
1 0.643454 0.370652 0.643454 0.375 0.642409 0.377174 0.6431060000000001 0.379348 0.6431060000000001 0.386957 0.640669 0.392391 0.640669 0.395652 0.649373 0.396739 0.649373 0.393478 0.647284 0.386957 0.646936 0.375 0.645891 0.36956500000000003 0.645891 0.361957 0.645543 0.359783 0.6444989999999999 0.359783 0.643454 0.365217 0.643454 0.36847799999999997 0.6427579999999999 0.36956500000000003 0.643454 0.370652
1 0.489206 0.361957 0.48676899999999995 0.36739099999999997 0.48676899999999995 0.36956500000000003 0.49268799999999996 0.36956500000000003 0.491643 0.363043 0.49129500000000004 0.354348 0.490599 0.353261 0.490599 0.346739 0.489206 0.34565199999999996 0.489206 0.355435 0.48851000000000006 0.356522 0.489206 0.358696 0.489206 0.361957
1 0.444986 0.361957 0.443942 0.358696 0.443245 0.343478 0.441852 0.343478 0.441852 0.354348 0.441156 0.355435 0.440808 0.36086999999999997 0.444986 0.361957
1 0.34992999999999996 0.348913 0.34992999999999996 0.33913000000000004 0.348886 0.338043 0.34784099999999996 0.353261 0.350627 0.353261 0.350627 0.35 0.34992999999999996 0.348913
1 0.19429000000000002 0.38152200000000003 0.192549 0.376087 0.192201 0.36413 0.191504 0.363043 0.191504 0.358696 0.19046000000000002 0.358696 0.189415 0.361957 0.189415 0.375 0.187326 0.38152200000000003 0.19429000000000002 0.38152200000000003
3 0.080432 0.393478 0.08843999999999999 0.394565 0.086351 0.386957 0.08460999999999999 0.36739099999999997 0.083565 0.36739099999999997 0.082869 0.375 0.082869 0.383696 0.080432 0.390217 0.080432 0.393478
3 0.86351 0.386957 0.8638579999999999 0.388043 0.861421 0.392391 0.861421 0.394565 0.868733 0.396739 0.869777 0.394565 0.871518 0.394565 0.870125 0.393478 0.868733 0.38913000000000003 0.869429 0.38152200000000003 0.868733 0.379348 0.868384 0.36413 0.8673400000000001 0.361957 0.867688 0.357609 0.8655989999999999 0.357609 0.864554 0.36086999999999997 0.8638579999999999 0.379348 0.864206 0.384783 0.86351 0.386957
3 0.720404 0.377174 0.720404 0.38043499999999997 0.725627 0.38043499999999997 0.725975 0.378261 0.727716 0.379348 0.725975 0.372826 0.7245820000000001 0.348913 0.723538 0.348913 0.7228410000000001 0.352174 0.7228410000000001 0.36739099999999997 0.7224929999999999 0.370652 0.720404 0.377174
3 0.49965200000000004 0.354348 0.49895500000000004 0.355435 0.50383 0.354348 0.503134 0.346739 0.502089 0.344565 0.502437 0.340217 0.501741 0.33913000000000004 0.501741 0.33587 0.501045 0.338043 0.501045 0.343478 0.5 0.347826 0.49965200000000004 0.354348
1 0.552577 0.379348 0.552577 0.38260900000000003 0.560237 0.38152200000000003 0.5595399999999999 0.378261 0.558148 0.377174 0.557451 0.355435 0.556755 0.352174 0.55571 0.352174 0.554666 0.359783 0.554666 0.370652 0.5536209999999999 0.377174 0.552577 0.379348
1 0.4039 0.355435 0.402855 0.35 0.402855 0.343478 0.402159 0.338043 0.401114 0.33913000000000004 0.40076599999999996 0.35108700000000004 0.399373 0.356522 0.4039 0.355435
1 0.163649 0.375 0.163301 0.371739 0.162256 0.36956500000000003 0.161212 0.354348 0.159819 0.352174 0.158774 0.359783 0.158774 0.36956500000000003 0.157382 0.375 0.163649 0.375
3 0.625348 0.358696 0.625 0.344565 0.624652 0.342391 0.623607 0.342391 0.6222139999999999 0.366304 0.62117 0.36956500000000003 0.627437 0.36956500000000003 0.625348 0.358696
3 0.5577989999999999 0.363043 0.5595399999999999 0.363043 0.560237 0.36086999999999997 0.558844 0.357609 0.5577989999999999 0.340217 0.557103 0.340217 0.5560579999999999 0.35108700000000004 0.556755 0.35108700000000004 0.5577989999999999 0.355435 0.5577989999999999 0.363043
3 0.462744 0.35 0.46135099999999996 0.342391 0.461003 0.33260900000000004 0.459958 0.33260900000000004 0.459262 0.338043 0.459262 0.344565 0.458217 0.35 0.462744 0.35
3 0.40494399999999997 0.341304 0.40494399999999997 0.333696 0.40424800000000005 0.331522 0.403203 0.340217 0.403203 0.347826 0.40598900000000004 0.347826 0.40494399999999997 0.341304
3 0.053273 0.377174 0.05188 0.363043 0.050836000000000006 0.363043 0.048747 0.38913000000000003 0.055362 0.38913000000000003 0.053273 0.38260900000000003 0.053273 0.377174
3 0.059192 0.370652 0.058148 0.354348 0.057103 0.354348 0.05571 0.372826 0.054318 0.378261 0.060237 0.378261 0.059192 0.370652
3 0.071031 0.358696 0.070682 0.35 0.069638 0.35 0.068942 0.36086999999999997 0.067201 0.370652 0.072772 0.370652 0.071031 0.358696
3 0.082521 0.353261 0.082173 0.346739 0.081476 0.346739 0.081128 0.354348 0.079735 0.36413 0.084262 0.36413 0.082521 0.353261
3 0.092967 0.358696 0.091922 0.352174 0.091922 0.344565 0.091226 0.342391 0.090529 0.343478 0.090181 0.35108700000000004 0.088788 0.358696 0.092967 0.358696
3 0.299095 0.33260900000000004 0.297006 0.346739 0.300836 0.346739 0.29979100000000003 0.341304 0.299095 0.33260900000000004
1 0.302925 0.343478 0.302925 0.338043 0.30188000000000004 0.33587 0.301184 0.35 0.300487 0.353261 0.304318 0.353261 0.302925 0.343478
3 0.34784099999999996 0.347826 0.34818899999999997 0.33913000000000004 0.347493 0.33260900000000004 0.346797 0.33260900000000004 0.34609999999999996 0.344565 0.345056 0.347826 0.34784099999999996 0.347826
1 0.258008 0.348913 0.25766 0.338043 0.256616 0.33587 0.25522300000000003 0.35108700000000004 0.258357 0.35108700000000004 0.258705 0.35 0.258008 0.348913
3 0.098886 0.355435 0.097493 0.342391 0.096797 0.341304 0.09609999999999999 0.34565199999999996 0.09609999999999999 0.352174 0.095404 0.355435 0.098886 0.355435
3 0.258705 0.407609 0.268454 0.407609 0.268454 0.404348 0.266713 0.403261 0.26532 0.396739 0.264624 0.38587 0.264624 0.373913 0.262883 0.372826 0.26149 0.395652 0.260446 0.403261 0.258705 0.40543500000000005 0.258705 0.407609
1 0.264972 0.38587 0.268454 0.38587 0.268802 0.383696 0.267758 0.38152200000000003 0.266713 0.36413 0.266017 0.359783 0.264972 0.358696 0.263579 0.36847799999999997 0.263579 0.371739 0.264972 0.373913 0.264972 0.38587