3 0.193942 0.7630429999999999 0.192897 0.782609 0.192201 0.8206519999999999 0.191504 0.8228260000000001 0.191504 0.846739 0.221448 0.846739 0.221448 0.841304 0.220752 0.840217 0.220404 0.8228260000000001 0.218663 0.8130430000000001 0.21796700000000002 0.7978259999999999 0.21622599999999997 0.7880429999999999 0.216574 0.782609 0.215877 0.7739130000000001 0.214833 0.771739 0.21413600000000002 0.76413 0.21344 0.761957 0.213092 0.752174 0.211351 0.740217 0.211003 0.731522 0.20961 0.723913 0.20961 0.718478 0.208217 0.71413 0.208217 0.705435 0.207521 0.7021740000000001 0.199513 0.7021740000000001 0.199164 0.704348 0.196727 0.705435 0.194986 0.71087 0.195334 0.7163039999999999 0.19429000000000002 0.7304350000000001 0.193942 0.7630429999999999
3 0.422702 0.581522 0.422006 0.584783 0.42130900000000004 0.617391 0.420265 0.625 0.420265 0.629348 0.41956800000000005 0.631522 0.41539000000000004 0.632609 0.413997 0.640217 0.413997 0.646739 0.408774 0.656522 0.408774 0.6586960000000001 0.41190800000000005 0.6586960000000001 0.412256 0.66087 0.416783 0.66087 0.41956800000000005 0.66413 0.439763 0.666304 0.448816 0.653261 0.450557 0.647826 0.452994 0.645652 0.454735 0.641304 0.45369099999999996 0.636957 0.450557 0.636957 0.449861 0.631522 0.448468 0.629348 0.44777199999999995 0.626087 0.442897 0.621739 0.442897 0.615217 0.442201 0.613043 0.441504 0.596739 0.44011100000000003 0.590217 0.439415 0.570652 0.43837000000000004 0.5663039999999999 0.43837000000000004 0.56087 0.437674 0.557609 0.43802199999999997 0.552174 0.436281 0.5423910000000001 0.436281 0.536957 0.43488899999999997 0.526087 0.43488899999999997 0.518478 0.433844 0.509783 0.433496 0.5 0.432799 0.497826 0.426532 0.497826 0.425139 0.502174 0.42479100000000003 0.536957 0.423747 0.546739 0.422702 0.581522
3 0.565111 0.40108699999999997 0.565111 0.403261 0.564415 0.404348 0.564415 0.40869600000000006 0.5654600000000001 0.411957 0.581128 0.411957 0.5825210000000001 0.407609 0.5825210000000001 0.40108699999999997 0.5790390000000001 0.393478 0.577994 0.361957 0.576253 0.35 0.576253 0.340217 0.575557 0.33913000000000004 0.575557 0.334783 0.5745129999999999 0.331522 0.572075 0.331522 0.571031 0.333696 0.571031 0.356522 0.568245 0.4 0.565111 0.40108699999999997
3 0.553273 0.41086999999999996 0.552577 0.41413 0.552577 0.425 0.5518799999999999 0.42934799999999995 0.550836 0.463043 0.5501389999999999 0.46413000000000004 0.549791 0.470652 0.546309 0.470652 0.545613 0.47282599999999997 0.545265 0.481522 0.54805 0.48695700000000003 0.56337 0.48695700000000003 0.5654600000000001 0.483696 0.568593 0.483696 0.5696380000000001 0.479348 0.570334 0.479348 0.570334 0.475 0.5696380000000001 0.468478 0.565808 0.465217 0.565808 0.459783 0.564763 0.454348 0.562326 0.41630399999999995 0.5612809999999999 0.409783 0.560933 0.397826 0.560237 0.394565 0.560237 0.384783 0.558844 0.379348 0.5553619999999999 0.379348 0.5543180000000001 0.383696 0.553969 0.40108699999999997 0.553273 0.40217400000000003 0.553273 0.41086999999999996
3 0.509053 0.341304 0.5181060000000001 0.341304 0.5198470000000001 0.336957 0.5198470000000001 0.333696 0.518802 0.333696 0.5177579999999999 0.330435 0.517409 0.31521699999999997 0.516713 0.313043 0.516713 0.307609 0.51532 0.3 0.514624 0.290217 0.512535 0.290217 0.511142 0.307609 0.5104460000000001 0.334783 0.508705 0.336957 0.509053 0.341304
3 0.491643 0.306522 0.49094699999999997 0.301087 0.48955399999999993 0.296739 0.489206 0.281522 0.488162 0.277174 0.488162 0.270652 0.48607199999999995 0.269565 0.48537600000000003 0.276087 0.48537600000000003 0.293478 0.482939 0.306522 0.491643 0.306522
3 0.5306409999999999 0.275 0.5288999999999999 0.270652 0.528552 0.26087 0.5271589999999999 0.248913 0.525766 0.248913 0.524721 0.271739 0.523329 0.278261 0.530989 0.278261 0.5306409999999999 0.275
3 0.589136 0.265217 0.596448 0.265217 0.594708 0.25652200000000003 0.5943590000000001 0.243478 0.593315 0.236957 0.59227 0.236957 0.591226 0.24130400000000002 0.590877 0.25760900000000003 0.5901810000000001 0.258696 0.589136 0.265217
3 0.5553619999999999 0.33260900000000004 0.5553619999999999 0.35 0.554666 0.36086999999999997 0.5518799999999999 0.361957 0.5504870000000001 0.365217 0.5504870000000001 0.36739099999999997 0.565111 0.36847799999999997 0.566156 0.363043 0.565808 0.359783 0.564067 0.359783 0.562326 0.346739 0.562326 0.334783 0.56163 0.330435 0.56163 0.325 0.560237 0.31630400000000003 0.560237 0.30978300000000003 0.5595399999999999 0.305435 0.557451 0.305435 0.556407 0.30978300000000003 0.556407 0.325 0.55571 0.32717399999999996 0.5553619999999999 0.33260900000000004
1 0.9094709999999999 0.359783 0.9084260000000001 0.359783 0.907033 0.363043 0.907033 0.36847799999999997 0.91156 0.372826 0.9314069999999999 0.371739 0.9314069999999999 0.36847799999999997 0.928621 0.36739099999999997 0.9279249999999999 0.36086999999999997 0.924095 0.358696 0.9230499999999999 0.342391 0.9209609999999999 0.323913 0.920265 0.298913 0.9195679999999999 0.291304 0.915042 0.291304 0.914345 0.29565199999999997 0.913301 0.317391 0.9101670000000001 0.356522 0.9094709999999999 0.359783
1 0.8172010000000001 0.318478 0.816156 0.323913 0.8137190000000001 0.325 0.8133699999999999 0.32934800000000003 0.8283429999999999 0.32934800000000003 0.8290390000000001 0.328261 0.829387 0.322826 0.826602 0.321739 0.825905 0.30978300000000003 0.8252090000000001 0.306522 0.824861 0.29239099999999996 0.824164 0.288043 0.82312 0.270652 0.819638 0.270652 0.8189420000000001 0.288043 0.8182449999999999 0.290217 0.817549 0.298913 0.8172010000000001 0.318478
3 0.670613 0.254348 0.6709609999999999 0.252174 0.668872 0.248913 0.668872 0.24021699999999999 0.6674789999999999 0.227174 0.666086 0.226087 0.665042 0.248913 0.663649 0.252174 0.663649 0.254348 0.670613 0.254348
1 0.8335649999999999 0.25 0.833914 0.24565199999999998 0.832173 0.24239099999999997 0.831128 0.23478300000000002 0.830084 0.216304 0.8286910000000001 0.215217 0.827646 0.218478 0.826253 0.243478 0.8245129999999999 0.25 0.8335649999999999 0.25
3 0.740947 0.24021699999999999 0.739206 0.23478300000000002 0.73851 0.219565 0.737465 0.215217 0.736769 0.215217 0.735376 0.238043 0.734331 0.24130400000000002 0.740251 0.24239099999999997 0.740947 0.24021699999999999
3 0.775766 0.233696 0.774721 0.230435 0.773329 0.211957 0.772632 0.208696 0.771588 0.208696 0.770543 0.230435 0.76915 0.23478300000000002 0.77507 0.23586999999999997 0.775766 0.233696
1 0.8791779999999999 0.231522 0.876741 0.236957 0.886838 0.236957 0.884053 0.22934800000000002 0.8826599999999999 0.206522 0.8809189999999999 0.20543499999999998 0.880223 0.208696 0.880223 0.21413000000000001 0.8791779999999999 0.219565 0.8791779999999999 0.231522
1 0.930362 0.221739 0.9279249999999999 0.211957 0.927577 0.2 0.9265319999999999 0.192391 0.9254870000000001 0.192391 0.923747 0.203261 0.923398 0.215217 0.9213089999999999 0.221739 0.930362 0.221739
1 0.9334960000000001 0.213043 0.933844 0.21086999999999997 0.9317550000000001 0.209783 0.930362 0.18913 0.928969 0.18804300000000002 0.9282730000000001 0.195652 0.927577 0.197826 0.928621 0.213043 0.9334960000000001 0.213043
3 0.803621 0.227174 0.80188 0.218478 0.80188 0.208696 0.800836 0.20434800000000003 0.799791 0.20434800000000003 0.798747 0.21086999999999997 0.7983979999999999 0.22282600000000002 0.797354 0.227174 0.803621 0.227174
3 0.8147629999999999 0.221739 0.8147629999999999 0.219565 0.8130219999999999 0.216304 0.8130219999999999 0.20760900000000002 0.8119780000000001 0.203261 0.8119780000000001 0.2 0.810933 0.197826 0.8098890000000001 0.21086999999999997 0.8098890000000001 0.218478 0.808844 0.220652 0.8147629999999999 0.221739
3 0.8046659999999999 0.216304 0.809192 0.21739099999999997 0.8084960000000001 0.202174 0.8077989999999999 0.197826 0.8067550000000001 0.195652 0.8064069999999999 0.202174 0.80571 0.20434800000000003 0.805362 0.21413000000000001 0.8046659999999999 0.216304
1 0.9004179999999999 0.20108700000000002 0.899373 0.197826 0.898329 0.18804300000000002 0.898329 0.183696 0.896936 0.182609 0.895891 0.2 0.894499 0.20434800000000003 0.9004179999999999 0.20434800000000003 0.9004179999999999 0.20108700000000002
1 0.669916 0.278261 0.669916 0.281522 0.679666 0.282609 0.679666 0.27934800000000004 0.677228 0.272826 0.6751389999999999 0.24239099999999997 0.674095 0.24239099999999997 0.672702 0.24565199999999998 0.671657 0.275 0.6709609999999999 0.278261 0.669916 0.278261
1 0.705432 0.301087 0.705432 0.305435 0.717618 0.305435 0.71727 0.3 0.715877 0.29782600000000004 0.7148329999999999 0.293478 0.713092 0.27391299999999996 0.713092 0.268478 0.712396 0.265217 0.712744 0.258696 0.7116990000000001 0.25652200000000003 0.710306 0.25652200000000003 0.70961 0.258696 0.7075210000000001 0.290217 0.7075210000000001 0.29782600000000004 0.705432 0.301087
1 0.704387 0.267391 0.703343 0.267391 0.703343 0.269565 0.708565 0.269565 0.708914 0.25760900000000003 0.710306 0.25543499999999997 0.7092620000000001 0.24239099999999997 0.7092620000000001 0.23478300000000002 0.706825 0.23478300000000002 0.7057800000000001 0.251087 0.7057800000000001 0.261957 0.704387 0.267391
1 0.904596 0.206522 0.9108639999999999 0.206522 0.909819 0.20543499999999998 0.9084260000000001 0.198913 0.908078 0.18695699999999998 0.9066850000000001 0.18587 0.9066850000000001 0.190217 0.9059889999999999 0.192391 0.9059889999999999 0.203261 0.904596 0.206522
1 0.912604 0.197826 0.9129530000000001 0.195652 0.91156 0.19347799999999998 0.9112120000000001 0.18043499999999998 0.909819 0.178261 0.9091229999999999 0.184783 0.9091229999999999 0.195652 0.909819 0.197826 0.912604 0.197826
3 0.871518 0.184783 0.870125 0.179348 0.8690810000000001 0.184783 0.8690810000000001 0.19347799999999998 0.871866 0.19456500000000002 0.871518 0.184783
3 0.928621 0.18587 0.9282730000000001 0.178261 0.927228 0.171739 0.9265319999999999 0.171739 0.9265319999999999 0.175 0.925836 0.177174 0.925836 0.18587 0.928621 0.18587
3 0.800836 0.19347799999999998 0.799791 0.19347799999999998 0.799443 0.203261 0.8011839999999999 0.203261 0.8015319999999999 0.2 0.800836 0.19347799999999998
1 0.941156 0.192391 0.939067 0.184783 0.9380219999999999 0.175 0.9369780000000001 0.18152200000000002 0.9369780000000001 0.18804300000000002 0.9362809999999999 0.192391 0.941156 0.192391
3 0.831825 0.18587 0.8304320000000001 0.203261 0.8342620000000001 0.203261 0.832869 0.18695699999999998 0.831825 0.18587