1 0.815808 0.516304 0.8154600000000001 0.522826 0.8182449999999999 0.527174 0.83844 0.527174 0.837396 0.525 0.8370469999999999 0.517391 0.833914 0.516304 0.831825 0.5054350000000001 0.8290390000000001 0.45108699999999996 0.8283429999999999 0.448913 0.824164 0.45 0.8217269999999999 0.470652 0.81929 0.5108699999999999 0.8182449999999999 0.515217 0.815808 0.516304
1 0.634749 0.48043500000000006 0.6525070000000001 0.481522 0.651462 0.479348 0.651462 0.476087 0.650766 0.47391300000000003 0.649373 0.47391300000000003 0.648329 0.468478 0.647632 0.444565 0.645195 0.41956499999999997 0.641713 0.41956499999999997 0.638928 0.443478 0.637883 0.47282599999999997 0.635097 0.47391300000000003 0.634749 0.48043500000000006
1 0.574164 0.607609 0.5713790000000001 0.607609 0.569986 0.609783 0.569986 0.617391 0.56929 0.6195649999999999 0.567549 0.620652 0.5672010000000001 0.623913 0.575557 0.627174 0.583565 0.627174 0.587047 0.629348 0.595056 0.6304350000000001 0.596797 0.625 0.599234 0.621739 0.602368 0.620652 0.600975 0.617391 0.598886 0.617391 0.598189 0.61087 0.593315 0.606522 0.592618 0.5826089999999999 0.5919220000000001 0.581522 0.5919220000000001 0.576087 0.591226 0.571739 0.590877 0.551087 0.588788 0.511957 0.587744 0.508696 0.5821729999999999 0.508696 0.580084 0.531522 0.580084 0.536957 0.575209 0.6054350000000001 0.574164 0.607609
1 0.451602 0.459783 0.451602 0.452174 0.449164 0.45108699999999996 0.446727 0.404348 0.44428999999999996 0.404348 0.441504 0.45108699999999996 0.438719 0.452174 0.43802199999999997 0.459783 0.451602 0.459783
1 0.315808 0.544565 0.333914 0.546739 0.342618 0.540217 0.34052899999999997 0.53913 0.339833 0.532609 0.337396 0.532609 0.336351 0.530435 0.331825 0.45869600000000005 0.327646 0.45869600000000005 0.323468 0.531522 0.31928999999999996 0.5336960000000001 0.318942 0.53913 0.315808 0.544565
1 0.145543 0.5 0.144847 0.502174 0.163997 0.501087 0.164694 0.497826 0.163997 0.49130399999999996 0.16155999999999998 0.490217 0.160864 0.48695700000000003 0.15668500000000002 0.42934799999999995 0.15285500000000002 0.42934799999999995 0.149373 0.48913 0.148677 0.492391 0.145543 0.494565 0.145543 0.5
1 0.063719 0.44565200000000005 0.062326000000000006 0.44565200000000005 0.061978 0.448913 0.060933 0.45108699999999996 0.074513 0.452174 0.078343 0.45 0.07694999999999999 0.444565 0.075209 0.444565 0.074164 0.441304 0.071379 0.397826 0.068593 0.397826 0.067897 0.40108699999999997 0.067549 0.41086999999999996 0.065111 0.43913 0.063719 0.44565200000000005
1 0.219359 0.41630399999999995 0.217618 0.409783 0.21622599999999997 0.378261 0.21344 0.377174 0.211003 0.41304299999999994 0.208217 0.418478 0.220752 0.418478 0.219359 0.41630399999999995
1 0.145891 0.40108699999999997 0.155641 0.40108699999999997 0.155641 0.397826 0.154248 0.396739 0.153203 0.392391 0.151811 0.36847799999999997 0.149373 0.36739099999999997 0.148677 0.371739 0.147284 0.396739 0.145891 0.39891299999999996 0.145891 0.40108699999999997
1 0.319638 0.433696 0.317897 0.43913 0.331476 0.43913 0.33077999999999996 0.43695700000000004 0.33077999999999996 0.433696 0.32903899999999997 0.43260899999999997 0.328343 0.430435 0.327298 0.406522 0.326253 0.40108699999999997 0.326253 0.393478 0.325557 0.390217 0.323816 0.390217 0.321727 0.41413 0.32137899999999997 0.431522 0.320682 0.433696 0.319638 0.433696
1 0.127437 0.390217 0.125696 0.384783 0.125348 0.371739 0.124304 0.361957 0.122214 0.36086999999999997 0.12117 0.36956500000000003 0.120474 0.38587 0.11908099999999999 0.390217 0.127437 0.390217
1 0.11385799999999999 0.38152200000000003 0.114206 0.383696 0.120125 0.38260900000000003 0.118384 0.357609 0.11664300000000001 0.358696 0.116295 0.36956500000000003 0.114903 0.38043499999999997 0.11385799999999999 0.38152200000000003
3 0.7851670000000001 0.441304 0.8015319999999999 0.44239100000000003 0.8015319999999999 0.44021699999999997 0.8004870000000001 0.44021699999999997 0.797354 0.43478300000000003 0.795265 0.395652 0.791435 0.395652 0.789345 0.431522 0.7883009999999999 0.43587 0.785864 0.43695700000000004 0.7851670000000001 0.441304
3 0.581476 0.428261 0.59227 0.42934799999999995 0.592618 0.42391300000000004 0.5919220000000001 0.42391300000000004 0.590877 0.420652 0.5901810000000001 0.396739 0.589136 0.392391 0.588788 0.38587 0.586003 0.38587 0.583565 0.404348 0.583217 0.421739 0.581476 0.42391300000000004 0.581476 0.428261
3 0.418175 0.411957 0.418175 0.41413 0.427577 0.41413 0.427577 0.41086999999999996 0.425836 0.409783 0.42548700000000006 0.38913000000000003 0.42479100000000003 0.388043 0.424095 0.377174 0.422006 0.377174 0.420613 0.395652 0.420613 0.40543500000000005 0.41956800000000005 0.41086999999999996 0.418175 0.411957
3 0.319986 0.39891299999999996 0.322772 0.39891299999999996 0.32311999999999996 0.391304 0.323816 0.38913000000000003 0.325557 0.38913000000000003 0.326253 0.391304 0.326602 0.39891299999999996 0.328691 0.39891299999999996 0.328691 0.395652 0.327994 0.395652 0.32694999999999996 0.392391 0.32520899999999997 0.365217 0.323468 0.365217 0.322423 0.372826 0.32137899999999997 0.392391 0.319986 0.396739 0.319986 0.39891299999999996
3 0.266017 0.383696 0.266017 0.38152200000000003 0.264624 0.379348 0.263231 0.354348 0.26149 0.354348 0.260446 0.36847799999999997 0.260446 0.376087 0.258705 0.383696 0.266017 0.383696
3 0.237813 0.36847799999999997 0.23711700000000002 0.35108700000000004 0.236072 0.35 0.23468 0.36739099999999997 0.232939 0.372826 0.23990300000000003 0.372826 0.237813 0.36847799999999997
3 0.191156 0.352174 0.189763 0.35 0.187326 0.371739 0.192549 0.371739 0.191504 0.363043 0.191156 0.352174
3 0.10898300000000001 0.376087 0.106894 0.354348 0.10619799999999999 0.354348 0.10515300000000001 0.36847799999999997 0.10376 0.377174 0.10898300000000001 0.376087