1 0.12325900000000001 0.409783 0.12151799999999999 0.42717400000000005 0.119777 0.463043 0.11908099999999999 0.46630399999999994 0.11525099999999999 0.467391 0.11351 0.47717400000000004 0.11142099999999999 0.47717400000000004 0.11002799999999999 0.48043500000000006 0.11176900000000001 0.483696 0.114206 0.483696 0.118384 0.48695700000000003 0.12987500000000002 0.48695700000000003 0.14032 0.48043500000000006 0.14415 0.48043500000000006 0.146936 0.478261 0.146936 0.476087 0.143106 0.47391300000000003 0.141713 0.46630399999999994 0.13753500000000002 0.463043 0.136142 0.448913 0.135446 0.430435 0.13370500000000002 0.41086999999999996 0.131616 0.372826 0.12604500000000002 0.372826 0.125348 0.376087 0.125348 0.383696 0.124304 0.390217 0.12325900000000001 0.409783
1 0.166783 0.288043 0.175139 0.286957 0.175487 0.284783 0.173398 0.27934800000000004 0.17304999999999998 0.270652 0.171657 0.258696 0.171657 0.248913 0.170613 0.24565199999999998 0.168524 0.24565199999999998 0.166435 0.280435 0.16538999999999998 0.281522 0.165042 0.28586999999999996 0.166783 0.288043
3 0.154944 0.25543499999999997 0.163997 0.25543499999999997 0.162953 0.251087 0.161908 0.25 0.16051500000000002 0.227174 0.158078 0.226087 0.157382 0.22934800000000002 0.156337 0.251087 0.154944 0.253261 0.154944 0.25543499999999997
1 0.312326 0.272826 0.312326 0.275 0.31337000000000004 0.277174 0.320334 0.277174 0.318593 0.271739 0.31754899999999997 0.26087 0.317201 0.24565199999999998 0.31545999999999996 0.244565 0.314763 0.248913 0.31371899999999997 0.269565 0.313022 0.272826 0.312326 0.272826
1 0.41156 0.280435 0.41156 0.282609 0.418872 0.283696 0.416783 0.272826 0.41608599999999996 0.252174 0.414694 0.251087 0.413997 0.253261 0.413301 0.261957 0.412953 0.278261 0.41156 0.280435
1 0.47005600000000003 0.284783 0.47005600000000003 0.286957 0.4711 0.28913 0.476323 0.28913 0.477019 0.28586999999999996 0.47562699999999997 0.282609 0.474582 0.271739 0.473886 0.25760900000000003 0.472841 0.25760900000000003 0.471448 0.27391299999999996 0.471448 0.281522 0.47075199999999995 0.284783 0.47005600000000003 0.284783
1 0.565111 0.302174 0.566504 0.298913 0.564763 0.29565199999999997 0.5637190000000001 0.284783 0.5637190000000001 0.272826 0.5619780000000001 0.271739 0.560585 0.286957 0.560585 0.294565 0.558496 0.3 0.565111 0.302174
1 0.662604 0.318478 0.662604 0.31630400000000003 0.661212 0.313043 0.660515 0.30869599999999997 0.6598189999999999 0.28913 0.658426 0.286957 0.656337 0.30978300000000003 0.654596 0.317391 0.656337 0.319565 0.662604 0.318478
1 0.744081 0.334783 0.744081 0.33260900000000004 0.74234 0.328261 0.741643 0.323913 0.741643 0.31087 0.740947 0.302174 0.7395539999999999 0.301087 0.736769 0.328261 0.735376 0.330435 0.735376 0.333696 0.744081 0.334783
1 0.8172010000000001 0.343478 0.8172010000000001 0.346739 0.824861 0.347826 0.8255570000000001 0.346739 0.8255570000000001 0.344565 0.8238160000000001 0.341304 0.822772 0.318478 0.8220750000000001 0.31413 0.821379 0.31413 0.820682 0.317391 0.819638 0.333696 0.8185930000000001 0.341304 0.8172010000000001 0.343478
1 0.9327989999999999 0.353261 0.932103 0.33913000000000004 0.9314069999999999 0.334783 0.9314069999999999 0.328261 0.9310579999999999 0.326087 0.9296659999999999 0.326087 0.927228 0.35108700000000004 0.9247909999999999 0.357609 0.9352370000000001 0.358696 0.9327989999999999 0.353261
3 0.27332900000000004 0.253261 0.271936 0.232609 0.269847 0.231522 0.268454 0.253261 0.266713 0.25652200000000003 0.274721 0.25652200000000003 0.27332900000000004 0.253261
3 0.379178 0.26087 0.378134 0.258696 0.37743699999999997 0.24021699999999999 0.375696 0.23913 0.374304 0.25652200000000003 0.372911 0.263043 0.379526 0.26413000000000003 0.379178 0.26087
3 0.47005600000000003 0.272826 0.471448 0.272826 0.472145 0.258696 0.473538 0.25652200000000003 0.47318899999999997 0.25 0.471797 0.25 0.47075199999999995 0.266304 0.469359 0.270652 0.47005600000000003 0.272826
3 0.5745129999999999 0.284783 0.5731200000000001 0.280435 0.5731200000000001 0.268478 0.572423 0.263043 0.5713790000000001 0.263043 0.5713790000000001 0.267391 0.5689420000000001 0.28586999999999996 0.574164 0.286957 0.5745129999999999 0.284783
3 0.672354 0.303261 0.671309 0.296739 0.6709609999999999 0.281522 0.670265 0.27934800000000004 0.668872 0.27934800000000004 0.668524 0.291304 0.666435 0.304348 0.672006 0.305435 0.672354 0.303261
3 0.7322420000000001 0.313043 0.73085 0.30978300000000003 0.7305010000000001 0.291304 0.7287600000000001 0.290217 0.7270190000000001 0.31087 0.725975 0.31521699999999997 0.7318939999999999 0.31630400000000003 0.7322420000000001 0.313043
3 0.778552 0.319565 0.7775070000000001 0.317391 0.776811 0.298913 0.7754179999999999 0.296739 0.773329 0.31630400000000003 0.771936 0.321739 0.778552 0.322826 0.778552 0.319565
3 0.819638 0.32717399999999996 0.821031 0.31413 0.820682 0.305435 0.8199859999999999 0.302174 0.8185930000000001 0.304348 0.817549 0.320652 0.815808 0.326087 0.819638 0.32717399999999996
1 0.924095 0.326087 0.928621 0.32717399999999996 0.9296659999999999 0.323913 0.928621 0.321739 0.9279249999999999 0.307609 0.9265319999999999 0.30869599999999997 0.925836 0.313043 0.9254870000000001 0.322826 0.924095 0.326087
1 0.925139 0.321739 0.9254870000000001 0.31521699999999997 0.9244429999999999 0.303261 0.923398 0.303261 0.922006 0.317391 0.9209609999999999 0.321739 0.925139 0.321739
1 0.9401109999999999 0.31413 0.9401109999999999 0.306522 0.9397629999999999 0.304348 0.9387190000000001 0.304348 0.9387190000000001 0.307609 0.9366300000000001 0.321739 0.9415039999999999 0.321739 0.9401109999999999 0.31413
3 0.850627 0.32934800000000003 0.851323 0.32717399999999996 0.8502789999999999 0.322826 0.8495820000000001 0.305435 0.848189 0.304348 0.8467969999999999 0.322826 0.845404 0.326087 0.845404 0.328261 0.850627 0.32934800000000003
3 0.862465 0.326087 0.8610720000000001 0.320652 0.860028 0.303261 0.8589829999999999 0.305435 0.857939 0.320652 0.856546 0.326087 0.862465 0.326087
3 0.837396 0.30869599999999997 0.836351 0.29239099999999996 0.8353059999999999 0.291304 0.8342620000000001 0.306522 0.833217 0.30978300000000003 0.8370469999999999 0.31087 0.837396 0.30869599999999997
3 0.838092 0.3 0.837744 0.288043 0.836699 0.288043 0.836351 0.291304 0.8370469999999999 0.303261 0.8391360000000001 0.304348 0.838092 0.3
3 0.8638579999999999 0.304348 0.862813 0.290217 0.861769 0.290217 0.8610720000000001 0.301087 0.8603759999999999 0.304348 0.86351 0.305435 0.8638579999999999 0.304348
3 0.909819 0.29565199999999997 0.908774 0.29565199999999997 0.907033 0.30978300000000003 0.9112120000000001 0.31087 0.9101670000000001 0.306522 0.909819 0.29565199999999997
1 0.395891 0.636957 0.391017 0.640217 0.389624 0.645652 0.389276 0.652174 0.386142 0.653261 0.383705 0.657609 0.383705 0.66087 0.39032 0.6728259999999999 0.40424800000000005 0.6836960000000001 0.41156 0.6836960000000001 0.412256 0.681522 0.416783 0.677174 0.418524 0.677174 0.420613 0.673913 0.423747 0.673913 0.430014 0.668478 0.433844 0.6673910000000001 0.433148 0.66413 0.42722800000000005 0.656522 0.42688 0.6489130000000001 0.42548700000000006 0.643478 0.420961 0.640217 0.420265 0.6380429999999999 0.41713100000000003 0.58913 0.41364900000000004 0.507609 0.406337 0.506522 0.40494399999999997 0.51413 0.40250700000000006 0.5586960000000001 0.396588 0.633696 0.395891 0.636957
1 0.10341199999999999 0.304348 0.10376 0.302174 0.101671 0.29782600000000004 0.100627 0.29239099999999996 0.100627 0.28586999999999996 0.098886 0.268478 0.098538 0.258696 0.097493 0.254348 0.094708 0.25543499999999997 0.091922 0.294565 0.089833 0.303261 0.092618 0.305435 0.10341199999999999 0.304348
1 0.23885800000000001 0.271739 0.23746499999999998 0.278261 0.23990300000000003 0.280435 0.24547400000000003 0.27934800000000004 0.24617 0.277174 0.244081 0.270652 0.24234 0.243478 0.240599 0.243478 0.23990300000000003 0.24673899999999999 0.23990300000000003 0.253261 0.23920599999999997 0.25760900000000003 0.23885800000000001 0.271739
3 0.852716 0.321739 0.857591 0.320652 0.857591 0.313043 0.8568939999999999 0.30978300000000003 0.856198 0.298913 0.855501 0.3 0.854457 0.306522 0.854457 0.311957 0.852716 0.321739