3 0.12082200000000001 0.6141300000000001 0.11942900000000001 0.6141300000000001 0.115947 0.618478 0.11525099999999999 0.621739 0.11525099999999999 0.627174 0.11351 0.629348 0.112117 0.633696 0.139276 0.633696 0.148329 0.621739 0.148329 0.617391 0.145891 0.609783 0.141713 0.608696 0.141017 0.6054350000000001 0.139972 0.584783 0.134401 0.516304 0.128134 0.516304 0.12325900000000001 0.581522 0.121866 0.61087 0.12082200000000001 0.6141300000000001
3 0.312326 0.465217 0.31162999999999996 0.46630399999999994 0.310585 0.478261 0.30988899999999997 0.506522 0.308148 0.509783 0.307103 0.509783 0.306755 0.5130429999999999 0.304666 0.51413 0.305014 0.516304 0.306407 0.516304 0.30745100000000003 0.518478 0.320334 0.518478 0.320682 0.516304 0.322075 0.516304 0.323816 0.511957 0.32311999999999996 0.508696 0.319638 0.503261 0.318942 0.48804299999999995 0.319986 0.48695700000000003 0.31928999999999996 0.48260899999999995 0.31928999999999996 0.470652 0.31754899999999997 0.465217 0.316504 0.44565200000000005 0.31337000000000004 0.446739 0.31371899999999997 0.448913 0.313022 0.45108699999999996 0.312326 0.465217
3 0.381616 0.43913 0.381616 0.44565200000000005 0.38266 0.448913 0.38266 0.45869600000000005 0.380919 0.465217 0.379526 0.46630399999999994 0.378482 0.470652 0.388928 0.471739 0.392061 0.46630399999999994 0.39066900000000004 0.465217 0.389624 0.46195700000000006 0.389276 0.433696 0.388231 0.42934799999999995 0.387535 0.41630399999999995 0.38509699999999997 0.415217 0.38405300000000003 0.417391 0.38405300000000003 0.428261 0.381616 0.43913
1 0.6786209999999999 0.729348 0.680014 0.729348 0.680014 0.721739 0.676532 0.675 0.673747 0.617391 0.663997 0.617391 0.657033 0.701087 0.657033 0.708696 0.6678270000000001 0.717391 0.6786209999999999 0.729348
1 0.58461 0.531522 0.581825 0.532609 0.581476 0.536957 0.579387 0.541304 0.586003 0.546739 0.595752 0.546739 0.604457 0.543478 0.604457 0.540217 0.603064 0.53913 0.602368 0.536957 0.602368 0.5336960000000001 0.599234 0.530435 0.598538 0.527174 0.597145 0.504348 0.594708 0.481522 0.593663 0.46195700000000006 0.589136 0.46195700000000006 0.588092 0.48913 0.586351 0.511957 0.585655 0.5293479999999999 0.58461 0.531522
1 0.567549 0.46630399999999994 0.567549 0.471739 0.5807800000000001 0.47282599999999997 0.581128 0.46956499999999995 0.580084 0.46630399999999994 0.578691 0.465217 0.577994 0.46087 0.575905 0.418478 0.5731200000000001 0.418478 0.571727 0.430435 0.570334 0.463043 0.5696380000000001 0.465217 0.567549 0.46630399999999994
1 0.516713 0.43913 0.5275070000000001 0.43913 0.5271589999999999 0.433696 0.52507 0.430435 0.523329 0.4 0.5212399999999999 0.4 0.5194989999999999 0.430435 0.5181060000000001 0.43260899999999997 0.5181060000000001 0.43478300000000003 0.516713 0.43913
1 0.10724199999999999 0.441304 0.11664300000000001 0.441304 0.11664300000000001 0.43804299999999996 0.115947 0.43804299999999996 0.114903 0.433696 0.11385799999999999 0.409783 0.11316200000000001 0.40543500000000005 0.110724 0.40543500000000005 0.11002799999999999 0.409783 0.108287 0.43695700000000004 0.10724199999999999 0.43804299999999996 0.10724199999999999 0.441304
1 0.340877 0.415217 0.34018099999999996 0.42391300000000004 0.339136 0.42717400000000005 0.339136 0.42934799999999995 0.347145 0.42934799999999995 0.347145 0.42717400000000005 0.345752 0.425 0.345056 0.41956499999999997 0.34435899999999997 0.4 0.343663 0.397826 0.341922 0.397826 0.341574 0.403261 0.34018099999999996 0.407609 0.34018099999999996 0.41413 0.340877 0.415217
1 0.442201 0.42717400000000005 0.441156 0.426087 0.44011100000000003 0.420652 0.439415 0.4 0.43697800000000003 0.39891299999999996 0.435933 0.420652 0.43454 0.42934799999999995 0.441852 0.42934799999999995 0.442201 0.42717400000000005
1 0.562326 0.40869600000000006 0.560933 0.40543500000000005 0.560237 0.388043 0.5595399999999999 0.383696 0.5577989999999999 0.383696 0.556755 0.40543500000000005 0.555014 0.409783 0.56163 0.41086999999999996 0.562326 0.40869600000000006
1 0.722145 0.443478 0.720404 0.44782599999999995 0.720404 0.45 0.7318939999999999 0.45 0.7318939999999999 0.446739 0.73085 0.44565200000000005 0.729805 0.441304 0.727716 0.40543500000000005 0.7245820000000001 0.40543500000000005 0.724234 0.41413 0.723538 0.41630399999999995 0.723538 0.425 0.722145 0.443478
1 0.8084960000000001 0.494565 0.8064069999999999 0.497826 0.80571 0.504348 0.807451 0.504348 0.808844 0.507609 0.8238160000000001 0.507609 0.8245129999999999 0.503261 0.8203340000000001 0.496739 0.819638 0.49347799999999997 0.819638 0.48695700000000003 0.8189420000000001 0.484783 0.8182449999999999 0.475 0.8182449999999999 0.456522 0.817549 0.45543500000000003 0.8172010000000001 0.44239100000000003 0.815808 0.44021699999999997 0.812674 0.44021699999999997 0.8112809999999999 0.453261 0.8112809999999999 0.459783 0.810585 0.463043 0.8084960000000001 0.494565
3 0.8809189999999999 0.431522 0.8809189999999999 0.433696 0.8931060000000001 0.433696 0.8931060000000001 0.430435 0.892061 0.42934799999999995 0.8892760000000001 0.418478 0.8889279999999999 0.404348 0.8878830000000001 0.392391 0.884749 0.391304 0.8844010000000001 0.404348 0.883008 0.41630399999999995 0.8826599999999999 0.42717400000000005 0.8809189999999999 0.431522
1 0.631616 0.41304299999999994 0.630223 0.40869600000000006 0.629178 0.397826 0.629178 0.386957 0.628134 0.38260900000000003 0.627089 0.38260900000000003 0.626045 0.384783 0.625348 0.40108699999999997 0.623955 0.41304299999999994 0.631616 0.41304299999999994
3 0.6020190000000001 0.39891299999999996 0.600975 0.383696 0.59993 0.378261 0.598538 0.378261 0.596797 0.39891299999999996 0.5961000000000001 0.40108699999999997 0.602716 0.40108699999999997 0.6020190000000001 0.39891299999999996
3 0.788649 0.403261 0.7865599999999999 0.394565 0.7865599999999999 0.388043 0.785864 0.384783 0.785515 0.377174 0.7848189999999999 0.373913 0.783774 0.373913 0.782033 0.383696 0.782033 0.390217 0.780292 0.40217400000000003 0.788649 0.403261
3 0.078343 0.41304299999999994 0.078343 0.417391 0.077298 0.422826 0.084262 0.42391300000000004 0.084958 0.422826 0.083914 0.41413 0.08460999999999999 0.41304299999999994 0.08460999999999999 0.407609 0.082869 0.403261 0.082521 0.393478 0.08077999999999999 0.393478 0.079735 0.403261 0.078691 0.404348 0.077646 0.411957 0.078343 0.41304299999999994
1 0.084958 0.431522 0.091574 0.431522 0.093663 0.42934799999999995 0.09226999999999999 0.422826 0.090877 0.4 0.090181 0.397826 0.089136 0.397826 0.088092 0.40217400000000003 0.086699 0.420652 0.084958 0.431522
1 0.227019 0.43587 0.236769 0.43587 0.235724 0.426087 0.23711700000000002 0.422826 0.23711700000000002 0.415217 0.23433099999999998 0.41304299999999994 0.23328700000000002 0.40217400000000003 0.232591 0.4 0.23085 0.4 0.230153 0.40217400000000003 0.22876 0.42934799999999995 0.227019 0.433696 0.227019 0.43587
1 0.301532 0.418478 0.301532 0.41630399999999995 0.29979100000000003 0.411957 0.299095 0.395652 0.29805000000000004 0.391304 0.297354 0.391304 0.295613 0.4 0.295613 0.409783 0.29422000000000004 0.418478 0.301532 0.418478
3 0.195334 0.417391 0.196031 0.406522 0.197075 0.40108699999999997 0.196727 0.393478 0.194638 0.392391 0.192897 0.41086999999999996 0.191504 0.41630399999999995 0.195334 0.417391
1 0.193942 0.42391300000000004 0.20195 0.42391300000000004 0.200557 0.41630399999999995 0.200557 0.409783 0.199861 0.40869600000000006 0.199861 0.40108699999999997 0.199164 0.396739 0.197772 0.397826 0.196379 0.406522 0.195682 0.417391 0.193942 0.42391300000000004
3 0.40181100000000003 0.404348 0.40007000000000004 0.394565 0.40007000000000004 0.390217 0.399373 0.38587 0.39832900000000004 0.384783 0.397284 0.396739 0.395543 0.40543500000000005 0.401462 0.406522 0.40181100000000003 0.404348
1 0.392061 0.41413 0.391017 0.41086999999999996 0.391017 0.404348 0.39032 0.40217400000000003 0.389972 0.393478 0.388928 0.38913000000000003 0.387883 0.38913000000000003 0.387187 0.392391 0.386838 0.406522 0.385446 0.41304299999999994 0.392061 0.41413
3 0.840181 0.41086999999999996 0.841922 0.41304299999999994 0.850627 0.411957 0.8495820000000001 0.41086999999999996 0.849234 0.407609 0.8478410000000001 0.404348 0.847145 0.38913000000000003 0.8457520000000001 0.38152200000000003 0.844708 0.379348 0.8433149999999999 0.379348 0.8426180000000001 0.390217 0.8405290000000001 0.394565 0.8415739999999999 0.404348 0.840181 0.41086999999999996
1 0.705084 0.42391300000000004 0.703343 0.420652 0.702646 0.415217 0.7016020000000001 0.392391 0.6998610000000001 0.391304 0.697423 0.41630399999999995 0.694986 0.426087 0.704735 0.42717400000000005 0.705084 0.42391300000000004
3 0.150766 0.453261 0.148329 0.45869600000000005 0.148329 0.46195700000000006 0.16155999999999998 0.46195700000000006 0.161212 0.45869600000000005 0.159819 0.457609 0.158078 0.453261 0.15668500000000002 0.431522 0.15668500000000002 0.41956499999999997 0.155989 0.41413 0.153552 0.41304299999999994 0.152159 0.41956499999999997 0.152159 0.42934799999999995 0.151462 0.43478300000000003 0.150766 0.453261
3 0.304666 0.41086999999999996 0.304666 0.40869600000000006 0.30362100000000003 0.40543500000000005 0.302577 0.388043 0.301532 0.388043 0.300836 0.395652 0.29979100000000003 0.39891299999999996 0.300139 0.41086999999999996 0.304666 0.41086999999999996
0 0.220752 0.378261 0.220404 0.391304 0.224582 0.391304 0.22388599999999997 0.379348 0.220752 0.378261
0 0.266713 0.377174 0.266365 0.390217 0.270195 0.390217 0.26949900000000004 0.377174 0.266713 0.377174
0 0.303273 0.377174 0.300487 0.376087 0.29979100000000003 0.38043499999999997 0.29979100000000003 0.388043 0.303969 0.388043 0.303273 0.377174
0 0.327994 0.375 0.32694999999999996 0.388043 0.332173 0.388043 0.330432 0.375 0.327994 0.375
0 0.370125 0.375 0.36873300000000003 0.386957 0.37256300000000003 0.386957 0.37117 0.375 0.370125 0.375
0 0.43488899999999997 0.372826 0.434192 0.38587 0.437674 0.38587 0.436281 0.372826 0.43488899999999997 0.372826
3 0.690808 0.40217400000000003 0.695334 0.40217400000000003 0.6963790000000001 0.4 0.6963790000000001 0.395652 0.6956819999999999 0.393478 0.69429 0.376087 0.692897 0.376087 0.691852 0.383696 0.691156 0.395652 0.689763 0.4 0.690808 0.40217400000000003
3 0.306058 0.44565200000000005 0.306407 0.448913 0.313022 0.448913 0.313022 0.446739 0.314415 0.444565 0.314415 0.441304 0.31371899999999997 0.43913 0.313022 0.421739 0.31128100000000003 0.406522 0.310237 0.406522 0.30954000000000004 0.40869600000000006 0.30745100000000003 0.441304 0.306058 0.44565200000000005
1 0.69429 0.41304299999999994 0.697423 0.41304299999999994 0.697423 0.406522 0.698468 0.396739 0.699164 0.395652 0.699164 0.392391 0.700557 0.390217 0.700209 0.38152200000000003 0.698816 0.38152200000000003 0.697772 0.384783 0.696727 0.4 0.69429 0.41304299999999994