3 0.426532 0.471739 0.425139 0.48913 0.424095 0.528261 0.42305000000000004 0.531522 0.418872 0.53587 0.418872 0.546739 0.41713100000000003 0.554348 0.44428999999999996 0.554348 0.446379 0.552174 0.44812 0.546739 0.44812 0.53913 0.44603099999999996 0.5293479999999999 0.44428999999999996 0.527174 0.443593 0.528261 0.443245 0.526087 0.442201 0.527174 0.441504 0.525 0.441156 0.516304 0.44011100000000003 0.5108699999999999 0.439415 0.502174 0.439415 0.494565 0.43662999999999996 0.467391 0.435933 0.453261 0.435237 0.45 0.435585 0.44021699999999997 0.43488899999999997 0.43587 0.43454 0.425 0.42896900000000004 0.425 0.427925 0.433696 0.42722800000000005 0.46087 0.426532 0.465217 0.426532 0.471739
3 0.308496 0.6630429999999999 0.307103 0.675 0.306755 0.7021740000000001 0.305362 0.727174 0.305014 0.76413 0.303969 0.777174 0.300487 0.782609 0.299095 0.782609 0.295613 0.795652 0.295613 0.8021739999999999 0.292827 0.8108700000000001 0.286908 0.817391 0.286908 0.825 0.289345 0.828261 0.301184 0.8293480000000001 0.30188000000000004 0.831522 0.303969 0.832609 0.31162999999999996 0.832609 0.316852 0.8358700000000001 0.328343 0.8358700000000001 0.329387 0.832609 0.333565 0.8293480000000001 0.334958 0.825 0.33843999999999996 0.8206519999999999 0.341574 0.8130430000000001 0.35201899999999997 0.795652 0.35201899999999997 0.78913 0.350279 0.7880429999999999 0.349582 0.784783 0.34435899999999997 0.782609 0.343663 0.776087 0.341226 0.770652 0.334958 0.766304 0.332173 0.7445649999999999 0.331476 0.723913 0.330432 0.717391 0.32903899999999997 0.697826 0.327298 0.68587 0.326602 0.6673910000000001 0.324164 0.651087 0.322423 0.626087 0.32137899999999997 0.622826 0.320334 0.604348 0.312326 0.604348 0.311978 0.606522 0.310933 0.606522 0.30988899999999997 0.613043 0.308496 0.6630429999999999
3 0.387883 0.336957 0.387187 0.347826 0.38649 0.35108700000000004 0.385446 0.35108700000000004 0.384749 0.353261 0.384401 0.357609 0.39032 0.358696 0.39449900000000004 0.356522 0.396936 0.353261 0.396936 0.35 0.394847 0.343478 0.393802 0.333696 0.392758 0.311957 0.391365 0.301087 0.389276 0.301087 0.388928 0.317391 0.387883 0.322826 0.387883 0.336957
3 0.358983 0.307609 0.358287 0.322826 0.357242 0.331522 0.35375999999999996 0.33913000000000004 0.362813 0.33913000000000004 0.364206 0.336957 0.367688 0.33587 0.366643 0.334783 0.366643 0.331522 0.365251 0.330435 0.364554 0.32717399999999996 0.363858 0.31087 0.362465 0.3 0.362465 0.293478 0.361769 0.290217 0.360376 0.290217 0.35968 0.293478 0.358635 0.305435 0.358983 0.307609
3 0.318593 0.323913 0.318593 0.32717399999999996 0.328343 0.326087 0.328691 0.321739 0.32694999999999996 0.319565 0.325905 0.31087 0.324164 0.284783 0.322423 0.284783 0.321031 0.298913 0.320682 0.320652 0.31928999999999996 0.321739 0.318593 0.323913
3 0.289345 0.31630400000000003 0.287256 0.319565 0.28830100000000003 0.321739 0.296657 0.320652 0.297354 0.319565 0.297354 0.31630400000000003 0.296309 0.31521699999999997 0.295265 0.30978300000000003 0.294916 0.296739 0.293524 0.282609 0.291783 0.282609 0.291435 0.291304 0.290738 0.294565 0.29039000000000004 0.311957 0.289345 0.31630400000000003
3 0.25383 0.31413 0.262535 0.31413 0.262535 0.311957 0.260794 0.30978300000000003 0.259749 0.304348 0.25905300000000003 0.282609 0.258357 0.27934800000000004 0.256964 0.27934800000000004 0.255919 0.290217 0.255919 0.304348 0.25522300000000003 0.30978300000000003 0.25383 0.31413
3 0.22876 0.26087 0.22771599999999997 0.26087 0.22667099999999998 0.27934800000000004 0.23085 0.27934800000000004 0.22945700000000002 0.272826 0.22876 0.26087
3 0.208914 0.305435 0.21622599999999997 0.305435 0.21622599999999997 0.303261 0.21518099999999998 0.303261 0.21413600000000002 0.298913 0.212744 0.276087 0.211699 0.276087 0.21030600000000002 0.28586999999999996 0.21030600000000002 0.298913 0.208914 0.303261 0.208914 0.305435
3 0.203343 0.294565 0.203343 0.29239099999999996 0.20264600000000002 0.29239099999999996 0.20195 0.288043 0.201602 0.270652 0.199513 0.270652 0.199164 0.290217 0.19812000000000002 0.291304 0.197772 0.294565 0.203343 0.294565
1 0.9327989999999999 0.468478 0.9327989999999999 0.478261 0.9352370000000001 0.484783 0.939415 0.48804299999999995 0.9505570000000001 0.48913 0.9505570000000001 0.366304 0.945682 0.366304 0.9415039999999999 0.42934799999999995 0.9383699999999999 0.46413000000000004 0.9362809999999999 0.467391 0.9327989999999999 0.468478
1 0.7698470000000001 0.36847799999999997 0.7677579999999999 0.36847799999999997 0.7677579999999999 0.373913 0.768802 0.377174 0.7712399999999999 0.38043499999999997 0.782033 0.38043499999999997 0.784471 0.378261 0.786212 0.375 0.786212 0.36956500000000003 0.784471 0.370652 0.7830779999999999 0.366304 0.781685 0.340217 0.779944 0.323913 0.7788999999999999 0.3 0.774721 0.3 0.773329 0.313043 0.772632 0.338043 0.770891 0.363043 0.7698470000000001 0.36847799999999997
1 0.6751389999999999 0.32717399999999996 0.6751389999999999 0.334783 0.6887190000000001 0.334783 0.689067 0.32717399999999996 0.687326 0.32717399999999996 0.68663 0.325 0.683496 0.276087 0.6803619999999999 0.276087 0.678969 0.290217 0.677577 0.322826 0.6768799999999999 0.32717399999999996 0.6751389999999999 0.32717399999999996
1 0.590877 0.307609 0.600975 0.307609 0.6020190000000001 0.305435 0.6020190000000001 0.302174 0.600627 0.302174 0.5995820000000001 0.29782600000000004 0.5978410000000001 0.261957 0.5943590000000001 0.26087 0.592967 0.298913 0.591574 0.303261 0.590877 0.303261 0.590877 0.307609
1 0.524373 0.294565 0.533426 0.294565 0.533774 0.28913 0.532033 0.286957 0.530292 0.267391 0.530292 0.25543499999999997 0.5271589999999999 0.254348 0.526114 0.286957 0.5254179999999999 0.290217 0.524373 0.291304 0.524373 0.294565
1 0.46309199999999995 0.288043 0.471448 0.288043 0.471448 0.283696 0.47005600000000003 0.282609 0.468663 0.268478 0.46831500000000004 0.253261 0.465877 0.253261 0.465181 0.277174 0.464485 0.283696 0.46344 0.284783 0.46309199999999995 0.288043
1 0.43036199999999997 0.284783 0.42931800000000003 0.280435 0.42931800000000003 0.27391299999999996 0.427577 0.253261 0.425139 0.253261 0.424443 0.280435 0.422702 0.281522 0.422702 0.284783 0.43036199999999997 0.284783
1 0.378482 0.280435 0.378482 0.282609 0.385794 0.282609 0.385794 0.27934800000000004 0.384749 0.27934800000000004 0.38405300000000003 0.276087 0.38266 0.254348 0.380919 0.254348 0.380919 0.263043 0.38022300000000003 0.267391 0.379875 0.278261 0.378482 0.280435
1 0.32311999999999996 0.27934800000000004 0.329735 0.27934800000000004 0.329735 0.277174 0.328343 0.272826 0.327298 0.254348 0.32520899999999997 0.254348 0.324513 0.263043 0.324513 0.276087 0.32311999999999996 0.277174 0.32311999999999996 0.27934800000000004
1 0.314067 0.267391 0.313022 0.251087 0.311978 0.251087 0.31128100000000003 0.268478 0.310237 0.272826 0.31545999999999996 0.272826 0.314067 0.267391
1 0.33843999999999996 0.254348 0.33843999999999996 0.24239099999999997 0.33669899999999997 0.24239099999999997 0.33669899999999997 0.254348 0.335306 0.26087 0.339833 0.26087 0.33843999999999996 0.254348
1 0.375696 0.248913 0.375 0.24239099999999997 0.375 0.23478300000000002 0.37360699999999997 0.23478300000000002 0.372911 0.248913 0.371866 0.252174 0.376741 0.252174 0.375696 0.248913
1 0.420613 0.243478 0.419916 0.243478 0.418872 0.23913 0.418872 0.227174 0.41713100000000003 0.227174 0.41713100000000003 0.233696 0.41608599999999996 0.24565199999999998 0.420613 0.24565199999999998 0.420613 0.243478
1 0.461699 0.23913 0.461003 0.232609 0.460306 0.231522 0.460306 0.221739 0.45891400000000004 0.221739 0.458565 0.23478300000000002 0.45717299999999994 0.236957 0.45717299999999994 0.23913 0.461699 0.23913
1 0.522284 0.22391299999999997 0.522284 0.216304 0.520195 0.215217 0.5198470000000001 0.22934800000000002 0.51915 0.232609 0.523329 0.232609 0.522284 0.22391299999999997
3 0.47249299999999994 0.221739 0.471797 0.215217 0.47075199999999995 0.215217 0.46970799999999996 0.231522 0.47318899999999997 0.231522 0.47249299999999994 0.22934800000000002 0.47249299999999994 0.221739
3 0.537256 0.208696 0.536212 0.208696 0.5351670000000001 0.225 0.538997 0.225 0.537953 0.219565 0.537256 0.208696
1 0.595752 0.22282600000000002 0.594708 0.220652 0.5943590000000001 0.206522 0.592967 0.206522 0.592967 0.213043 0.591574 0.226087 0.595752 0.226087 0.595752 0.22282600000000002
3 0.59993 0.219565 0.604457 0.219565 0.604457 0.216304 0.603412 0.215217 0.602368 0.20108700000000002 0.601671 0.20108700000000002 0.600975 0.20434800000000003 0.600975 0.21413000000000001 0.59993 0.216304 0.59993 0.219565
3 0.662953 0.195652 0.662604 0.211957 0.6657379999999999 0.211957 0.664694 0.19456500000000002 0.662953 0.195652
2 0.657382 0.21739099999999997 0.655989 0.213043 0.655292 0.190217 0.653203 0.18913 0.652855 0.209783 0.651462 0.220652 0.657382 0.220652 0.657382 0.21739099999999997
2 0.6601670000000001 0.213043 0.6601670000000001 0.208696 0.659471 0.20760900000000002 0.659123 0.18587 0.657382 0.18587 0.657033 0.20760900000000002 0.656337 0.209783 0.656337 0.213043 0.6601670000000001 0.213043
2 0.669568 0.209783 0.668872 0.18913 0.667131 0.18913 0.666783 0.20434800000000003 0.66539 0.219565 0.6709609999999999 0.219565 0.669568 0.209783
2 0.672354 0.208696 0.6709609999999999 0.20434800000000003 0.6709609999999999 0.190217 0.670265 0.184783 0.669568 0.183696 0.6692199999999999 0.196739 0.670265 0.211957 0.672354 0.211957 0.672354 0.208696
3 0.740947 0.2 0.740599 0.190217 0.739206 0.18913 0.737465 0.206522 0.74234 0.206522 0.74234 0.20434800000000003 0.740947 0.2
1 0.749304 0.21086999999999997 0.748259 0.208696 0.747563 0.192391 0.74617 0.192391 0.745822 0.203261 0.744081 0.213043 0.749304 0.213043 0.749304 0.21086999999999997
1 0.8095399999999999 0.208696 0.8095399999999999 0.20543499999999998 0.8084960000000001 0.20108700000000002 0.8081480000000001 0.18804300000000002 0.80571 0.18804300000000002 0.80571 0.2 0.8046659999999999 0.20543499999999998 0.8046659999999999 0.208696 0.8095399999999999 0.208696
3 0.779248 0.196739 0.778552 0.18587 0.776462 0.18587 0.776462 0.19347799999999998 0.77507 0.203261 0.780292 0.203261 0.779248 0.196739
1 0.865251 0.202174 0.8638579999999999 0.19347799999999998 0.8638579999999999 0.18152200000000002 0.861421 0.18152200000000002 0.8607239999999999 0.196739 0.85968 0.198913 0.85968 0.202174 0.865251 0.202174
3 0.8151109999999999 0.196739 0.814415 0.196739 0.8137190000000001 0.192391 0.8133699999999999 0.18152200000000002 0.8116300000000001 0.18152200000000002 0.8112809999999999 0.19347799999999998 0.8102370000000001 0.198913 0.8151109999999999 0.198913 0.8151109999999999 0.196739
3 0.8408770000000001 0.177174 0.8391360000000001 0.19456500000000002 0.8440110000000001 0.19456500000000002 0.8422700000000001 0.178261 0.8408770000000001 0.177174
1 0.913301 0.19456500000000002 0.918175 0.19456500000000002 0.918175 0.190217 0.917131 0.183696 0.916783 0.171739 0.915042 0.171739 0.915042 0.182609 0.914345 0.18804300000000002 0.913301 0.190217 0.913301 0.19456500000000002
3 0.27890000000000004 0.25760900000000003 0.278203 0.25543499999999997 0.277855 0.24782600000000002 0.27681100000000003 0.24782600000000002 0.276462 0.259783 0.275418 0.265217 0.279596 0.265217 0.27890000000000004 0.25760900000000003
1 0.662256 0.215217 0.662256 0.203261 0.660864 0.20108700000000002 0.660515 0.21413000000000001 0.659123 0.219565 0.663997 0.219565 0.662256 0.215217
3 0.426184 0.43260899999999997 0.424443 0.433696 0.423747 0.43695700000000004 0.423747 0.444565 0.42722800000000005 0.44565200000000005 0.427925 0.428261 0.42896900000000004 0.42391300000000004 0.43488899999999997 0.425 0.435237 0.43587 0.435933 0.44021699999999997 0.435585 0.44565200000000005 0.443942 0.444565 0.443593 0.43478300000000003 0.440808 0.43260899999999997 0.43802199999999997 0.41956499999999997 0.43697800000000003 0.40217400000000003 0.43697800000000003 0.388043 0.43488899999999997 0.36956500000000003 0.434192 0.355435 0.43036199999999997 0.356522 0.43036199999999997 0.36847799999999997 0.42896900000000004 0.383696 0.427577 0.42934799999999995 0.426184 0.43260899999999997
3 0.416435 0.384783 0.414694 0.38587 0.413997 0.38913000000000003 0.41260399999999997 0.38913000000000003 0.412256 0.391304 0.413301 0.391304 0.41434499999999996 0.394565 0.428621 0.393478 0.428621 0.383696 0.42722800000000005 0.38152200000000003 0.426532 0.375 0.425836 0.356522 0.424443 0.34565199999999996 0.42305000000000004 0.322826 0.420265 0.322826 0.41956800000000005 0.340217 0.418524 0.347826 0.417479 0.38043499999999997 0.416435 0.384783
1 0.31511100000000003 0.24782600000000002 0.314415 0.267391 0.318593 0.268478 0.317201 0.24782600000000002 0.31511100000000003 0.24782600000000002
3 0.851671 0.183696 0.853064 0.179348 0.853064 0.173913 0.852019 0.166304 0.850975 0.166304 0.84993 0.171739 0.848886 0.183696 0.851671 0.183696
3 0.870125 0.177174 0.8690810000000001 0.170652 0.868384 0.170652 0.866643 0.18913 0.871518 0.18913 0.870125 0.18152200000000002 0.870125 0.177174
3 0.860028 0.192391 0.8593310000000001 0.177174 0.857591 0.175 0.8568939999999999 0.177174 0.856546 0.18804300000000002 0.85585 0.192391 0.860028 0.192391
1 0.918175 0.16413 0.9174789999999999 0.178261 0.920265 0.178261 0.9192199999999999 0.165217 0.918175 0.16413
3 0.8777860000000001 0.163043 0.877089 0.163043 0.8760450000000001 0.177174 0.8791779999999999 0.177174 0.87883 0.167391 0.8777860000000001 0.163043
1 0.9146940000000001 0.178261 0.9146940000000001 0.171739 0.916783 0.16956500000000002 0.916783 0.161957 0.915042 0.161957 0.915042 0.168478 0.912604 0.178261 0.9146940000000001 0.178261
1 0.9310579999999999 0.175 0.9314069999999999 0.16956500000000002 0.93071 0.166304 0.93071 0.159783 0.929318 0.159783 0.929318 0.166304 0.9282730000000001 0.16956500000000002 0.9279249999999999 0.175 0.9310579999999999 0.175
3 0.9230499999999999 0.166304 0.922006 0.158696 0.920613 0.163043 0.920265 0.171739 0.9230499999999999 0.171739 0.9230499999999999 0.166304
1 0.946031 0.173913 0.9449859999999999 0.16956500000000002 0.94429 0.16956500000000002 0.9432449999999999 0.18152200000000002 0.9422010000000001 0.18695699999999998 0.9470750000000001 0.18695699999999998 0.946031 0.173913
1 0.947772 0.16413 0.946031 0.16413 0.945682 0.170652 0.9467269999999999 0.18043499999999998 0.9488160000000001 0.18043499999999998 0.947772 0.16413