3 0.391017 0.475 0.389972 0.48586999999999997 0.389276 0.48804299999999995 0.387187 0.48804299999999995 0.38649 0.490217 0.38649 0.494565 0.387535 0.497826 0.388579 0.497826 0.388928 0.5 0.396588 0.497826 0.396936 0.5 0.4039 0.497826 0.404596 0.496739 0.404596 0.49347799999999997 0.403552 0.490217 0.40181100000000003 0.48913 0.40007000000000004 0.481522 0.399025 0.471739 0.399025 0.46087 0.397632 0.45108699999999996 0.397632 0.446739 0.396936 0.44565200000000005 0.396588 0.42934799999999995 0.39624000000000004 0.42717400000000005 0.395195 0.42717400000000005 0.393106 0.43260899999999997 0.393106 0.43913 0.391365 0.459783 0.391017 0.475
3 0.41434499999999996 0.43913 0.424443 0.43804299999999996 0.42548700000000006 0.43478300000000003 0.42548700000000006 0.43260899999999997 0.423747 0.43260899999999997 0.422354 0.428261 0.420265 0.40108699999999997 0.420613 0.392391 0.41922 0.392391 0.418872 0.390217 0.41782700000000006 0.393478 0.416435 0.42717400000000005 0.41364900000000004 0.43587 0.41434499999999996 0.43913
3 0.443245 0.40217400000000003 0.444986 0.4 0.44254899999999997 0.391304 0.441852 0.38152200000000003 0.442201 0.377174 0.441156 0.375 0.441156 0.36739099999999997 0.440808 0.365217 0.439763 0.365217 0.43837000000000004 0.393478 0.437326 0.395652 0.43697800000000003 0.4 0.443245 0.40217400000000003
3 0.45578 0.370652 0.45578 0.376087 0.454387 0.38043499999999997 0.45369099999999996 0.38043499999999997 0.45369099999999996 0.38260900000000003 0.45786899999999997 0.38260900000000003 0.458217 0.38043499999999997 0.458565 0.38260900000000003 0.461003 0.38043499999999997 0.460306 0.379348 0.458565 0.36956500000000003 0.45786899999999997 0.353261 0.45717299999999994 0.353261 0.456128 0.356522 0.456476 0.36956500000000003 0.45578 0.370652
3 0.48468 0.366304 0.487117 0.36956500000000003 0.487465 0.36739099999999997 0.488858 0.36739099999999997 0.48955399999999993 0.365217 0.48781299999999994 0.359783 0.488162 0.355435 0.487465 0.354348 0.487465 0.34565199999999996 0.48607199999999995 0.34565199999999996 0.48607199999999995 0.35108700000000004 0.48537600000000003 0.354348 0.48537600000000003 0.365217 0.48468 0.366304
1 0.8335649999999999 0.6195649999999999 0.8325210000000001 0.622826 0.832869 0.627174 0.831476 0.631522 0.8307800000000001 0.631522 0.831476 0.632609 0.831825 0.63913 0.8304320000000001 0.643478 0.831128 0.65 0.8307800000000001 0.655435 0.829387 0.659783 0.8307800000000001 0.6630429999999999 0.8307800000000001 0.669565 0.829387 0.678261 0.8283429999999999 0.6913039999999999 0.8269500000000001 0.697826 0.822423 0.703261 0.8182449999999999 0.713043 0.816156 0.71413 0.815808 0.717391 0.8185930000000001 0.725 0.821379 0.7369570000000001 0.826253 0.743478 0.86351 0.7445649999999999 0.864554 0.7391300000000001 0.864554 0.73587 0.863162 0.734783 0.8610720000000001 0.725 0.861421 0.717391 0.858287 0.7119570000000001 0.85376 0.708696 0.852019 0.698913 0.850975 0.677174 0.8495820000000001 0.670652 0.849234 0.665217 0.849234 0.6489130000000001 0.8478410000000001 0.636957 0.8467969999999999 0.615217 0.8440110000000001 0.590217 0.8433149999999999 0.569565 0.8353059999999999 0.569565 0.83461 0.579348 0.83461 0.5956520000000001 0.8335649999999999 0.6054350000000001 0.8335649999999999 0.6195649999999999
1 0.609331 0.390217 0.607939 0.425 0.6051529999999999 0.430435 0.6051529999999999 0.433696 0.606198 0.43587 0.618036 0.43478300000000003 0.616992 0.431522 0.616992 0.42934799999999995 0.615947 0.42934799999999995 0.613858 0.422826 0.614206 0.411957 0.61351 0.41086999999999996 0.61351 0.39891299999999996 0.612465 0.396739 0.612117 0.38913000000000003 0.6128129999999999 0.386957 0.612117 0.38587 0.612117 0.383696 0.611769 0.38587 0.60968 0.38587 0.610028 0.38913000000000003 0.609331 0.390217
1 0.583914 0.370652 0.582869 0.392391 0.581128 0.396739 0.581128 0.4 0.581825 0.40108699999999997 0.5901810000000001 0.39891299999999996 0.5884400000000001 0.394565 0.5884400000000001 0.38913000000000003 0.587047 0.384783 0.587396 0.375 0.5866990000000001 0.371739 0.586351 0.361957 0.585306 0.361957 0.5842620000000001 0.365217 0.58461 0.36956500000000003 0.583914 0.370652
1 0.575905 0.38043499999999997 0.5825210000000001 0.38043499999999997 0.5825210000000001 0.376087 0.581825 0.376087 0.580432 0.371739 0.5807800000000001 0.36086999999999997 0.579735 0.358696 0.580084 0.352174 0.579735 0.35 0.578691 0.35 0.577994 0.353261 0.57695 0.373913 0.575905 0.377174 0.575905 0.38043499999999997
3 0.541783 0.348913 0.541435 0.33913000000000004 0.54039 0.33913000000000004 0.539694 0.355435 0.5383009999999999 0.359783 0.543175 0.359783 0.541783 0.348913
1 0.614206 0.36413 0.612465 0.356522 0.612465 0.34565199999999996 0.611769 0.341304 0.610724 0.341304 0.60968 0.352174 0.60968 0.359783 0.608635 0.363043 0.614206 0.36413
1 0.675836 0.357609 0.677577 0.357609 0.678969 0.359783 0.679666 0.357609 0.681755 0.358696 0.681755 0.355435 0.68071 0.353261 0.681755 0.35 0.681755 0.346739 0.68071 0.344565 0.679666 0.33587 0.6786209999999999 0.33587 0.6786209999999999 0.342391 0.677577 0.34565199999999996 0.677925 0.35 0.675836 0.357609
3 0.673747 0.342391 0.674095 0.334783 0.672702 0.330435 0.670613 0.348913 0.674791 0.347826 0.674791 0.344565 0.673747 0.342391
1 0.75766 0.354348 0.758705 0.354348 0.759053 0.356522 0.759749 0.353261 0.762883 0.353261 0.7621870000000001 0.352174 0.762535 0.347826 0.76149 0.34565199999999996 0.76149 0.334783 0.760097 0.33587 0.759401 0.33913000000000004 0.759401 0.35 0.75766 0.354348
3 0.753482 0.341304 0.753482 0.34565199999999996 0.754526 0.347826 0.75766 0.347826 0.75766 0.344565 0.756616 0.342391 0.756964 0.33587 0.755223 0.32934800000000003 0.755223 0.33260900000000004 0.754526 0.333696 0.754875 0.336957 0.753482 0.341304
1 0.8433149999999999 0.355435 0.8502789999999999 0.355435 0.848189 0.347826 0.8478410000000001 0.33260900000000004 0.847493 0.330435 0.846448 0.330435 0.8457520000000001 0.333696 0.846448 0.334783 0.8457520000000001 0.348913 0.8433149999999999 0.355435
3 0.829735 0.347826 0.8335649999999999 0.348913 0.8342620000000001 0.346739 0.832869 0.342391 0.832869 0.333696 0.832173 0.32934800000000003 0.831128 0.32934800000000003 0.8304320000000001 0.334783 0.8307800000000001 0.342391 0.829735 0.344565 0.829735 0.347826
3 0.9282730000000001 0.352174 0.928621 0.348913 0.927577 0.346739 0.9265319999999999 0.32934800000000003 0.9254870000000001 0.32934800000000003 0.9244429999999999 0.33260900000000004 0.9247909999999999 0.343478 0.922354 0.35108700000000004 0.9282730000000001 0.352174
3 0.24129499999999998 0.6586960000000001 0.240599 0.681522 0.239554 0.6913039999999999 0.239554 0.7 0.236421 0.73587 0.23537599999999997 0.740217 0.22980499999999998 0.746739 0.23050099999999998 0.747826 0.23050099999999998 0.751087 0.228064 0.757609 0.227019 0.757609 0.226323 0.7554350000000001 0.224582 0.7608699999999999 0.224582 0.76413 0.22597499999999998 0.768478 0.232242 0.768478 0.232939 0.770652 0.23885800000000001 0.775 0.244429 0.776087 0.248259 0.7793479999999999 0.252089 0.7793479999999999 0.252786 0.776087 0.25383 0.776087 0.254526 0.778261 0.255919 0.772826 0.259749 0.771739 0.26009699999999997 0.7739130000000001 0.26149 0.768478 0.262883 0.767391 0.263579 0.76413 0.264624 0.76413 0.264972 0.766304 0.266365 0.7608699999999999 0.268106 0.761957 0.271588 0.756522 0.274721 0.756522 0.276462 0.751087 0.276462 0.747826 0.275418 0.7445649999999999 0.272284 0.7445649999999999 0.270195 0.746739 0.269847 0.740217 0.268106 0.734783 0.266713 0.734783 0.263579 0.7304350000000001 0.263579 0.7260869999999999 0.262535 0.721739 0.261142 0.709783 0.261142 0.697826 0.259401 0.6913039999999999 0.259401 0.681522 0.258357 0.679348 0.258357 0.676087 0.25905300000000003 0.675 0.25626699999999997 0.655435 0.252786 0.609783 0.250348 0.5956520000000001 0.247214 0.5956520000000001 0.244429 0.6054350000000001 0.24234 0.6489130000000001 0.24129499999999998 0.6586960000000001
1 0.666783 0.446739 0.666783 0.45543500000000003 0.666086 0.456522 0.666086 0.46195700000000006 0.665042 0.471739 0.66539 0.483696 0.663997 0.48804299999999995 0.664345 0.49347799999999997 0.662604 0.49891300000000005 0.660864 0.497826 0.660515 0.503261 0.6633009999999999 0.511957 0.664694 0.509783 0.6709609999999999 0.5108699999999999 0.671657 0.507609 0.674443 0.507609 0.677228 0.5108699999999999 0.679666 0.5108699999999999 0.68071 0.506522 0.679666 0.504348 0.6793180000000001 0.49891300000000005 0.6786209999999999 0.497826 0.677925 0.501087 0.6768799999999999 0.501087 0.6751389999999999 0.494565 0.674095 0.475 0.674095 0.46195700000000006 0.672702 0.457609 0.67305 0.448913 0.672006 0.446739 0.672006 0.430435 0.671309 0.430435 0.670613 0.42717400000000005 0.6692199999999999 0.43260899999999997 0.668524 0.42934799999999995 0.6674789999999999 0.42934799999999995 0.666435 0.43260899999999997 0.666783 0.444565 0.666086 0.44565200000000005 0.666783 0.446739
1 0.913301 0.358696 0.911908 0.354348 0.91156 0.336957 0.9112120000000001 0.334783 0.9094709999999999 0.334783 0.9094709999999999 0.342391 0.908774 0.344565 0.9077299999999999 0.357609 0.913301 0.358696