3 0.11281300000000001 0.846739 0.14415 0.846739 0.14415 0.8423909999999999 0.139972 0.806522 0.131616 0.7206520000000001 0.12325900000000001 0.719565 0.12151799999999999 0.7260869999999999 0.11942900000000001 0.741304 0.11281300000000001 0.834783 0.11281300000000001 0.846739
3 0.366992 0.51413 0.36594699999999997 0.527174 0.362465 0.528261 0.361769 0.540217 0.381964 0.53913 0.381964 0.5293479999999999 0.379178 0.526087 0.378482 0.521739 0.377089 0.48586999999999997 0.375348 0.478261 0.37360699999999997 0.456522 0.370125 0.456522 0.369429 0.46087 0.369081 0.475 0.367688 0.490217 0.366992 0.51413
3 0.419916 0.45108699999999996 0.431407 0.45108699999999996 0.431407 0.444565 0.430014 0.443478 0.42931800000000003 0.43913 0.42896900000000004 0.42717400000000005 0.42688 0.39891299999999996 0.424443 0.39891299999999996 0.422006 0.441304 0.42130900000000004 0.443478 0.419916 0.443478 0.419916 0.45108699999999996
3 0.44603099999999996 0.40217400000000003 0.44463800000000003 0.404348 0.44463800000000003 0.406522 0.452994 0.406522 0.452994 0.403261 0.451602 0.4 0.45020899999999997 0.372826 0.44951299999999994 0.36956500000000003 0.448468 0.36956500000000003 0.44812 0.378261 0.447423 0.38043499999999997 0.446727 0.397826 0.44603099999999996 0.40217400000000003
3 0.507312 0.383696 0.513928 0.383696 0.5121870000000001 0.372826 0.51149 0.355435 0.509749 0.355435 0.509053 0.375 0.508357 0.379348 0.507312 0.38152200000000003 0.507312 0.383696
3 0.5821729999999999 0.36847799999999997 0.5821729999999999 0.371739 0.587744 0.371739 0.587744 0.36956500000000003 0.587047 0.36956500000000003 0.586351 0.366304 0.585655 0.34565199999999996 0.5842620000000001 0.34565199999999996 0.583914 0.36086999999999997 0.583217 0.363043 0.583217 0.36739099999999997 0.5821729999999999 0.36847799999999997
3 0.678969 0.363043 0.684192 0.363043 0.684192 0.36086999999999997 0.683148 0.359783 0.682103 0.35 0.682103 0.33913000000000004 0.68071 0.33913000000000004 0.6810579999999999 0.34565199999999996 0.6803619999999999 0.348913 0.679666 0.36086999999999997 0.678969 0.363043
3 0.798747 0.359783 0.798747 0.357609 0.797006 0.356522 0.796309 0.336957 0.795265 0.33587 0.794568 0.343478 0.794568 0.353261 0.7924789999999999 0.359783 0.798747 0.359783
3 0.9418519999999999 0.359783 0.9404600000000001 0.359783 0.9397629999999999 0.357609 0.9387190000000001 0.344565 0.9387190000000001 0.33587 0.937326 0.33587 0.9362809999999999 0.359783 0.9348890000000001 0.361957 0.9418519999999999 0.361957 0.9418519999999999 0.359783
1 0.682103 0.517391 0.682103 0.5195649999999999 0.6803619999999999 0.520652 0.680014 0.5239130000000001 0.68071 0.526087 0.684192 0.5293479999999999 0.7040390000000001 0.5293479999999999 0.704387 0.525 0.702646 0.521739 0.702646 0.518478 0.70195 0.516304 0.6998610000000001 0.516304 0.698468 0.5108699999999999 0.6946380000000001 0.44565200000000005 0.689763 0.444565 0.6869780000000001 0.502174 0.685933 0.51413 0.685237 0.516304 0.682103 0.517391
1 0.633008 0.444565 0.633008 0.43913 0.630571 0.43478300000000003 0.6277860000000001 0.392391 0.625 0.392391 0.622911 0.43478300000000003 0.620822 0.43804299999999996 0.620474 0.443478 0.633008 0.444565
1 0.61734 0.403261 0.616992 0.406522 0.623955 0.406522 0.623607 0.36739099999999997 0.62117 0.36739099999999997 0.619429 0.39891299999999996 0.618733 0.40217400000000003 0.61734 0.403261
1 0.735376 0.376087 0.742688 0.376087 0.742688 0.372826 0.741992 0.372826 0.740947 0.36956500000000003 0.7395539999999999 0.347826 0.7378129999999999 0.348913 0.736421 0.370652 0.735376 0.373913 0.735376 0.376087
1 0.8461000000000001 0.36413 0.844708 0.34565199999999996 0.8436629999999999 0.34565199999999996 0.8422700000000001 0.365217 0.8408770000000001 0.372826 0.848189 0.372826 0.8461000000000001 0.36413
1 0.651811 0.38587 0.659471 0.38587 0.659471 0.383696 0.6580779999999999 0.38152200000000003 0.657033 0.377174 0.65773 0.375 0.656685 0.36739099999999997 0.656337 0.356522 0.654248 0.356522 0.653203 0.366304 0.652855 0.378261 0.651811 0.38260900000000003 0.651811 0.38587