3 0.8889279999999999 0.384783 0.887535 0.379348 0.8861420000000001 0.352174 0.884053 0.35108700000000004 0.881964 0.376087 0.879875 0.38260900000000003 0.879875 0.384783 0.8889279999999999 0.384783
1 0.920613 0.41413 0.923398 0.41630399999999995 0.9317550000000001 0.415217 0.9300140000000001 0.40108699999999997 0.929318 0.378261 0.928621 0.375 0.9261839999999999 0.375 0.923398 0.404348 0.922006 0.41086999999999996 0.920613 0.411957 0.920613 0.41413
1 0.793872 0.383696 0.792131 0.388043 0.792131 0.393478 0.8015319999999999 0.393478 0.8015319999999999 0.390217 0.8004870000000001 0.388043 0.799791 0.358696 0.798747 0.35108700000000004 0.797006 0.35108700000000004 0.796309 0.353261 0.7942199999999999 0.373913 0.793872 0.383696
1 0.678969 0.373913 0.676532 0.379348 0.676532 0.38260900000000003 0.6869780000000001 0.38260900000000003 0.685933 0.378261 0.685237 0.36847799999999997 0.684889 0.341304 0.684192 0.338043 0.682103 0.338043 0.681407 0.341304 0.68071 0.355435 0.678969 0.373913
1 0.587744 0.391304 0.588092 0.390217 0.586003 0.384783 0.5842620000000001 0.340217 0.583914 0.338043 0.581476 0.338043 0.578343 0.379348 0.575905 0.386957 0.575905 0.391304 0.587744 0.391304
1 0.500348 0.38043499999999997 0.49965200000000004 0.38260900000000003 0.49965200000000004 0.388043 0.49791100000000005 0.40217400000000003 0.496866 0.417391 0.495822 0.420652 0.494081 0.421739 0.49373300000000003 0.42717400000000005 0.494777 0.42934799999999995 0.49860699999999997 0.431522 0.509401 0.431522 0.5104460000000001 0.42934799999999995 0.5104460000000001 0.42391300000000004 0.508357 0.421739 0.507312 0.41413 0.506267 0.394565 0.505571 0.36086999999999997 0.504875 0.357609 0.502089 0.357609 0.501393 0.358696 0.501045 0.36847799999999997 0.500348 0.372826 0.500348 0.38043499999999997
1 0.456128 0.511957 0.454387 0.5239130000000001 0.451253 0.526087 0.451253 0.540217 0.452298 0.545652 0.454387 0.55 0.47841199999999995 0.548913 0.47841199999999995 0.5423910000000001 0.47771600000000003 0.53913 0.47736799999999996 0.530435 0.47597500000000004 0.527174 0.472841 0.525 0.472145 0.522826 0.471448 0.49565200000000004 0.46970799999999996 0.467391 0.469359 0.446739 0.46831500000000004 0.431522 0.467618 0.42934799999999995 0.463788 0.42934799999999995 0.46239600000000003 0.43587 0.461003 0.448913 0.460306 0.465217 0.456128 0.511957
1 0.607591 0.8141299999999999 0.6055010000000001 0.833696 0.6051529999999999 0.845652 0.633357 0.845652 0.633008 0.827174 0.631964 0.8141299999999999 0.631616 0.784783 0.630571 0.767391 0.629875 0.7304350000000001 0.62883 0.708696 0.628134 0.705435 0.625348 0.701087 0.617688 0.701087 0.615947 0.709783 0.614206 0.7369570000000001 0.61351 0.740217 0.607591 0.8141299999999999
3 0.729805 0.357609 0.738858 0.358696 0.737465 0.353261 0.736421 0.341304 0.736421 0.32717399999999996 0.735724 0.325 0.733983 0.325 0.7322420000000001 0.348913 0.73085 0.354348 0.729805 0.355435 0.729805 0.357609
3 0.588092 0.342391 0.588092 0.344565 0.596797 0.344565 0.595056 0.333696 0.5943590000000001 0.30978300000000003 0.594011 0.307609 0.59227 0.307609 0.590529 0.325 0.590529 0.33260900000000004 0.5898329999999999 0.33913000000000004 0.588092 0.342391
3 0.454387 0.34565199999999996 0.455084 0.341304 0.45369099999999996 0.341304 0.452646 0.334783 0.451602 0.3 0.44951299999999994 0.3 0.447423 0.320652 0.447075 0.334783 0.44428999999999996 0.343478 0.454387 0.34565199999999996
3 0.298747 0.35108700000000004 0.29805000000000004 0.36086999999999997 0.296657 0.365217 0.294916 0.366304 0.29422000000000004 0.36847799999999997 0.29422000000000004 0.371739 0.295613 0.373913 0.298747 0.373913 0.300836 0.376087 0.307103 0.376087 0.30954000000000004 0.371739 0.30954000000000004 0.36739099999999997 0.306755 0.365217 0.304666 0.32717399999999996 0.304666 0.317391 0.30362100000000003 0.31087 0.301184 0.31087 0.300487 0.326087 0.299443 0.330435 0.298747 0.33913000000000004 0.298747 0.35108700000000004
3 0.108635 0.45108699999999996 0.10341199999999999 0.456522 0.10341199999999999 0.463043 0.100627 0.46630399999999994 0.102716 0.470652 0.10793900000000001 0.47282599999999997 0.12291099999999999 0.47282599999999997 0.125 0.46956499999999995 0.132312 0.465217 0.13266 0.46413000000000004 0.130919 0.459783 0.12987500000000002 0.453261 0.12604500000000002 0.452174 0.125 0.44782599999999995 0.124304 0.422826 0.123607 0.418478 0.122563 0.396739 0.121866 0.393478 0.12117 0.377174 0.119777 0.363043 0.114903 0.363043 0.114206 0.365217 0.112117 0.4 0.109331 0.42934799999999995 0.108635 0.45108699999999996
0 0.055362 0.379348 0.053273 0.379348 0.052228 0.38152200000000003 0.052925 0.388043 0.054318 0.391304 0.058496000000000006 0.391304 0.059889000000000005 0.393478 0.075905 0.392391 0.075905 0.390217 0.074513 0.386957 0.073816 0.38152200000000003 0.070682 0.379348 0.069986 0.377174 0.069638 0.361957 0.067897 0.342391 0.067201 0.320652 0.066156 0.31087 0.06163 0.30978300000000003 0.058148 0.361957 0.057450999999999995 0.36413 0.056407 0.376087 0.055362 0.379348