1 0.38022300000000003 0.604348 0.38022300000000003 0.6195649999999999 0.383357 0.628261 0.387187 0.632609 0.40424800000000005 0.632609 0.410515 0.6304350000000001 0.412256 0.627174 0.41364900000000004 0.620652 0.41364900000000004 0.6054350000000001 0.412256 0.602174 0.40773000000000004 0.597826 0.40773000000000004 0.5913039999999999 0.40668499999999996 0.583696 0.40668499999999996 0.572826 0.40529200000000004 0.561957 0.404596 0.543478 0.403552 0.531522 0.403203 0.511957 0.40181100000000003 0.494565 0.40181100000000003 0.483696 0.401462 0.48043500000000006 0.39449900000000004 0.48043500000000006 0.38649 0.5956520000000001 0.385446 0.598913 0.38266 0.6 0.38022300000000003 0.604348
2 0.279596 0.430435 0.27890000000000004 0.43478300000000003 0.277507 0.43804299999999996 0.277507 0.441304 0.28098900000000004 0.44782599999999995 0.307799 0.44782599999999995 0.307799 0.444565 0.307103 0.44239100000000003 0.30362100000000003 0.43695700000000004 0.30362100000000003 0.431522 0.30188000000000004 0.428261 0.300836 0.422826 0.299443 0.388043 0.298398 0.38260900000000003 0.297702 0.353261 0.296309 0.32717399999999996 0.295265 0.317391 0.295265 0.307609 0.29039000000000004 0.306522 0.283426 0.418478 0.282382 0.42717400000000005 0.281685 0.42934799999999995 0.279596 0.430435
1 0.22562700000000002 0.342391 0.22736800000000001 0.34565199999999996 0.239554 0.34565199999999996 0.23885800000000001 0.33913000000000004 0.23711700000000002 0.338043 0.236072 0.334783 0.236072 0.326087 0.23502800000000001 0.31630400000000003 0.233983 0.290217 0.230153 0.290217 0.228412 0.330435 0.227019 0.336957 0.22562700000000002 0.338043 0.22562700000000002 0.342391
1 0.219359 0.31413 0.219359 0.31087 0.217618 0.307609 0.216922 0.298913 0.216922 0.283696 0.21622599999999997 0.280435 0.215877 0.268478 0.212744 0.268478 0.211003 0.302174 0.20856499999999997 0.30869599999999997 0.20856499999999997 0.313043 0.219359 0.31413
1 0.169568 0.290217 0.169568 0.28586999999999996 0.167827 0.284783 0.167827 0.276087 0.166435 0.253261 0.163301 0.252174 0.161908 0.282609 0.160167 0.28586999999999996 0.160167 0.290217 0.169568 0.290217
1 0.082173 0.268478 0.09226999999999999 0.269565 0.09226999999999999 0.267391 0.090181 0.263043 0.08948500000000001 0.25760900000000003 0.08843999999999999 0.23586999999999997 0.085306 0.23478300000000002 0.08460999999999999 0.25760900000000003 0.083565 0.261957 0.082173 0.26413000000000003 0.082173 0.268478
1 0.927577 0.38043499999999997 0.927577 0.384783 0.935933 0.384783 0.935933 0.38152200000000003 0.934192 0.377174 0.9331480000000001 0.352174 0.930362 0.35108700000000004 0.930362 0.357609 0.9296659999999999 0.359783 0.928621 0.377174 0.927577 0.38043499999999997
1 0.275766 0.407609 0.274373 0.41956499999999997 0.271588 0.421739 0.271588 0.43260899999999997 0.278552 0.433696 0.279596 0.42934799999999995 0.281685 0.428261 0.282382 0.425 0.28481900000000004 0.391304 0.28481900000000004 0.371739 0.283774 0.352174 0.279596 0.352174 0.278203 0.38043499999999997 0.276462 0.395652 0.275766 0.407609
2 0.266713 0.409783 0.26532 0.41630399999999995 0.26532 0.422826 0.266365 0.425 0.27124000000000004 0.425 0.271588 0.420652 0.274025 0.41956499999999997 0.277855 0.38043499999999997 0.27890000000000004 0.354348 0.279596 0.35108700000000004 0.283426 0.35108700000000004 0.283426 0.344565 0.281337 0.320652 0.279944 0.29565199999999997 0.275418 0.29565199999999997 0.268802 0.40543500000000005 0.268106 0.40869600000000006 0.266713 0.409783
1 0.901114 0.359783 0.9004179999999999 0.359783 0.8997210000000001 0.355435 0.899373 0.343478 0.898677 0.33913000000000004 0.897284 0.33913000000000004 0.8948470000000001 0.361957 0.8948470000000001 0.366304 0.901811 0.36739099999999997 0.901114 0.359783
1 0.070334 0.225 0.076602 0.225 0.076602 0.22282600000000002 0.075209 0.220652 0.074513 0.20434800000000003 0.072423 0.20434800000000003 0.072423 0.21413000000000001 0.071379 0.220652 0.070334 0.22282600000000002 0.070334 0.225
1 0.136838 0.22934800000000002 0.142061 0.22934800000000002 0.140669 0.225 0.14032 0.21086999999999997 0.138231 0.21086999999999997 0.138231 0.218478 0.13753500000000002 0.225 0.136838 0.226087 0.136838 0.22934800000000002
1 0.889972 0.356522 0.888579 0.35108700000000004 0.887535 0.33913000000000004 0.887535 0.33260900000000004 0.885446 0.33260900000000004 0.885097 0.35108700000000004 0.883357 0.354348 0.883357 0.356522 0.889972 0.356522
1 0.8889279999999999 0.35108700000000004 0.89032 0.35108700000000004 0.888579 0.340217 0.888579 0.32717399999999996 0.886838 0.32717399999999996 0.88649 0.331522 0.8878830000000001 0.33260900000000004 0.8878830000000001 0.33913000000000004 0.8889279999999999 0.35108700000000004
1 0.895543 0.325 0.89415 0.325 0.893802 0.338043 0.892061 0.344565 0.896588 0.344565 0.895543 0.325
1 0.928621 0.348913 0.928621 0.34565199999999996 0.927577 0.342391 0.92688 0.32717399999999996 0.9247909999999999 0.32717399999999996 0.9247909999999999 0.33587 0.923747 0.342391 0.923747 0.348913 0.928621 0.348913
3 0.058496000000000006 0.21413000000000001 0.058496000000000006 0.216304 0.063719 0.216304 0.061978 0.198913 0.060585 0.198913 0.060585 0.202174 0.05954 0.206522 0.05954 0.211957 0.058496000000000006 0.21413000000000001
3 0.109331 0.21739099999999997 0.108635 0.203261 0.10724199999999999 0.203261 0.10619799999999999 0.208696 0.105501 0.220652 0.11002799999999999 0.220652 0.109331 0.21739099999999997