1 0.638928 0.743478 0.635794 0.7695649999999999 0.632312 0.8119569999999999 0.629875 0.832609 0.629178 0.834783 0.623955 0.8380430000000001 0.62117 0.844565 0.62117 0.846739 0.660864 0.846739 0.660515 0.826087 0.659471 0.8119569999999999 0.659123 0.76413 0.657033 0.7369570000000001 0.655989 0.675 0.653552 0.669565 0.645195 0.670652 0.64415 0.684783 0.641365 0.706522 0.638928 0.743478
1 0.393802 0.545652 0.39032 0.5478259999999999 0.389276 0.551087 0.389276 0.56087 0.393454 0.569565 0.399721 0.576087 0.418524 0.573913 0.421657 0.571739 0.422006 0.5663039999999999 0.418872 0.563043 0.41608599999999996 0.551087 0.41260399999999997 0.545652 0.410864 0.508696 0.410864 0.494565 0.41016700000000006 0.48913 0.409819 0.475 0.409123 0.468478 0.409123 0.45543500000000003 0.40842599999999996 0.44782599999999995 0.40773000000000004 0.444565 0.402159 0.444565 0.400418 0.459783 0.397284 0.5130429999999999 0.39449900000000004 0.5423910000000001 0.393802 0.545652
1 0.266713 0.409783 0.26566900000000004 0.428261 0.262187 0.430435 0.26149 0.433696 0.26149 0.441304 0.262883 0.444565 0.266713 0.446739 0.285167 0.44565200000000005 0.285515 0.441304 0.283426 0.44021699999999997 0.282382 0.433696 0.280292 0.431522 0.27890000000000004 0.425 0.278203 0.404348 0.27681100000000003 0.390217 0.27681100000000003 0.371739 0.275418 0.356522 0.27298100000000003 0.355435 0.27124000000000004 0.358696 0.269847 0.36739099999999997 0.268454 0.393478 0.266713 0.409783
1 0.069638 0.326087 0.06928999999999999 0.334783 0.068245 0.33913000000000004 0.065808 0.340217 0.06545999999999999 0.348913 0.069986 0.352174 0.081476 0.352174 0.084958 0.348913 0.083914 0.344565 0.083914 0.341304 0.081128 0.33913000000000004 0.080084 0.334783 0.079735 0.31630400000000003 0.077646 0.28586999999999996 0.07694999999999999 0.283696 0.072772 0.283696 0.072075 0.301087 0.071031 0.306522 0.070682 0.318478 0.069638 0.326087
1 0.9073819999999999 0.386957 0.9146940000000001 0.386957 0.9146940000000001 0.384783 0.913301 0.38260900000000003 0.913301 0.371739 0.912256 0.357609 0.9108639999999999 0.357609 0.909819 0.363043 0.908774 0.38043499999999997 0.9073819999999999 0.383696 0.9073819999999999 0.386957
1 0.885794 0.363043 0.885794 0.348913 0.885446 0.346739 0.883705 0.346739 0.8826599999999999 0.36739099999999997 0.881267 0.371739 0.887535 0.371739 0.885794 0.363043
1 0.87883 0.36086999999999997 0.8777860000000001 0.352174 0.8777860000000001 0.341304 0.877089 0.338043 0.876393 0.338043 0.875348 0.342391 0.875 0.353261 0.873607 0.359783 0.87883 0.36086999999999997
1 0.854109 0.343478 0.853412 0.331522 0.852716 0.331522 0.852019 0.342391 0.850627 0.352174 0.8551529999999999 0.352174 0.854109 0.343478
3 0.8708220000000001 0.33587 0.870125 0.330435 0.8690810000000001 0.330435 0.866992 0.347826 0.871866 0.347826 0.8708220000000001 0.343478 0.8708220000000001 0.33587
3 0.791086 0.31630400000000003 0.79039 0.313043 0.788997 0.31413 0.787604 0.32934800000000003 0.791783 0.32934800000000003 0.791086 0.31630400000000003
1 0.7865599999999999 0.331522 0.786212 0.317391 0.785864 0.31521699999999997 0.7848189999999999 0.31521699999999997 0.784123 0.32717399999999996 0.78273 0.334783 0.787604 0.334783 0.7865599999999999 0.331522
1 0.72493 0.31521699999999997 0.7245820000000001 0.303261 0.723538 0.303261 0.723189 0.311957 0.721797 0.321739 0.725975 0.321739 0.72493 0.31521699999999997
3 0.749652 0.304348 0.748259 0.304348 0.747563 0.318478 0.746866 0.320652 0.750696 0.320652 0.749652 0.304348
3 0.717618 0.29782600000000004 0.716226 0.31413 0.720056 0.31413 0.719011 0.298913 0.717618 0.29782600000000004
3 0.693245 0.306522 0.692549 0.302174 0.692549 0.296739 0.691504 0.291304 0.690808 0.29239099999999996 0.690111 0.301087 0.689067 0.306522 0.693245 0.306522
1 0.683844 0.304348 0.683496 0.293478 0.682103 0.293478 0.681755 0.303261 0.6803619999999999 0.311957 0.684889 0.311957 0.683844 0.304348
1 0.6431060000000001 0.302174 0.642409 0.296739 0.642061 0.283696 0.641017 0.284783 0.64032 0.298913 0.638928 0.302174 0.6431060000000001 0.302174
1 0.611072 0.277174 0.610028 0.288043 0.608983 0.29239099999999996 0.612465 0.29239099999999996 0.611072 0.277174
3 0.668524 0.28586999999999996 0.6674789999999999 0.28586999999999996 0.667131 0.293478 0.666086 0.298913 0.669568 0.298913 0.668524 0.28586999999999996
3 0.6525070000000001 0.281522 0.651462 0.281522 0.650766 0.29239099999999996 0.65007 0.294565 0.653552 0.294565 0.6525070000000001 0.281522