1 0.690111 0.656522 0.6880219999999999 0.6630429999999999 0.685933 0.66413 0.685933 0.6673910000000001 0.691156 0.6836960000000001 0.692549 0.684783 0.7224929999999999 0.684783 0.723189 0.6836960000000001 0.723189 0.679348 0.720752 0.675 0.720404 0.66413 0.719011 0.659783 0.717967 0.659783 0.71727 0.657609 0.714136 0.656522 0.714136 0.65 0.713092 0.641304 0.713092 0.625 0.708565 0.544565 0.70195 0.544565 0.696727 0.615217 0.695334 0.646739 0.693593 0.656522 0.690111 0.656522
1 0.8655989999999999 0.43695700000000004 0.865251 0.454348 0.864206 0.46413000000000004 0.861769 0.465217 0.861769 0.470652 0.863162 0.47282599999999997 0.8756959999999999 0.47282599999999997 0.8756959999999999 0.468478 0.8725630000000001 0.467391 0.8725630000000001 0.45869600000000005 0.8743040000000001 0.456522 0.8743040000000001 0.44565200000000005 0.8722139999999999 0.44565200000000005 0.87117 0.44021699999999997 0.8708220000000001 0.430435 0.870125 0.428261 0.870125 0.417391 0.867688 0.417391 0.867688 0.422826 0.866643 0.42717400000000005 0.866295 0.43478300000000003 0.8655989999999999 0.43695700000000004
3 0.942897 0.417391 0.942897 0.41413 0.9404600000000001 0.41304299999999994 0.9404600000000001 0.40108699999999997 0.939415 0.395652 0.939067 0.38152200000000003 0.9369780000000001 0.38260900000000003 0.9348890000000001 0.41086999999999996 0.9331480000000001 0.41413 0.9331480000000001 0.417391 0.942897 0.417391
0 0.9129530000000001 0.353261 0.912256 0.338043 0.9112120000000001 0.338043 0.9112120000000001 0.343478 0.9101670000000001 0.347826 0.9101670000000001 0.353261 0.9129530000000001 0.353261
3 0.864903 0.390217 0.8638579999999999 0.390217 0.8638579999999999 0.393478 0.87117 0.393478 0.87117 0.390217 0.8690810000000001 0.38913000000000003 0.868384 0.366304 0.866643 0.366304 0.866643 0.38043499999999997 0.8655989999999999 0.383696 0.8655989999999999 0.388043 0.864903 0.390217
3 0.8325210000000001 0.373913 0.831128 0.36739099999999997 0.831128 0.357609 0.829387 0.357609 0.8290390000000001 0.370652 0.8272980000000001 0.38152200000000003 0.833217 0.38152200000000003 0.8325210000000001 0.373913
1 0.797702 0.431522 0.796309 0.431522 0.796309 0.43478300000000003 0.807103 0.43587 0.807103 0.431522 0.8046659999999999 0.430435 0.8046659999999999 0.41630399999999995 0.803969 0.411957 0.803969 0.403261 0.8032730000000001 0.40108699999999997 0.8032730000000001 0.392391 0.800836 0.392391 0.8004870000000001 0.406522 0.799095 0.41086999999999996 0.799095 0.42391300000000004 0.797702 0.431522
3 0.767061 0.363043 0.767061 0.35108700000000004 0.76532 0.35108700000000004 0.76532 0.363043 0.763928 0.371739 0.768454 0.371739 0.767061 0.363043
1 0.7301529999999999 0.4 0.7287600000000001 0.40543500000000005 0.727716 0.406522 0.727716 0.40869600000000006 0.735376 0.40869600000000006 0.733635 0.403261 0.732939 0.376087 0.731198 0.377174 0.731198 0.38152200000000003 0.7301529999999999 0.388043 0.7301529999999999 0.4
3 0.7040390000000001 0.365217 0.702994 0.366304 0.702994 0.36847799999999997 0.707869 0.36847799999999997 0.706476 0.361957 0.7057800000000001 0.347826 0.704735 0.348913 0.704735 0.357609 0.7040390000000001 0.36086999999999997 0.7040390000000001 0.365217
3 0.638231 0.36739099999999997 0.638231 0.365217 0.636838 0.363043 0.63649 0.347826 0.635097 0.347826 0.634749 0.361957 0.633357 0.365217 0.633357 0.36739099999999997 0.638231 0.36739099999999997
3 0.5731200000000001 0.36956500000000003 0.577994 0.36956500000000003 0.57695 0.366304 0.575905 0.348913 0.575209 0.348913 0.574164 0.357609 0.574164 0.366304 0.5731200000000001 0.36739099999999997 0.5731200000000001 0.36956500000000003
1 0.559192 0.384783 0.5654600000000001 0.384783 0.564067 0.38260900000000003 0.5637190000000001 0.366304 0.5630219999999999 0.365217 0.5630219999999999 0.358696 0.56163 0.358696 0.560933 0.36739099999999997 0.5612809999999999 0.375 0.560237 0.38260900000000003 0.559192 0.384783
1 0.4711 0.53587 0.46901099999999996 0.53587 0.46726999999999996 0.5423910000000001 0.465181 0.544565 0.465181 0.5478259999999999 0.46831500000000004 0.548913 0.473886 0.554348 0.48328699999999997 0.554348 0.491643 0.548913 0.491643 0.545652 0.488858 0.543478 0.489206 0.5380429999999999 0.487117 0.534783 0.485724 0.534783 0.48502799999999996 0.531522 0.481198 0.46195700000000006 0.477019 0.46195700000000006 0.47492999999999996 0.48586999999999997 0.47423400000000004 0.506522 0.471797 0.5336960000000001 0.4711 0.53587
3 0.5104460000000001 0.36739099999999997 0.509053 0.363043 0.508705 0.348913 0.50766 0.348913 0.506616 0.36413 0.505571 0.365217 0.505571 0.36739099999999997 0.5104460000000001 0.36739099999999997
1 0.452298 0.38913000000000003 0.452298 0.392391 0.45891400000000004 0.392391 0.45891400000000004 0.38913000000000003 0.457521 0.388043 0.457521 0.38043499999999997 0.456825 0.378261 0.456128 0.36413 0.454735 0.36413 0.454387 0.378261 0.45369099999999996 0.38152200000000003 0.45369099999999996 0.38587 0.452298 0.38913000000000003
3 0.41713100000000003 0.375 0.41713100000000003 0.377174 0.42305000000000004 0.377174 0.421657 0.36956500000000003 0.420961 0.354348 0.41956800000000005 0.354348 0.41922 0.36739099999999997 0.418524 0.36847799999999997 0.418524 0.373913 0.41713100000000003 0.375
1 0.34401099999999996 0.453261 0.34401099999999996 0.45543500000000003 0.344708 0.456522 0.34435899999999997 0.47391300000000003 0.341574 0.479348 0.339833 0.48043500000000006 0.339485 0.483696 0.357242 0.483696 0.354805 0.47391300000000003 0.353412 0.47282599999999997 0.35201899999999997 0.443478 0.350975 0.43804299999999996 0.350627 0.420652 0.347145 0.41956499999999997 0.346797 0.43695700000000004 0.345404 0.441304 0.345404 0.44782599999999995 0.34401099999999996 0.453261
1 0.367688 0.407609 0.36734 0.41086999999999996 0.375696 0.41086999999999996 0.375696 0.40869600000000006 0.373955 0.404348 0.37360699999999997 0.388043 0.37256300000000003 0.375 0.370822 0.375 0.370125 0.388043 0.369429 0.390217 0.369081 0.40543500000000005 0.367688 0.407609
3 0.367688 0.38260900000000003 0.367688 0.377174 0.366643 0.372826 0.366643 0.357609 0.364554 0.357609 0.36351 0.378261 0.362465 0.38043499999999997 0.362465 0.38260900000000003 0.367688 0.38260900000000003
1 0.308148 0.433696 0.308148 0.43695700000000004 0.319638 0.43695700000000004 0.319638 0.43478300000000003 0.317201 0.430435 0.315808 0.40869600000000006 0.31511100000000003 0.40543500000000005 0.31511100000000003 0.395652 0.314415 0.394565 0.314415 0.392391 0.312326 0.392391 0.311978 0.404348 0.31128100000000003 0.406522 0.310585 0.431522 0.308148 0.433696
3 0.28830100000000003 0.392391 0.28830100000000003 0.394565 0.295613 0.394565 0.295613 0.392391 0.293872 0.390217 0.292827 0.365217 0.290738 0.365217 0.290738 0.371739 0.289694 0.38152200000000003 0.289694 0.391304 0.28830100000000003 0.392391
3 0.20195 0.41413 0.201253 0.41413 0.201253 0.41956499999999997 0.209958 0.41956499999999997 0.21065499999999998 0.417391 0.21065499999999998 0.41413 0.208914 0.41304299999999994 0.208914 0.404348 0.207521 0.40217400000000003 0.20682499999999998 0.38152200000000003 0.20473499999999997 0.38152200000000003 0.204387 0.388043 0.203691 0.390217 0.20299399999999998 0.41086999999999996 0.20195 0.41413
3 0.083914 0.58587 0.083217 0.606522 0.077646 0.68587 0.072075 0.686957 0.071379 0.68913 0.071379 0.698913 0.06928999999999999 0.706522 0.09226999999999999 0.704348 0.10515300000000001 0.697826 0.108287 0.697826 0.11281300000000001 0.682609 0.11281300000000001 0.677174 0.11176900000000001 0.677174 0.110724 0.6728259999999999 0.10793900000000001 0.669565 0.104457 0.669565 0.10376 0.6673910000000001 0.102019 0.643478 0.098538 0.613043 0.094708 0.555435 0.088788 0.554348 0.086003 0.557609 0.085306 0.573913 0.083914 0.58587
3 0.062326000000000006 0.540217 0.060933 0.563043 0.057103 0.56413 0.056755 0.576087 0.071379 0.575 0.083217 0.568478 0.083217 0.5586960000000001 0.079387 0.5586960000000001 0.078691 0.555435 0.07694999999999999 0.527174 0.075905 0.5239130000000001 0.074513 0.508696 0.074513 0.5 0.072772 0.484783 0.072772 0.47717400000000004 0.067549 0.478261 0.066156 0.492391 0.064415 0.528261 0.062326000000000006 0.540217
3 0.10132300000000001 0.448913 0.100627 0.454348 0.11385799999999999 0.454348 0.11385799999999999 0.45 0.11176900000000001 0.446739 0.110724 0.42934799999999995 0.11002799999999999 0.42717400000000005 0.10968 0.407609 0.109331 0.40543500000000005 0.10619799999999999 0.40543500000000005 0.10410900000000001 0.441304 0.10341199999999999 0.443478 0.10341199999999999 0.446739 0.10132300000000001 0.448913
3 0.11734 0.384783 0.11525099999999999 0.375 0.114903 0.36413 0.11351 0.36413 0.11281300000000001 0.38043499999999997 0.11142099999999999 0.38260900000000003 0.11142099999999999 0.384783 0.11734 0.384783
3 0.089833 0.38913000000000003 0.089136 0.371739 0.087047 0.371739 0.086351 0.386957 0.084958 0.394565 0.091922 0.394565 0.089833 0.38913000000000003
3 0.082173 0.38152200000000003 0.08077999999999999 0.376087 0.080084 0.36413 0.078691 0.363043 0.077994 0.365217 0.077646 0.379348 0.076253 0.38152200000000003 0.082173 0.38152200000000003
1 0.7270190000000001 0.379348 0.727368 0.38913000000000003 0.725627 0.391304 0.729457 0.391304 0.729457 0.386957 0.7305010000000001 0.38043499999999997 0.7305010000000001 0.376087 0.729805 0.375 0.729805 0.365217 0.7287600000000001 0.365217 0.728064 0.36847799999999997 0.728064 0.375 0.7270190000000001 0.379348
3 0.052228 0.484783 0.051532 0.48695700000000003 0.049443 0.48695700000000003 0.049095 0.494565 0.06545999999999999 0.49347799999999997 0.066156 0.484783 0.064067 0.484783 0.06337000000000001 0.48043500000000006 0.061978 0.457609 0.061280999999999995 0.456522 0.060933 0.43478300000000003 0.059889000000000005 0.42934799999999995 0.056407 0.42934799999999995 0.054666000000000006 0.448913 0.054666000000000006 0.465217 0.053620999999999995 0.46956499999999995 0.052228 0.484783
0 0.873259 0.334783 0.8725630000000001 0.347826 0.875 0.347826 0.874652 0.33587 0.873259 0.334783
0 0.25626699999999997 0.341304 0.25626699999999997 0.353261 0.258705 0.353261 0.258008 0.341304 0.25626699999999997 0.341304
0 0.275418 0.341304 0.274373 0.35108700000000004 0.27681100000000003 0.352174 0.276462 0.343478 0.275418 0.341304
0 0.23851 0.34565199999999996 0.23816199999999998 0.340217 0.23746499999999998 0.340217 0.236769 0.35108700000000004 0.23920599999999997 0.35108700000000004 0.23920599999999997 0.346739 0.23851 0.34565199999999996
0 0.10027900000000001 0.344565 0.10027900000000001 0.356522 0.10236799999999999 0.356522 0.10132300000000001 0.344565 0.10027900000000001 0.344565
0 0.073816 0.359783 0.073816 0.35 0.07311999999999999 0.346739 0.072772 0.35 0.071727 0.352174 0.071727 0.359783 0.073816 0.359783
0 0.048747 0.342391 0.048747 0.354348 0.049791 0.354348 0.049095 0.35108700000000004 0.048747 0.342391