1 0.613858 0.444565 0.612465 0.468478 0.611769 0.47282599999999997 0.60968 0.47717400000000004 0.60968 0.48043500000000006 0.621866 0.479348 0.621866 0.47391300000000003 0.620125 0.47391300000000003 0.618384 0.467391 0.617688 0.45 0.618036 0.43804299999999996 0.617688 0.430435 0.616643 0.42717400000000005 0.615599 0.42717400000000005 0.6145539999999999 0.430435 0.6145539999999999 0.441304 0.613858 0.444565
1 0.773329 0.46956499999999995 0.78273 0.46956499999999995 0.783426 0.468478 0.783426 0.465217 0.78273 0.465217 0.781337 0.46087 0.779944 0.428261 0.7788999999999999 0.425 0.777855 0.425 0.776114 0.43260899999999997 0.7754179999999999 0.456522 0.772284 0.46630399999999994 0.773329 0.46956499999999995
1 0.693593 0.444565 0.702994 0.44565200000000005 0.702646 0.441304 0.700557 0.43587 0.6998610000000001 0.41413 0.698816 0.41086999999999996 0.697772 0.41086999999999996 0.6963790000000001 0.43587 0.6946380000000001 0.44239100000000003 0.693593 0.44239100000000003 0.693593 0.444565
1 0.878134 0.634783 0.8774369999999999 0.636957 0.876741 0.655435 0.875 0.6673910000000001 0.874652 0.677174 0.8739549999999999 0.680435 0.867688 0.681522 0.865251 0.68913 0.865251 0.693478 0.869429 0.7021740000000001 0.8791779999999999 0.706522 0.893454 0.706522 0.893802 0.71087 0.8997210000000001 0.7076089999999999 0.904596 0.7076089999999999 0.902507 0.701087 0.9014620000000001 0.692391 0.9004179999999999 0.68913 0.897284 0.68587 0.895891 0.682609 0.8931060000000001 0.652174 0.892758 0.641304 0.8906689999999999 0.622826 0.8906689999999999 0.616304 0.8913650000000001 0.615217 0.8906689999999999 0.6119570000000001 0.89032 0.598913 0.8892760000000001 0.588043 0.8878830000000001 0.583696 0.888579 0.5771740000000001 0.887535 0.573913 0.881964 0.571739 0.8809189999999999 0.575 0.879875 0.608696 0.87883 0.617391 0.878134 0.634783
1 0.704387 0.526087 0.702994 0.530435 0.700557 0.530435 0.6998610000000001 0.5336960000000001 0.702298 0.541304 0.7071729999999999 0.53913 0.718663 0.53913 0.718315 0.5336960000000001 0.716574 0.532609 0.7151810000000001 0.528261 0.714136 0.497826 0.7134400000000001 0.48913 0.712396 0.483696 0.712396 0.470652 0.7116990000000001 0.467391 0.708565 0.467391 0.7075210000000001 0.470652 0.7075210000000001 0.479348 0.704735 0.506522 0.704387 0.526087
1 0.877089 0.51413 0.878134 0.517391 0.886838 0.516304 0.891713 0.518478 0.8913650000000001 0.5108699999999999 0.888579 0.503261 0.8878830000000001 0.497826 0.888231 0.48586999999999997 0.88649 0.459783 0.885446 0.456522 0.883705 0.456522 0.8826599999999999 0.459783 0.880223 0.503261 0.877089 0.5108699999999999 0.877089 0.51413
3 0.432799 0.44565200000000005 0.433148 0.45543500000000003 0.432103 0.46087 0.432103 0.468478 0.428621 0.478261 0.429666 0.48043500000000006 0.443245 0.48043500000000006 0.443245 0.47717400000000004 0.441852 0.476087 0.441504 0.47391300000000003 0.44046 0.47391300000000003 0.439067 0.46956499999999995 0.43837000000000004 0.444565 0.437326 0.44239100000000003 0.437326 0.428261 0.435237 0.42717400000000005 0.434192 0.430435 0.434192 0.44021699999999997 0.433148 0.44239100000000003 0.432799 0.44565200000000005
3 0.395543 0.43695700000000004 0.395543 0.44021699999999997 0.396588 0.44239100000000003 0.406337 0.44239100000000003 0.40703300000000003 0.441304 0.40703300000000003 0.43804299999999996 0.40424800000000005 0.430435 0.4039 0.42391300000000004 0.402855 0.41956499999999997 0.402159 0.404348 0.401462 0.4 0.400418 0.4 0.399373 0.403261 0.398677 0.42391300000000004 0.39798100000000003 0.430435 0.395543 0.43695700000000004
3 0.376741 0.41304299999999994 0.37639300000000003 0.418478 0.383357 0.41956499999999997 0.384749 0.41630399999999995 0.384401 0.41304299999999994 0.382312 0.40869600000000006 0.381964 0.388043 0.38126699999999997 0.386957 0.381616 0.384783 0.379526 0.383696 0.379526 0.391304 0.378482 0.393478 0.378482 0.40869600000000006 0.376741 0.41304299999999994
3 0.41782700000000006 0.406522 0.42305000000000004 0.406522 0.424443 0.404348 0.422702 0.4 0.422006 0.395652 0.42130900000000004 0.38043499999999997 0.41956800000000005 0.38043499999999997 0.41956800000000005 0.391304 0.418872 0.393478 0.418872 0.39891299999999996 0.41782700000000006 0.406522
3 0.481546 0.394565 0.487465 0.394565 0.485724 0.38913000000000003 0.485724 0.373913 0.48537600000000003 0.371739 0.48433099999999996 0.371739 0.48363500000000004 0.375 0.48363500000000004 0.383696 0.48259100000000005 0.391304 0.481546 0.394565
3 0.6068939999999999 0.38260900000000003 0.6072420000000001 0.377174 0.60585 0.370652 0.604805 0.370652 0.604109 0.38913000000000003 0.607591 0.388043 0.607591 0.384783 0.6068939999999999 0.38260900000000003
3 0.67305 0.383696 0.672702 0.373913 0.671657 0.370652 0.670613 0.370652 0.670613 0.38152200000000003 0.669568 0.388043 0.674443 0.388043 0.67305 0.383696
3 0.712744 0.376087 0.712396 0.36956500000000003 0.7116990000000001 0.36956500000000003 0.711003 0.372826 0.710306 0.38587 0.714485 0.38587 0.712744 0.376087
3 0.761838 0.377174 0.761838 0.371739 0.761142 0.36847799999999997 0.760097 0.36847799999999997 0.759401 0.38152200000000003 0.7621870000000001 0.38260900000000003 0.762535 0.38043499999999997 0.761838 0.377174
3 0.787953 0.377174 0.787604 0.36956500000000003 0.786908 0.36847799999999997 0.786212 0.378261 0.7883009999999999 0.38043499999999997 0.788649 0.379348 0.787953 0.377174
3 0.77507 0.42717400000000005 0.776114 0.42717400000000005 0.776811 0.42391300000000004 0.777855 0.42391300000000004 0.7788999999999999 0.420652 0.7788999999999999 0.417391 0.777855 0.415217 0.777855 0.411957 0.7771589999999999 0.409783 0.7771589999999999 0.39891299999999996 0.776114 0.39891299999999996 0.77507 0.417391 0.773329 0.422826 0.77507 0.42717400000000005
3 0.787953 0.43804299999999996 0.789345 0.43804299999999996 0.790042 0.44021699999999997 0.795265 0.44021699999999997 0.796309 0.43695700000000004 0.7942199999999999 0.431522 0.793872 0.41956499999999997 0.7924789999999999 0.406522 0.791435 0.406522 0.79039 0.409783 0.789694 0.42934799999999995 0.787953 0.43478300000000003 0.787953 0.43804299999999996
3 0.852716 0.425 0.857939 0.42391300000000004 0.857939 0.418478 0.857242 0.417391 0.85585 0.40869600000000006 0.85585 0.39891299999999996 0.854805 0.39891299999999996 0.853412 0.420652 0.852368 0.422826 0.852716 0.425
3 0.876393 0.456522 0.883357 0.456522 0.883705 0.454348 0.8861420000000001 0.45543500000000003 0.8861420000000001 0.452174 0.8844010000000001 0.45108699999999996 0.883008 0.446739 0.881964 0.421739 0.880571 0.418478 0.876741 0.43804299999999996 0.8777860000000001 0.44782599999999995 0.875348 0.454348 0.876393 0.456522
3 0.9209609999999999 0.421739 0.9192199999999999 0.41413 0.9195679999999999 0.406522 0.918175 0.40108699999999997 0.917131 0.40108699999999997 0.916783 0.411957 0.915042 0.421739 0.920613 0.422826 0.9209609999999999 0.421739
3 0.9094709999999999 0.38913000000000003 0.912256 0.388043 0.9108639999999999 0.372826 0.909819 0.377174 0.9091229999999999 0.38587 0.9084260000000001 0.386957 0.9094709999999999 0.38913000000000003
3 0.868733 0.376087 0.868733 0.372826 0.868036 0.372826 0.865947 0.38260900000000003 0.869777 0.384783 0.870125 0.38152200000000003 0.868733 0.376087
1 0.5181060000000001 0.422826 0.516713 0.42717400000000005 0.515669 0.42717400000000005 0.514972 0.42934799999999995 0.524373 0.430435 0.52507 0.428261 0.524373 0.428261 0.522284 0.41956499999999997 0.521936 0.40108699999999997 0.521588 0.39891299999999996 0.5194989999999999 0.39891299999999996 0.518802 0.40217400000000003 0.518802 0.415217 0.5181060000000001 0.418478 0.5181060000000001 0.422826
1 0.56163 0.407609 0.567897 0.40869600000000006 0.568593 0.407609 0.567897 0.407609 0.566156 0.40217400000000003 0.5654600000000001 0.395652 0.565808 0.383696 0.564763 0.383696 0.56337 0.390217 0.5630219999999999 0.40217400000000003 0.5619780000000001 0.404348 0.56163 0.407609
1 0.564067 0.45 0.572075 0.448913 0.572075 0.446739 0.5696380000000001 0.44021699999999997 0.5696380000000001 0.41630399999999995 0.568593 0.41304299999999994 0.567549 0.41304299999999994 0.566504 0.41630399999999995 0.566504 0.43913 0.564067 0.446739 0.564067 0.45
1 0.619081 0.40217400000000003 0.623955 0.403261 0.622911 0.394565 0.622911 0.38260900000000003 0.622563 0.38043499999999997 0.621518 0.38043499999999997 0.620822 0.383696 0.620822 0.388043 0.620125 0.38913000000000003 0.619081 0.40217400000000003
1 0.641713 0.41413 0.642409 0.41630399999999995 0.6479809999999999 0.41630399999999995 0.648329 0.41304299999999994 0.645891 0.407609 0.645891 0.391304 0.645543 0.38913000000000003 0.6444989999999999 0.38913000000000003 0.643802 0.392391 0.643802 0.39891299999999996 0.6427579999999999 0.41086999999999996 0.641713 0.41413
1 0.652855 0.42717400000000005 0.6580779999999999 0.428261 0.658426 0.425 0.657382 0.421739 0.656685 0.40108699999999997 0.6556409999999999 0.397826 0.654596 0.397826 0.654596 0.404348 0.6538999999999999 0.406522 0.6538999999999999 0.415217 0.652855 0.42717400000000005
1 0.6845399999999999 0.40217400000000003 0.6880219999999999 0.40108699999999997 0.6869780000000001 0.379348 0.6862809999999999 0.379348 0.685237 0.394565 0.683844 0.39891299999999996 0.6845399999999999 0.40217400000000003
1 0.7040390000000001 0.411957 0.702646 0.403261 0.70195 0.390217 0.700905 0.390217 0.6995129999999999 0.395652 0.699164 0.40869600000000006 0.6998610000000001 0.411957 0.7040390000000001 0.411957
1 0.755571 0.40543500000000005 0.754178 0.409783 0.753482 0.409783 0.754178 0.41304299999999994 0.759749 0.409783 0.758705 0.407609 0.758705 0.390217 0.75766 0.386957 0.756964 0.386957 0.756964 0.391304 0.755571 0.4 0.755571 0.40543500000000005
1 0.782033 0.397826 0.786212 0.395652 0.786212 0.392391 0.785515 0.391304 0.7851670000000001 0.38043499999999997 0.784123 0.377174 0.783426 0.377174 0.783426 0.384783 0.78273 0.38587 0.782033 0.397826
1 0.80571 0.38587 0.8050140000000001 0.38260900000000003 0.805362 0.378261 0.804318 0.375 0.8032730000000001 0.375 0.802577 0.388043 0.8011839999999999 0.392391 0.80571 0.392391 0.80571 0.38587
1 0.8081480000000001 0.4 0.807103 0.409783 0.812674 0.407609 0.812326 0.397826 0.8112809999999999 0.38913000000000003 0.8102370000000001 0.38913000000000003 0.809192 0.392391 0.809192 0.397826 0.8081480000000001 0.4
1 0.865251 0.406522 0.8638579999999999 0.40217400000000003 0.8638579999999999 0.392391 0.863162 0.38913000000000003 0.8621169999999999 0.38913000000000003 0.861769 0.4 0.860028 0.40869600000000006 0.865251 0.409783 0.865251 0.406522
1 0.8485379999999999 0.38587 0.8478410000000001 0.383696 0.848189 0.38260900000000003 0.847145 0.38043499999999997 0.8467969999999999 0.371739 0.8461000000000001 0.371739 0.8457520000000001 0.379348 0.8443590000000001 0.383696 0.8443590000000001 0.38587 0.8485379999999999 0.38587
1 0.822423 0.38587 0.822772 0.388043 0.824164 0.388043 0.8245129999999999 0.38043499999999997 0.8238160000000001 0.379348 0.8234680000000001 0.372826 0.822423 0.372826 0.8217269999999999 0.376087 0.8217269999999999 0.383696 0.820682 0.386957 0.822423 0.38587
3 0.8283429999999999 0.376087 0.8272980000000001 0.373913 0.827646 0.36847799999999997 0.8272980000000001 0.366304 0.826253 0.366304 0.825905 0.375 0.824861 0.379348 0.8283429999999999 0.38043499999999997 0.8283429999999999 0.376087
1 0.9049440000000001 0.404348 0.9042479999999999 0.39891299999999996 0.9038999999999999 0.38913000000000003 0.9032030000000001 0.38913000000000003 0.900766 0.409783 0.9059889999999999 0.409783 0.9059889999999999 0.406522 0.9049440000000001 0.404348
1 0.89415 0.390217 0.89415 0.38587 0.893454 0.384783 0.892061 0.376087 0.892061 0.384783 0.8910170000000001 0.386957 0.8906689999999999 0.390217 0.89415 0.390217
3 0.192201 0.708696 0.192201 0.7163039999999999 0.190808 0.728261 0.190808 0.745652 0.189067 0.76413 0.189067 0.771739 0.186978 0.780435 0.184889 0.780435 0.183496 0.7836960000000001 0.183496 0.7978259999999999 0.18453999999999998 0.8010870000000001 0.182799 0.828261 0.182103 0.8304349999999999 0.178969 0.8304349999999999 0.174443 0.8358700000000001 0.17304999999999998 0.840217 0.17304999999999998 0.843478 0.174095 0.846739 0.230153 0.846739 0.23119800000000001 0.844565 0.23119800000000001 0.841304 0.230153 0.8380430000000001 0.22493 0.833696 0.224582 0.8304349999999999 0.222493 0.825 0.218663 0.8228260000000001 0.215877 0.815217 0.213788 0.8141299999999999 0.213092 0.784783 0.21344 0.771739 0.211699 0.7554350000000001 0.211003 0.741304 0.20961 0.731522 0.209958 0.722826 0.207173 0.7163039999999999 0.207173 0.708696 0.20647600000000002 0.704348 0.20647600000000002 0.697826 0.20578 0.694565 0.205084 0.676087 0.203691 0.6673910000000001 0.203343 0.659783 0.194986 0.66087 0.194638 0.671739 0.193593 0.680435 0.193593 0.693478 0.192201 0.708696
3 0.420613 0.506522 0.418872 0.521739 0.418524 0.536957 0.416783 0.5423910000000001 0.41539000000000004 0.5423910000000001 0.41434499999999996 0.544565 0.412953 0.553261 0.420613 0.556522 0.435933 0.554348 0.43697800000000003 0.551087 0.43697800000000003 0.548913 0.431755 0.545652 0.43036199999999997 0.541304 0.429666 0.530435 0.431058 0.526087 0.433148 0.526087 0.435933 0.515217 0.435933 0.511957 0.43488899999999997 0.509783 0.43071000000000004 0.507609 0.428621 0.502174 0.42722800000000005 0.49130399999999996 0.426184 0.471739 0.423747 0.470652 0.422702 0.47391300000000003 0.421657 0.49130399999999996 0.420613 0.49891300000000005 0.420613 0.506522
3 0.535864 0.388043 0.5365599999999999 0.384783 0.535515 0.38260900000000003 0.5351670000000001 0.36956500000000003 0.534471 0.366304 0.533426 0.366304 0.53273 0.383696 0.531685 0.38587 0.53273 0.388043 0.535864 0.388043
1 0.530989 0.417391 0.539694 0.417391 0.539694 0.41413 0.538649 0.41413 0.537256 0.409783 0.536212 0.4 0.536212 0.391304 0.535864 0.38913000000000003 0.5348189999999999 0.38913000000000003 0.534123 0.392391 0.534123 0.406522 0.5330779999999999 0.411957 0.530989 0.417391
3 0.746518 0.384783 0.746518 0.376087 0.745822 0.372826 0.745125 0.372826 0.743733 0.379348 0.744429 0.38152200000000003 0.744429 0.384783 0.746518 0.384783
1 0.74617 0.4 0.745125 0.395652 0.744777 0.386957 0.743384 0.38043499999999997 0.741992 0.384783 0.741992 0.392391 0.740599 0.4 0.74617 0.4
1 0.9415039999999999 0.40217400000000003 0.9415039999999999 0.396739 0.940808 0.393478 0.9401109999999999 0.393478 0.9387190000000001 0.406522 0.9415039999999999 0.407609 0.9422010000000001 0.406522 0.9415039999999999 0.40217400000000003
1 0.94429 0.397826 0.9439420000000001 0.390217 0.9432449999999999 0.384783 0.942549 0.383696 0.941156 0.390217 0.941156 0.394565 0.9422010000000001 0.39891299999999996 0.94429 0.397826