1 0.05501399999999999 0.36739099999999997 0.053969 0.36086999999999997 0.052577 0.33913000000000004 0.049791 0.338043 0.048747 0.341304 0.048747 0.371739 0.056755 0.371739 0.05501399999999999 0.36739099999999997
1 0.207869 0.333696 0.207173 0.340217 0.206128 0.342391 0.206128 0.34565199999999996 0.215877 0.34565199999999996 0.215877 0.343478 0.21344 0.336957 0.212047 0.325 0.211699 0.31087 0.21065499999999998 0.30869599999999997 0.209262 0.30869599999999997 0.20856499999999997 0.311957 0.20856499999999997 0.319565 0.207869 0.323913 0.207869 0.333696
1 0.34609999999999996 0.330435 0.353412 0.330435 0.35375999999999996 0.319565 0.352368 0.31087 0.35167099999999996 0.29239099999999996 0.350975 0.290217 0.349234 0.290217 0.348538 0.294565 0.347145 0.325 0.34609999999999996 0.32717399999999996 0.34609999999999996 0.330435
1 0.48259100000000005 0.32934800000000003 0.49442899999999995 0.32934800000000003 0.49129500000000004 0.318478 0.49025100000000005 0.30978300000000003 0.49025100000000005 0.304348 0.48955399999999993 0.301087 0.48955399999999993 0.291304 0.48851000000000006 0.283696 0.486421 0.283696 0.48502799999999996 0.302174 0.48468 0.321739 0.48259100000000005 0.32717399999999996 0.48259100000000005 0.32934800000000003
1 0.613858 0.342391 0.612117 0.344565 0.612117 0.346739 0.627437 0.347826 0.626045 0.343478 0.624304 0.342391 0.623607 0.340217 0.623259 0.331522 0.6222139999999999 0.326087 0.620125 0.290217 0.616992 0.290217 0.616295 0.30869599999999997 0.615599 0.30978300000000003 0.614903 0.336957 0.613858 0.342391
1 0.8433149999999999 0.404348 0.8415739999999999 0.430435 0.840181 0.441304 0.8370469999999999 0.44239100000000003 0.836003 0.444565 0.836003 0.453261 0.8405290000000001 0.459783 0.861769 0.459783 0.864903 0.456522 0.865251 0.453261 0.86351 0.45 0.863162 0.44565200000000005 0.8593310000000001 0.44239100000000003 0.858287 0.43804299999999996 0.857939 0.42934799999999995 0.8568939999999999 0.422826 0.8568939999999999 0.417391 0.85585 0.41086999999999996 0.85585 0.40543500000000005 0.854457 0.392391 0.854109 0.376087 0.852716 0.359783 0.852716 0.352174 0.852019 0.35108700000000004 0.852019 0.348913 0.847145 0.348913 0.8461000000000001 0.352174 0.8457520000000001 0.36739099999999997 0.8433149999999999 0.396739 0.8433149999999999 0.404348
3 0.135794 0.38152200000000003 0.135794 0.383696 0.14623999999999998 0.383696 0.147981 0.379348 0.145543 0.373913 0.14415 0.356522 0.143106 0.35 0.143106 0.344565 0.142061 0.338043 0.139624 0.338043 0.138231 0.355435 0.138231 0.373913 0.137883 0.377174 0.135794 0.38152200000000003
3 0.251045 0.370652 0.251045 0.375 0.26009699999999997 0.375 0.262883 0.372826 0.263231 0.36739099999999997 0.261838 0.366304 0.260794 0.363043 0.260794 0.356522 0.259749 0.35 0.258008 0.328261 0.257312 0.323913 0.255571 0.323913 0.25383 0.340217 0.253482 0.366304 0.25243699999999997 0.370652 0.251045 0.370652
3 0.35167099999999996 0.371739 0.349582 0.378261 0.349582 0.38152200000000003 0.360724 0.38152200000000003 0.362465 0.378261 0.362465 0.375 0.360376 0.371739 0.357242 0.32934800000000003 0.356198 0.325 0.354805 0.325 0.35375999999999996 0.32934800000000003 0.35375999999999996 0.334783 0.352368 0.347826 0.35167099999999996 0.371739
3 0.420265 0.407609 0.419916 0.41086999999999996 0.421657 0.41413 0.433496 0.41413 0.43697800000000003 0.411957 0.43802199999999997 0.409783 0.43802199999999997 0.406522 0.437326 0.40217400000000003 0.435585 0.40217400000000003 0.434192 0.397826 0.432799 0.373913 0.429666 0.340217 0.42688 0.340217 0.425836 0.347826 0.424095 0.40108699999999997 0.42305000000000004 0.40543500000000005 0.420265 0.407609
3 0.477019 0.511957 0.476323 0.515217 0.472841 0.518478 0.47249299999999994 0.540217 0.475279 0.540217 0.47771600000000003 0.5380429999999999 0.49025100000000005 0.5380429999999999 0.49930399999999997 0.53587 0.49965200000000004 0.5239130000000001 0.49860699999999997 0.517391 0.494777 0.509783 0.494081 0.506522 0.49234 0.48804299999999995 0.490599 0.457609 0.489206 0.448913 0.486421 0.41630399999999995 0.482242 0.415217 0.48085000000000006 0.420652 0.479457 0.45108699999999996 0.47876 0.48586999999999997 0.477019 0.511957