1 0.770891 0.579348 0.768454 0.5869570000000001 0.768454 0.58913 0.770891 0.594565 0.774025 0.597826 0.796657 0.597826 0.793524 0.590217 0.793175 0.584783 0.788997 0.581522 0.789345 0.578261 0.786908 0.5380429999999999 0.785864 0.534783 0.785864 0.520652 0.7848189999999999 0.504348 0.779944 0.503261 0.777855 0.517391 0.774025 0.5771740000000001 0.773329 0.579348 0.770891 0.579348
1 0.7193590000000001 0.48586999999999997 0.720056 0.48695700000000003 0.720056 0.49565200000000004 0.717967 0.496739 0.716574 0.503261 0.718315 0.506522 0.732939 0.506522 0.732939 0.504348 0.729805 0.496739 0.729109 0.490217 0.726671 0.443478 0.723538 0.443478 0.7228410000000001 0.463043 0.720752 0.47282599999999997 0.7193590000000001 0.47282599999999997 0.7193590000000001 0.48586999999999997
1 0.700209 0.43804299999999996 0.700209 0.444565 0.6995129999999999 0.44565200000000005 0.699164 0.457609 0.697423 0.45869600000000005 0.696727 0.46087 0.696727 0.46413000000000004 0.708914 0.465217 0.708217 0.45869600000000005 0.706476 0.457609 0.706128 0.444565 0.704387 0.428261 0.704387 0.418478 0.70195 0.418478 0.701253 0.430435 0.6998610000000001 0.431522 0.6995129999999999 0.433696 0.700209 0.43804299999999996
1 0.642409 0.42717400000000005 0.641365 0.42717400000000005 0.641365 0.42934799999999995 0.642061 0.431522 0.65007 0.431522 0.65007 0.42717400000000005 0.648677 0.425 0.647632 0.417391 0.646936 0.393478 0.645195 0.393478 0.6444989999999999 0.404348 0.643454 0.407609 0.6431060000000001 0.425 0.642409 0.42717400000000005
1 0.5974929999999999 0.39891299999999996 0.595404 0.407609 0.595404 0.41086999999999996 0.602716 0.41086999999999996 0.602716 0.40869600000000006 0.601323 0.40543500000000005 0.601323 0.40217400000000003 0.600627 0.4 0.600279 0.38043499999999997 0.598886 0.38043499999999997 0.598189 0.383696 0.598189 0.393478 0.5974929999999999 0.394565 0.5974929999999999 0.39891299999999996
1 0.572772 0.395652 0.5790390000000001 0.395652 0.5790390000000001 0.393478 0.577646 0.390217 0.57695 0.38152200000000003 0.57695 0.370652 0.575557 0.370652 0.5748610000000001 0.386957 0.574164 0.391304 0.572772 0.393478 0.572772 0.395652
3 0.567549 0.36847799999999997 0.5672010000000001 0.363043 0.566504 0.361957 0.566504 0.352174 0.5654600000000001 0.353261 0.5654600000000001 0.357609 0.564067 0.36847799999999997 0.567549 0.36847799999999997
1 0.5842620000000001 0.386957 0.5825210000000001 0.365217 0.581476 0.366304 0.580432 0.384783 0.579387 0.386957 0.5842620000000001 0.386957
1 0.586351 0.379348 0.590877 0.379348 0.5898329999999999 0.375 0.589485 0.36086999999999997 0.588788 0.36086999999999997 0.587744 0.365217 0.587396 0.375 0.586351 0.379348
1 0.619777 0.378261 0.623259 0.378261 0.6222139999999999 0.36739099999999997 0.6222139999999999 0.358696 0.62117 0.359783 0.62117 0.365217 0.620125 0.36847799999999997 0.619777 0.378261
3 0.618036 0.363043 0.616992 0.358696 0.616992 0.353261 0.616295 0.353261 0.615947 0.365217 0.615251 0.370652 0.618733 0.370652 0.618036 0.363043
1 0.662953 0.379348 0.6615599999999999 0.371739 0.6615599999999999 0.361957 0.660515 0.36086999999999997 0.659471 0.375 0.658426 0.377174 0.658426 0.379348 0.662953 0.379348
1 0.684192 0.40108699999999997 0.690111 0.40108699999999997 0.6887190000000001 0.395652 0.6880219999999999 0.378261 0.6869780000000001 0.378261 0.685585 0.38913000000000003 0.685585 0.396739 0.684192 0.39891299999999996 0.684192 0.40108699999999997
1 0.6956819999999999 0.394565 0.6956819999999999 0.396739 0.7016020000000001 0.396739 0.7016020000000001 0.394565 0.700905 0.394565 0.700209 0.391304 0.6995129999999999 0.373913 0.6981200000000001 0.373913 0.6981200000000001 0.38260900000000003 0.697075 0.38587 0.697075 0.393478 0.6956819999999999 0.394565
1 0.697772 0.379348 0.697772 0.36847799999999997 0.697075 0.36739099999999997 0.697075 0.363043 0.6963790000000001 0.363043 0.6963790000000001 0.373913 0.694986 0.379348 0.697772 0.379348
1 0.703343 0.394565 0.702994 0.40108699999999997 0.704387 0.403261 0.704387 0.407609 0.703343 0.40869600000000006 0.703343 0.41086999999999996 0.7092620000000001 0.409783 0.708565 0.407609 0.708565 0.396739 0.7075210000000001 0.390217 0.7075210000000001 0.384783 0.706128 0.384783 0.706128 0.390217 0.704387 0.394565 0.703343 0.394565
1 0.733287 0.390217 0.732591 0.391304 0.732591 0.393478 0.736769 0.393478 0.736072 0.38913000000000003 0.735724 0.372826 0.734331 0.373913 0.733983 0.38152200000000003 0.733287 0.383696 0.733287 0.390217
3 0.72493 0.377174 0.723886 0.361957 0.723189 0.361957 0.7224929999999999 0.365217 0.7224929999999999 0.376087 0.721797 0.377174 0.72493 0.377174
1 0.754526 0.38587 0.754526 0.38152200000000003 0.75383 0.38043499999999997 0.75383 0.377174 0.754526 0.376087 0.754178 0.36847799999999997 0.753482 0.36847799999999997 0.753134 0.376087 0.751393 0.38587 0.754526 0.38587
1 0.752437 0.42391300000000004 0.752437 0.426087 0.760794 0.426087 0.760794 0.422826 0.760097 0.422826 0.759053 0.41956499999999997 0.758357 0.394565 0.756267 0.395652 0.754526 0.420652 0.75383 0.42391300000000004 0.752437 0.42391300000000004
1 0.77507 0.394565 0.779248 0.394565 0.777855 0.38587 0.777855 0.375 0.776811 0.375 0.776462 0.384783 0.775766 0.38587 0.775766 0.392391 0.77507 0.394565
3 0.789345 0.388043 0.793524 0.388043 0.7928270000000001 0.375 0.792131 0.372826 0.7907379999999999 0.372826 0.7907379999999999 0.377174 0.790042 0.378261 0.790042 0.383696 0.789345 0.388043
3 0.8168519999999999 0.41304299999999994 0.816156 0.41630399999999995 0.822772 0.41630399999999995 0.822772 0.41413 0.821031 0.41304299999999994 0.8203340000000001 0.388043 0.8189420000000001 0.388043 0.8189420000000001 0.395652 0.817897 0.39891299999999996 0.817897 0.411957 0.8168519999999999 0.41304299999999994
3 0.8255570000000001 0.41086999999999996 0.824861 0.40869600000000006 0.8245129999999999 0.403261 0.8234680000000001 0.4 0.8234680000000001 0.386957 0.822423 0.386957 0.822423 0.396739 0.821379 0.40108699999999997 0.821379 0.41086999999999996 0.8255570000000001 0.41086999999999996
1 0.821379 0.396739 0.8220750000000001 0.396739 0.822423 0.38587 0.8238160000000001 0.386957 0.8238160000000001 0.396739 0.8255570000000001 0.396739 0.8252090000000001 0.391304 0.8245129999999999 0.390217 0.824164 0.378261 0.822772 0.378261 0.8220750000000001 0.38152200000000003 0.8220750000000001 0.391304 0.821379 0.392391 0.821379 0.396739
1 0.837744 0.40108699999999997 0.836351 0.396739 0.835655 0.38260900000000003 0.834958 0.38260900000000003 0.8342620000000001 0.38913000000000003 0.8342620000000001 0.397826 0.832869 0.40108699999999997 0.837744 0.40108699999999997
1 0.837744 0.44021699999999997 0.835655 0.44239100000000003 0.835655 0.44565200000000005 0.8450559999999999 0.44565200000000005 0.844708 0.44239100000000003 0.8433149999999999 0.441304 0.8433149999999999 0.43478300000000003 0.8422700000000001 0.43260899999999997 0.8422700000000001 0.41630399999999995 0.841226 0.411957 0.841226 0.40869600000000006 0.839485 0.40869600000000006 0.839485 0.41304299999999994 0.83844 0.41630399999999995 0.837744 0.422826 0.837744 0.44021699999999997
3 0.880571 0.428261 0.880571 0.430435 0.888231 0.430435 0.88649 0.41956499999999997 0.88649 0.411957 0.885446 0.40869600000000006 0.885446 0.39891299999999996 0.883705 0.39891299999999996 0.883357 0.40869600000000006 0.8826599999999999 0.409783 0.882312 0.42391300000000004 0.880571 0.428261
3 0.864903 0.41086999999999996 0.864903 0.41304299999999994 0.870474 0.41304299999999994 0.869429 0.40869600000000006 0.868733 0.38913000000000003 0.866643 0.38913000000000003 0.866643 0.393478 0.865947 0.395652 0.8655989999999999 0.409783 0.864903 0.41086999999999996
3 0.8722139999999999 0.40217400000000003 0.876741 0.40217400000000003 0.8756959999999999 0.395652 0.875 0.384783 0.8743040000000001 0.384783 0.8739549999999999 0.38913000000000003 0.871866 0.393478 0.871866 0.4 0.8722139999999999 0.40217400000000003
1 0.9056409999999999 0.409783 0.905292 0.404348 0.9042479999999999 0.40217400000000003 0.9038999999999999 0.38913000000000003 0.9021589999999999 0.390217 0.9014620000000001 0.406522 0.9004179999999999 0.407609 0.9004179999999999 0.409783 0.9056409999999999 0.409783
1 0.942897 0.418478 0.942549 0.41086999999999996 0.9418519999999999 0.40869600000000006 0.9415039999999999 0.396739 0.940808 0.396739 0.9397629999999999 0.41304299999999994 0.9383699999999999 0.418478 0.942897 0.418478
3 0.949861 0.425 0.949861 0.420652 0.9488160000000001 0.41630399999999995 0.9488160000000001 0.40108699999999997 0.9470750000000001 0.403261 0.9470750000000001 0.415217 0.94429 0.425 0.949861 0.425
3 0.220752 0.578261 0.21970800000000001 0.583696 0.219359 0.5956520000000001 0.218663 0.598913 0.218663 0.607609 0.21622599999999997 0.633696 0.21622599999999997 0.640217 0.21065499999999998 0.645652 0.21030600000000002 0.6543479999999999 0.205084 0.657609 0.205084 0.6630429999999999 0.21344 0.665217 0.215877 0.6673910000000001 0.23328700000000002 0.6673910000000001 0.241643 0.661957 0.24930400000000003 0.6543479999999999 0.24895499999999998 0.65 0.243384 0.65 0.241643 0.642391 0.23990300000000003 0.63913 0.23711700000000002 0.6380429999999999 0.235724 0.633696 0.235724 0.620652 0.23433099999999998 0.6119570000000001 0.23433099999999998 0.604348 0.232939 0.58913 0.232939 0.575 0.232242 0.571739 0.231894 0.5586960000000001 0.23085 0.55 0.23050099999999998 0.534783 0.22980499999999998 0.532609 0.224582 0.532609 0.22353800000000001 0.534783 0.223189 0.5478259999999999 0.220752 0.572826 0.220752 0.578261
3 0.414694 0.475 0.41364900000000004 0.48913 0.41364900000000004 0.507609 0.410864 0.509783 0.409819 0.51413 0.408774 0.515217 0.408774 0.517391 0.428273 0.518478 0.429666 0.51413 0.427925 0.506522 0.425836 0.506522 0.424443 0.49891300000000005 0.424095 0.481522 0.423398 0.47717400000000004 0.423398 0.470652 0.421657 0.446739 0.420961 0.443478 0.41782700000000006 0.443478 0.41782700000000006 0.448913 0.416783 0.45108699999999996 0.415738 0.468478 0.414694 0.475
3 0.490599 0.430435 0.490599 0.43913 0.48955399999999993 0.45108699999999996 0.488858 0.454348 0.487465 0.454348 0.487465 0.46087 0.49930399999999997 0.46087 0.49930399999999997 0.45543500000000003 0.497563 0.454348 0.49721399999999993 0.44239100000000003 0.496518 0.43804299999999996 0.49617000000000006 0.42391300000000004 0.495474 0.421739 0.495474 0.41413 0.494777 0.407609 0.49268799999999996 0.407609 0.49268799999999996 0.41086999999999996 0.491643 0.41630399999999995 0.49129500000000004 0.42717400000000005 0.490599 0.430435
3 0.47597500000000004 0.404348 0.48328699999999997 0.404348 0.48328699999999997 0.40108699999999997 0.48189399999999993 0.397826 0.481198 0.391304 0.481198 0.383696 0.480501 0.38152200000000003 0.48015299999999994 0.373913 0.479457 0.373913 0.478064 0.383696 0.47771600000000003 0.397826 0.47597500000000004 0.40217400000000003 0.47597500000000004 0.404348
3 0.472145 0.376087 0.471448 0.377174 0.471448 0.38152200000000003 0.47075199999999995 0.384783 0.47005600000000003 0.384783 0.47005600000000003 0.386957 0.47562699999999997 0.386957 0.47492999999999996 0.38260900000000003 0.47492999999999996 0.373913 0.473886 0.370652 0.473886 0.361957 0.472841 0.361957 0.472841 0.36956500000000003 0.472145 0.371739 0.472145 0.376087
3 0.48328699999999997 0.356522 0.482242 0.354348 0.48085000000000006 0.376087 0.48502799999999996 0.376087 0.483983 0.372826 0.48328699999999997 0.356522
3 0.51532 0.426087 0.514276 0.430435 0.514972 0.430435 0.51532 0.43260899999999997 0.524373 0.43260899999999997 0.524721 0.428261 0.523329 0.426087 0.522632 0.421739 0.522284 0.406522 0.521588 0.404348 0.521588 0.392391 0.51915 0.391304 0.518454 0.40869600000000006 0.5177579999999999 0.41086999999999996 0.517061 0.425 0.51532 0.426087
3 0.518802 0.36739099999999997 0.5181060000000001 0.353261 0.517061 0.353261 0.516713 0.36086999999999997 0.514972 0.370652 0.5194989999999999 0.370652 0.518802 0.36739099999999997