0 0.10236799999999999 0.342391 0.10236799999999999 0.347826 0.114554 0.348913 0.116295 0.346739 0.116295 0.344565 0.114206 0.340217 0.11281300000000001 0.33260900000000004 0.112465 0.322826 0.11002799999999999 0.3 0.108635 0.294565 0.106546 0.294565 0.10585 0.304348 0.10515300000000001 0.334783 0.10341199999999999 0.342391 0.10236799999999999 0.342391
3 0.385794 0.846739 0.414694 0.846739 0.41364900000000004 0.826087 0.41260399999999997 0.818478 0.407382 0.754348 0.40529200000000004 0.7119570000000001 0.4039 0.708696 0.393802 0.708696 0.391365 0.713043 0.391017 0.733696 0.38649 0.821739 0.385794 0.846739
3 0.887187 0.46087 0.88649 0.47282599999999997 0.885794 0.475 0.881964 0.476087 0.880223 0.479348 0.879526 0.48695700000000003 0.877089 0.48804299999999995 0.874652 0.492391 0.874652 0.494565 0.898329 0.506522 0.905292 0.506522 0.918524 0.5 0.917827 0.49565200000000004 0.9146940000000001 0.492391 0.913997 0.490217 0.913997 0.48695700000000003 0.912604 0.48260899999999995 0.9091229999999999 0.48043500000000006 0.9077299999999999 0.476087 0.9014620000000001 0.371739 0.894499 0.371739 0.8906689999999999 0.426087 0.8896240000000001 0.433696 0.8878830000000001 0.457609 0.887187 0.46087
0 0.118384 0.3 0.11664300000000001 0.29565199999999997 0.114554 0.268478 0.11351 0.26413000000000003 0.11176900000000001 0.26413000000000003 0.11002799999999999 0.296739 0.110376 0.302174 0.118384 0.302174 0.118384 0.3
0 0.158774 0.296739 0.159123 0.293478 0.157033 0.290217 0.157033 0.28586999999999996 0.155292 0.270652 0.155292 0.265217 0.154596 0.26087 0.15285500000000002 0.259783 0.152159 0.26413000000000003 0.151811 0.28586999999999996 0.149721 0.29565199999999997 0.158774 0.296739
4 0.189763 0.26087 0.189415 0.25 0.188022 0.248913 0.187674 0.261957 0.185933 0.276087 0.191156 0.276087 0.189763 0.26087
4 0.094708 0.283696 0.094011 0.269565 0.092967 0.265217 0.092967 0.25652200000000003 0.091226 0.25652200000000003 0.091226 0.26413000000000003 0.090181 0.270652 0.089833 0.283696 0.094708 0.283696
4 0.26949900000000004 0.236957 0.268802 0.23478300000000002 0.268454 0.22934800000000002 0.267758 0.22934800000000002 0.266713 0.24239099999999997 0.266713 0.251087 0.269847 0.251087 0.26949900000000004 0.236957
0 0.060237 0.301087 0.058496000000000006 0.306522 0.058148 0.31087 0.068245 0.31087 0.068942 0.307609 0.066504 0.302174 0.064415 0.275 0.06337000000000001 0.270652 0.061978 0.270652 0.061280999999999995 0.272826 0.060933 0.290217 0.060237 0.294565 0.060237 0.301087
4 0.908774 0.231522 0.9073819999999999 0.230435 0.9066850000000001 0.22391299999999997 0.9056409999999999 0.202174 0.904596 0.202174 0.902507 0.230435 0.901114 0.233696 0.908774 0.233696 0.908774 0.231522
4 0.830084 0.209783 0.8304320000000001 0.211957 0.83461 0.211957 0.83461 0.195652 0.8335649999999999 0.18804300000000002 0.8325210000000001 0.18913 0.831825 0.20434800000000003 0.831128 0.208696 0.830084 0.209783
4 0.772632 0.208696 0.772284 0.195652 0.7712399999999999 0.196739 0.7694989999999999 0.220652 0.773677 0.220652 0.772632 0.208696
4 0.720404 0.20543499999999998 0.719708 0.18587 0.718663 0.18913 0.718315 0.198913 0.71727 0.20543499999999998 0.720404 0.20543499999999998
4 0.672006 0.213043 0.6754870000000001 0.213043 0.674095 0.191304 0.6733979999999999 0.192391 0.672702 0.197826 0.672702 0.20760900000000002 0.672006 0.213043
4 0.21448499999999998 0.230435 0.213788 0.230435 0.212744 0.251087 0.21622599999999997 0.251087 0.21622599999999997 0.24565199999999998 0.21448499999999998 0.230435