3 0.857591 0.465217 0.8568939999999999 0.468478 0.854805 0.46956499999999995 0.854805 0.47282599999999997 0.85376 0.475 0.856546 0.47717400000000004 0.870474 0.47717400000000004 0.869429 0.476087 0.868384 0.471739 0.866643 0.471739 0.865947 0.46956499999999995 0.865251 0.44565200000000005 0.864206 0.43695700000000004 0.86351 0.421739 0.862813 0.41956499999999997 0.8607239999999999 0.41956499999999997 0.860028 0.421739 0.8593310000000001 0.433696 0.858287 0.441304 0.857591 0.465217
3 0.6431060000000001 0.43913 0.6427579999999999 0.44239100000000003 0.6448470000000001 0.44239100000000003 0.645543 0.444565 0.653203 0.444565 0.653552 0.441304 0.651811 0.43804299999999996 0.649373 0.39891299999999996 0.647284 0.397826 0.646936 0.40869600000000006 0.6448470000000001 0.431522 0.6448470000000001 0.43804299999999996 0.6431060000000001 0.43913
1 0.662256 0.501087 0.659123 0.504348 0.6580779999999999 0.509783 0.656337 0.5108699999999999 0.667131 0.51413 0.677577 0.511957 0.6754870000000001 0.5108699999999999 0.674791 0.504348 0.672354 0.503261 0.672354 0.49891300000000005 0.671309 0.496739 0.670613 0.48804299999999995 0.670265 0.468478 0.6692199999999999 0.45869600000000005 0.668872 0.443478 0.668524 0.441304 0.666086 0.441304 0.663649 0.47282599999999997 0.663649 0.48043500000000006 0.662604 0.490217 0.662256 0.501087
1 0.595056 0.590217 0.594011 0.596739 0.591574 0.596739 0.59227 0.6 0.598538 0.607609 0.604805 0.607609 0.604805 0.51413 0.60585 0.5108699999999999 0.607939 0.5108699999999999 0.609331 0.51413 0.609331 0.607609 0.621866 0.606522 0.622563 0.6054350000000001 0.622563 0.603261 0.62117 0.6 0.619429 0.598913 0.619081 0.5913039999999999 0.614903 0.588043 0.613858 0.561957 0.611769 0.5380429999999999 0.60968 0.5 0.60585 0.5 0.604805 0.5054350000000001 0.59993 0.584783 0.599234 0.588043 0.595056 0.590217
1 0.509053 0.46630399999999994 0.510794 0.46630399999999994 0.5121870000000001 0.468478 0.524373 0.468478 0.524721 0.46630399999999994 0.523329 0.46630399999999994 0.5229809999999999 0.46195700000000006 0.520543 0.46087 0.520543 0.453261 0.51915 0.43695700000000004 0.5177579999999999 0.409783 0.515669 0.409783 0.512535 0.45869600000000005 0.511838 0.46195700000000006 0.5104460000000001 0.46195700000000006 0.509053 0.46630399999999994
3 0.540042 0.40108699999999997 0.539345 0.409783 0.537953 0.41086999999999996 0.537604 0.41413 0.547006 0.41413 0.546657 0.41086999999999996 0.545265 0.409783 0.544568 0.406522 0.5428270000000001 0.376087 0.541783 0.376087 0.541086 0.38913000000000003 0.54039 0.392391 0.539694 0.392391 0.540042 0.40108699999999997
1 0.374652 0.520652 0.374304 0.526087 0.37256300000000003 0.5293479999999999 0.391713 0.5293479999999999 0.392409 0.527174 0.392409 0.5195649999999999 0.389624 0.517391 0.385446 0.44782599999999995 0.38266 0.44782599999999995 0.381964 0.45108699999999996 0.378134 0.518478 0.374652 0.520652
1 0.432103 0.430435 0.429666 0.426087 0.42931800000000003 0.420652 0.428621 0.418478 0.42688 0.388043 0.425139 0.386957 0.423398 0.40869600000000006 0.42305000000000004 0.425 0.419916 0.42934799999999995 0.432103 0.430435
3 0.47841199999999995 0.391304 0.47736799999999996 0.38913000000000003 0.476323 0.36847799999999997 0.475279 0.361957 0.47423400000000004 0.36739099999999997 0.47318899999999997 0.38587 0.471797 0.391304 0.47841199999999995 0.391304
3 0.447075 0.379348 0.452298 0.379348 0.450905 0.36956500000000003 0.45020899999999997 0.356522 0.44951299999999994 0.355435 0.449164 0.36086999999999997 0.44812 0.365217 0.448468 0.370652 0.447075 0.379348
3 0.402855 0.375 0.407382 0.373913 0.406337 0.36739099999999997 0.40598900000000004 0.354348 0.40529200000000004 0.353261 0.40424800000000005 0.36086999999999997 0.4039 0.371739 0.402855 0.372826 0.402855 0.375
1 0.287604 0.431522 0.287256 0.44565200000000005 0.285167 0.446739 0.285167 0.45 0.283426 0.452174 0.29979100000000003 0.452174 0.298398 0.45108699999999996 0.297702 0.446739 0.295265 0.44565200000000005 0.295265 0.43695700000000004 0.29422000000000004 0.42934799999999995 0.293175 0.4 0.292479 0.397826 0.29039000000000004 0.397826 0.290042 0.406522 0.288997 0.41304299999999994 0.288997 0.41956499999999997 0.287604 0.431522
3 0.05571 0.42934799999999995 0.056058 0.43260899999999997 0.066504 0.43260899999999997 0.068942 0.430435 0.068942 0.428261 0.066504 0.42717400000000005 0.065808 0.41630399999999995 0.065808 0.4 0.064763 0.396739 0.064415 0.388043 0.06337000000000001 0.38260900000000003 0.061978 0.38260900000000003 0.061280999999999995 0.386957 0.058148 0.42717400000000005 0.05571 0.42934799999999995
3 0.142758 0.376087 0.142758 0.36847799999999997 0.14136500000000002 0.359783 0.140669 0.359783 0.139972 0.371739 0.138579 0.379348 0.143802 0.379348 0.142758 0.376087
1 0.128482 0.384783 0.127437 0.383696 0.126741 0.366304 0.12604500000000002 0.363043 0.125348 0.363043 0.124304 0.38152200000000003 0.12291099999999999 0.386957 0.128134 0.386957 0.128482 0.384783
1 0.144499 0.397826 0.14415 0.40108699999999997 0.152507 0.40108699999999997 0.152507 0.39891299999999996 0.151114 0.394565 0.150766 0.383696 0.149373 0.36956500000000003 0.148677 0.36739099999999997 0.147632 0.36956500000000003 0.14623999999999998 0.395652 0.145543 0.397826 0.144499 0.397826
1 0.21448499999999998 0.40108699999999997 0.213092 0.391304 0.211699 0.36956500000000003 0.211003 0.36956500000000003 0.20961 0.383696 0.209262 0.394565 0.207869 0.40108699999999997 0.21448499999999998 0.40108699999999997
1 0.20961 0.38260900000000003 0.21030600000000002 0.371739 0.211351 0.36847799999999997 0.211003 0.359783 0.20961 0.36086999999999997 0.209262 0.373913 0.207869 0.383696 0.20961 0.38260900000000003
1 0.34401099999999996 0.384783 0.342618 0.361957 0.341574 0.36086999999999997 0.34052899999999997 0.38152200000000003 0.339485 0.390217 0.345404 0.390217 0.34401099999999996 0.384783
3 0.332521 0.375 0.331128 0.354348 0.330084 0.355435 0.329387 0.36847799999999997 0.327994 0.375 0.332521 0.375
3 0.24582199999999998 0.357609 0.24477699999999997 0.356522 0.24268800000000001 0.375 0.247214 0.375 0.24617 0.371739 0.24582199999999998 0.357609
1 0.9265319999999999 0.516304 0.925139 0.5293479999999999 0.925139 0.53913 0.924095 0.556522 0.923398 0.5586960000000001 0.9192199999999999 0.559783 0.918872 0.568478 0.9279249999999999 0.572826 0.9432449999999999 0.575 0.9439420000000001 0.56413 0.9404600000000001 0.563043 0.939067 0.56087 0.937674 0.53587 0.9366300000000001 0.526087 0.935933 0.507609 0.934192 0.48695700000000003 0.9327989999999999 0.48260899999999995 0.930362 0.48260899999999995 0.929318 0.48586999999999997 0.928969 0.49347799999999997 0.9265319999999999 0.509783 0.9265319999999999 0.516304
1 0.25905300000000003 0.409783 0.25905300000000003 0.411957 0.268454 0.41304299999999994 0.268802 0.409783 0.267409 0.40869600000000006 0.266713 0.40543500000000005 0.264624 0.373913 0.263231 0.373913 0.261838 0.388043 0.261142 0.406522 0.260446 0.409783 0.25905300000000003 0.409783
1 0.369429 0.404348 0.367688 0.397826 0.366295 0.371739 0.365599 0.36956500000000003 0.364554 0.371739 0.363162 0.396739 0.360724 0.404348 0.369429 0.404348
1 0.273677 0.383696 0.279248 0.38260900000000003 0.277855 0.379348 0.27715900000000004 0.359783 0.276462 0.358696 0.275418 0.361957 0.27507000000000004 0.377174 0.273677 0.38152200000000003 0.273677 0.383696
1 0.335655 0.383696 0.339485 0.383696 0.339833 0.38152200000000003 0.339485 0.36086999999999997 0.338788 0.357609 0.337744 0.358696 0.33669899999999997 0.378261 0.335655 0.38152200000000003 0.335655 0.383696