1 0.364206 0.5380429999999999 0.35968 0.540217 0.358287 0.5478259999999999 0.357242 0.55 0.357242 0.553261 0.360724 0.5663039999999999 0.383357 0.5663039999999999 0.388231 0.56413 0.388231 0.556522 0.386838 0.548913 0.384749 0.541304 0.382312 0.53913 0.38126699999999997 0.534783 0.376741 0.44239100000000003 0.376045 0.43913 0.371866 0.43913 0.370822 0.44239100000000003 0.369429 0.459783 0.36490300000000003 0.534783 0.364206 0.5380429999999999
1 0.358983 0.409783 0.357242 0.411957 0.356894 0.421739 0.374652 0.421739 0.374304 0.411957 0.371518 0.41086999999999996 0.371866 0.40108699999999997 0.369429 0.366304 0.36873300000000003 0.347826 0.365251 0.348913 0.362465 0.376087 0.361072 0.409783 0.358983 0.409783
1 0.383357 0.306522 0.39066900000000004 0.306522 0.391365 0.305435 0.391365 0.302174 0.39066900000000004 0.302174 0.389624 0.298913 0.388928 0.271739 0.388231 0.269565 0.386838 0.269565 0.385446 0.293478 0.384749 0.29782600000000004 0.383357 0.301087 0.383357 0.306522
1 0.395195 0.290217 0.395195 0.286957 0.39415 0.28586999999999996 0.393454 0.281522 0.393106 0.259783 0.39066900000000004 0.259783 0.39032 0.271739 0.389624 0.277174 0.389624 0.28913 0.395195 0.290217
3 0.133008 0.338043 0.13370500000000002 0.340217 0.135794 0.341304 0.144847 0.341304 0.146936 0.33913000000000004 0.147284 0.33587 0.14519500000000002 0.333696 0.14415 0.328261 0.142758 0.29239099999999996 0.14136500000000002 0.284783 0.138579 0.284783 0.136142 0.328261 0.135097 0.33260900000000004 0.133008 0.334783 0.133008 0.338043
3 0.195334 0.30978300000000003 0.204387 0.31087 0.205084 0.30978300000000003 0.205084 0.307609 0.203343 0.303261 0.20299399999999998 0.293478 0.201253 0.276087 0.201253 0.268478 0.198816 0.267391 0.19812000000000002 0.271739 0.197772 0.28913 0.196727 0.304348 0.195334 0.30978300000000003
3 0.24268800000000001 0.290217 0.250696 0.290217 0.251045 0.286957 0.24965199999999999 0.28586999999999996 0.24860699999999997 0.282609 0.24860699999999997 0.271739 0.24756300000000003 0.25543499999999997 0.24512499999999998 0.254348 0.243384 0.275 0.243384 0.282609 0.24129499999999998 0.288043 0.24268800000000001 0.290217
3 0.275418 0.24673899999999999 0.273677 0.24673899999999999 0.270891 0.277174 0.277507 0.277174 0.276114 0.267391 0.275418 0.24673899999999999
3 0.871866 0.320652 0.870474 0.31630400000000003 0.869777 0.31630400000000003 0.869429 0.331522 0.867688 0.33587 0.8722139999999999 0.33587 0.871866 0.320652
3 0.87117 0.343478 0.870474 0.343478 0.870474 0.346739 0.876393 0.346739 0.874652 0.325 0.873607 0.326087 0.872911 0.331522 0.872911 0.338043 0.87117 0.343478
1 0.782382 0.303261 0.781337 0.290217 0.780292 0.291304 0.780292 0.3 0.7788999999999999 0.305435 0.782382 0.303261
1 0.796657 0.31630400000000003 0.797354 0.31521699999999997 0.796309 0.307609 0.796309 0.29782600000000004 0.795265 0.29782600000000004 0.7942199999999999 0.306522 0.7942199999999999 0.311957 0.793175 0.31521699999999997 0.796657 0.31630400000000003
1 0.743733 0.278261 0.743036 0.278261 0.741643 0.291304 0.744081 0.290217 0.743733 0.278261
1 0.70195 0.278261 0.70195 0.275 0.701253 0.27391299999999996 0.700905 0.26413000000000003 0.6998610000000001 0.26413000000000003 0.698816 0.272826 0.698816 0.278261 0.701253 0.27934800000000004 0.70195 0.278261
1 0.65773 0.265217 0.656685 0.253261 0.655989 0.261957 0.655292 0.26413000000000003 0.6556409999999999 0.266304 0.65773 0.265217
1 0.617688 0.24673899999999999 0.616643 0.24565199999999998 0.614903 0.253261 0.618036 0.253261 0.617688 0.24673899999999999
1 0.574164 0.230435 0.5731200000000001 0.233696 0.572772 0.24239099999999997 0.5748610000000001 0.24021699999999999 0.574164 0.230435
1 0.529596 0.22282600000000002 0.528552 0.22282600000000002 0.528203 0.230435 0.528552 0.232609 0.529596 0.232609 0.529596 0.22282600000000002
1 0.439067 0.213043 0.43802199999999997 0.213043 0.437326 0.226087 0.439415 0.225 0.439067 0.213043
1 0.433148 0.227174 0.432103 0.21739099999999997 0.431407 0.216304 0.431407 0.22391299999999997 0.43036199999999997 0.228261 0.432799 0.22934800000000002 0.433148 0.227174
1 0.427925 0.23478300000000002 0.42722800000000005 0.230435 0.42722800000000005 0.218478 0.426532 0.218478 0.425836 0.221739 0.425139 0.23478300000000002 0.427925 0.23478300000000002
1 0.421657 0.24021699999999999 0.42130900000000004 0.231522 0.419916 0.22391299999999997 0.41956800000000005 0.232609 0.418175 0.236957 0.418175 0.23913 0.421657 0.24021699999999999
1 0.415042 0.24565199999999998 0.415042 0.232609 0.414694 0.228261 0.413997 0.228261 0.412256 0.24782600000000002 0.41539000000000004 0.248913 0.41608599999999996 0.24782600000000002 0.415042 0.24565199999999998
1 0.412256 0.25543499999999997 0.410864 0.244565 0.410864 0.236957 0.409819 0.236957 0.40947100000000003 0.24565199999999998 0.40773000000000004 0.25760900000000003 0.412256 0.259783 0.412256 0.25543499999999997
3 0.321727 0.252174 0.321031 0.251087 0.320334 0.24565199999999998 0.319986 0.232609 0.31928999999999996 0.228261 0.318593 0.228261 0.31754899999999997 0.23913 0.31754899999999997 0.248913 0.316504 0.252174 0.321727 0.252174
3 0.338788 0.244565 0.338788 0.24239099999999997 0.337744 0.24021699999999999 0.337396 0.22282600000000002 0.337047 0.220652 0.336003 0.220652 0.335306 0.23913 0.334262 0.24130400000000002 0.334262 0.243478 0.338788 0.244565
3 0.35201899999999997 0.23478300000000002 0.35201899999999997 0.228261 0.350975 0.218478 0.34992999999999996 0.215217 0.34992999999999996 0.220652 0.348886 0.227174 0.348886 0.233696 0.35201899999999997 0.23478300000000002
3 0.35933099999999996 0.213043 0.358287 0.22934800000000002 0.361421 0.22934800000000002 0.360724 0.213043 0.35933099999999996 0.213043
3 0.372911 0.208696 0.372214 0.208696 0.371518 0.220652 0.370822 0.22391299999999997 0.374304 0.22391299999999997 0.372911 0.208696
3 0.386838 0.208696 0.386142 0.208696 0.384749 0.218478 0.387187 0.219565 0.387535 0.21739099999999997 0.386838 0.208696
3 0.397284 0.21086999999999997 0.396588 0.20543499999999998 0.395891 0.20543499999999998 0.395891 0.211957 0.394847 0.218478 0.397284 0.218478 0.397284 0.21086999999999997
3 0.40250700000000006 0.203261 0.402159 0.21086999999999997 0.404596 0.21086999999999997 0.40424800000000005 0.203261 0.40250700000000006 0.203261
3 0.416783 0.21086999999999997 0.416435 0.20108700000000002 0.41539000000000004 0.20108700000000002 0.415042 0.20760900000000002 0.41434499999999996 0.209783 0.41608599999999996 0.211957 0.416783 0.21086999999999997
3 0.427577 0.20108700000000002 0.426532 0.20108700000000002 0.425836 0.211957 0.427925 0.213043 0.427925 0.203261 0.427577 0.20108700000000002
3 0.897632 0.376087 0.904596 0.376087 0.9032030000000001 0.347826 0.901811 0.347826 0.9004179999999999 0.352174 0.8997210000000001 0.36956500000000003 0.897632 0.376087
3 0.8426180000000001 0.30869599999999997 0.841922 0.304348 0.841226 0.304348 0.8405290000000001 0.31630400000000003 0.839485 0.319565 0.8433149999999999 0.319565 0.8426180000000001 0.30869599999999997
3 0.80188 0.304348 0.802577 0.302174 0.802228 0.29239099999999996 0.8015319999999999 0.290217 0.800836 0.291304 0.8004870000000001 0.296739 0.799095 0.303261 0.80188 0.304348
3 0.770195 0.283696 0.7694989999999999 0.280435 0.768454 0.286957 0.768454 0.293478 0.770543 0.29239099999999996 0.770195 0.283696
3 0.734331 0.282609 0.733983 0.270652 0.733287 0.270652 0.7322420000000001 0.27391299999999996 0.7322420000000001 0.282609 0.734331 0.282609
3 0.663997 0.25 0.662953 0.254348 0.662604 0.26087 0.664694 0.261957 0.663997 0.25
3 0.633008 0.24239099999999997 0.632312 0.253261 0.634053 0.253261 0.633705 0.244565 0.633008 0.24239099999999997
3 0.600975 0.24021699999999999 0.59993 0.233696 0.598886 0.24130400000000002 0.5995820000000001 0.244565 0.600627 0.244565 0.600975 0.24021699999999999
3 0.5689420000000001 0.227174 0.568245 0.23478300000000002 0.569986 0.238043 0.569986 0.228261 0.5689420000000001 0.227174
3 0.5407379999999999 0.225 0.54039 0.22282600000000002 0.539345 0.22282600000000002 0.538649 0.22934800000000002 0.539345 0.231522 0.54039 0.231522 0.5407379999999999 0.225
1 0.8185930000000001 0.370652 0.8217269999999999 0.36739099999999997 0.820682 0.36413 0.820682 0.344565 0.81929 0.33913000000000004 0.8182449999999999 0.33913000000000004 0.8168519999999999 0.361957 0.8147629999999999 0.36847799999999997 0.8185930000000001 0.370652
1 0.378482 0.36739099999999997 0.379178 0.366304 0.37883 0.358696 0.377786 0.358696 0.377089 0.356522 0.377089 0.34565199999999996 0.37639300000000003 0.336957 0.375696 0.334783 0.375696 0.322826 0.374652 0.31087 0.37256300000000003 0.31087 0.370125 0.338043 0.36977699999999997 0.365217 0.370125 0.36739099999999997 0.378482 0.36739099999999997
1 0.755223 0.304348 0.754875 0.325 0.757312 0.325 0.756616 0.305435 0.755223 0.304348
3 0.29805000000000004 0.265217 0.297006 0.263043 0.296657 0.258696 0.296657 0.24130400000000002 0.296309 0.23913 0.294916 0.23913 0.293175 0.25543499999999997 0.293175 0.261957 0.29422000000000004 0.265217 0.29805000000000004 0.265217
3 0.452994 0.20760900000000002 0.452994 0.215217 0.454039 0.215217 0.45369099999999996 0.20760900000000002 0.452994 0.20760900000000002
3 0.848189 0.347826 0.848189 0.352174 0.854109 0.352174 0.85376 0.348913 0.852716 0.346739 0.852368 0.33260900000000004 0.850975 0.32717399999999996 0.8502789999999999 0.336957 0.849234 0.341304 0.849234 0.34565199999999996 0.848189 0.347826
3 0.845404 0.343478 0.848886 0.343478 0.84993 0.336957 0.8495820000000001 0.321739 0.8485379999999999 0.321739 0.8478410000000001 0.326087 0.847493 0.33587 0.845404 0.343478
1 0.376045 0.33260900000000004 0.38649 0.33260900000000004 0.386838 0.331522 0.383008 0.319565 0.382312 0.31521699999999997 0.38266 0.31087 0.38126699999999997 0.3 0.38126699999999997 0.29239099999999996 0.38022300000000003 0.28913 0.379178 0.28913 0.378482 0.29239099999999996 0.378482 0.317391 0.376045 0.325 0.376045 0.33260900000000004
1 0.756267 0.33913000000000004 0.756267 0.333696 0.754875 0.32934800000000003 0.754526 0.325 0.754526 0.313043 0.753482 0.31413 0.7527860000000001 0.330435 0.751045 0.33913000000000004 0.756267 0.33913000000000004
1 0.7775070000000001 0.319565 0.7775070000000001 0.301087 0.776462 0.301087 0.7754179999999999 0.31413 0.774373 0.31630400000000003 0.774373 0.318478 0.7775070000000001 0.319565
1 0.48363500000000004 0.213043 0.48328699999999997 0.225 0.48468 0.225 0.48433099999999996 0.216304 0.48363500000000004 0.213043
1 0.45194999999999996 0.213043 0.451602 0.221739 0.452994 0.221739 0.452646 0.21413000000000001 0.45194999999999996 0.213043
2 0.291783 0.269565 0.29422000000000004 0.268478 0.29422000000000004 0.266304 0.292479 0.26087 0.292479 0.24239099999999997 0.291783 0.236957 0.291783 0.226087 0.290738 0.22282600000000002 0.289694 0.22282600000000002 0.288649 0.236957 0.287953 0.261957 0.285515 0.267391 0.291783 0.269565
2 0.301184 0.26413000000000003 0.302228 0.26087 0.301532 0.26087 0.300139 0.25652200000000003 0.300139 0.231522 0.299095 0.220652 0.29805000000000004 0.220652 0.297006 0.236957 0.297006 0.258696 0.297354 0.263043 0.301184 0.26413000000000003
2 0.393802 0.281522 0.399721 0.281522 0.399373 0.269565 0.398677 0.26413000000000003 0.39798100000000003 0.236957 0.396588 0.23586999999999997 0.395543 0.24565199999999998 0.395543 0.25543499999999997 0.39415 0.268478 0.393802 0.281522
3 0.495474 0.211957 0.494777 0.221739 0.496518 0.221739 0.49617000000000006 0.21413000000000001 0.495474 0.211957
1 0.405641 0.269565 0.406337 0.268478 0.40494399999999997 0.261957 0.40529200000000004 0.25760900000000003 0.404596 0.24673899999999999 0.402855 0.24565199999999998 0.40250700000000006 0.263043 0.401462 0.265217 0.401462 0.268478 0.405641 0.269565
2 0.401114 0.27391299999999996 0.40076599999999996 0.24565199999999998 0.399373 0.238043 0.39832900000000004 0.236957 0.40007000000000004 0.27934800000000004 0.402159 0.278261 0.402159 0.276087 0.401114 0.27391299999999996