3 0.546309 0.5 0.545613 0.501087 0.545613 0.508696 0.544568 0.5195649999999999 0.5428270000000001 0.568478 0.541783 0.572826 0.537953 0.575 0.536908 0.578261 0.536908 0.58587 0.533426 0.596739 0.533426 0.6010869999999999 0.5383009999999999 0.6010869999999999 0.538997 0.603261 0.5637190000000001 0.603261 0.567549 0.5956520000000001 0.569986 0.5869570000000001 0.5696380000000001 0.583696 0.5672010000000001 0.581522 0.566852 0.575 0.562326 0.570652 0.5612809999999999 0.5663039999999999 0.558844 0.53913 0.559192 0.530435 0.557451 0.516304 0.557103 0.5 0.55571 0.490217 0.553969 0.463043 0.552577 0.459783 0.54805 0.46087 0.547702 0.463043 0.54805 0.46956499999999995 0.546309 0.5
3 0.577298 0.379348 0.5766020000000001 0.38152200000000003 0.5766020000000001 0.386957 0.577994 0.386957 0.578343 0.38913000000000003 0.587047 0.38913000000000003 0.5884400000000001 0.386957 0.5943590000000001 0.386957 0.59227 0.377174 0.590529 0.377174 0.5898329999999999 0.375 0.589485 0.359783 0.588788 0.356522 0.586351 0.317391 0.582869 0.317391 0.5825210000000001 0.338043 0.581476 0.340217 0.580432 0.377174 0.577298 0.379348
1 0.685585 0.28913 0.6939420000000001 0.290217 0.69429 0.288043 0.693245 0.288043 0.692549 0.28586999999999996 0.6922010000000001 0.27934800000000004 0.691504 0.277174 0.691156 0.258696 0.6904600000000001 0.25543499999999997 0.6904600000000001 0.251087 0.68837 0.251087 0.687674 0.265217 0.6869780000000001 0.267391 0.68663 0.28586999999999996 0.685585 0.28913
1 0.805362 0.32717399999999996 0.80188 0.32934800000000003 0.80188 0.33260900000000004 0.8217269999999999 0.33260900000000004 0.8189420000000001 0.330435 0.8182449999999999 0.326087 0.816156 0.326087 0.8154600000000001 0.323913 0.814415 0.311957 0.8147629999999999 0.307609 0.814067 0.3 0.814067 0.291304 0.8133699999999999 0.290217 0.8130219999999999 0.276087 0.812326 0.27391299999999996 0.8098890000000001 0.27391299999999996 0.8084960000000001 0.296739 0.807451 0.305435 0.807103 0.323913 0.805362 0.32717399999999996
3 0.527855 0.320652 0.536212 0.321739 0.537604 0.319565 0.537604 0.317391 0.535515 0.31413 0.534471 0.291304 0.533774 0.290217 0.5330779999999999 0.277174 0.531685 0.277174 0.530292 0.28913 0.529596 0.31630400000000003 0.527855 0.317391 0.527855 0.320652
1 0.5630219999999999 0.28913 0.5612809999999999 0.281522 0.560237 0.25760900000000003 0.558496 0.25760900000000003 0.5577989999999999 0.284783 0.5560579999999999 0.286957 0.5560579999999999 0.28913 0.5630219999999999 0.28913
3 0.388231 0.30869599999999997 0.388231 0.318478 0.38649 0.321739 0.395543 0.321739 0.395543 0.319565 0.394847 0.319565 0.39415 0.31630400000000003 0.393454 0.306522 0.393454 0.29565199999999997 0.392409 0.293478 0.391713 0.282609 0.389624 0.282609 0.389624 0.293478 0.388928 0.294565 0.388928 0.307609 0.388231 0.30869599999999997
1 0.29979100000000003 0.301087 0.298747 0.298913 0.297702 0.28913 0.297702 0.280435 0.297006 0.27391299999999996 0.295265 0.272826 0.29422000000000004 0.29782600000000004 0.292827 0.298913 0.292827 0.302174 0.29979100000000003 0.301087
3 0.264972 0.330435 0.264624 0.32717399999999996 0.263579 0.32717399999999996 0.262883 0.323913 0.262187 0.305435 0.261142 0.3 0.260794 0.293478 0.258705 0.293478 0.25766 0.323913 0.25626699999999997 0.328261 0.25626699999999997 0.331522 0.264972 0.330435
3 0.177577 0.331522 0.177577 0.328261 0.176184 0.326087 0.176184 0.31630400000000003 0.174443 0.303261 0.174095 0.296739 0.172354 0.296739 0.170961 0.328261 0.169568 0.32934800000000003 0.169568 0.331522 0.177577 0.331522
1 0.241643 0.29565199999999997 0.240599 0.275 0.23885800000000001 0.27391299999999996 0.237813 0.296739 0.236769 0.298913 0.24303599999999997 0.298913 0.241643 0.29565199999999997
3 0.128482 0.322826 0.127786 0.322826 0.127786 0.325 0.135794 0.325 0.135794 0.322826 0.13370500000000002 0.318478 0.13370500000000002 0.305435 0.13266 0.302174 0.13266 0.294565 0.130919 0.294565 0.130919 0.302174 0.12987500000000002 0.306522 0.12987500000000002 0.318478 0.128482 0.322826
3 0.9352370000000001 0.218478 0.9334960000000001 0.198913 0.9327989999999999 0.197826 0.9314069999999999 0.20760900000000002 0.9314069999999999 0.215217 0.93071 0.218478 0.9352370000000001 0.218478
1 0.892061 0.220652 0.8913650000000001 0.219565 0.89032 0.20108700000000002 0.8889279999999999 0.20108700000000002 0.888231 0.216304 0.886838 0.22282600000000002 0.892061 0.22282600000000002 0.892061 0.220652
3 0.827646 0.22391299999999997 0.826602 0.220652 0.826602 0.213043 0.8255570000000001 0.209783 0.8255570000000001 0.206522 0.8245129999999999 0.206522 0.8245129999999999 0.209783 0.8238160000000001 0.211957 0.8234680000000001 0.22391299999999997 0.827646 0.22391299999999997
3 0.7395539999999999 0.21086999999999997 0.738858 0.21086999999999997 0.737465 0.228261 0.741295 0.228261 0.740599 0.226087 0.7395539999999999 0.21086999999999997
3 0.6657379999999999 0.216304 0.664345 0.231522 0.6674789999999999 0.231522 0.666435 0.216304 0.6657379999999999 0.216304
1 0.5898329999999999 0.236957 0.589136 0.22282600000000002 0.588092 0.221739 0.587744 0.233696 0.587047 0.23913 0.590529 0.23913 0.5898329999999999 0.236957
1 0.530292 0.231522 0.529248 0.227174 0.5288999999999999 0.23913 0.528203 0.244565 0.530989 0.244565 0.530292 0.231522
3 0.526114 0.225 0.5254179999999999 0.225 0.524721 0.236957 0.524025 0.23913 0.5271589999999999 0.23913 0.526114 0.225
3 0.461003 0.230435 0.459958 0.23586999999999997 0.459262 0.24565199999999998 0.462047 0.24565199999999998 0.461003 0.230435
1 0.42722800000000005 0.248913 0.42722800000000005 0.24021699999999999 0.426184 0.23913 0.425836 0.248913 0.42479100000000003 0.25543499999999997 0.428273 0.25543499999999997 0.42722800000000005 0.248913
1 0.398677 0.293478 0.403203 0.294565 0.40424800000000005 0.29239099999999996 0.403552 0.290217 0.402855 0.27391299999999996 0.40181100000000003 0.266304 0.401114 0.265217 0.40076599999999996 0.272826 0.40007000000000004 0.275 0.399373 0.291304 0.398677 0.293478
3 0.40424800000000005 0.252174 0.403552 0.238043 0.402855 0.238043 0.402159 0.24239099999999997 0.401462 0.252174 0.40424800000000005 0.252174
1 0.36734 0.24673899999999999 0.366295 0.24565199999999998 0.36594699999999997 0.25760900000000003 0.365251 0.261957 0.36873300000000003 0.261957 0.36734 0.24673899999999999
3 0.334958 0.24565199999999998 0.334262 0.258696 0.337396 0.258696 0.336351 0.24565199999999998 0.334958 0.24565199999999998
1 0.304318 0.252174 0.303273 0.267391 0.306407 0.267391 0.305362 0.252174 0.304318 0.252174
3 0.282033 0.26413000000000003 0.28481900000000004 0.26413000000000003 0.283774 0.252174 0.282033 0.26413000000000003
3 0.225279 0.269565 0.22493 0.25760900000000003 0.22353800000000001 0.25760900000000003 0.223189 0.269565 0.222493 0.271739 0.22597499999999998 0.271739 0.225279 0.269565
1 0.216922 0.290217 0.216922 0.286957 0.21622599999999997 0.28586999999999996 0.215877 0.272826 0.21518099999999998 0.270652 0.213788 0.270652 0.21344 0.28586999999999996 0.212744 0.29239099999999996 0.217618 0.29239099999999996 0.216922 0.290217
1 0.20647600000000002 0.267391 0.206128 0.265217 0.205432 0.265217 0.204039 0.280435 0.207521 0.280435 0.20647600000000002 0.27391299999999996 0.20647600000000002 0.267391
3 0.163301 0.263043 0.162604 0.26413000000000003 0.16155999999999998 0.27934800000000004 0.16434500000000002 0.27934800000000004 0.163301 0.263043
1 0.141713 0.278261 0.141713 0.271739 0.140669 0.270652 0.14032 0.278261 0.138928 0.286957 0.143106 0.286957 0.141713 0.278261
3 0.12117 0.304348 0.12117 0.29565199999999997 0.120125 0.29239099999999996 0.120125 0.286957 0.118733 0.28586999999999996 0.11768799999999999 0.306522 0.11664300000000001 0.31087 0.122563 0.31087 0.12117 0.304348
3 0.108287 0.272826 0.10724199999999999 0.284783 0.11002799999999999 0.284783 0.109331 0.272826 0.108287 0.272826
1 0.073468 0.28913 0.072772 0.286957 0.072772 0.27934800000000004 0.072075 0.272826 0.071379 0.272826 0.070682 0.283696 0.06928999999999999 0.28913 0.073468 0.28913
1 0.780292 0.227174 0.7851670000000001 0.227174 0.784471 0.225 0.783774 0.206522 0.78273 0.206522 0.781685 0.215217 0.781337 0.225 0.780292 0.227174
1 0.718663 0.231522 0.717618 0.218478 0.716226 0.213043 0.715529 0.21739099999999997 0.7151810000000001 0.22934800000000002 0.714485 0.231522 0.718663 0.231522
1 0.646936 0.227174 0.646936 0.219565 0.645891 0.21739099999999997 0.645195 0.231522 0.64415 0.23586999999999997 0.648329 0.23586999999999997 0.646936 0.227174
1 0.47841199999999995 0.244565 0.478064 0.233696 0.477019 0.233696 0.47667099999999996 0.243478 0.47562699999999997 0.25 0.479457 0.25 0.47841199999999995 0.244565
1 0.25626699999999997 0.266304 0.25626699999999997 0.259783 0.255571 0.258696 0.254526 0.271739 0.25383 0.27391299999999996 0.25766 0.27391299999999996 0.25626699999999997 0.266304
1 0.129178 0.296739 0.128134 0.29239099999999996 0.127786 0.280435 0.127089 0.277174 0.12604500000000002 0.277174 0.125696 0.290217 0.124304 0.29782600000000004 0.12883 0.298913 0.129178 0.296739