3 0.282033 0.6141300000000001 0.28098900000000004 0.6358699999999999 0.28447100000000003 0.6380429999999999 0.28273000000000004 0.677174 0.281685 0.679348 0.279248 0.680435 0.277507 0.68587 0.27681100000000003 0.693478 0.27507000000000004 0.697826 0.27298100000000003 0.7 0.27298100000000003 0.7021740000000001 0.290738 0.706522 0.29979100000000003 0.706522 0.31371899999999997 0.690217 0.314067 0.688043 0.30988899999999997 0.684783 0.30954000000000004 0.679348 0.30745100000000003 0.676087 0.303273 0.676087 0.29979100000000003 0.616304 0.295265 0.568478 0.289345 0.567391 0.28656000000000004 0.615217 0.285864 0.617391 0.28273000000000004 0.61087 0.282033 0.6141300000000001
3 0.43454 0.540217 0.432799 0.541304 0.432799 0.544565 0.448816 0.545652 0.45543199999999995 0.541304 0.455084 0.5380429999999999 0.453343 0.5380429999999999 0.452994 0.5336960000000001 0.45020899999999997 0.532609 0.44951299999999994 0.5293479999999999 0.44603099999999996 0.470652 0.442201 0.470652 0.438719 0.5293479999999999 0.43802199999999997 0.532609 0.435585 0.5336960000000001 0.43454 0.540217
3 0.5194989999999999 0.483696 0.5177579999999999 0.48586999999999997 0.5177579999999999 0.48804299999999995 0.533774 0.48804299999999995 0.533774 0.48586999999999997 0.53273 0.484783 0.532382 0.481522 0.529944 0.479348 0.5275070000000001 0.43478300000000003 0.524373 0.433696 0.5229809999999999 0.452174 0.521936 0.479348 0.5194989999999999 0.481522 0.5194989999999999 0.483696
3 0.632312 0.44782599999999995 0.632312 0.45 0.642061 0.45 0.641713 0.44782599999999995 0.64032 0.44782599999999995 0.639624 0.44565200000000005 0.639972 0.44239100000000003 0.637883 0.409783 0.635794 0.409783 0.635097 0.430435 0.634053 0.443478 0.633357 0.446739 0.632312 0.44782599999999995
3 0.740251 0.426087 0.740251 0.428261 0.748259 0.428261 0.748259 0.425 0.746518 0.41956499999999997 0.745125 0.393478 0.743036 0.393478 0.74234 0.41630399999999995 0.741643 0.41956499999999997 0.741643 0.42391300000000004 0.740251 0.426087
3 0.8165039999999999 0.415217 0.8165039999999999 0.41304299999999994 0.8154600000000001 0.411957 0.814067 0.38587 0.812326 0.38587 0.810585 0.41086999999999996 0.809192 0.41304299999999994 0.809192 0.415217 0.8165039999999999 0.415217
3 0.773329 0.40217400000000003 0.773329 0.404348 0.779596 0.404348 0.779596 0.40108699999999997 0.778552 0.39891299999999996 0.7775070000000001 0.378261 0.775766 0.378261 0.775766 0.38260900000000003 0.774721 0.386957 0.774373 0.4 0.773329 0.40217400000000003
3 0.706476 0.406522 0.712744 0.406522 0.712744 0.403261 0.711351 0.40108699999999997 0.710306 0.38152200000000003 0.708217 0.38152200000000003 0.707869 0.394565 0.7071729999999999 0.40217400000000003 0.706476 0.403261 0.706476 0.406522
3 0.237813 0.38587 0.23537599999999997 0.38587 0.23433099999999998 0.404348 0.23328700000000002 0.40869600000000006 0.23885800000000001 0.40869600000000006 0.237813 0.38587
3 0.32694999999999996 0.41304299999999994 0.32694999999999996 0.407609 0.327994 0.404348 0.327994 0.40108699999999997 0.326602 0.396739 0.326602 0.394565 0.324861 0.393478 0.324513 0.404348 0.322423 0.418478 0.328343 0.418478 0.32694999999999996 0.41304299999999994
3 0.418872 0.420652 0.41782700000000006 0.418478 0.416783 0.397826 0.415042 0.396739 0.41434499999999996 0.417391 0.412953 0.422826 0.418872 0.422826 0.418872 0.420652
3 0.5275070000000001 0.420652 0.533426 0.420652 0.532382 0.41413 0.531337 0.393478 0.529944 0.393478 0.529248 0.39891299999999996 0.528552 0.41630399999999995 0.5275070000000001 0.418478 0.5275070000000001 0.420652
3 0.62117 0.411957 0.62117 0.41413 0.626741 0.41413 0.626741 0.41086999999999996 0.625348 0.406522 0.624304 0.38913000000000003 0.623259 0.38913000000000003 0.623259 0.393478 0.6222139999999999 0.396739 0.622563 0.407609 0.62117 0.411957
1 0.74617 0.676087 0.745474 0.6836960000000001 0.740599 0.686957 0.740599 0.6913039999999999 0.761838 0.704348 0.7677579999999999 0.704348 0.7851670000000001 0.693478 0.783774 0.68913 0.780292 0.686957 0.779944 0.680435 0.779248 0.678261 0.773677 0.670652 0.765669 0.559783 0.758357 0.559783 0.752089 0.6728259999999999 0.747911 0.673913 0.74617 0.676087
1 0.717618 0.492391 0.715529 0.518478 0.7148329999999999 0.521739 0.712396 0.522826 0.7116990000000001 0.5336960000000001 0.7301529999999999 0.5336960000000001 0.731198 0.531522 0.731198 0.527174 0.7301529999999999 0.5239130000000001 0.728412 0.522826 0.727368 0.518478 0.723538 0.459783 0.719011 0.45869600000000005 0.717618 0.483696 0.716226 0.48695700000000003 0.716226 0.48913 0.717618 0.492391
1 0.908774 0.407609 0.908774 0.404348 0.9073819999999999 0.40108699999999997 0.9063370000000001 0.38043499999999997 0.9038999999999999 0.38043499999999997 0.903552 0.396739 0.9021589999999999 0.404348 0.9021589999999999 0.407609 0.908774 0.407609
1 0.822772 0.38587 0.8220750000000001 0.370652 0.8203340000000001 0.370652 0.8189420000000001 0.38152200000000003 0.8185930000000001 0.393478 0.824164 0.393478 0.822772 0.38587
1 0.5560579999999999 0.41086999999999996 0.5560579999999999 0.40543500000000005 0.554666 0.404348 0.554666 0.38587 0.552228 0.38587 0.5518799999999999 0.40217400000000003 0.550836 0.406522 0.550836 0.41086999999999996 0.5560579999999999 0.41086999999999996
1 0.454039 0.41413 0.452646 0.404348 0.452298 0.391304 0.450557 0.391304 0.449861 0.41086999999999996 0.448816 0.411957 0.448816 0.41413 0.454039 0.41413
1 0.358635 0.41086999999999996 0.364206 0.41086999999999996 0.364206 0.40869600000000006 0.363162 0.406522 0.362465 0.38913000000000003 0.360376 0.38913000000000003 0.35968 0.395652 0.35968 0.40543500000000005 0.358635 0.40869600000000006 0.358635 0.41086999999999996
1 0.29596100000000003 0.40217400000000003 0.29596100000000003 0.4 0.294916 0.397826 0.294916 0.38152200000000003 0.29213100000000003 0.38043499999999997 0.291435 0.397826 0.29039000000000004 0.4 0.29039000000000004 0.40217400000000003 0.29596100000000003 0.40217400000000003
1 0.9164350000000001 0.45543500000000003 0.9164350000000001 0.45 0.9157379999999999 0.44782599999999995 0.913997 0.446739 0.913997 0.43587 0.912256 0.42934799999999995 0.911908 0.409783 0.908774 0.409783 0.9063370000000001 0.444565 0.9049440000000001 0.44782599999999995 0.9049440000000001 0.454348 0.9164350000000001 0.45543500000000003
1 0.8238160000000001 0.476087 0.836351 0.476087 0.836699 0.471739 0.83461 0.46630399999999994 0.832173 0.421739 0.8286910000000001 0.421739 0.8269500000000001 0.453261 0.8255570000000001 0.467391 0.8238160000000001 0.470652 0.8238160000000001 0.476087
1 0.740599 0.395652 0.740599 0.390217 0.7395539999999999 0.38913000000000003 0.7395539999999999 0.384783 0.738858 0.383696 0.738858 0.370652 0.736072 0.370652 0.736072 0.38587 0.735028 0.38913000000000003 0.735028 0.395652 0.740599 0.395652
1 0.6525070000000001 0.40108699999999997 0.6525070000000001 0.396739 0.651462 0.395652 0.651462 0.392391 0.650766 0.390217 0.650766 0.38043499999999997 0.65007 0.377174 0.648677 0.377174 0.6479809999999999 0.395652 0.646588 0.397826 0.646588 0.40108699999999997 0.6525070000000001 0.40108699999999997
1 0.224582 0.395652 0.22945700000000002 0.395652 0.22945700000000002 0.38913000000000003 0.22876 0.386957 0.22876 0.376087 0.228412 0.373913 0.226323 0.373913 0.22562700000000002 0.38152200000000003 0.22562700000000002 0.390217 0.224582 0.392391 0.224582 0.395652
3 0.177925 0.403261 0.17687999999999998 0.395652 0.17687999999999998 0.38913000000000003 0.175836 0.379348 0.174095 0.379348 0.17304999999999998 0.396739 0.171657 0.40108699999999997 0.171657 0.403261 0.177925 0.403261
1 0.155292 0.383696 0.154944 0.372826 0.15285500000000002 0.372826 0.152159 0.38913000000000003 0.151114 0.392391 0.15668500000000002 0.392391 0.155292 0.383696
3 0.092967 0.407609 0.092967 0.40543500000000005 0.091922 0.403261 0.091574 0.393478 0.090181 0.38260900000000003 0.088092 0.38260900000000003 0.087047 0.40108699999999997 0.086003 0.404348 0.086003 0.407609 0.092967 0.407609
1 0.064415 0.40217400000000003 0.063022 0.38043499999999997 0.060585 0.38043499999999997 0.060237 0.393478 0.059192 0.396739 0.058843999999999994 0.40217400000000003 0.064415 0.40217400000000003