3 0.560933 0.5195649999999999 0.5595399999999999 0.545652 0.558844 0.5478259999999999 0.556755 0.546739 0.555014 0.554348 0.552577 0.555435 0.552577 0.5586960000000001 0.5595399999999999 0.563043 0.575557 0.563043 0.578691 0.559783 0.578343 0.557609 0.57695 0.557609 0.576253 0.555435 0.576253 0.55 0.572423 0.548913 0.572423 0.527174 0.5731200000000001 0.526087 0.5713790000000001 0.504348 0.570334 0.501087 0.5696380000000001 0.47717400000000004 0.5689420000000001 0.47391300000000003 0.5654600000000001 0.47391300000000003 0.564415 0.48586999999999997 0.5630219999999999 0.49347799999999997 0.5630219999999999 0.5 0.560933 0.5195649999999999
3 0.875348 0.506522 0.874652 0.509783 0.8725630000000001 0.5108699999999999 0.8725630000000001 0.517391 0.8756959999999999 0.5195649999999999 0.8892760000000001 0.5195649999999999 0.8892760000000001 0.516304 0.8878830000000001 0.511957 0.8861420000000001 0.511957 0.885446 0.508696 0.884749 0.484783 0.884053 0.481522 0.884053 0.47391300000000003 0.882312 0.457609 0.879526 0.457609 0.8774369999999999 0.476087 0.8774369999999999 0.48586999999999997 0.8756959999999999 0.496739 0.875348 0.506522
0 0.635097 0.38587 0.6354460000000001 0.383696 0.634401 0.38043499999999997 0.633705 0.365217 0.63266 0.365217 0.631964 0.376087 0.630919 0.38152200000000003 0.630919 0.38587 0.635097 0.38587
0 0.601323 0.38260900000000003 0.599234 0.36413 0.5978410000000001 0.377174 0.596448 0.38260900000000003 0.596797 0.383696 0.601323 0.38260900000000003
0 0.566156 0.378261 0.565111 0.376087 0.564415 0.36086999999999997 0.56337 0.36086999999999997 0.5630219999999999 0.36847799999999997 0.5612809999999999 0.38152200000000003 0.566156 0.38152200000000003 0.566156 0.378261
0 0.25383 0.36086999999999997 0.25383 0.357609 0.252786 0.355435 0.252089 0.340217 0.25 0.33913000000000004 0.24930400000000003 0.353261 0.248259 0.357609 0.248259 0.36086999999999997 0.25383 0.36086999999999997
0 0.201602 0.363043 0.207521 0.363043 0.207521 0.358696 0.206128 0.356522 0.205432 0.341304 0.204039 0.340217 0.203343 0.353261 0.20264600000000002 0.357609 0.201602 0.359783 0.201602 0.363043
0 0.159471 0.361957 0.16538999999999998 0.361957 0.16538999999999998 0.358696 0.164694 0.358696 0.163649 0.353261 0.163649 0.344565 0.162953 0.336957 0.161908 0.336957 0.161212 0.340217 0.160864 0.354348 0.159471 0.358696 0.159471 0.361957
0 0.104805 0.358696 0.104805 0.361957 0.112117 0.363043 0.112117 0.359783 0.110376 0.354348 0.11002799999999999 0.338043 0.109331 0.334783 0.10759099999999999 0.334783 0.106894 0.338043 0.106546 0.352174 0.10585 0.357609 0.104805 0.358696
3 0.365599 0.563043 0.362465 0.576087 0.35968 0.6054350000000001 0.361769 0.61087 0.360724 0.626087 0.358287 0.626087 0.35585 0.6304350000000001 0.35550099999999996 0.6380429999999999 0.352716 0.643478 0.352716 0.6489130000000001 0.353412 0.65 0.381616 0.65 0.384749 0.646739 0.388231 0.6380429999999999 0.388231 0.6358699999999999 0.387535 0.6358699999999999 0.386838 0.632609 0.383705 0.627174 0.379178 0.626087 0.379178 0.6195649999999999 0.375696 0.567391 0.374304 0.530435 0.373259 0.522826 0.36873300000000003 0.522826 0.36734 0.528261 0.366992 0.5423910000000001 0.365599 0.563043
3 0.714485 0.5380429999999999 0.733635 0.536957 0.733983 0.534783 0.732591 0.530435 0.729457 0.526087 0.7287600000000001 0.509783 0.726671 0.49347799999999997 0.726671 0.47717400000000004 0.725975 0.47282599999999997 0.725975 0.467391 0.7245820000000001 0.463043 0.721797 0.463043 0.71727 0.5239130000000001 0.716574 0.526087 0.714485 0.527174 0.714485 0.5380429999999999
0 0.525766 0.359783 0.524025 0.377174 0.528203 0.377174 0.5271589999999999 0.36086999999999997 0.525766 0.359783