1 0.346797 0.618478 0.342618 0.622826 0.339833 0.634783 0.336351 0.636957 0.336003 0.640217 0.34401099999999996 0.65 0.354109 0.6586960000000001 0.362465 0.6586960000000001 0.368384 0.6543479999999999 0.375348 0.652174 0.377786 0.6489130000000001 0.38405300000000003 0.645652 0.384401 0.640217 0.379178 0.634783 0.378134 0.631522 0.378134 0.626087 0.37743699999999997 0.622826 0.371518 0.616304 0.366643 0.534783 0.36490300000000003 0.490217 0.363858 0.48804299999999995 0.357591 0.48913 0.356546 0.494565 0.353064 0.551087 0.34784099999999996 0.615217 0.346797 0.618478
1 0.053273 0.47391300000000003 0.05118399999999999 0.47717400000000004 0.051532 0.49130399999999996 0.061280999999999995 0.496739 0.068942 0.496739 0.072423 0.49347799999999997 0.080432 0.49130399999999996 0.087396 0.48695700000000003 0.087744 0.483696 0.083565 0.481522 0.082521 0.47282599999999997 0.07694999999999999 0.468478 0.070682 0.392391 0.069986 0.375 0.063719 0.375 0.062326000000000006 0.388043 0.057103 0.46956499999999995 0.056058 0.47391300000000003 0.053273 0.47391300000000003
1 0.094708 0.238043 0.102716 0.23913 0.103064 0.236957 0.102019 0.233696 0.10132300000000001 0.227174 0.10027900000000001 0.209783 0.098538 0.209783 0.097841 0.215217 0.097493 0.22934800000000002 0.096448 0.23478300000000002 0.094708 0.238043
3 0.139624 0.22391299999999997 0.139276 0.211957 0.138231 0.20434800000000003 0.137187 0.20434800000000003 0.136142 0.22391299999999997 0.134749 0.22934800000000002 0.14136500000000002 0.22934800000000002 0.139624 0.22391299999999997
3 0.199861 0.226087 0.199513 0.215217 0.198816 0.211957 0.19812000000000002 0.211957 0.197423 0.227174 0.195682 0.23478300000000002 0.201602 0.23586999999999997 0.199861 0.226087
3 0.236072 0.216304 0.23502800000000001 0.216304 0.233983 0.233696 0.232939 0.236957 0.23816199999999998 0.238043 0.236072 0.216304
1 0.208914 0.24782600000000002 0.207173 0.24021699999999999 0.20647600000000002 0.221739 0.204387 0.220652 0.203343 0.24130400000000002 0.20090499999999997 0.248913 0.20856499999999997 0.25 0.208914 0.24782600000000002
1 0.281337 0.254348 0.281685 0.251087 0.280292 0.24673899999999999 0.280292 0.236957 0.279596 0.228261 0.278552 0.227174 0.27715900000000004 0.24565199999999998 0.275418 0.252174 0.27681100000000003 0.254348 0.281337 0.254348
3 0.277855 0.228261 0.27890000000000004 0.226087 0.278552 0.21739099999999997 0.277507 0.21739099999999997 0.275766 0.23913 0.27715900000000004 0.23913 0.277855 0.228261
3 0.30988899999999997 0.232609 0.30954000000000004 0.220652 0.308844 0.218478 0.307799 0.218478 0.307103 0.23586999999999997 0.306058 0.23913 0.310933 0.23913 0.30988899999999997 0.232609
3 0.348886 0.230435 0.348538 0.219565 0.347493 0.218478 0.346448 0.232609 0.345404 0.236957 0.350279 0.236957 0.348886 0.230435
3 0.332521 0.23913 0.331128 0.230435 0.331128 0.221739 0.33077999999999996 0.219565 0.330084 0.219565 0.329387 0.22391299999999997 0.329387 0.230435 0.327994 0.23913 0.332521 0.23913
3 0.358287 0.228261 0.357939 0.21739099999999997 0.356894 0.220652 0.35585 0.23478300000000002 0.35933099999999996 0.23478300000000002 0.358287 0.228261
3 0.35968 0.232609 0.363162 0.232609 0.361769 0.21739099999999997 0.361072 0.216304 0.360724 0.221739 0.35968 0.225 0.360376 0.227174 0.35968 0.232609
3 0.361769 0.211957 0.361072 0.211957 0.361072 0.215217 0.362117 0.21739099999999997 0.363162 0.228261 0.361769 0.211957
1 0.339485 0.244565 0.339136 0.230435 0.337396 0.22934800000000002 0.336351 0.24782600000000002 0.334958 0.252174 0.340877 0.253261 0.339485 0.244565
1 0.383705 0.253261 0.38266 0.248913 0.38266 0.238043 0.381616 0.22934800000000002 0.380571 0.231522 0.379526 0.24782600000000002 0.377786 0.253261 0.383705 0.253261
1 0.403552 0.251087 0.409123 0.251087 0.408078 0.24782600000000002 0.408078 0.238043 0.40703300000000003 0.22934800000000002 0.40598900000000004 0.230435 0.40529200000000004 0.236957 0.40529200000000004 0.244565 0.403552 0.251087
1 0.944638 0.31413 0.9432449999999999 0.298913 0.942549 0.3 0.942549 0.304348 0.940808 0.31413 0.944638 0.31413
3 0.372214 0.21086999999999997 0.371518 0.21086999999999997 0.37117 0.21739099999999997 0.370125 0.22282600000000002 0.373259 0.22282600000000002 0.372214 0.21086999999999997
1 0.433844 0.244565 0.432799 0.228261 0.432103 0.22934800000000002 0.431407 0.24021699999999999 0.43036199999999997 0.244565 0.433844 0.244565
1 0.43036199999999997 0.22391299999999997 0.428273 0.24021699999999999 0.431058 0.24021699999999999 0.431058 0.228261 0.43036199999999997 0.22391299999999997
1 0.425836 0.21739099999999997 0.425836 0.231522 0.42722800000000005 0.231522 0.426532 0.220652 0.425836 0.21739099999999997
1 0.435237 0.230435 0.43802199999999997 0.230435 0.43697800000000003 0.218478 0.435237 0.230435
3 0.432799 0.227174 0.435237 0.227174 0.43454 0.216304 0.432799 0.227174
1 0.454039 0.232609 0.456825 0.231522 0.456128 0.22934800000000002 0.45578 0.219565 0.455084 0.221739 0.454735 0.228261 0.45369099999999996 0.230435 0.454039 0.232609
1 0.48189399999999993 0.22282600000000002 0.481198 0.230435 0.48015299999999994 0.23478300000000002 0.482939 0.23478300000000002 0.48189399999999993 0.22282600000000002
3 0.475279 0.221739 0.474582 0.220652 0.474582 0.225 0.473538 0.231522 0.47597500000000004 0.231522 0.475279 0.221739
1 0.511142 0.227174 0.5104460000000001 0.23478300000000002 0.509401 0.23913 0.512535 0.23913 0.511142 0.227174
3 0.518454 0.227174 0.517409 0.238043 0.5198470000000001 0.238043 0.51915 0.228261 0.518454 0.227174
1 0.533774 0.243478 0.5365599999999999 0.243478 0.535515 0.231522 0.533774 0.243478
1 0.5689420000000001 0.25 0.568245 0.24782600000000002 0.567897 0.236957 0.5672010000000001 0.238043 0.566852 0.244565 0.5654600000000001 0.25 0.5689420000000001 0.25
3 0.599234 0.24021699999999999 0.598538 0.24021699999999999 0.597145 0.251087 0.600279 0.251087 0.599234 0.24673899999999999 0.599234 0.24021699999999999
1 0.606546 0.25652200000000003 0.60585 0.254348 0.6051529999999999 0.24239099999999997 0.604109 0.24565199999999998 0.604109 0.251087 0.603064 0.25652200000000003 0.606546 0.25652200000000003
3 0.674095 0.266304 0.6733979999999999 0.261957 0.67305 0.252174 0.672006 0.25543499999999997 0.672006 0.26087 0.6709609999999999 0.266304 0.674095 0.266304
2 0.638231 0.26087 0.637535 0.243478 0.636838 0.243478 0.636142 0.254348 0.634749 0.263043 0.638928 0.26413000000000003 0.638231 0.26087
2 0.645891 0.26087 0.645891 0.251087 0.645195 0.243478 0.6431060000000001 0.25760900000000003 0.6427579999999999 0.26413000000000003 0.646588 0.26413000000000003 0.645891 0.26087
2 0.6678270000000001 0.266304 0.670613 0.266304 0.6709609999999999 0.26413000000000003 0.669916 0.244565 0.6692199999999999 0.24673899999999999 0.668872 0.25543499999999997 0.667131 0.26413000000000003 0.6678270000000001 0.266304
2 0.677577 0.263043 0.6768799999999999 0.24673899999999999 0.676184 0.24673899999999999 0.675836 0.25760900000000003 0.674443 0.266304 0.678273 0.266304 0.677577 0.263043
1 0.691504 0.27391299999999996 0.6904600000000001 0.259783 0.689763 0.26087 0.689415 0.268478 0.68837 0.27391299999999996 0.691504 0.27391299999999996
3 0.722145 0.275 0.721448 0.27391299999999996 0.720752 0.263043 0.719708 0.266304 0.7193590000000001 0.272826 0.718663 0.275 0.722145 0.275
3 0.747563 0.27934800000000004 0.746866 0.278261 0.746518 0.269565 0.745474 0.267391 0.744429 0.278261 0.743733 0.280435 0.746866 0.281522 0.747563 0.27934800000000004
3 0.7775070000000001 0.28586999999999996 0.776811 0.281522 0.776462 0.272826 0.7754179999999999 0.271739 0.774721 0.282609 0.774025 0.28586999999999996 0.776811 0.286957 0.7775070000000001 0.28586999999999996
1 0.770543 0.290217 0.773677 0.28913 0.7729809999999999 0.28586999999999996 0.772632 0.27391299999999996 0.771936 0.27391299999999996 0.7712399999999999 0.284783 0.7698470000000001 0.288043 0.770543 0.290217
3 0.8081480000000001 0.277174 0.807451 0.277174 0.805362 0.291304 0.8095399999999999 0.291304 0.8081480000000001 0.277174
3 0.8603759999999999 0.298913 0.85968 0.29565199999999997 0.8589829999999999 0.284783 0.858287 0.284783 0.857242 0.294565 0.856198 0.298913 0.8603759999999999 0.298913
3 0.8743040000000001 0.288043 0.873259 0.286957 0.87117 0.301087 0.8756959999999999 0.301087 0.874652 0.296739 0.8743040000000001 0.288043
3 0.918175 0.303261 0.916783 0.290217 0.916086 0.291304 0.91539 0.3 0.914345 0.303261 0.918175 0.303261
3 0.39832900000000004 0.213043 0.397632 0.220652 0.396588 0.22391299999999997 0.399373 0.22391299999999997 0.39832900000000004 0.213043
1 0.428273 0.238043 0.42931800000000003 0.230435 0.42896900000000004 0.22282600000000002 0.428273 0.22391299999999997 0.42722800000000005 0.23478300000000002 0.426184 0.23913 0.428273 0.238043
1 0.420613 0.231522 0.41956800000000005 0.226087 0.41922 0.21739099999999997 0.418175 0.22282600000000002 0.418175 0.227174 0.41713100000000003 0.231522 0.420613 0.231522
3 0.562674 0.244565 0.56163 0.236957 0.56163 0.232609 0.560933 0.233696 0.560933 0.238043 0.559889 0.244565 0.562674 0.244565
1 0.642409 0.26413000000000003 0.641713 0.25 0.641017 0.251087 0.641017 0.25652200000000003 0.639624 0.26413000000000003 0.642409 0.26413000000000003
1 0.728412 0.281522 0.727368 0.276087 0.7270190000000001 0.267391 0.726323 0.267391 0.725975 0.27391299999999996 0.724234 0.281522 0.728412 0.281522
3 0.8342620000000001 0.282609 0.833217 0.281522 0.831825 0.294565 0.835655 0.29565199999999997 0.834958 0.293478 0.8342620000000001 0.282609
1 0.8286910000000001 0.301087 0.832869 0.301087 0.832869 0.298913 0.831476 0.29565199999999997 0.831476 0.284783 0.8307800000000001 0.284783 0.830084 0.28913 0.830084 0.294565 0.8286910000000001 0.301087
1 0.8826599999999999 0.307609 0.881616 0.302174 0.881267 0.291304 0.880223 0.29239099999999996 0.879526 0.303261 0.878134 0.307609 0.8826599999999999 0.307609
3 0.8896240000000001 0.296739 0.8889279999999999 0.288043 0.888231 0.286957 0.88649 0.298913 0.889972 0.3 0.89032 0.29782600000000004 0.8896240000000001 0.296739
1 0.916086 0.311957 0.9164350000000001 0.31413 0.9209609999999999 0.313043 0.919916 0.305435 0.9195679999999999 0.296739 0.918524 0.29782600000000004 0.918524 0.303261 0.9174789999999999 0.30869599999999997 0.916086 0.311957
1 0.424443 0.233696 0.423747 0.230435 0.420961 0.24782600000000002 0.42548700000000006 0.24782600000000002 0.42479100000000003 0.244565 0.424443 0.233696
1 0.42548700000000006 0.232609 0.42548700000000006 0.22391299999999997 0.42479100000000003 0.221739 0.424095 0.230435 0.42479100000000003 0.236957 0.426184 0.236957 0.42548700000000006 0.232609