3 0.297006 0.6054350000000001 0.296309 0.607609 0.295613 0.615217 0.292827 0.622826 0.292827 0.626087 0.31754899999999997 0.627174 0.322423 0.621739 0.326253 0.6141300000000001 0.326253 0.6119570000000001 0.323468 0.61087 0.322772 0.604348 0.321031 0.602174 0.318942 0.602174 0.318245 0.598913 0.311978 0.508696 0.306407 0.508696 0.301184 0.598913 0.300139 0.603261 0.297006 0.6054350000000001
3 0.324164 0.506522 0.324164 0.509783 0.322075 0.5130429999999999 0.322075 0.515217 0.339136 0.516304 0.342967 0.5108699999999999 0.342967 0.508696 0.341574 0.506522 0.341574 0.503261 0.339833 0.503261 0.338788 0.501087 0.334958 0.441304 0.330432 0.441304 0.327298 0.501087 0.326602 0.503261 0.324861 0.504348 0.324164 0.506522
3 0.356894 0.44021699999999997 0.370474 0.44021699999999997 0.371518 0.43804299999999996 0.371518 0.43587 0.367688 0.431522 0.365599 0.393478 0.362465 0.393478 0.35968 0.431522 0.358983 0.433696 0.357939 0.433696 0.356894 0.44021699999999997
3 0.443942 0.417391 0.454039 0.417391 0.454039 0.41413 0.451602 0.409783 0.45020899999999997 0.38043499999999997 0.44777199999999995 0.38043499999999997 0.44568199999999997 0.40869600000000006 0.444986 0.41304299999999994 0.443942 0.41304299999999994 0.443942 0.417391
3 0.530292 0.40108699999999997 0.529944 0.403261 0.5288999999999999 0.403261 0.5288999999999999 0.407609 0.537604 0.407609 0.537604 0.404348 0.5351670000000001 0.396739 0.534123 0.373913 0.531337 0.373913 0.530989 0.38152200000000003 0.5288999999999999 0.390217 0.5288999999999999 0.394565 0.530292 0.40108699999999997
3 0.6072420000000001 0.393478 0.60585 0.397826 0.604805 0.397826 0.604805 0.40217400000000003 0.61351 0.40217400000000003 0.61351 0.39891299999999996 0.611769 0.390217 0.611072 0.36956500000000003 0.608287 0.36956500000000003 0.607591 0.378261 0.606546 0.38260900000000003 0.606546 0.38913000000000003 0.6072420000000001 0.393478
3 0.6862809999999999 0.39891299999999996 0.6862809999999999 0.40217400000000003 0.6939420000000001 0.403261 0.693593 0.396739 0.6922010000000001 0.38913000000000003 0.691156 0.371739 0.6887190000000001 0.371739 0.6887190000000001 0.379348 0.687674 0.383696 0.687326 0.395652 0.6862809999999999 0.39891299999999996
3 0.7851670000000001 0.40108699999999997 0.7848189999999999 0.40543500000000005 0.789345 0.40869600000000006 0.790042 0.406522 0.793175 0.404348 0.793175 0.4 0.791783 0.39891299999999996 0.79039 0.38587 0.790042 0.376087 0.787604 0.377174 0.787256 0.397826 0.7865599999999999 0.40108699999999997 0.7851670000000001 0.40108699999999997
1 0.733635 0.6 0.729109 0.602174 0.7287600000000001 0.608696 0.727368 0.6119570000000001 0.7245820000000001 0.6119570000000001 0.7245820000000001 0.616304 0.729109 0.6195649999999999 0.735724 0.620652 0.743036 0.627174 0.75383 0.627174 0.76149 0.620652 0.76149 0.618478 0.758357 0.617391 0.757312 0.615217 0.756616 0.608696 0.754526 0.608696 0.751741 0.603261 0.7472139999999999 0.5108699999999999 0.739903 0.5108699999999999 0.73851 0.540217 0.735028 0.578261 0.734331 0.596739 0.733635 0.6
1 0.597145 0.49347799999999997 0.595752 0.49565200000000004 0.595404 0.49891300000000005 0.599234 0.501087 0.611769 0.501087 0.615599 0.497826 0.615251 0.49565200000000004 0.614206 0.49565200000000004 0.6128129999999999 0.490217 0.610724 0.48695700000000003 0.608287 0.43478300000000003 0.6037600000000001 0.43478300000000003 0.600279 0.484783 0.5995820000000001 0.48804299999999995 0.5974929999999999 0.48913 0.597145 0.49347799999999997
1 0.566504 0.44565200000000005 0.577994 0.44565200000000005 0.577994 0.43804299999999996 0.5766020000000001 0.43587 0.575905 0.430435 0.573816 0.397826 0.571031 0.397826 0.568593 0.43260899999999997 0.567549 0.43804299999999996 0.566504 0.43804299999999996 0.566504 0.44565200000000005
1 0.6525070000000001 0.426087 0.6525070000000001 0.42934799999999995 0.6657379999999999 0.42934799999999995 0.665042 0.425 0.6633009999999999 0.42391300000000004 0.662604 0.420652 0.660864 0.38913000000000003 0.65773 0.388043 0.655989 0.421739 0.6538999999999999 0.422826 0.653203 0.426087 0.6525070000000001 0.426087
1 0.758008 0.426087 0.758008 0.42934799999999995 0.76915 0.430435 0.76915 0.426087 0.767061 0.420652 0.766713 0.415217 0.766017 0.41304299999999994 0.765669 0.40108699999999997 0.764624 0.392391 0.762883 0.392391 0.76149 0.403261 0.760794 0.417391 0.760097 0.421739 0.758008 0.426087
1 0.871866 0.43478300000000003 0.869777 0.43695700000000004 0.869777 0.44021699999999997 0.883357 0.44021699999999997 0.883357 0.43695700000000004 0.880571 0.430435 0.880571 0.426087 0.879875 0.425 0.879875 0.41956499999999997 0.8791779999999999 0.41630399999999995 0.8777860000000001 0.39891299999999996 0.874652 0.4 0.8743040000000001 0.409783 0.872911 0.421739 0.872911 0.428261 0.871866 0.43478300000000003
0 0.7788999999999999 0.359783 0.778203 0.359783 0.7771589999999999 0.355435 0.776811 0.346739 0.7754179999999999 0.34565199999999996 0.774373 0.35108700000000004 0.774025 0.361957 0.7788999999999999 0.361957 0.7788999999999999 0.359783
0 0.748259 0.35108700000000004 0.748259 0.34565199999999996 0.746518 0.34565199999999996 0.74617 0.356522 0.745474 0.36086999999999997 0.749652 0.36086999999999997 0.748259 0.35108700000000004
0 0.720752 0.346739 0.719011 0.346739 0.717967 0.359783 0.721797 0.359783 0.7211000000000001 0.357609 0.720752 0.346739
0 0.692897 0.358696 0.691852 0.344565 0.690808 0.344565 0.689763 0.348913 0.690111 0.354348 0.689067 0.358696 0.692897 0.358696
0 0.501045 0.352174 0.5 0.347826 0.49965200000000004 0.338043 0.498259 0.33913000000000004 0.498259 0.347826 0.497563 0.352174 0.501045 0.352174
0 0.471448 0.343478 0.470404 0.342391 0.469359 0.354348 0.47249299999999994 0.354348 0.471448 0.348913 0.471448 0.343478
0 0.446727 0.342391 0.44568199999999997 0.342391 0.44568199999999997 0.346739 0.44463800000000003 0.353261 0.44812 0.353261 0.446727 0.342391
0 0.418175 0.341304 0.41713100000000003 0.340217 0.416783 0.347826 0.415738 0.354348 0.419916 0.354348 0.418175 0.341304
0 0.382312 0.348913 0.381616 0.33913000000000004 0.380571 0.33913000000000004 0.38022300000000003 0.348913 0.379178 0.354348 0.383357 0.354348 0.382312 0.348913