3 0.299443 0.6 0.298747 0.607609 0.29596100000000003 0.61087 0.295613 0.613043 0.293524 0.613043 0.291783 0.620652 0.28830100000000003 0.623913 0.28830100000000003 0.627174 0.293175 0.627174 0.296309 0.632609 0.296657 0.634783 0.30188000000000004 0.6380429999999999 0.308496 0.6380429999999999 0.31337000000000004 0.633696 0.32520899999999997 0.632609 0.328691 0.6304350000000001 0.32903899999999997 0.628261 0.327646 0.622826 0.32520899999999997 0.620652 0.32520899999999997 0.61087 0.32311999999999996 0.61087 0.321031 0.603261 0.321031 0.597826 0.319986 0.592391 0.31928999999999996 0.578261 0.316852 0.553261 0.31337000000000004 0.5 0.306755 0.49891300000000005 0.302228 0.5380429999999999 0.301532 0.556522 0.29979100000000003 0.576087 0.299443 0.6
3 0.550836 0.476087 0.549791 0.481522 0.549443 0.494565 0.54805 0.503261 0.543872 0.5054350000000001 0.543872 0.508696 0.56337 0.509783 0.5630219999999999 0.5054350000000001 0.558844 0.49891300000000005 0.5577989999999999 0.46087 0.556755 0.459783 0.556407 0.43913 0.552577 0.43913 0.5518799999999999 0.446739 0.5518799999999999 0.459783 0.551184 0.46413000000000004 0.550836 0.476087
3 0.6733979999999999 0.45869600000000005 0.672702 0.463043 0.671309 0.465217 0.671657 0.470652 0.683496 0.470652 0.683496 0.465217 0.681407 0.46413000000000004 0.6810579999999999 0.45543500000000003 0.680014 0.448913 0.680014 0.43478300000000003 0.6793180000000001 0.433696 0.678969 0.422826 0.678273 0.418478 0.676184 0.418478 0.675836 0.42934799999999995 0.674443 0.43478300000000003 0.673747 0.44239100000000003 0.6733979999999999 0.45869600000000005
3 0.692897 0.43695700000000004 0.691852 0.43695700000000004 0.691852 0.43913 0.700209 0.44021699999999997 0.6995129999999999 0.433696 0.698468 0.431522 0.6981200000000001 0.41413 0.697423 0.41413 0.696727 0.41086999999999996 0.696727 0.403261 0.695334 0.403261 0.6946380000000001 0.417391 0.693593 0.425 0.693593 0.43478300000000003 0.692897 0.43695700000000004
3 0.690808 0.395652 0.6904600000000001 0.406522 0.689415 0.407609 0.689415 0.409783 0.6946380000000001 0.409783 0.694986 0.403261 0.6963790000000001 0.40217400000000003 0.696031 0.396739 0.694986 0.393478 0.693593 0.377174 0.692549 0.377174 0.692549 0.38913000000000003 0.691852 0.394565 0.690808 0.395652
3 0.698468 0.41413 0.698816 0.420652 0.702646 0.420652 0.700905 0.415217 0.6998610000000001 0.393478 0.699164 0.391304 0.6981200000000001 0.391304 0.6981200000000001 0.396739 0.697075 0.40217400000000003 0.697075 0.41086999999999996 0.698468 0.41413
3 0.735724 0.384783 0.735028 0.38152200000000003 0.735028 0.377174 0.733983 0.377174 0.732591 0.396739 0.737117 0.396739 0.735724 0.394565 0.735724 0.384783
3 0.782033 0.390217 0.782033 0.397826 0.781337 0.39891299999999996 0.786908 0.39891299999999996 0.7851670000000001 0.390217 0.7851670000000001 0.383696 0.784471 0.379348 0.783426 0.379348 0.783426 0.38260900000000003 0.78273 0.383696 0.78273 0.388043 0.782033 0.390217
1 0.8004870000000001 0.407609 0.8004870000000001 0.40108699999999997 0.799443 0.38913000000000003 0.79805 0.38913000000000003 0.797702 0.397826 0.795613 0.409783 0.8011839999999999 0.409783 0.8004870000000001 0.407609
1 0.799791 0.41956499999999997 0.8067550000000001 0.41956499999999997 0.8046659999999999 0.411957 0.804318 0.395652 0.8029249999999999 0.395652 0.802577 0.406522 0.8015319999999999 0.40869600000000006 0.8011839999999999 0.41630399999999995 0.799791 0.41956499999999997
1 0.8269500000000001 0.430435 0.8255570000000001 0.43478300000000003 0.824861 0.43478300000000003 0.824861 0.43695700000000004 0.833217 0.43695700000000004 0.833217 0.43478300000000003 0.831825 0.433696 0.8304320000000001 0.404348 0.8283429999999999 0.404348 0.827646 0.407609 0.827646 0.41413 0.826253 0.420652 0.8269500000000001 0.430435
3 0.8370469999999999 0.40108699999999997 0.836351 0.38152200000000003 0.8353059999999999 0.38152200000000003 0.8342620000000001 0.39891299999999996 0.833217 0.403261 0.837744 0.403261 0.8370469999999999 0.40108699999999997
1 0.85585 0.411957 0.855501 0.39891299999999996 0.854109 0.391304 0.853412 0.391304 0.852019 0.407609 0.850975 0.411957 0.85585 0.411957
1 0.831128 0.6358699999999999 0.8283429999999999 0.659783 0.8269500000000001 0.6630429999999999 0.8234680000000001 0.6630429999999999 0.8234680000000001 0.665217 0.8220750000000001 0.669565 0.8203340000000001 0.669565 0.8203340000000001 0.673913 0.82312 0.681522 0.8252090000000001 0.6836960000000001 0.826253 0.686957 0.830084 0.690217 0.850627 0.6913039999999999 0.857242 0.694565 0.8568939999999999 0.6913039999999999 0.854109 0.68587 0.854109 0.677174 0.851323 0.6728259999999999 0.8502789999999999 0.6728259999999999 0.848189 0.665217 0.8478410000000001 0.63913 0.8450559999999999 0.588043 0.844708 0.569565 0.8440110000000001 0.5663039999999999 0.837744 0.565217 0.836699 0.571739 0.8353059999999999 0.5956520000000001 0.8342620000000001 0.6010869999999999 0.831128 0.6358699999999999
1 0.8603759999999999 0.5130429999999999 0.8586349999999999 0.5423910000000001 0.8551529999999999 0.544565 0.8551529999999999 0.5478259999999999 0.853412 0.548913 0.853064 0.551087 0.8586349999999999 0.552174 0.863162 0.555435 0.875 0.555435 0.874652 0.552174 0.870474 0.543478 0.869777 0.532609 0.869777 0.51413 0.869429 0.506522 0.868384 0.5054350000000001 0.867688 0.481522 0.864554 0.481522 0.8638579999999999 0.48260899999999995 0.8638579999999999 0.490217 0.862465 0.502174 0.8603759999999999 0.5130429999999999
1 0.8774369999999999 0.47391300000000003 0.876741 0.476087 0.8756959999999999 0.48913 0.875 0.49130399999999996 0.8739549999999999 0.49130399999999996 0.8739549999999999 0.497826 0.88649 0.49891300000000005 0.88649 0.49347799999999997 0.885446 0.49347799999999997 0.883705 0.484783 0.883008 0.45 0.881964 0.44565200000000005 0.879875 0.44565200000000005 0.879526 0.454348 0.878482 0.457609 0.8774369999999999 0.467391 0.8774369999999999 0.47391300000000003
1 0.923398 0.422826 0.9282730000000001 0.422826 0.92688 0.41630399999999995 0.92688 0.406522 0.9261839999999999 0.40217400000000003 0.925139 0.40217400000000003 0.9244429999999999 0.406522 0.924095 0.41956499999999997 0.923398 0.420652 0.923398 0.422826
1 0.850975 0.454348 0.8495820000000001 0.454348 0.8495820000000001 0.457609 0.8603759999999999 0.457609 0.8603759999999999 0.45543500000000003 0.858287 0.453261 0.858287 0.448913 0.857242 0.443478 0.856546 0.421739 0.85585 0.41956499999999997 0.854109 0.41956499999999997 0.852368 0.43587 0.852368 0.448913 0.851323 0.45108699999999996 0.850975 0.454348