1 0.736072 0.76413 0.73468 0.770652 0.73468 0.7880429999999999 0.733983 0.790217 0.7322420000000001 0.78913 0.7322420000000001 0.791304 0.733635 0.794565 0.745125 0.806522 0.746866 0.8108700000000001 0.752089 0.815217 0.756964 0.821739 0.758357 0.821739 0.758357 0.8141299999999999 0.750696 0.7 0.741295 0.7 0.740251 0.704348 0.7395539999999999 0.719565 0.736769 0.75 0.736072 0.76413
1 0.427577 0.5586960000000001 0.426184 0.56413 0.423747 0.56413 0.422702 0.569565 0.420265 0.570652 0.41956800000000005 0.572826 0.420961 0.575 0.42722800000000005 0.575 0.42931800000000003 0.5771740000000001 0.443593 0.5771740000000001 0.446379 0.575 0.44812 0.571739 0.44951299999999994 0.571739 0.449861 0.569565 0.447423 0.567391 0.446379 0.561957 0.44254899999999997 0.557609 0.43697800000000003 0.475 0.432799 0.475 0.431755 0.49565200000000004 0.430014 0.5130429999999999 0.42931800000000003 0.534783 0.427577 0.5586960000000001
1 0.312674 0.456522 0.311978 0.45869600000000005 0.30988899999999997 0.45869600000000005 0.30954000000000004 0.463043 0.30745100000000003 0.465217 0.326253 0.465217 0.326253 0.463043 0.324513 0.46087 0.324513 0.457609 0.322075 0.45543500000000003 0.318942 0.40217400000000003 0.316504 0.40217400000000003 0.315808 0.404348 0.31511100000000003 0.418478 0.314067 0.421739 0.312674 0.456522
1 0.22388599999999997 0.397826 0.223189 0.406522 0.222493 0.409783 0.220752 0.41086999999999996 0.220752 0.41304299999999994 0.232242 0.41413 0.231894 0.40869600000000006 0.230153 0.407609 0.22945700000000002 0.396739 0.22876 0.394565 0.228064 0.36956500000000003 0.22771599999999997 0.36739099999999997 0.22562700000000002 0.36739099999999997 0.225279 0.375 0.224582 0.377174 0.22388599999999997 0.38587 0.22388599999999997 0.397826
1 0.145543 0.371739 0.14623999999999998 0.376087 0.145543 0.38260900000000003 0.144499 0.38587 0.143802 0.38587 0.143802 0.388043 0.153552 0.388043 0.153552 0.38587 0.150766 0.378261 0.15006999999999998 0.371739 0.149721 0.356522 0.14902500000000002 0.352174 0.147284 0.352174 0.146588 0.355435 0.146588 0.36086999999999997 0.145543 0.363043 0.145543 0.371739
3 0.055362 0.502174 0.053620999999999995 0.484783 0.053969 0.471739 0.052577 0.463043 0.052577 0.45869600000000005 0.050836000000000006 0.45 0.050139 0.43478300000000003 0.048747 0.433696 0.048747 0.516304 0.059192 0.516304 0.05954 0.508696 0.055362 0.502174
1 0.089136 0.370652 0.097493 0.370652 0.097493 0.36847799999999997 0.095752 0.365217 0.093663 0.338043 0.091922 0.338043 0.090529 0.352174 0.090529 0.366304 0.08948500000000001 0.36739099999999997 0.089136 0.370652
3 0.051532 0.346739 0.05188 0.334783 0.050836000000000006 0.33260900000000004 0.050836000000000006 0.328261 0.048747 0.328261 0.048747 0.35 0.052228 0.35 0.052228 0.347826 0.051532 0.346739
1 0.057799 0.318478 0.056058 0.318478 0.05501399999999999 0.334783 0.059192 0.33587 0.057799 0.325 0.057799 0.318478
3 0.10341199999999999 0.317391 0.102019 0.317391 0.101671 0.326087 0.100627 0.33260900000000004 0.10410900000000001 0.33260900000000004 0.10341199999999999 0.317391
3 0.118036 0.318478 0.11734 0.338043 0.121866 0.338043 0.120125 0.318478 0.118036 0.318478
1 0.125 0.31087 0.12465200000000001 0.32717399999999996 0.127786 0.32717399999999996 0.126393 0.31087 0.125 0.31087
1 0.150766 0.321739 0.149373 0.321739 0.148677 0.325 0.148329 0.344565 0.152159 0.344565 0.150766 0.321739
3 0.148677 0.317391 0.147981 0.31630400000000003 0.147981 0.311957 0.146588 0.311957 0.145543 0.318478 0.14519500000000002 0.328261 0.148329 0.328261 0.148677 0.317391
3 0.16538999999999998 0.317391 0.16538999999999998 0.313043 0.163997 0.313043 0.162256 0.330435 0.166086 0.330435 0.166086 0.319565 0.16538999999999998 0.317391
1 0.182451 0.318478 0.182451 0.30869599999999997 0.18070999999999998 0.30869599999999997 0.180014 0.323913 0.183148 0.323913 0.183148 0.320652 0.182451 0.318478
1 0.200209 0.336957 0.199164 0.33260900000000004 0.198816 0.319565 0.197075 0.319565 0.196727 0.33587 0.196031 0.340217 0.200209 0.340217 0.200209 0.336957
1 0.22562700000000002 0.311957 0.224234 0.311957 0.22353800000000001 0.32717399999999996 0.22667099999999998 0.32717399999999996 0.22597499999999998 0.322826 0.22562700000000002 0.311957
1 0.240251 0.318478 0.239554 0.334783 0.243384 0.334783 0.241643 0.318478 0.240251 0.318478
1 0.24512499999999998 0.32717399999999996 0.244081 0.317391 0.24268800000000001 0.31630400000000003 0.24268800000000001 0.328261 0.243384 0.331522 0.24477699999999997 0.331522 0.24512499999999998 0.32717399999999996
1 0.087396 0.358696 0.090181 0.358696 0.091226 0.33913000000000004 0.09226999999999999 0.336957 0.091226 0.331522 0.090181 0.331522 0.08948500000000001 0.334783 0.089136 0.354348 0.087396 0.358696