3 0.308496 0.722826 0.306407 0.761957 0.305362 0.765217 0.302228 0.766304 0.29979100000000003 0.7695649999999999 0.298747 0.7739130000000001 0.298398 0.7880429999999999 0.293872 0.798913 0.293524 0.8021739999999999 0.31337000000000004 0.807609 0.335655 0.807609 0.341226 0.795652 0.346797 0.7793479999999999 0.346448 0.775 0.343315 0.7739130000000001 0.341574 0.765217 0.338092 0.759783 0.33460999999999996 0.759783 0.333914 0.756522 0.331476 0.723913 0.33286899999999997 0.717391 0.33286899999999997 0.71413 0.327994 0.659783 0.325557 0.621739 0.324513 0.616304 0.317897 0.615217 0.316156 0.618478 0.312326 0.677174 0.308496 0.722826
3 0.452994 0.5586960000000001 0.45194999999999996 0.571739 0.47423400000000004 0.571739 0.47423400000000004 0.559783 0.471797 0.557609 0.470404 0.5478259999999999 0.46657400000000004 0.479348 0.46239600000000003 0.478261 0.456825 0.554348 0.456128 0.556522 0.45369099999999996 0.556522 0.452994 0.5586960000000001
3 0.5121870000000001 0.44782599999999995 0.513928 0.453261 0.513928 0.45869600000000005 0.513231 0.467391 0.509749 0.471739 0.5104460000000001 0.47717400000000004 0.522284 0.47717400000000004 0.523677 0.475 0.523677 0.471739 0.521936 0.470652 0.520891 0.465217 0.5194989999999999 0.45 0.518454 0.41956499999999997 0.516017 0.420652 0.514972 0.43913 0.5121870000000001 0.44565200000000005 0.5121870000000001 0.44782599999999995
3 0.5442199999999999 0.42717400000000005 0.543524 0.431522 0.541783 0.43478300000000003 0.541783 0.43695700000000004 0.552228 0.43695700000000004 0.552228 0.433696 0.5501389999999999 0.42934799999999995 0.549791 0.411957 0.54805 0.394565 0.547006 0.394565 0.546309 0.396739 0.544916 0.409783 0.5442199999999999 0.42717400000000005
3 0.5790390000000001 0.418478 0.586351 0.417391 0.584958 0.411957 0.58461 0.395652 0.583217 0.38260900000000003 0.5821729999999999 0.383696 0.5807800000000001 0.40869600000000006 0.578343 0.41630399999999995 0.5790390000000001 0.418478
1 0.598538 0.396739 0.597145 0.38913000000000003 0.596448 0.370652 0.595404 0.36956500000000003 0.594011 0.379348 0.594011 0.38913000000000003 0.59227 0.395652 0.598538 0.396739
1 0.6020190000000001 0.383696 0.602716 0.38587 0.6072420000000001 0.384783 0.606198 0.378261 0.606198 0.36956500000000003 0.6055010000000001 0.363043 0.604805 0.363043 0.604109 0.36739099999999997 0.603412 0.38043499999999997 0.6020190000000001 0.383696
1 0.672006 0.41086999999999996 0.674791 0.41086999999999996 0.676184 0.407609 0.674791 0.403261 0.673747 0.38043499999999997 0.672702 0.38043499999999997 0.6709609999999999 0.397826 0.6709609999999999 0.40543500000000005 0.669916 0.40869600000000006 0.672006 0.41086999999999996
1 0.6657379999999999 0.394565 0.663997 0.388043 0.663997 0.378261 0.6633009999999999 0.371739 0.662604 0.372826 0.661212 0.391304 0.6601670000000001 0.394565 0.6657379999999999 0.394565
3 0.664345 0.383696 0.6678270000000001 0.383696 0.666783 0.376087 0.666783 0.366304 0.6657379999999999 0.365217 0.6657379999999999 0.36847799999999997 0.664694 0.371739 0.665042 0.379348 0.664345 0.383696
3 0.575209 0.372826 0.579387 0.372826 0.578691 0.36739099999999997 0.5790390000000001 0.36086999999999997 0.578343 0.359783 0.577994 0.355435 0.57695 0.356522 0.576253 0.36086999999999997 0.5766020000000001 0.36847799999999997 0.575209 0.372826
1 0.850627 0.651087 0.84993 0.655435 0.847145 0.656522 0.8461000000000001 0.6586960000000001 0.861421 0.673913 0.8861420000000001 0.673913 0.885446 0.669565 0.8826599999999999 0.666304 0.880571 0.656522 0.876741 0.652174 0.8760450000000001 0.6489130000000001 0.872911 0.617391 0.870474 0.553261 0.864554 0.553261 0.856546 0.6445649999999999 0.85585 0.646739 0.852019 0.647826 0.850627 0.651087
1 0.762535 0.5239130000000001 0.761838 0.527174 0.759401 0.528261 0.758357 0.53587 0.761838 0.540217 0.777855 0.540217 0.776811 0.536957 0.776811 0.532609 0.774721 0.530435 0.773677 0.526087 0.7729809999999999 0.506522 0.7712399999999999 0.48913 0.770543 0.46630399999999994 0.766713 0.46630399999999994 0.76532 0.48913 0.764624 0.492391 0.762883 0.51413 0.762535 0.5239130000000001
1 0.738162 0.47391300000000003 0.736421 0.475 0.735724 0.479348 0.740947 0.483696 0.750348 0.481522 0.749304 0.479348 0.749304 0.476087 0.746866 0.47391300000000003 0.744777 0.430435 0.744081 0.428261 0.741992 0.42934799999999995 0.741992 0.433696 0.741295 0.43695700000000004 0.738858 0.471739 0.738162 0.47391300000000003
1 0.7193590000000001 0.444565 0.7193590000000001 0.44782599999999995 0.728412 0.448913 0.7287600000000001 0.443478 0.728064 0.443478 0.7270190000000001 0.44021699999999997 0.726323 0.420652 0.725279 0.409783 0.723886 0.40869600000000006 0.721797 0.42717400000000005 0.721448 0.43913 0.720752 0.44239100000000003 0.7193590000000001 0.444565
1 0.721448 0.430435 0.719708 0.411957 0.719011 0.395652 0.71727 0.396739 0.715529 0.420652 0.713788 0.430435 0.721448 0.430435
1 0.7270190000000001 0.40869600000000006 0.7322420000000001 0.407609 0.731198 0.403261 0.731198 0.395652 0.7301529999999999 0.383696 0.729109 0.384783 0.727716 0.403261 0.726671 0.406522 0.7270190000000001 0.40869600000000006
3 0.727716 0.383696 0.727716 0.377174 0.7270190000000001 0.373913 0.726323 0.373913 0.7245820000000001 0.393478 0.728064 0.394565 0.728412 0.38587 0.727716 0.383696
1 0.871866 0.453261 0.871518 0.456522 0.8722139999999999 0.45869600000000005 0.8809189999999999 0.457609 0.881267 0.454348 0.879875 0.452174 0.8791779999999999 0.44782599999999995 0.877089 0.418478 0.8756959999999999 0.417391 0.873607 0.43260899999999997 0.873607 0.443478 0.872911 0.452174 0.871866 0.453261
3 0.885446 0.41630399999999995 0.8844010000000001 0.411957 0.882312 0.388043 0.8809189999999999 0.394565 0.879875 0.40869600000000006 0.878134 0.41630399999999995 0.885446 0.41630399999999995
1 0.8189420000000001 0.431522 0.819638 0.42934799999999995 0.817549 0.42391300000000004 0.816156 0.397826 0.8151109999999999 0.397826 0.814067 0.406522 0.8133699999999999 0.426087 0.8116300000000001 0.430435 0.8189420000000001 0.431522
3 0.80188 0.40108699999999997 0.8004870000000001 0.393478 0.799791 0.379348 0.798747 0.378261 0.797702 0.38260900000000003 0.797354 0.395652 0.796309 0.40108699999999997 0.80188 0.40108699999999997
3 0.508357 0.390217 0.50766 0.36847799999999997 0.506267 0.36847799999999997 0.504875 0.390217 0.503134 0.396739 0.510097 0.397826 0.508357 0.390217
1 0.5198470000000001 0.384783 0.518454 0.377174 0.5177579999999999 0.36086999999999997 0.516713 0.361957 0.516365 0.370652 0.514276 0.384783 0.5198470000000001 0.384783
1 0.526114 0.376087 0.5306409999999999 0.375 0.529248 0.366304 0.529248 0.358696 0.528552 0.354348 0.5275070000000001 0.357609 0.526811 0.36956500000000003 0.525766 0.373913 0.526114 0.376087
3 0.500696 0.36413 0.5 0.36086999999999997 0.49895500000000004 0.346739 0.498259 0.347826 0.49791100000000005 0.357609 0.496518 0.36413 0.500696 0.36413
1 0.473538 0.36739099999999997 0.471797 0.358696 0.471797 0.348913 0.47075199999999995 0.346739 0.47005600000000003 0.35 0.469359 0.363043 0.46831500000000004 0.36739099999999997 0.473538 0.36739099999999997
1 0.44777199999999995 0.375 0.446727 0.370652 0.44603099999999996 0.355435 0.444986 0.35 0.44428999999999996 0.353261 0.443593 0.370652 0.44254899999999997 0.375 0.44777199999999995 0.375
3 0.44046 0.353261 0.439763 0.340217 0.439067 0.340217 0.43802199999999997 0.352174 0.43697800000000003 0.355435 0.441852 0.356522 0.44046 0.353261
3 0.425836 0.38587 0.425139 0.384783 0.424095 0.377174 0.42305000000000004 0.358696 0.422006 0.357609 0.420265 0.38260900000000003 0.418872 0.386957 0.42548700000000006 0.388043 0.425836 0.38587
3 0.388579 0.333696 0.387883 0.33260900000000004 0.386142 0.347826 0.389972 0.347826 0.388579 0.338043 0.388579 0.333696
1 0.377786 0.359783 0.37743699999999997 0.34565199999999996 0.376741 0.341304 0.376045 0.341304 0.374652 0.357609 0.37360699999999997 0.361957 0.378482 0.363043 0.377786 0.359783
1 0.355153 0.35 0.354457 0.346739 0.353412 0.331522 0.352716 0.33260900000000004 0.352368 0.340217 0.350975 0.35 0.355153 0.35
3 0.35550099999999996 0.328261 0.354805 0.32717399999999996 0.354109 0.33260900000000004 0.354457 0.342391 0.356546 0.342391 0.35550099999999996 0.328261
3 0.345752 0.372826 0.344708 0.36956500000000003 0.343663 0.347826 0.34226999999999996 0.348913 0.341226 0.36739099999999997 0.339485 0.372826 0.345752 0.372826
1 0.325557 0.346739 0.324861 0.33260900000000004 0.324164 0.33260900000000004 0.32311999999999996 0.348913 0.322075 0.353261 0.326602 0.353261 0.325557 0.346739
3 0.300139 0.361957 0.298398 0.356522 0.29805000000000004 0.344565 0.297354 0.338043 0.296309 0.336957 0.295613 0.340217 0.294568 0.358696 0.293175 0.361957 0.300139 0.361957
3 0.264972 0.352174 0.263579 0.347826 0.262535 0.331522 0.26149 0.331522 0.260794 0.347826 0.259401 0.353261 0.264972 0.354348 0.264972 0.352174
1 0.250348 0.326087 0.24965199999999999 0.325 0.247911 0.341304 0.251741 0.341304 0.250348 0.330435 0.250348 0.326087
1 0.293175 0.32717399999999996 0.291783 0.342391 0.295265 0.342391 0.29422000000000004 0.328261 0.293175 0.32717399999999996
3 0.185933 0.342391 0.185237 0.331522 0.183844 0.330435 0.183148 0.343478 0.181407 0.352174 0.187674 0.352174 0.185933 0.342391
1 0.196031 0.342391 0.195682 0.32934800000000003 0.194986 0.32717399999999996 0.193942 0.32717399999999996 0.193245 0.341304 0.191852 0.346739 0.197423 0.346739 0.196031 0.342391
1 0.204387 0.33913000000000004 0.203343 0.33587 0.20264600000000002 0.323913 0.201602 0.323913 0.200557 0.336957 0.199513 0.341304 0.204039 0.341304 0.204387 0.33913000000000004
3 0.196379 0.338043 0.199513 0.336957 0.198468 0.322826 0.197772 0.323913 0.196727 0.334783 0.196031 0.33587 0.196379 0.338043
3 0.070334 0.394565 0.068245 0.397826 0.068245 0.40108699999999997 0.080084 0.40108699999999997 0.080432 0.395652 0.078343 0.391304 0.077994 0.36847799999999997 0.077298 0.366304 0.076253 0.353261 0.073816 0.353261 0.072423 0.361957 0.072423 0.376087 0.071727 0.38913000000000003 0.070334 0.394565
3 0.083914 0.36739099999999997 0.081476 0.375 0.091226 0.375 0.08948500000000001 0.36847799999999997 0.089136 0.356522 0.08843999999999999 0.354348 0.087744 0.340217 0.086699 0.340217 0.086003 0.342391 0.08460999999999999 0.353261 0.083914 0.36739099999999997
3 0.104805 0.36413 0.103064 0.359783 0.102019 0.336957 0.100627 0.33587 0.099582 0.343478 0.098886 0.357609 0.096797 0.36413 0.104805 0.36413
3 0.142758 0.358696 0.147284 0.357609 0.145891 0.353261 0.14519500000000002 0.33587 0.144499 0.33260900000000004 0.143802 0.33260900000000004 0.142409 0.341304 0.141713 0.353261 0.14032 0.356522 0.142758 0.358696
1 0.067897 0.347826 0.066504 0.35108700000000004 0.072423 0.352174 0.073468 0.35 0.071727 0.344565 0.071379 0.330435 0.070682 0.328261 0.069638 0.32934800000000003 0.068593 0.336957 0.068593 0.343478 0.067897 0.347826
1 0.08565500000000001 0.342391 0.086699 0.33913000000000004 0.085306 0.333696 0.084958 0.325 0.083914 0.328261 0.083565 0.338043 0.082173 0.342391 0.08565500000000001 0.342391
1 0.131267 0.346739 0.12987500000000002 0.338043 0.129526 0.32717399999999996 0.128134 0.326087 0.127437 0.343478 0.12604500000000002 0.348913 0.132312 0.348913 0.131267 0.346739
3 0.12604500000000002 0.338043 0.12465200000000001 0.33260900000000004 0.123955 0.318478 0.12291099999999999 0.318478 0.12151799999999999 0.330435 0.12151799999999999 0.334783 0.120474 0.336957 0.12604500000000002 0.338043
1 0.4039 0.357609 0.40842599999999996 0.358696 0.407382 0.352174 0.40668499999999996 0.340217 0.40598900000000004 0.340217 0.40494399999999997 0.347826 0.40494399999999997 0.353261 0.4039 0.355435 0.4039 0.357609
1 0.318245 0.342391 0.317201 0.336957 0.317201 0.331522 0.316156 0.32934800000000003 0.31545999999999996 0.338043 0.314415 0.343478 0.317897 0.344565 0.318245 0.342391
3 0.31511100000000003 0.338043 0.31511100000000003 0.325 0.314415 0.326087 0.314415 0.331522 0.31337000000000004 0.33913000000000004 0.31511100000000003 0.338043