1 0.617688 0.359783 0.623259 0.359783 0.6222139999999999 0.357609 0.6222139999999999 0.354348 0.62117 0.353261 0.621866 0.352174 0.621866 0.35 0.62117 0.348913 0.621518 0.343478 0.620822 0.342391 0.620822 0.336957 0.619777 0.336957 0.618733 0.35108700000000004 0.619081 0.355435 0.617688 0.359783
1 0.6444989999999999 0.343478 0.647632 0.34565199999999996 0.649025 0.342391 0.6479809999999999 0.340217 0.648329 0.33587 0.647284 0.333696 0.647284 0.32717399999999996 0.6462399999999999 0.32717399999999996 0.646588 0.331522 0.645891 0.338043 0.6448470000000001 0.340217 0.6444989999999999 0.343478
1 0.633008 0.35 0.638579 0.35108700000000004 0.638928 0.348913 0.6371870000000001 0.344565 0.636838 0.331522 0.635794 0.331522 0.634749 0.334783 0.634401 0.342391 0.635097 0.343478 0.633008 0.35
3 0.26009699999999997 0.44782599999999995 0.259401 0.452174 0.25766 0.48043500000000006 0.256964 0.48260899999999995 0.254875 0.48260899999999995 0.25383 0.48586999999999997 0.25383 0.48913 0.269847 0.48913 0.270543 0.48804299999999995 0.270543 0.484783 0.267409 0.484783 0.266713 0.48260899999999995 0.266713 0.44782599999999995 0.264972 0.443478 0.264972 0.43913 0.264276 0.43804299999999996 0.264276 0.428261 0.26149 0.42391300000000004 0.260446 0.42717400000000005 0.260794 0.431522 0.26009699999999997 0.43260899999999997 0.26009699999999997 0.44782599999999995
3 0.313022 0.40217400000000003 0.313022 0.415217 0.312326 0.425 0.31128100000000003 0.428261 0.31162999999999996 0.43260899999999997 0.30954000000000004 0.43804299999999996 0.309192 0.441304 0.30954000000000004 0.443478 0.316504 0.443478 0.316852 0.441304 0.318942 0.44239100000000003 0.31928999999999996 0.44021699999999997 0.320334 0.44021699999999997 0.320682 0.44239100000000003 0.321031 0.43913 0.319638 0.43804299999999996 0.318245 0.433696 0.31754899999999997 0.420652 0.318245 0.41956499999999997 0.31754899999999997 0.418478 0.317897 0.411957 0.317201 0.41086999999999996 0.316504 0.40543500000000005 0.315808 0.393478 0.31371899999999997 0.393478 0.313022 0.396739 0.31371899999999997 0.397826 0.31371899999999997 0.40108699999999997 0.313022 0.40217400000000003
3 0.399721 0.40543500000000005 0.40842599999999996 0.40543500000000005 0.40842599999999996 0.403261 0.40668499999999996 0.4 0.40668499999999996 0.391304 0.405641 0.383696 0.40529200000000004 0.36956500000000003 0.40250700000000006 0.36956500000000003 0.402159 0.388043 0.401114 0.39891299999999996 0.399721 0.40217400000000003 0.399721 0.40543500000000005
3 0.46309199999999995 0.366304 0.46239600000000003 0.36739099999999997 0.462744 0.373913 0.462047 0.375 0.462047 0.379348 0.46065500000000004 0.383696 0.466922 0.383696 0.465877 0.38043499999999997 0.46552899999999997 0.363043 0.46483299999999994 0.356522 0.463788 0.356522 0.46309199999999995 0.359783 0.46309199999999995 0.366304
3 0.506267 0.36847799999999997 0.5121870000000001 0.36956500000000003 0.5121870000000001 0.36739099999999997 0.5104460000000001 0.363043 0.5104460000000001 0.357609 0.509749 0.353261 0.510097 0.34565199999999996 0.508705 0.34565199999999996 0.508705 0.352174 0.508008 0.354348 0.508357 0.359783 0.506267 0.36847799999999997
3 0.5383009999999999 0.357609 0.539694 0.36086999999999997 0.5424789999999999 0.359783 0.5424789999999999 0.357609 0.5407379999999999 0.353261 0.540042 0.33913000000000004 0.538997 0.33913000000000004 0.538997 0.35108700000000004 0.537604 0.354348 0.536908 0.358696 0.5383009999999999 0.357609
3 0.56337 0.352174 0.5619780000000001 0.343478 0.5619780000000001 0.33260900000000004 0.560933 0.33260900000000004 0.560933 0.342391 0.559192 0.347826 0.559192 0.35108700000000004 0.56337 0.352174
1 0.853412 0.377174 0.851671 0.375 0.84993 0.36956500000000003 0.84993 0.366304 0.850627 0.365217 0.84993 0.363043 0.8502789999999999 0.355435 0.849234 0.353261 0.849234 0.35 0.847145 0.35108700000000004 0.8467969999999999 0.372826 0.8450559999999999 0.378261 0.850975 0.379348 0.853412 0.377174
1 0.762535 0.363043 0.762535 0.366304 0.76915 0.366304 0.7694989999999999 0.361957 0.7677579999999999 0.357609 0.767409 0.354348 0.767409 0.340217 0.767061 0.342391 0.766017 0.342391 0.765669 0.340217 0.764972 0.341304 0.764276 0.347826 0.764276 0.358696 0.762535 0.363043
1 0.721448 0.354348 0.7211000000000001 0.348913 0.720404 0.347826 0.720752 0.342391 0.720056 0.334783 0.717967 0.334783 0.717967 0.346739 0.716226 0.356522 0.7224929999999999 0.357609 0.721448 0.354348
3 0.844708 0.342391 0.8443590000000001 0.35108700000000004 0.8426180000000001 0.356522 0.8426180000000001 0.359783 0.846448 0.359783 0.8457520000000001 0.352174 0.8467969999999999 0.35 0.847493 0.34565199999999996 0.847145 0.334783 0.8457520000000001 0.334783 0.8450559999999999 0.336957 0.845404 0.341304 0.844708 0.342391
3 0.581825 0.343478 0.581128 0.342391 0.5807800000000001 0.328261 0.579387 0.328261 0.578691 0.343478 0.577994 0.344565 0.581476 0.344565 0.581825 0.343478
3 0.596797 0.338043 0.5961000000000001 0.336957 0.595404 0.325 0.5943590000000001 0.325 0.593663 0.338043 0.594011 0.340217 0.5961000000000001 0.340217 0.596797 0.338043
1 0.656337 0.531522 0.6556409999999999 0.536957 0.655989 0.545652 0.655292 0.546739 0.653552 0.5586960000000001 0.653552 0.569565 0.6521589999999999 0.573913 0.649721 0.573913 0.646936 0.5826089999999999 0.648677 0.58587 0.649721 0.58587 0.651114 0.5913039999999999 0.676184 0.5913039999999999 0.676532 0.588043 0.674791 0.583696 0.674443 0.5771740000000001 0.6733979999999999 0.5771740000000001 0.672702 0.573913 0.6709609999999999 0.575 0.669568 0.570652 0.669568 0.567391 0.670265 0.5663039999999999 0.669568 0.565217 0.669916 0.56087 0.668872 0.5586960000000001 0.6692199999999999 0.554348 0.668175 0.552174 0.668175 0.5423910000000001 0.667131 0.53913 0.6674789999999999 0.5336960000000001 0.666435 0.531522 0.666783 0.522826 0.666086 0.517391 0.666086 0.509783 0.665042 0.507609 0.665042 0.504348 0.6657379999999999 0.503261 0.66539 0.49347799999999997 0.664345 0.49130399999999996 0.664345 0.48804299999999995 0.665042 0.48695700000000003 0.664345 0.483696 0.6615599999999999 0.483696 0.661212 0.481522 0.659123 0.484783 0.6580779999999999 0.507609 0.657033 0.509783 0.655989 0.525 0.656337 0.531522
1 0.5978410000000001 0.36739099999999997 0.596797 0.371739 0.595752 0.372826 0.596797 0.375 0.602368 0.375 0.602368 0.372826 0.600627 0.36739099999999997 0.600627 0.36086999999999997 0.59993 0.358696 0.600279 0.347826 0.598538 0.346739 0.5974929999999999 0.352174 0.598189 0.353261 0.5974929999999999 0.363043 0.5978410000000001 0.36739099999999997
3 0.22179700000000002 0.5054350000000001 0.221448 0.526087 0.220404 0.53913 0.22005599999999997 0.555435 0.219359 0.565217 0.21796700000000002 0.573913 0.21727 0.5869570000000001 0.216574 0.588043 0.216574 0.592391 0.21518099999999998 0.596739 0.213788 0.596739 0.211351 0.602174 0.212047 0.603261 0.212047 0.609783 0.21030600000000002 0.6141300000000001 0.21030600000000002 0.616304 0.22214499999999998 0.616304 0.22284099999999998 0.6141300000000001 0.22667099999999998 0.6141300000000001 0.228412 0.616304 0.22980499999999998 0.613043 0.232591 0.613043 0.232939 0.615217 0.235724 0.6141300000000001 0.23711700000000002 0.609783 0.237813 0.609783 0.240251 0.6010869999999999 0.23920599999999997 0.597826 0.237813 0.596739 0.23711700000000002 0.593478 0.236421 0.596739 0.23537599999999997 0.596739 0.233983 0.592391 0.233983 0.588043 0.232242 0.578261 0.232242 0.572826 0.23154599999999997 0.571739 0.23154599999999997 0.5663039999999999 0.232242 0.565217 0.23154599999999997 0.56413 0.231894 0.556522 0.23085 0.554348 0.23154599999999997 0.553261 0.23154599999999997 0.548913 0.230153 0.544565 0.23085 0.5423910000000001 0.23085 0.53913 0.22945700000000002 0.5336960000000001 0.22980499999999998 0.531522 0.22876 0.5293479999999999 0.228412 0.521739 0.22736800000000001 0.5195649999999999 0.22771599999999997 0.515217 0.227019 0.51413 0.22667099999999998 0.506522 0.22736800000000001 0.5054350000000001 0.227019 0.501087 0.22562700000000002 0.501087 0.225279 0.503261 0.22284099999999998 0.502174 0.22179700000000002 0.5054350000000001
3 0.800139 0.348913 0.8011839999999999 0.348913 0.8029249999999999 0.35108700000000004 0.8029249999999999 0.347826 0.8004870000000001 0.340217 0.8004870000000001 0.32934800000000003 0.799095 0.328261 0.79805 0.346739 0.797006 0.35 0.799791 0.35108700000000004 0.800139 0.348913
1 0.567549 0.384783 0.566156 0.38913000000000003 0.566156 0.391304 0.568245 0.393478 0.574164 0.392391 0.5745129999999999 0.390217 0.572423 0.38587 0.572423 0.379348 0.571727 0.376087 0.571727 0.36739099999999997 0.570334 0.358696 0.56929 0.358696 0.568593 0.36086999999999997 0.568245 0.36739099999999997 0.567549 0.36847799999999997 0.567549 0.384783
3 0.619777 0.326087 0.619429 0.319565 0.618733 0.319565 0.618036 0.32934800000000003 0.61734 0.331522 0.620822 0.331522 0.619777 0.326087
3 0.626393 0.328261 0.629178 0.328261 0.628134 0.317391 0.626393 0.328261
1 0.655989 0.333696 0.655292 0.323913 0.654596 0.322826 0.6538999999999999 0.33260900000000004 0.652855 0.338043 0.657033 0.338043 0.655989 0.333696
1 0.6615599999999999 0.320652 0.6598189999999999 0.333696 0.663649 0.333696 0.662256 0.320652 0.6615599999999999 0.320652
1 0.669568 0.330435 0.668175 0.318478 0.6674789999999999 0.319565 0.6674789999999999 0.323913 0.666086 0.330435 0.669568 0.330435
1 0.7116990000000001 0.35 0.710655 0.347826 0.7092620000000001 0.33260900000000004 0.708217 0.331522 0.7071729999999999 0.348913 0.706128 0.352174 0.7116990000000001 0.352174 0.7116990000000001 0.35
1 0.713092 0.344565 0.712047 0.341304 0.711003 0.32717399999999996 0.710306 0.32717399999999996 0.70961 0.333696 0.711003 0.346739 0.713092 0.346739 0.713092 0.344565
1 0.738162 0.342391 0.7378129999999999 0.336957 0.736769 0.33260900000000004 0.736421 0.325 0.735376 0.326087 0.73468 0.336957 0.733287 0.342391 0.738162 0.342391
1 0.7677579999999999 0.326087 0.7677579999999999 0.320652 0.766713 0.320652 0.766017 0.32934800000000003 0.764624 0.33587 0.7698470000000001 0.33587 0.7677579999999999 0.326087
3 0.792131 0.344565 0.7928270000000001 0.346739 0.797702 0.34565199999999996 0.795613 0.325 0.794916 0.325 0.7942199999999999 0.328261 0.793175 0.342391 0.792131 0.344565
3 0.8095399999999999 0.33913000000000004 0.8084960000000001 0.336957 0.807451 0.322826 0.8067550000000001 0.322826 0.80571 0.33587 0.8046659999999999 0.340217 0.809192 0.341304 0.8095399999999999 0.33913000000000004
3 0.950905 0.371739 0.950905 0.340217 0.949861 0.34565199999999996 0.949164 0.361957 0.9467269999999999 0.371739 0.950905 0.371739
3 0.608983 0.32717399999999996 0.608983 0.322826 0.608287 0.320652 0.607939 0.32934800000000003 0.6068939999999999 0.334783 0.610028 0.334783 0.608983 0.32717399999999996
1 0.6803619999999999 0.317391 0.679666 0.31630400000000003 0.678273 0.328261 0.681755 0.328261 0.6803619999999999 0.320652 0.6803619999999999 0.317391
1 0.8199859999999999 0.31521699999999997 0.81929 0.31521699999999997 0.8189420000000001 0.321739 0.817897 0.32717399999999996 0.8217269999999999 0.32717399999999996 0.8199859999999999 0.31521699999999997
1 0.8234680000000001 0.313043 0.822772 0.311957 0.8217269999999999 0.325 0.8245129999999999 0.325 0.824861 0.322826 0.8234680000000001 0.313043
1 0.8151109999999999 0.31087 0.814415 0.30978300000000003 0.8137190000000001 0.319565 0.8130219999999999 0.321739 0.816156 0.321739 0.8151109999999999 0.31087
3 0.8436629999999999 0.33260900000000004 0.8426180000000001 0.330435 0.8415739999999999 0.318478 0.8408770000000001 0.317391 0.840181 0.328261 0.8387879999999999 0.334783 0.8433149999999999 0.334783 0.8436629999999999 0.33260900000000004
1 0.8032730000000001 0.319565 0.802228 0.31630400000000003 0.800836 0.326087 0.800836 0.331522 0.8046659999999999 0.331522 0.8032730000000001 0.319565
1 0.518454 0.468478 0.517409 0.47391300000000003 0.518454 0.476087 0.534471 0.476087 0.533426 0.47282599999999997 0.5330779999999999 0.468478 0.531337 0.46630399999999994 0.529944 0.459783 0.529596 0.452174 0.5288999999999999 0.448913 0.527855 0.41956499999999997 0.526811 0.41304299999999994 0.524373 0.411957 0.522284 0.431522 0.520891 0.465217 0.5198470000000001 0.468478 0.518454 0.468478
1 0.522632 0.425 0.523677 0.41304299999999994 0.524373 0.41086999999999996 0.526114 0.41086999999999996 0.5271589999999999 0.41304299999999994 0.528203 0.41956499999999997 0.528203 0.425 0.53273 0.426087 0.533426 0.420652 0.532033 0.41956499999999997 0.530989 0.415217 0.529248 0.383696 0.528552 0.38043499999999997 0.526114 0.38043499999999997 0.524373 0.409783 0.5229809999999999 0.41413 0.521936 0.42391300000000004 0.522632 0.425