3 0.351323 0.846739 0.374304 0.846739 0.368384 0.7793479999999999 0.368036 0.76413 0.365599 0.758696 0.358287 0.758696 0.35550099999999996 0.761957 0.35375999999999996 0.767391 0.353064 0.798913 0.351323 0.834783 0.351323 0.846739
3 0.512883 0.49565200000000004 0.511142 0.526087 0.508008 0.528261 0.503134 0.5423910000000001 0.507312 0.548913 0.512535 0.553261 0.517409 0.553261 0.526462 0.5478259999999999 0.532382 0.5478259999999999 0.5383009999999999 0.544565 0.537953 0.5423910000000001 0.533774 0.53587 0.533426 0.528261 0.531337 0.525 0.5288999999999999 0.525 0.528203 0.522826 0.524373 0.465217 0.522284 0.443478 0.521588 0.428261 0.520891 0.426087 0.516365 0.426087 0.515669 0.430435 0.514624 0.457609 0.513579 0.468478 0.512883 0.49565200000000004
3 0.535515 0.397826 0.534471 0.40108699999999997 0.53273 0.40217400000000003 0.532033 0.406522 0.530989 0.407609 0.530989 0.409783 0.533426 0.41413 0.551184 0.409783 0.551184 0.407609 0.549791 0.40543500000000005 0.549443 0.40108699999999997 0.5459609999999999 0.397826 0.542131 0.338043 0.538997 0.336957 0.5383009999999999 0.33913000000000004 0.5383009999999999 0.344565 0.536908 0.358696 0.535515 0.397826
3 0.48259100000000005 0.352174 0.482242 0.358696 0.496518 0.357609 0.49617000000000006 0.35 0.49442899999999995 0.348913 0.493384 0.343478 0.49129500000000004 0.304348 0.487465 0.303261 0.487117 0.31630400000000003 0.48537600000000003 0.33913000000000004 0.48537600000000003 0.35108700000000004 0.48259100000000005 0.352174
3 0.407382 0.32934800000000003 0.41713100000000003 0.32934800000000003 0.417479 0.323913 0.41539000000000004 0.321739 0.415042 0.311957 0.412953 0.288043 0.410515 0.286957 0.408774 0.31413 0.408774 0.322826 0.407382 0.325 0.407382 0.32934800000000003
3 0.339136 0.313043 0.338092 0.313043 0.337047 0.30978300000000003 0.335306 0.284783 0.33286899999999997 0.28586999999999996 0.332521 0.303261 0.331476 0.317391 0.338788 0.317391 0.339136 0.313043
3 0.266713 0.311957 0.26532 0.311957 0.264624 0.30978300000000003 0.264624 0.301087 0.263231 0.28913 0.260794 0.288043 0.260446 0.30869599999999997 0.259401 0.31630400000000003 0.266365 0.31521699999999997 0.266713 0.311957
3 0.24373300000000003 0.302174 0.24303599999999997 0.3 0.241643 0.282609 0.23990300000000003 0.281522 0.23885800000000001 0.28913 0.23851 0.306522 0.243384 0.305435 0.24373300000000003 0.302174
3 0.297354 0.26413000000000003 0.296657 0.26087 0.295613 0.26087 0.294916 0.266304 0.294916 0.27934800000000004 0.298398 0.27934800000000004 0.297354 0.26413000000000003
3 0.34018099999999996 0.25 0.338788 0.25 0.337396 0.26087 0.337396 0.266304 0.341226 0.266304 0.34018099999999996 0.25
3 0.397632 0.25652200000000003 0.397632 0.253261 0.39624000000000004 0.24239099999999997 0.395195 0.24130400000000002 0.393802 0.252174 0.393802 0.25760900000000003 0.396936 0.25760900000000003 0.397632 0.25652200000000003
3 0.454387 0.23478300000000002 0.453343 0.252174 0.457521 0.252174 0.45578 0.23586999999999997 0.454387 0.23478300000000002
3 0.518454 0.23478300000000002 0.5177579999999999 0.231522 0.516713 0.231522 0.515669 0.24130400000000002 0.515669 0.24673899999999999 0.51915 0.24673899999999999 0.518454 0.23478300000000002
3 0.583565 0.22391299999999997 0.582869 0.22391299999999997 0.5825210000000001 0.23586999999999997 0.581825 0.24021699999999999 0.58461 0.24021699999999999 0.583565 0.22391299999999997
3 0.645543 0.216304 0.6448470000000001 0.216304 0.643802 0.221739 0.643454 0.232609 0.646936 0.232609 0.645543 0.216304
3 0.719011 0.21086999999999997 0.718315 0.20760900000000002 0.7169220000000001 0.20760900000000002 0.716226 0.211957 0.715877 0.225 0.719708 0.225 0.719011 0.21086999999999997
3 0.7775070000000001 0.219565 0.776462 0.216304 0.776114 0.206522 0.7754179999999999 0.203261 0.774373 0.203261 0.773677 0.20760900000000002 0.773329 0.22282600000000002 0.7775070000000001 0.22282600000000002 0.7775070000000001 0.219565
3 0.850627 0.2 0.848189 0.220652 0.853412 0.220652 0.852019 0.20434800000000003 0.850627 0.2
3 0.9038999999999999 0.220652 0.9056409999999999 0.220652 0.904596 0.213043 0.9042479999999999 0.20434800000000003 0.903552 0.2 0.902507 0.197826 0.9014620000000001 0.20108700000000002 0.9014620000000001 0.20543499999999998 0.9038999999999999 0.21086999999999997 0.9038999999999999 0.220652
1 0.808844 0.348913 0.8046659999999999 0.35 0.8133699999999999 0.354348 0.824861 0.354348 0.8290390000000001 0.352174 0.8283429999999999 0.35 0.826253 0.348913 0.825905 0.34565199999999996 0.8238160000000001 0.343478 0.822772 0.33913000000000004 0.81929 0.28586999999999996 0.8151109999999999 0.28586999999999996 0.8147629999999999 0.298913 0.8119780000000001 0.343478 0.8095399999999999 0.344565 0.808844 0.348913
1 0.8130219999999999 0.225 0.812326 0.21086999999999997 0.810933 0.21086999999999997 0.809192 0.233696 0.8137190000000001 0.233696 0.814067 0.22934800000000002 0.8130219999999999 0.225
1 0.743384 0.232609 0.743384 0.230435 0.74234 0.228261 0.741992 0.216304 0.741295 0.21413000000000001 0.739903 0.21413000000000001 0.739206 0.22934800000000002 0.73851 0.230435 0.73851 0.232609 0.743384 0.232609
1 0.679666 0.21739099999999997 0.6786209999999999 0.236957 0.682451 0.236957 0.6810579999999999 0.21739099999999997 0.679666 0.21739099999999997
1 0.655292 0.303261 0.654944 0.305435 0.668175 0.306522 0.668524 0.303261 0.6657379999999999 0.296739 0.665042 0.286957 0.664345 0.284783 0.663649 0.261957 0.660515 0.26087 0.658426 0.298913 0.656685 0.3 0.656685 0.302174 0.655292 0.303261
1 0.616992 0.236957 0.615947 0.232609 0.615947 0.228261 0.6145539999999999 0.226087 0.61351 0.238043 0.61351 0.244565 0.616992 0.244565 0.616992 0.236957
1 0.552577 0.24239099999999997 0.552577 0.23478300000000002 0.552228 0.232609 0.551184 0.232609 0.550836 0.24021699999999999 0.549443 0.248913 0.553273 0.248913 0.552577 0.24239099999999997
1 0.541435 0.290217 0.5424789999999999 0.288043 0.5424789999999999 0.284783 0.541783 0.284783 0.5407379999999999 0.280435 0.539694 0.25652200000000003 0.537604 0.25652200000000003 0.536212 0.283696 0.533774 0.286957 0.537604 0.290217 0.541435 0.290217
1 0.49303600000000003 0.251087 0.49199200000000004 0.24782600000000002 0.491643 0.236957 0.49025100000000005 0.236957 0.48955399999999993 0.24130400000000002 0.489206 0.253261 0.49303600000000003 0.253261 0.49303600000000003 0.251087
1 0.443942 0.284783 0.442897 0.283696 0.441852 0.27934800000000004 0.44046 0.259783 0.43837000000000004 0.259783 0.437674 0.283696 0.43697800000000003 0.288043 0.443942 0.286957 0.443942 0.284783
1 0.429666 0.24130400000000002 0.428621 0.259783 0.43245100000000003 0.259783 0.431058 0.24239099999999997 0.429666 0.24130400000000002
1 0.391017 0.24782600000000002 0.388928 0.24673899999999999 0.388928 0.25543499999999997 0.387883 0.265217 0.392409 0.265217 0.391017 0.24782600000000002
1 0.36594699999999997 0.27934800000000004 0.36490300000000003 0.263043 0.363162 0.263043 0.361769 0.288043 0.36734 0.288043 0.36734 0.283696 0.36594699999999997 0.27934800000000004
1 0.362117 0.278261 0.362117 0.263043 0.361421 0.25543499999999997 0.35968 0.25652200000000003 0.35933099999999996 0.268478 0.357939 0.278261 0.362117 0.278261
3 0.263579 0.271739 0.263928 0.29239099999999996 0.267409 0.29239099999999996 0.26532 0.272826 0.263579 0.271739
1 0.9056409999999999 0.22934800000000002 0.903552 0.220652 0.903552 0.21086999999999997 0.902507 0.20760900000000002 0.901114 0.20760900000000002 0.900766 0.220652 0.8997210000000001 0.232609 0.9056409999999999 0.232609 0.9056409999999999 0.22934800000000002