1 0.618036 0.555435 0.616295 0.56087 0.616295 0.575 0.619081 0.578261 0.6427579999999999 0.578261 0.6431060000000001 0.565217 0.638928 0.5586960000000001 0.637883 0.546739 0.6354460000000001 0.46087 0.629526 0.459783 0.626393 0.503261 0.621518 0.552174 0.620822 0.554348 0.618036 0.555435
1 0.9380219999999999 0.594565 0.932451 0.594565 0.93071 0.5956520000000001 0.93071 0.597826 0.937326 0.603261 0.9505570000000001 0.609783 0.950905 0.528261 0.94429 0.58587 0.9435930000000001 0.588043 0.9387190000000001 0.58913 0.9380219999999999 0.594565
1 0.883357 0.375 0.882312 0.38043499999999997 0.882312 0.384783 0.880571 0.392391 0.879526 0.392391 0.879526 0.396739 0.8892760000000001 0.397826 0.8892760000000001 0.395652 0.887535 0.391304 0.887535 0.361957 0.88649 0.357609 0.885446 0.357609 0.8844010000000001 0.36086999999999997 0.883357 0.36956500000000003 0.883357 0.375
3 0.83461 0.358696 0.83461 0.361957 0.8433149999999999 0.361957 0.841922 0.358696 0.8405290000000001 0.34565199999999996 0.8405290000000001 0.334783 0.8398329999999999 0.331522 0.837744 0.334783 0.836351 0.353261 0.834958 0.359783 0.83461 0.358696
1 0.7924789999999999 0.363043 0.791783 0.33913000000000004 0.791086 0.331522 0.789345 0.331522 0.787256 0.36086999999999997 0.785515 0.363043 0.7924789999999999 0.363043
1 0.6963790000000001 0.33913000000000004 0.703343 0.33913000000000004 0.70195 0.33260900000000004 0.7016020000000001 0.31087 0.6995129999999999 0.31087 0.698468 0.326087 0.697423 0.333696 0.6963790000000001 0.33587 0.6963790000000001 0.33913000000000004
3 0.71727 0.331522 0.7245820000000001 0.331522 0.7224929999999999 0.326087 0.722145 0.307609 0.721797 0.305435 0.720404 0.305435 0.719708 0.30869599999999997 0.719011 0.323913 0.71727 0.32934800000000003 0.71727 0.331522
1 0.514624 0.303261 0.513231 0.304348 0.513231 0.307609 0.520891 0.306522 0.5194989999999999 0.302174 0.518802 0.277174 0.517409 0.277174 0.516713 0.27934800000000004 0.51532 0.3 0.514624 0.303261
3 0.497563 0.29239099999999996 0.497563 0.290217 0.496866 0.290217 0.49617000000000006 0.28586999999999996 0.495474 0.266304 0.494081 0.266304 0.493384 0.269565 0.49268799999999996 0.282609 0.49094699999999997 0.29239099999999996 0.497563 0.29239099999999996
1 0.42548700000000006 0.29782600000000004 0.433148 0.29782600000000004 0.431058 0.28586999999999996 0.43036199999999997 0.267391 0.42896900000000004 0.267391 0.427577 0.291304 0.42688 0.294565 0.425836 0.294565 0.42548700000000006 0.29782600000000004
1 0.329387 0.459783 0.329387 0.46956499999999995 0.331825 0.47282599999999997 0.350975 0.47282599999999997 0.350975 0.46087 0.34818899999999997 0.456522 0.347145 0.453261 0.343663 0.378261 0.343315 0.376087 0.338788 0.376087 0.333565 0.453261 0.33286899999999997 0.456522 0.331128 0.456522 0.329387 0.459783
2 0.23746499999999998 0.383696 0.23537599999999997 0.384783 0.23502800000000001 0.391304 0.231894 0.391304 0.231894 0.393478 0.237813 0.4 0.26009699999999997 0.4 0.26009699999999997 0.397826 0.256616 0.390217 0.254526 0.38043499999999997 0.252089 0.32717399999999996 0.250696 0.311957 0.24895499999999998 0.278261 0.24477699999999997 0.278261 0.24199199999999998 0.321739 0.24129499999999998 0.326087 0.23816199999999998 0.38043499999999997 0.23746499999999998 0.383696
3 0.378482 0.277174 0.378482 0.280435 0.38509699999999997 0.280435 0.383357 0.267391 0.383008 0.253261 0.38126699999999997 0.253261 0.38126699999999997 0.258696 0.38022300000000003 0.266304 0.380571 0.268478 0.378482 0.277174
1 0.35375999999999996 0.29782600000000004 0.35375999999999996 0.29565199999999997 0.352716 0.294565 0.35201899999999997 0.290217 0.350975 0.263043 0.349582 0.263043 0.347493 0.293478 0.34609999999999996 0.29565199999999997 0.34609999999999996 0.29782600000000004 0.35375999999999996 0.29782600000000004
1 0.274373 0.302174 0.274373 0.307609 0.284123 0.307609 0.284123 0.303261 0.28273000000000004 0.301087 0.281337 0.266304 0.279248 0.266304 0.27715900000000004 0.298913 0.276462 0.302174 0.274373 0.302174
3 0.277507 0.276087 0.277507 0.272826 0.276462 0.268478 0.275766 0.244565 0.273677 0.244565 0.271936 0.271739 0.270543 0.272826 0.270543 0.276087 0.277507 0.276087
3 0.166086 0.281522 0.175836 0.281522 0.175487 0.278261 0.174095 0.276087 0.172354 0.243478 0.169916 0.243478 0.16817500000000002 0.275 0.167479 0.278261 0.166086 0.278261 0.166086 0.281522
0 0.15772999999999998 0.267391 0.16538999999999998 0.267391 0.16538999999999998 0.263043 0.164694 0.263043 0.163997 0.259783 0.162953 0.23478300000000002 0.160864 0.23478300000000002 0.159123 0.26087 0.158426 0.26413000000000003 0.15772999999999998 0.26413000000000003 0.15772999999999998 0.267391
0 0.150766 0.24239099999999997 0.149721 0.24021699999999999 0.148677 0.219565 0.147632 0.219565 0.14623999999999998 0.236957 0.144847 0.24565199999999998 0.150766 0.24565199999999998 0.150766 0.24239099999999997
0 0.139972 0.22391299999999997 0.139276 0.208696 0.137883 0.208696 0.137187 0.22391299999999997 0.136142 0.231522 0.141017 0.231522 0.139972 0.22391299999999997
0 0.10968 0.203261 0.10898300000000001 0.198913 0.108287 0.198913 0.10619799999999999 0.218478 0.11142099999999999 0.218478 0.110376 0.213043 0.10968 0.203261
0 0.082869 0.20434800000000003 0.082521 0.197826 0.081476 0.197826 0.08077999999999999 0.209783 0.079735 0.215217 0.08460999999999999 0.215217 0.082869 0.20434800000000003
0 0.053620999999999995 0.192391 0.051532 0.21413000000000001 0.056755 0.21413000000000001 0.05501399999999999 0.19347799999999998 0.053620999999999995 0.192391
0 0.131964 0.2 0.130571 0.2 0.130223 0.211957 0.129178 0.220652 0.133357 0.220652 0.131964 0.2
1 0.606198 0.319565 0.611421 0.319565 0.610376 0.29239099999999996 0.608983 0.29239099999999996 0.6072420000000001 0.31413 0.606198 0.317391 0.606198 0.319565
3 0.604805 0.307609 0.6072420000000001 0.30869599999999997 0.608287 0.294565 0.608983 0.291304 0.608635 0.284783 0.6072420000000001 0.28586999999999996 0.60585 0.304348 0.604805 0.305435 0.604805 0.307609
2 0.22388599999999997 0.277174 0.22353800000000001 0.286957 0.22284099999999998 0.28913 0.22214499999999998 0.307609 0.220752 0.31521699999999997 0.220404 0.328261 0.218663 0.347826 0.218663 0.361957 0.21622599999999997 0.363043 0.215877 0.36847799999999997 0.21727 0.372826 0.22562700000000002 0.372826 0.22945700000000002 0.31521699999999997 0.230153 0.293478 0.228064 0.26413000000000003 0.22493 0.26413000000000003 0.224582 0.266304 0.224582 0.275 0.22388599999999997 0.277174
1 0.23363499999999998 0.31087 0.23433099999999998 0.31521699999999997 0.23502800000000001 0.331522 0.23711700000000002 0.33260900000000004 0.23711700000000002 0.328261 0.23502800000000001 0.323913 0.23468 0.313043 0.23363499999999998 0.306522 0.232939 0.280435 0.23085 0.280435 0.230153 0.282609 0.23050099999999998 0.293478 0.22980499999999998 0.31087 0.23363499999999998 0.31087
1 0.22388599999999997 0.377174 0.22284099999999998 0.38043499999999997 0.224234 0.38260900000000003 0.23746499999999998 0.38260900000000003 0.236072 0.375 0.236421 0.372826 0.23502800000000001 0.36413 0.23468 0.32717399999999996 0.23363499999999998 0.311957 0.22980499999999998 0.311957 0.226323 0.370652 0.22562700000000002 0.375 0.22388599999999997 0.375 0.22388599999999997 0.377174