3 0.07694999999999999 0.833696 0.066504 0.713043 0.057103 0.7119570000000001 0.053969 0.7163039999999999 0.048747 0.777174 0.048747 0.846739 0.077646 0.846739 0.07694999999999999 0.833696
3 0.509401 0.548913 0.5104460000000001 0.555435 0.509053 0.561957 0.506616 0.563043 0.505571 0.5663039999999999 0.505223 0.572826 0.503482 0.578261 0.503482 0.5826089999999999 0.530292 0.5826089999999999 0.529248 0.568478 0.52507 0.563043 0.524373 0.545652 0.526114 0.544565 0.524721 0.530435 0.522284 0.5239130000000001 0.520543 0.478261 0.515669 0.478261 0.513231 0.525 0.510097 0.531522 0.506964 0.544565 0.509401 0.548913
3 0.549443 0.46630399999999994 0.564415 0.467391 0.564067 0.459783 0.5619780000000001 0.45869600000000005 0.560933 0.453261 0.559192 0.406522 0.55571 0.406522 0.552228 0.453261 0.551532 0.456522 0.549443 0.45869600000000005 0.549443 0.46630399999999994
3 0.50383 0.418478 0.503134 0.41413 0.501741 0.41413 0.501045 0.411957 0.5 0.39891299999999996 0.49930399999999997 0.377174 0.49895500000000004 0.375 0.49721399999999993 0.375 0.494777 0.409783 0.49268799999999996 0.41413 0.49199200000000004 0.418478 0.50383 0.418478
3 0.45020899999999997 0.376087 0.449861 0.383696 0.448816 0.384783 0.448468 0.388043 0.456128 0.388043 0.456128 0.38587 0.454735 0.384783 0.454387 0.36739099999999997 0.452994 0.355435 0.452298 0.355435 0.451253 0.359783 0.451253 0.373913 0.45020899999999997 0.376087
3 0.40424800000000005 0.372826 0.40424800000000005 0.36956500000000003 0.403203 0.366304 0.40250700000000006 0.346739 0.40076599999999996 0.34565199999999996 0.40007000000000004 0.35 0.40007000000000004 0.358696 0.39832900000000004 0.372826 0.40424800000000005 0.372826
3 0.323468 0.361957 0.323816 0.35108700000000004 0.322772 0.346739 0.322423 0.341304 0.320334 0.341304 0.319638 0.36413 0.317897 0.36739099999999997 0.324513 0.36739099999999997 0.323468 0.361957
3 0.250696 0.379348 0.24930400000000003 0.373913 0.247911 0.347826 0.24582199999999998 0.346739 0.244081 0.36413 0.24373300000000003 0.373913 0.24199199999999998 0.379348 0.250696 0.379348
3 0.186978 0.4 0.185585 0.4 0.185585 0.404348 0.197423 0.404348 0.196379 0.39891299999999996 0.194638 0.397826 0.194638 0.390217 0.193593 0.38152200000000003 0.192549 0.36086999999999997 0.189763 0.36086999999999997 0.189067 0.36956500000000003 0.189067 0.38152200000000003 0.188022 0.394565 0.186978 0.4
3 0.10724199999999999 0.44021699999999997 0.12325900000000001 0.44021699999999997 0.12291099999999999 0.43260899999999997 0.12082200000000001 0.431522 0.120125 0.428261 0.11699200000000001 0.38587 0.11281300000000001 0.384783 0.110376 0.428261 0.109331 0.43260899999999997 0.10724199999999999 0.43478300000000003 0.10724199999999999 0.44021699999999997
1 0.05188 0.397826 0.05188 0.395652 0.050487000000000004 0.394565 0.048747 0.386957 0.048747 0.403261 0.052925 0.403261 0.053273 0.40108699999999997 0.05188 0.397826
1 0.133008 0.376087 0.141713 0.376087 0.141713 0.372826 0.141017 0.370652 0.139972 0.370652 0.139276 0.366304 0.138928 0.343478 0.138579 0.341304 0.136142 0.341304 0.134749 0.366304 0.134053 0.370652 0.133008 0.371739 0.133008 0.376087
1 0.201253 0.361957 0.200209 0.361957 0.199513 0.358696 0.199861 0.352174 0.198816 0.334783 0.196727 0.334783 0.195682 0.357609 0.194638 0.36413 0.201602 0.36413 0.201253 0.361957
1 0.27124000000000004 0.356522 0.27124000000000004 0.354348 0.270543 0.354348 0.26949900000000004 0.35108700000000004 0.26949900000000004 0.341304 0.268802 0.33260900000000004 0.266713 0.331522 0.266365 0.352174 0.26532 0.353261 0.264972 0.356522 0.27124000000000004 0.356522
1 0.347493 0.348913 0.347145 0.333696 0.345752 0.33260900000000004 0.345404 0.35 0.34401099999999996 0.355435 0.349234 0.355435 0.347493 0.348913
1 0.403552 0.355435 0.403552 0.357609 0.408774 0.357609 0.407382 0.346739 0.40703300000000003 0.33587 0.40494399999999997 0.33587 0.40494399999999997 0.343478 0.40424800000000005 0.347826 0.40424800000000005 0.354348 0.403552 0.355435
1 0.471448 0.365217 0.47771600000000003 0.366304 0.475279 0.356522 0.474582 0.342391 0.473538 0.342391 0.47249299999999994 0.354348 0.47249299999999994 0.361957 0.471448 0.363043 0.471448 0.365217
1 0.5271589999999999 0.36956500000000003 0.526114 0.361957 0.525766 0.348913 0.524025 0.348913 0.521936 0.375 0.528203 0.375 0.528203 0.371739 0.5271589999999999 0.36956500000000003
1 0.5790390000000001 0.392391 0.587047 0.392391 0.587047 0.388043 0.584958 0.38587 0.5842620000000001 0.359783 0.5821729999999999 0.359783 0.5807800000000001 0.384783 0.580084 0.388043 0.5790390000000001 0.388043 0.5790390000000001 0.392391
1 0.631616 0.421739 0.643802 0.422826 0.6427579999999999 0.41630399999999995 0.641365 0.41630399999999995 0.640669 0.41413 0.638928 0.38043499999999997 0.636142 0.38043499999999997 0.634053 0.41086999999999996 0.633008 0.415217 0.631964 0.41630399999999995 0.631616 0.421739
1 0.718315 0.468478 0.733635 0.468478 0.733635 0.46630399999999994 0.7318939999999999 0.46195700000000006 0.729805 0.46087 0.729109 0.45869600000000005 0.7270190000000001 0.41086999999999996 0.723886 0.41086999999999996 0.7211000000000001 0.454348 0.720056 0.45869600000000005 0.718315 0.459783 0.718315 0.468478
1 0.848886 0.565217 0.847145 0.565217 0.847145 0.570652 0.855501 0.578261 0.87883 0.578261 0.878482 0.576087 0.8760450000000001 0.572826 0.875348 0.570652 0.8756959999999999 0.567391 0.8739549999999999 0.563043 0.8708220000000001 0.561957 0.869777 0.559783 0.8655989999999999 0.479348 0.8603759999999999 0.479348 0.854805 0.554348 0.854109 0.557609 0.84993 0.5586960000000001 0.848886 0.565217