3 0.146588 0.411957 0.14415 0.41413 0.152159 0.41956499999999997 0.163649 0.41956499999999997 0.170265 0.41630399999999995 0.170265 0.41304299999999994 0.16921999999999998 0.41304299999999994 0.168524 0.407609 0.16538999999999998 0.406522 0.164694 0.403261 0.16051500000000002 0.330435 0.157033 0.32934800000000003 0.151462 0.40217400000000003 0.150766 0.404348 0.147632 0.40543500000000005 0.146588 0.411957
3 0.356546 0.354348 0.355153 0.36086999999999997 0.369081 0.361957 0.369081 0.356522 0.36734 0.355435 0.366643 0.35108700000000004 0.36490300000000003 0.306522 0.362465 0.306522 0.358983 0.35108700000000004 0.357939 0.354348 0.356546 0.354348
3 0.5027860000000001 0.347826 0.503134 0.352174 0.5121870000000001 0.352174 0.510794 0.344565 0.509053 0.30978300000000003 0.508008 0.30978300000000003 0.505223 0.344565 0.504526 0.346739 0.5027860000000001 0.347826
3 0.602716 0.347826 0.60968 0.348913 0.608983 0.346739 0.607939 0.31521699999999997 0.606198 0.31521699999999997 0.604109 0.341304 0.603412 0.344565 0.602716 0.344565 0.602716 0.347826
3 0.671309 0.348913 0.674095 0.348913 0.672702 0.319565 0.672006 0.318478 0.671309 0.321739 0.670265 0.33587 0.670265 0.34565199999999996 0.671309 0.348913
3 0.725975 0.347826 0.73085 0.347826 0.729805 0.33913000000000004 0.729457 0.323913 0.728064 0.325 0.7270190000000001 0.340217 0.725627 0.344565 0.725975 0.347826
3 0.747563 0.346739 0.753134 0.347826 0.752089 0.325 0.750696 0.326087 0.749304 0.342391 0.747563 0.344565 0.747563 0.346739
3 0.745822 0.31521699999999997 0.744429 0.31521699999999997 0.743733 0.32934800000000003 0.742688 0.334783 0.746518 0.33587 0.745822 0.31521699999999997
3 0.725279 0.328261 0.727716 0.328261 0.727716 0.325 0.728412 0.322826 0.728064 0.30978300000000003 0.7270190000000001 0.30978300000000003 0.726323 0.321739 0.725279 0.325 0.725279 0.328261
3 0.70195 0.320652 0.705084 0.320652 0.7040390000000001 0.313043 0.703691 0.301087 0.702994 0.301087 0.7016020000000001 0.31413 0.700557 0.31630400000000003 0.700557 0.318478 0.70195 0.320652
1 0.717618 0.31521699999999997 0.716574 0.30869599999999997 0.716574 0.3 0.715877 0.301087 0.7151810000000001 0.31087 0.714136 0.31521699999999997 0.717618 0.31521699999999997
1 0.76149 0.321739 0.761838 0.31087 0.760794 0.31087 0.760097 0.321739 0.759053 0.328261 0.762883 0.32934800000000003 0.76149 0.321739
1 0.875 0.38043499999999997 0.873607 0.378261 0.8725630000000001 0.354348 0.871518 0.354348 0.869429 0.377174 0.868384 0.378261 0.869429 0.38043499999999997 0.875 0.38043499999999997
1 0.8461000000000001 0.38043499999999997 0.8461000000000001 0.383696 0.853064 0.383696 0.851323 0.36847799999999997 0.850975 0.355435 0.8495820000000001 0.356522 0.848189 0.373913 0.847493 0.378261 0.8461000000000001 0.38043499999999997
1 0.753482 0.4 0.763928 0.40108699999999997 0.763231 0.397826 0.7621870000000001 0.396739 0.76149 0.391304 0.7604460000000001 0.359783 0.758705 0.359783 0.756267 0.391304 0.755223 0.395652 0.753482 0.396739 0.753482 0.4
1 0.6751389999999999 0.41413 0.674095 0.417391 0.677577 0.421739 0.6887190000000001 0.421739 0.687326 0.415217 0.685585 0.41304299999999994 0.683844 0.36739099999999997 0.681407 0.366304 0.677577 0.407609 0.6768799999999999 0.41086999999999996 0.6751389999999999 0.411957 0.6751389999999999 0.41413
1 0.573816 0.45 0.572075 0.45108699999999996 0.571727 0.453261 0.579735 0.45869600000000005 0.593315 0.457609 0.592967 0.454348 0.591574 0.453261 0.590529 0.448913 0.588788 0.44782599999999995 0.588092 0.44565200000000005 0.585655 0.383696 0.5825210000000001 0.383696 0.577298 0.441304 0.5766020000000001 0.443478 0.5748610000000001 0.444565 0.573816 0.45
1 0.525766 0.525 0.526811 0.527174 0.529596 0.528261 0.54805 0.528261 0.54805 0.515217 0.547354 0.5130429999999999 0.544568 0.511957 0.543872 0.508696 0.541783 0.478261 0.54039 0.426087 0.536212 0.426087 0.529248 0.506522 0.5275070000000001 0.507609 0.526114 0.5130429999999999 0.525766 0.525
1 0.597145 0.731522 0.59227 0.733696 0.59227 0.73587 0.608287 0.768478 0.6427579999999999 0.767391 0.642409 0.76413 0.637883 0.753261 0.6371870000000001 0.740217 0.634053 0.732609 0.630571 0.728261 0.625348 0.584783 0.624652 0.5826089999999999 0.618036 0.5826089999999999 0.6055010000000001 0.718478 0.604805 0.7206520000000001 0.599234 0.723913 0.597145 0.731522
2 0.809192 0.394565 0.8077989999999999 0.38043499999999997 0.8077989999999999 0.352174 0.807451 0.341304 0.8067550000000001 0.336957 0.8050140000000001 0.336957 0.800836 0.38260900000000003 0.79805 0.392391 0.809192 0.394565
2 0.6601670000000001 0.34565199999999996 0.660864 0.347826 0.669916 0.348913 0.6692199999999999 0.33913000000000004 0.668175 0.301087 0.6674789999999999 0.298913 0.666086 0.3 0.6633009999999999 0.33587 0.662256 0.342391 0.6601670000000001 0.34565199999999996
3 0.755223 0.320652 0.75383 0.320652 0.7527860000000001 0.340217 0.753134 0.342391 0.755919 0.342391 0.755223 0.320652
2 0.8165039999999999 0.392391 0.8154600000000001 0.38152200000000003 0.814415 0.336957 0.812326 0.336957 0.8095399999999999 0.36739099999999997 0.8098890000000001 0.388043 0.8116300000000001 0.392391 0.8165039999999999 0.392391
1 0.800836 0.341304 0.799791 0.323913 0.799095 0.323913 0.798747 0.33587 0.797006 0.341304 0.800836 0.341304
1 0.810585 0.393478 0.809192 0.38587 0.809192 0.36086999999999997 0.8081480000000001 0.357609 0.8077989999999999 0.366304 0.8084960000000001 0.386957 0.8095399999999999 0.392391 0.810585 0.393478
1 0.837396 0.348913 0.8370469999999999 0.334783 0.835655 0.334783 0.834958 0.348913 0.8335649999999999 0.354348 0.838092 0.355435 0.837396 0.348913
1 0.8607239999999999 0.370652 0.866643 0.370652 0.8655989999999999 0.356522 0.8655989999999999 0.347826 0.864554 0.346739 0.86351 0.348913 0.862813 0.36086999999999997 0.8607239999999999 0.370652
2 0.6803619999999999 0.348913 0.6793180000000001 0.340217 0.677925 0.302174 0.676532 0.302174 0.674095 0.33260900000000004 0.674095 0.341304 0.6751389999999999 0.348913 0.6803619999999999 0.348913