2 0.207521 0.575 0.205432 0.61087 0.20473499999999997 0.6380429999999999 0.203691 0.653261 0.20299399999999998 0.694565 0.20090499999999997 0.729348 0.198468 0.808696 0.197772 0.8141299999999999 0.192201 0.826087 0.189415 0.836957 0.180014 0.844565 0.179318 0.846739 0.264972 0.846739 0.266713 0.8423909999999999 0.266365 0.834783 0.254178 0.8195650000000001 0.253134 0.816304 0.252089 0.807609 0.250696 0.803261 0.24582199999999998 0.796739 0.244429 0.790217 0.24234 0.765217 0.24234 0.756522 0.239554 0.731522 0.23885800000000001 0.719565 0.23746499999999998 0.71087 0.23711700000000002 0.695652 0.233983 0.656522 0.232591 0.6489130000000001 0.232591 0.640217 0.230153 0.617391 0.22876 0.596739 0.228064 0.593478 0.228064 0.5869570000000001 0.226323 0.569565 0.22562700000000002 0.555435 0.22388599999999997 0.5380429999999999 0.22214499999999998 0.528261 0.22179700000000002 0.511957 0.2211 0.507609 0.211351 0.507609 0.209262 0.516304 0.209958 0.531522 0.20856499999999997 0.5380429999999999 0.207521 0.575
3 0.12082200000000001 0.7608699999999999 0.120125 0.766304 0.11908099999999999 0.818478 0.118036 0.831522 0.11768799999999999 0.846739 0.14902500000000002 0.846739 0.14902500000000002 0.840217 0.147632 0.832609 0.146588 0.821739 0.145543 0.803261 0.143454 0.784783 0.142758 0.782609 0.142758 0.7739130000000001 0.139276 0.752174 0.138928 0.7445649999999999 0.138231 0.741304 0.137187 0.721739 0.135794 0.7119570000000001 0.135097 0.696739 0.127786 0.695652 0.126393 0.698913 0.125 0.698913 0.12291099999999999 0.7021740000000001 0.122214 0.705435 0.122214 0.729348 0.12082200000000001 0.75 0.12082200000000001 0.7608699999999999
3 0.649373 0.43260899999999997 0.6479809999999999 0.43804299999999996 0.645195 0.43804299999999996 0.6444989999999999 0.441304 0.6448470000000001 0.444565 0.6427579999999999 0.446739 0.642409 0.45 0.65007 0.452174 0.6633009999999999 0.452174 0.6657379999999999 0.45 0.6678270000000001 0.444565 0.666435 0.443478 0.664694 0.43804299999999996 0.662604 0.43695700000000004 0.6615599999999999 0.433696 0.660515 0.41956499999999997 0.660515 0.404348 0.658774 0.378261 0.65773 0.371739 0.65773 0.365217 0.656337 0.359783 0.652855 0.359783 0.652855 0.366304 0.6504179999999999 0.40217400000000003 0.6504179999999999 0.420652 0.649373 0.43260899999999997
3 0.754526 0.31087 0.754526 0.318478 0.75383 0.319565 0.75383 0.328261 0.7527860000000001 0.334783 0.751045 0.33587 0.750696 0.341304 0.763231 0.341304 0.763928 0.340217 0.763928 0.336957 0.763231 0.334783 0.761838 0.334783 0.760794 0.32717399999999996 0.760794 0.313043 0.760097 0.30978300000000003 0.759749 0.3 0.759053 0.298913 0.758705 0.288043 0.758008 0.28586999999999996 0.756267 0.28586999999999996 0.756267 0.294565 0.755223 0.29782600000000004 0.755223 0.307609 0.754526 0.31087
3 0.807103 0.29239099999999996 0.8077989999999999 0.28913 0.80571 0.284783 0.80571 0.278261 0.8050140000000001 0.276087 0.805362 0.268478 0.803969 0.253261 0.80188 0.253261 0.800139 0.28586999999999996 0.7983979999999999 0.288043 0.7983979999999999 0.29239099999999996 0.807103 0.29239099999999996
3 0.830084 0.26413000000000003 0.830084 0.261957 0.8290390000000001 0.26087 0.8290390000000001 0.248913 0.8283429999999999 0.24565199999999998 0.827994 0.238043 0.826602 0.23586999999999997 0.8252090000000001 0.24782600000000002 0.8252090000000001 0.259783 0.8238160000000001 0.263043 0.830084 0.26413000000000003
3 0.86351 0.227174 0.8621169999999999 0.21086999999999997 0.861421 0.21086999999999997 0.8603759999999999 0.215217 0.8603759999999999 0.22391299999999997 0.85968 0.227174 0.86351 0.227174
3 0.851671 0.23478300000000002 0.856198 0.23478300000000002 0.855501 0.232609 0.855501 0.22282600000000002 0.854457 0.215217 0.853412 0.216304 0.852716 0.22282600000000002 0.852716 0.231522 0.851671 0.23478300000000002
0 0.716574 0.263043 0.714485 0.25760900000000003 0.713788 0.236957 0.712047 0.236957 0.711003 0.25 0.711003 0.25760900000000003 0.70961 0.263043 0.716574 0.263043
0 0.783774 0.236957 0.782033 0.227174 0.782033 0.219565 0.781685 0.21739099999999997 0.7806409999999999 0.21739099999999997 0.779596 0.225 0.779596 0.23478300000000002 0.778552 0.236957 0.783774 0.236957
3 0.8415739999999999 0.24239099999999997 0.8405290000000001 0.24782600000000002 0.845404 0.24673899999999999 0.844708 0.243478 0.844708 0.231522 0.8436629999999999 0.228261 0.8433149999999999 0.22391299999999997 0.8422700000000001 0.226087 0.8422700000000001 0.22934800000000002 0.8415739999999999 0.230435 0.8415739999999999 0.24239099999999997