1 0.508357 0.590217 0.505919 0.592391 0.505571 0.597826 0.504875 0.6 0.502089 0.6010869999999999 0.502089 0.603261 0.510097 0.6195649999999999 0.512535 0.621739 0.538997 0.620652 0.538997 0.6141300000000001 0.535515 0.608696 0.5348189999999999 0.6 0.529596 0.5913039999999999 0.525766 0.48695700000000003 0.520195 0.48586999999999997 0.51915 0.48913 0.511838 0.5869570000000001 0.511142 0.590217 0.508357 0.590217
1 0.489903 0.359783 0.488858 0.378261 0.48781299999999994 0.38043499999999997 0.48607199999999995 0.38043499999999997 0.48537600000000003 0.38260900000000003 0.48537600000000003 0.386957 0.49860699999999997 0.388043 0.49860699999999997 0.384783 0.495822 0.378261 0.494777 0.361957 0.49442899999999995 0.33913000000000004 0.493384 0.334783 0.49234 0.334783 0.491643 0.341304 0.49094699999999997 0.342391 0.49094699999999997 0.35108700000000004 0.489903 0.359783
1 0.383357 0.31521699999999997 0.383008 0.317391 0.391017 0.319565 0.391017 0.317391 0.389276 0.311957 0.388231 0.284783 0.387187 0.282609 0.385446 0.304348 0.384749 0.306522 0.384749 0.31413 0.383357 0.31521699999999997
1 0.283426 0.277174 0.282033 0.254348 0.28098900000000004 0.253261 0.279944 0.269565 0.278552 0.27934800000000004 0.28447100000000003 0.280435 0.283426 0.277174
1 0.22876 0.258696 0.228412 0.243478 0.228064 0.24130400000000002 0.227019 0.24130400000000002 0.226323 0.25760900000000003 0.22493 0.267391 0.23050099999999998 0.267391 0.22876 0.258696
1 0.066156 0.219565 0.065808 0.208696 0.064415 0.206522 0.06337000000000001 0.221739 0.061978 0.228261 0.067549 0.22934800000000002 0.066156 0.219565
1 0.057103 0.232609 0.057103 0.22934800000000002 0.05571 0.22391299999999997 0.05501399999999999 0.20760900000000002 0.053620999999999995 0.20760900000000002 0.052925 0.21086999999999997 0.052925 0.22282600000000002 0.051532 0.230435 0.057103 0.232609
1 0.104457 0.243478 0.110376 0.244565 0.10898300000000001 0.23913 0.108287 0.220652 0.106894 0.219565 0.10619799999999999 0.22282600000000002 0.105501 0.24021699999999999 0.104457 0.24130400000000002 0.104457 0.243478
3 0.07311999999999999 0.25 0.071379 0.254348 0.079735 0.25543499999999997 0.078343 0.252174 0.077298 0.228261 0.076602 0.225 0.075209 0.225 0.074513 0.227174 0.074513 0.23478300000000002 0.07311999999999999 0.24565199999999998 0.07311999999999999 0.25
3 0.11385799999999999 0.261957 0.11316200000000001 0.26413000000000003 0.11699200000000001 0.266304 0.122563 0.266304 0.12082200000000001 0.258696 0.11942900000000001 0.233696 0.11768799999999999 0.233696 0.11699200000000001 0.23586999999999997 0.11699200000000001 0.244565 0.11559900000000001 0.26087 0.11385799999999999 0.261957
3 0.14902500000000002 0.27391299999999996 0.148329 0.27391299999999996 0.148329 0.276087 0.157033 0.277174 0.157033 0.275 0.155641 0.272826 0.154596 0.24565199999999998 0.15389999999999998 0.243478 0.152507 0.243478 0.151114 0.26413000000000003 0.150418 0.266304 0.150418 0.269565 0.14902500000000002 0.27391299999999996
3 0.194638 0.365217 0.193245 0.38152200000000003 0.190808 0.383696 0.190808 0.38587 0.189763 0.388043 0.189763 0.391304 0.18836999999999998 0.393478 0.206128 0.394565 0.20856499999999997 0.391304 0.207173 0.384783 0.20578 0.384783 0.204387 0.38152200000000003 0.204387 0.371739 0.203691 0.36739099999999997 0.203691 0.358696 0.20299399999999998 0.353261 0.20299399999999998 0.344565 0.20195 0.33587 0.201602 0.321739 0.19812000000000002 0.321739 0.196031 0.347826 0.196031 0.356522 0.194638 0.365217
3 0.175836 0.286957 0.174095 0.291304 0.183844 0.29239099999999996 0.182103 0.286957 0.181058 0.261957 0.180362 0.25652200000000003 0.179318 0.254348 0.178273 0.259783 0.177228 0.277174 0.176184 0.281522 0.175836 0.286957
3 0.199513 0.293478 0.199164 0.3 0.197075 0.303261 0.196379 0.306522 0.207869 0.307609 0.207869 0.304348 0.20647600000000002 0.303261 0.205432 0.296739 0.205084 0.278261 0.203691 0.265217 0.20195 0.266304 0.201253 0.271739 0.20090499999999997 0.28586999999999996 0.199513 0.293478
3 0.23050099999999998 0.326087 0.22980499999999998 0.326087 0.22876 0.322826 0.227019 0.284783 0.226323 0.281522 0.223946109375 0.3003186890625 0.22493 0.301087 0.22562700000000002 0.31413 0.226323 0.317391 0.226323 0.323913 0.22771599999999997 0.330435 0.23050099999999998 0.330435 0.23050099999999998 0.326087
3 0.2211 0.331522 0.219359 0.344565 0.219359 0.35 0.218663 0.353261 0.216574 0.355435 0.214833 0.361957 0.22980499999999998 0.361957 0.23085 0.358696 0.23050099999999998 0.355435 0.229109 0.355435 0.228064 0.352174 0.22736800000000001 0.330435 0.22597499999999998 0.323913 0.22597499999999998 0.317391 0.225279 0.31413 0.224582 0.301087 0.223189 0.301087 0.22214499999999998 0.318478 0.2211 0.326087 0.2211 0.331522
1 0.5121870000000001 0.42391300000000004 0.509053 0.42717400000000005 0.508357 0.430435 0.508357 0.43587 0.51532 0.43913 0.524721 0.44021699999999997 0.525766 0.43804299999999996 0.525766 0.43478300000000003 0.52507 0.43478300000000003 0.524373 0.430435 0.521588 0.42717400000000005 0.521588 0.415217 0.520195 0.407609 0.5194989999999999 0.36956500000000003 0.516713 0.36847799999999997 0.515669 0.371739 0.513928 0.40217400000000003 0.512535 0.411957 0.5121870000000001 0.42391300000000004
1 0.435585 0.33913000000000004 0.43488899999999997 0.341304 0.433844 0.341304 0.433844 0.34565199999999996 0.436281 0.347826 0.443942 0.347826 0.44254899999999997 0.342391 0.441156 0.341304 0.44011100000000003 0.323913 0.44011100000000003 0.31087 0.439067 0.305435 0.43802199999999997 0.305435 0.43697800000000003 0.31413 0.437326 0.318478 0.43662999999999996 0.321739 0.435585 0.33913000000000004
1 0.331825 0.29565199999999997 0.330432 0.291304 0.329387 0.271739 0.329735 0.269565 0.32903899999999997 0.265217 0.327994 0.265217 0.326602 0.282609 0.326602 0.291304 0.32520899999999997 0.294565 0.331825 0.29565199999999997
1 0.179318 0.253261 0.18070999999999998 0.25652200000000003 0.183496 0.25760900000000003 0.183496 0.25543499999999997 0.182799 0.25543499999999997 0.181755 0.25 0.181407 0.23478300000000002 0.180362 0.231522 0.179318 0.23586999999999997 0.179318 0.24239099999999997 0.178273 0.253261 0.179318 0.253261