1 0.511838 0.541304 0.510794 0.548913 0.510794 0.555435 0.509749 0.56087 0.508705 0.5826089999999999 0.506964 0.596739 0.506616 0.609783 0.505571 0.6141300000000001 0.505223 0.627174 0.50383 0.632609 0.50383 0.636957 0.49965200000000004 0.63913 0.498259 0.643478 0.494081 0.6445649999999999 0.494081 0.647826 0.49721399999999993 0.6630429999999999 0.49721399999999993 0.666304 0.500696 0.677174 0.53273 0.677174 0.5330779999999999 0.671739 0.531685 0.666304 0.530989 0.651087 0.529248 0.646739 0.525766 0.6445649999999999 0.524721 0.642391 0.523677 0.6141300000000001 0.522284 0.598913 0.521936 0.573913 0.520891 0.561957 0.520891 0.55 0.520195 0.548913 0.520195 0.532609 0.5194989999999999 0.522826 0.518454 0.5195649999999999 0.513928 0.5195649999999999 0.512883 0.5239130000000001 0.512883 0.528261 0.5121870000000001 0.531522 0.511838 0.541304
1 0.547006 0.41413 0.544916 0.415217 0.544916 0.417391 0.543872 0.41956499999999997 0.543872 0.422826 0.558496 0.426087 0.558844 0.417391 0.556407 0.41630399999999995 0.5553619999999999 0.403261 0.5543180000000001 0.36086999999999997 0.5518799999999999 0.36086999999999997 0.5501389999999999 0.388043 0.548747 0.39891299999999996 0.5483979999999999 0.409783 0.547006 0.41413
1 0.528203 0.378261 0.533426 0.38043499999999997 0.540042 0.38043499999999997 0.540042 0.376087 0.537604 0.375 0.535864 0.33260900000000004 0.534123 0.33260900000000004 0.530989 0.371739 0.5288999999999999 0.372826 0.528203 0.375 0.528203 0.378261
1 0.054666000000000006 0.21413000000000001 0.058496000000000006 0.21413000000000001 0.058496000000000006 0.21086999999999997 0.057799 0.209783 0.057450999999999995 0.195652 0.056407 0.195652 0.056407 0.203261 0.055362 0.209783 0.054666000000000006 0.21086999999999997 0.054666000000000006 0.21413000000000001
1 0.08460999999999999 0.221739 0.08460999999999999 0.218478 0.083914 0.21739099999999997 0.083217 0.202174 0.082521 0.202174 0.081476 0.215217 0.080084 0.221739 0.08460999999999999 0.221739
1 0.14415 0.236957 0.149373 0.236957 0.148329 0.22934800000000002 0.147981 0.215217 0.146936 0.215217 0.145543 0.231522 0.144499 0.233696 0.14415 0.236957
1 0.23119800000000001 0.25543499999999997 0.230153 0.252174 0.22945700000000002 0.232609 0.228064 0.232609 0.22736800000000001 0.23913 0.22736800000000001 0.25 0.22562700000000002 0.25543499999999997 0.23119800000000001 0.25543499999999997
1 0.28064100000000003 0.267391 0.279596 0.263043 0.278552 0.24239099999999997 0.277507 0.24673899999999999 0.27681100000000003 0.261957 0.27507000000000004 0.267391 0.28064100000000003 0.267391
1 0.328691 0.276087 0.328343 0.25543499999999997 0.32694999999999996 0.254348 0.325905 0.27391299999999996 0.323816 0.280435 0.330084 0.281522 0.328691 0.276087
1 0.418872 0.31413 0.418872 0.31630400000000003 0.426532 0.317391 0.426184 0.31521699999999997 0.42479100000000003 0.31413 0.424095 0.303261 0.424095 0.288043 0.423747 0.282609 0.42305000000000004 0.282609 0.422354 0.284783 0.420613 0.31087 0.41956800000000005 0.31413 0.418872 0.31413
1 0.46831500000000004 0.338043 0.467618 0.342391 0.47667099999999996 0.342391 0.475279 0.33913000000000004 0.474582 0.320652 0.47318899999999997 0.303261 0.472145 0.304348 0.47005600000000003 0.33587 0.469359 0.338043 0.46831500000000004 0.338043
3 0.164694 0.359783 0.162604 0.4 0.158774 0.40217400000000003 0.15772999999999998 0.40869600000000006 0.155641 0.409783 0.155989 0.411957 0.159123 0.41413 0.162953 0.41304299999999994 0.16921999999999998 0.415217 0.176532 0.41413 0.180362 0.41086999999999996 0.178621 0.40869600000000006 0.177925 0.40217400000000003 0.175836 0.40217400000000003 0.175139 0.4 0.172354 0.357609 0.172006 0.341304 0.170961 0.330435 0.167827 0.330435 0.167131 0.333696 0.166435 0.348913 0.164694 0.359783
3 0.100975 0.24565199999999998 0.099582 0.243478 0.098189 0.21739099999999997 0.09714500000000001 0.21739099999999997 0.095752 0.22934800000000002 0.095404 0.24021699999999999 0.094011 0.244565 0.100975 0.24565199999999998
3 0.130571 0.253261 0.137187 0.254348 0.137187 0.252174 0.136142 0.248913 0.134749 0.225 0.133008 0.23586999999999997 0.132312 0.25 0.130919 0.251087 0.130571 0.253261
3 0.173398 0.265217 0.178969 0.265217 0.177577 0.254348 0.177228 0.23586999999999997 0.176184 0.236957 0.174791 0.258696 0.172702 0.263043 0.173398 0.265217
3 0.20682499999999998 0.275 0.20647600000000002 0.277174 0.212047 0.278261 0.21448499999999998 0.276087 0.213092 0.27391299999999996 0.21239599999999997 0.268478 0.211699 0.244565 0.21065499999999998 0.244565 0.208914 0.271739 0.208217 0.275 0.20682499999999998 0.275
3 0.24373300000000003 0.290217 0.24373300000000003 0.29239099999999996 0.252089 0.293478 0.25243699999999997 0.291304 0.250696 0.290217 0.25 0.284783 0.24965199999999999 0.25760900000000003 0.247911 0.25760900000000003 0.24686599999999997 0.270652 0.24651800000000001 0.284783 0.24547400000000003 0.290217 0.24373300000000003 0.290217
3 0.26949900000000004 0.301087 0.268802 0.303261 0.267758 0.303261 0.267061 0.307609 0.270891 0.30869599999999997 0.27681100000000003 0.305435 0.276114 0.303261 0.274373 0.302174 0.274373 0.291304 0.27298100000000003 0.268478 0.271588 0.268478 0.271588 0.272826 0.269847 0.28913 0.26949900000000004 0.301087
3 0.293872 0.320652 0.291086 0.326087 0.293872 0.326087 0.295613 0.328261 0.297702 0.32717399999999996 0.299095 0.30869599999999997 0.298398 0.306522 0.29805000000000004 0.284783 0.297354 0.282609 0.296657 0.283696 0.295265 0.304348 0.294568 0.306522 0.293872 0.320652
3 0.294568 0.346739 0.294568 0.35 0.306407 0.35108700000000004 0.306407 0.346739 0.305014 0.346739 0.304318 0.344565 0.302228 0.298913 0.300836 0.29782600000000004 0.300139 0.302174 0.297702 0.341304 0.296309 0.34565199999999996 0.294568 0.346739
3 0.27507000000000004 0.365217 0.272632 0.366304 0.272284 0.372826 0.28064100000000003 0.375 0.286908 0.372826 0.286908 0.36847799999999997 0.28481900000000004 0.36847799999999997 0.283774 0.36413 0.282382 0.326087 0.281337 0.313043 0.279248 0.313043 0.278552 0.325 0.277507 0.331522 0.275766 0.361957 0.27507000000000004 0.365217
1 0.508705 0.468478 0.506616 0.48586999999999997 0.506267 0.497826 0.504875 0.503261 0.502437 0.506522 0.502437 0.509783 0.501741 0.51413 0.5 0.518478 0.5 0.521739 0.512535 0.5239130000000001 0.513928 0.518478 0.518454 0.518478 0.520543 0.525 0.5229809999999999 0.525 0.52507 0.5195649999999999 0.52507 0.515217 0.523329 0.515217 0.5229809999999999 0.511957 0.520891 0.511957 0.5194989999999999 0.508696 0.5181060000000001 0.484783 0.5181060000000001 0.471739 0.517061 0.45869600000000005 0.516365 0.42391300000000004 0.51532 0.420652 0.5121870000000001 0.420652 0.51149 0.422826 0.511142 0.43260899999999997 0.509749 0.443478 0.508705 0.468478
1 0.193942 0.24673899999999999 0.192897 0.23913 0.192897 0.22934800000000002 0.192201 0.22391299999999997 0.191156 0.225 0.19046000000000002 0.24021699999999999 0.188719 0.24673899999999999 0.193942 0.24673899999999999
1 0.381616 0.3 0.381964 0.29782600000000004 0.380571 0.29565199999999997 0.38022300000000003 0.275 0.379526 0.269565 0.378482 0.269565 0.377089 0.290217 0.37639300000000003 0.294565 0.374652 0.298913 0.381616 0.3
3 0.052925 0.233696 0.051532 0.225 0.05118399999999999 0.208696 0.049443 0.208696 0.049443 0.21413000000000001 0.048747 0.215217 0.048747 0.233696 0.052925 0.233696