1 0.095056 0.22934800000000002 0.094011 0.226087 0.09331500000000001 0.20434800000000003 0.091226 0.20434800000000003 0.090181 0.221739 0.088788 0.226087 0.088788 0.228261 0.095056 0.22934800000000002
1 0.190808 0.236957 0.189763 0.21413000000000001 0.18836999999999998 0.215217 0.187326 0.22934800000000002 0.185933 0.236957 0.190808 0.236957
1 0.296309 0.24130400000000002 0.29596100000000003 0.22391299999999997 0.295613 0.221739 0.29422000000000004 0.221739 0.293524 0.238043 0.29213100000000003 0.243478 0.297006 0.243478 0.296309 0.24130400000000002
1 0.36351 0.248913 0.361769 0.23913 0.361421 0.228261 0.360724 0.228261 0.35968 0.243478 0.357939 0.248913 0.36351 0.248913
2 0.201253 0.236957 0.199861 0.225 0.19812000000000002 0.198913 0.197075 0.198913 0.194986 0.230435 0.193593 0.23478300000000002 0.193593 0.236957 0.201253 0.236957
2 0.204039 0.22282600000000002 0.203343 0.196739 0.20299399999999998 0.19456500000000002 0.201253 0.19456500000000002 0.200557 0.206522 0.200557 0.227174 0.20473499999999997 0.227174 0.204039 0.22282600000000002
1 0.41782700000000006 0.252174 0.416435 0.232609 0.41539000000000004 0.232609 0.415042 0.244565 0.41364900000000004 0.248913 0.41364900000000004 0.252174 0.41782700000000006 0.252174
1 0.463788 0.252174 0.462744 0.23478300000000002 0.461699 0.23478300000000002 0.46135099999999996 0.24673899999999999 0.460306 0.248913 0.460306 0.252174 0.463788 0.252174
1 0.48468 0.248913 0.483983 0.232609 0.48328699999999997 0.233696 0.48328699999999997 0.24239099999999997 0.48189399999999993 0.248913 0.48468 0.248913
3 0.112117 0.220652 0.110724 0.215217 0.110376 0.198913 0.109331 0.198913 0.108635 0.21413000000000001 0.106546 0.220652 0.112117 0.220652
3 0.195334 0.221739 0.194986 0.20760900000000002 0.19429000000000002 0.20760900000000002 0.192549 0.227174 0.194638 0.227174 0.195334 0.221739
3 0.28481900000000004 0.23478300000000002 0.287953 0.233696 0.287256 0.216304 0.286212 0.216304 0.285864 0.228261 0.28447100000000003 0.232609 0.28481900000000004 0.23478300000000002
3 0.330432 0.238043 0.330432 0.23586999999999997 0.329735 0.23478300000000002 0.329387 0.219565 0.328691 0.220652 0.327994 0.233696 0.32694999999999996 0.238043 0.330432 0.238043
3 0.36351 0.24021699999999999 0.366295 0.23913 0.365599 0.221739 0.36490300000000003 0.22391299999999997 0.364554 0.23478300000000002 0.36351 0.238043 0.36351 0.24021699999999999
3 0.394847 0.23913 0.39415 0.236957 0.393802 0.22282600000000002 0.392758 0.22391299999999997 0.392061 0.238043 0.391365 0.24021699999999999 0.394847 0.23913
3 0.409819 0.236957 0.409123 0.233696 0.408774 0.22391299999999997 0.408078 0.22391299999999997 0.40773000000000004 0.23478300000000002 0.40703300000000003 0.23913 0.40947100000000003 0.23913 0.409819 0.236957
2 0.182103 0.23586999999999997 0.180362 0.197826 0.178273 0.197826 0.176184 0.230435 0.175487 0.231522 0.175487 0.23586999999999997 0.182103 0.23586999999999997
2 0.187326 0.226087 0.18836999999999998 0.21413000000000001 0.188022 0.19347799999999998 0.186281 0.19347799999999998 0.184889 0.218478 0.183496 0.226087 0.187326 0.226087
1 0.16051500000000002 0.475 0.158774 0.48695700000000003 0.15772999999999998 0.5108699999999999 0.155989 0.517391 0.15389999999999998 0.517391 0.151114 0.520652 0.151114 0.527174 0.146936 0.528261 0.146936 0.531522 0.158774 0.541304 0.166783 0.5423910000000001 0.169916 0.53913 0.176532 0.5380429999999999 0.182103 0.5336960000000001 0.189067 0.5336960000000001 0.189067 0.530435 0.183496 0.5293479999999999 0.182799 0.527174 0.182451 0.518478 0.180362 0.516304 0.177228 0.516304 0.176532 0.51413 0.176184 0.501087 0.175139 0.49347799999999997 0.174791 0.48260899999999995 0.173747 0.476087 0.173747 0.468478 0.17304999999999998 0.46630399999999994 0.17304999999999998 0.457609 0.172354 0.453261 0.169916 0.40869600000000006 0.164694 0.40869600000000006 0.162256 0.43478300000000003 0.161908 0.453261 0.160864 0.46195700000000006 0.16051500000000002 0.475
1 0.376045 0.572826 0.376045 0.580435 0.374304 0.596739 0.374304 0.607609 0.37360699999999997 0.6119570000000001 0.372911 0.633696 0.372214 0.636957 0.370474 0.6586960000000001 0.370474 0.665217 0.369429 0.6728259999999999 0.368384 0.694565 0.366643 0.713043 0.362465 0.718478 0.361072 0.718478 0.358287 0.7260869999999999 0.357939 0.732609 0.357242 0.734783 0.354805 0.734783 0.354109 0.7369570000000001 0.352716 0.7369570000000001 0.353412 0.741304 0.354457 0.741304 0.357242 0.747826 0.358635 0.747826 0.36490300000000003 0.759783 0.371866 0.766304 0.377089 0.7739130000000001 0.379178 0.7739130000000001 0.384749 0.767391 0.389624 0.765217 0.395195 0.757609 0.40076599999999996 0.754348 0.402159 0.752174 0.402159 0.75 0.40007000000000004 0.746739 0.401114 0.743478 0.401462 0.738043 0.402855 0.734783 0.402855 0.727174 0.400418 0.719565 0.393802 0.71413 0.393802 0.706522 0.392758 0.698913 0.392061 0.673913 0.39032 0.651087 0.39032 0.640217 0.389276 0.627174 0.389276 0.6195649999999999 0.388579 0.617391 0.387883 0.6054350000000001 0.387187 0.576087 0.386142 0.5663039999999999 0.386142 0.56087 0.384749 0.556522 0.378134 0.556522 0.377089 0.559783 0.377089 0.565217 0.376045 0.572826