3 0.532033 0.481522 0.529248 0.483696 0.527855 0.48695700000000003 0.5275070000000001 0.49891300000000005 0.528203 0.503261 0.549443 0.501087 0.5501389999999999 0.49891300000000005 0.552577 0.49891300000000005 0.552925 0.49565200000000004 0.551184 0.494565 0.552228 0.49130399999999996 0.551532 0.484783 0.54805 0.481522 0.547006 0.476087 0.547006 0.468478 0.5459609999999999 0.463043 0.545613 0.45108699999999996 0.544568 0.444565 0.543524 0.421739 0.541435 0.394565 0.5407379999999999 0.391304 0.536908 0.391304 0.536212 0.396739 0.5351670000000001 0.42717400000000005 0.534471 0.42934799999999995 0.532033 0.481522
3 0.498259 0.33587 0.49791100000000005 0.361957 0.496866 0.365217 0.494777 0.36739099999999997 0.495125 0.375 0.509401 0.372826 0.509053 0.366304 0.506267 0.363043 0.50383 0.32934800000000003 0.50383 0.322826 0.503134 0.320652 0.503134 0.31413 0.502437 0.31087 0.5 0.31087 0.5 0.318478 0.49930399999999997 0.321739 0.49930399999999997 0.328261 0.498259 0.33587
3 0.529944 0.31087 0.529248 0.31521699999999997 0.5383009999999999 0.31630400000000003 0.537953 0.31413 0.539694 0.311957 0.537953 0.307609 0.537604 0.302174 0.5365599999999999 0.29782600000000004 0.536212 0.281522 0.5351670000000001 0.272826 0.533426 0.272826 0.5330779999999999 0.283696 0.532033 0.293478 0.531685 0.30978300000000003 0.529944 0.31087
3 0.618036 0.281522 0.620474 0.27934800000000004 0.618733 0.27391299999999996 0.616992 0.253261 0.616992 0.24782600000000002 0.615251 0.24673899999999999 0.613858 0.275 0.612465 0.276087 0.612117 0.281522 0.618036 0.281522
3 0.720752 0.251087 0.7193590000000001 0.22934800000000002 0.71727 0.227174 0.716226 0.25 0.714485 0.25760900000000003 0.7228410000000001 0.25760900000000003 0.720752 0.251087
3 0.846448 0.24239099999999997 0.844708 0.23586999999999997 0.8443590000000001 0.22282600000000002 0.8436629999999999 0.220652 0.8433149999999999 0.213043 0.8415739999999999 0.211957 0.8405290000000001 0.221739 0.8398329999999999 0.236957 0.8370469999999999 0.24239099999999997 0.846448 0.24239099999999997
1 0.8199859999999999 0.263043 0.8185930000000001 0.265217 0.817897 0.268478 0.82312 0.270652 0.826253 0.269565 0.827646 0.265217 0.826602 0.265217 0.8252090000000001 0.26087 0.8238160000000001 0.22934800000000002 0.8220750000000001 0.22934800000000002 0.821379 0.233696 0.821031 0.252174 0.8199859999999999 0.258696 0.8199859999999999 0.263043
3 0.49268799999999996 0.567391 0.49268799999999996 0.579348 0.49199200000000004 0.584783 0.49199200000000004 0.596739 0.49094699999999997 0.6195649999999999 0.48955399999999993 0.622826 0.487117 0.622826 0.48433099999999996 0.631522 0.483983 0.641304 0.481546 0.647826 0.48363500000000004 0.652174 0.48502799999999996 0.652174 0.48607199999999995 0.655435 0.488858 0.656522 0.508357 0.657609 0.512535 0.6543479999999999 0.514624 0.6543479999999999 0.515669 0.656522 0.5194989999999999 0.642391 0.5198470000000001 0.627174 0.517409 0.622826 0.514624 0.621739 0.513579 0.617391 0.512535 0.617391 0.511838 0.6141300000000001 0.511838 0.607609 0.510794 0.602174 0.509749 0.590217 0.5104460000000001 0.588043 0.509749 0.584783 0.508357 0.551087 0.507312 0.544565 0.506964 0.532609 0.505919 0.525 0.505919 0.518478 0.505223 0.515217 0.505223 0.507609 0.50383 0.49891300000000005 0.50383 0.49130399999999996 0.496518 0.49130399999999996 0.495822 0.520652 0.495125 0.526087 0.494081 0.552174 0.49268799999999996 0.567391
1 0.886838 0.26087 0.9004179999999999 0.26087 0.899373 0.259783 0.898677 0.25652200000000003 0.897284 0.25652200000000003 0.896588 0.254348 0.896588 0.248913 0.895195 0.238043 0.8948470000000001 0.22282600000000002 0.892758 0.221739 0.891713 0.228261 0.8913650000000001 0.24239099999999997 0.89032 0.253261 0.886838 0.26087
1 0.758705 0.282609 0.759401 0.28586999999999996 0.765669 0.284783 0.765669 0.281522 0.764624 0.280435 0.763579 0.276087 0.761838 0.243478 0.759749 0.24239099999999997 0.759053 0.24673899999999999 0.759053 0.254348 0.758008 0.267391 0.758705 0.282609
1 0.750348 0.32934800000000003 0.749304 0.330435 0.749304 0.33260900000000004 0.768454 0.333696 0.767409 0.330435 0.764972 0.330435 0.764624 0.326087 0.761838 0.325 0.760794 0.31413 0.760794 0.306522 0.759749 0.3 0.759053 0.286957 0.75766 0.275 0.755571 0.275 0.753134 0.322826 0.752089 0.326087 0.750696 0.326087 0.750348 0.32934800000000003
1 0.727716 0.30978300000000003 0.741295 0.30869599999999997 0.741295 0.306522 0.73851 0.306522 0.7378129999999999 0.303261 0.736072 0.301087 0.735724 0.290217 0.735028 0.288043 0.733287 0.26087 0.731198 0.26087 0.729109 0.302174 0.7270190000000001 0.304348 0.726671 0.306522 0.727716 0.30978300000000003