3 0.098538 0.232609 0.097493 0.228261 0.096797 0.209783 0.09609999999999999 0.209783 0.095404 0.213043 0.094708 0.227174 0.09331500000000001 0.231522 0.098538 0.232609
3 0.167479 0.24565199999999998 0.167131 0.227174 0.166086 0.22391299999999997 0.163301 0.24673899999999999 0.165738 0.248913 0.168524 0.248913 0.167479 0.24565199999999998
3 0.211351 0.25760900000000003 0.21727 0.25760900000000003 0.21622599999999997 0.251087 0.215529 0.233696 0.213788 0.233696 0.212744 0.251087 0.212047 0.254348 0.211351 0.254348 0.211351 0.25760900000000003
3 0.25 0.266304 0.24895499999999998 0.259783 0.247911 0.24021699999999999 0.24582199999999998 0.23913 0.24477699999999997 0.26087 0.24373300000000003 0.26413000000000003 0.24547400000000003 0.266304 0.25 0.266304
3 0.27681100000000003 0.275 0.275418 0.267391 0.274721 0.24782600000000002 0.272632 0.24673899999999999 0.27124000000000004 0.269565 0.269847 0.271739 0.269847 0.27391299999999996 0.27681100000000003 0.275
3 0.288997 0.28586999999999996 0.29039000000000004 0.288043 0.296657 0.288043 0.295265 0.280435 0.293872 0.25652200000000003 0.29213100000000003 0.25543499999999997 0.290738 0.27934800000000004 0.289694 0.283696 0.288997 0.283696 0.288997 0.28586999999999996
3 0.30571000000000004 0.29565199999999997 0.30571000000000004 0.29782600000000004 0.314067 0.296739 0.312674 0.291304 0.31162999999999996 0.267391 0.310585 0.263043 0.309192 0.266304 0.307799 0.290217 0.307103 0.293478 0.30571000000000004 0.29565199999999997
3 0.325557 0.276087 0.324513 0.276087 0.322075 0.304348 0.322075 0.31413 0.327994 0.31413 0.325557 0.276087
3 0.323468 0.33587 0.324164 0.33260900000000004 0.322423 0.330435 0.321727 0.326087 0.319986 0.28913 0.31754899999999997 0.28913 0.314763 0.32934800000000003 0.313022 0.33260900000000004 0.313022 0.33587 0.323468 0.33587
3 0.28830100000000003 0.355435 0.300487 0.355435 0.30188000000000004 0.353261 0.301532 0.35 0.300139 0.348913 0.299095 0.343478 0.29805000000000004 0.311957 0.297006 0.3 0.294568 0.3 0.291086 0.344565 0.28830100000000003 0.35 0.28830100000000003 0.355435
3 0.10759099999999999 0.415217 0.11176900000000001 0.418478 0.127786 0.41956499999999997 0.135097 0.417391 0.135446 0.415217 0.133357 0.411957 0.133357 0.407609 0.12987500000000002 0.40543500000000005 0.129178 0.40217400000000003 0.125 0.331522 0.12117 0.330435 0.11525099999999999 0.403261 0.11176900000000001 0.407609 0.110724 0.41304299999999994 0.10759099999999999 0.415217
1 0.514624 0.651087 0.513231 0.656522 0.510097 0.6586960000000001 0.510097 0.661957 0.516017 0.68587 0.551184 0.68587 0.551184 0.682609 0.549095 0.6728259999999999 0.548747 0.659783 0.5459609999999999 0.6543479999999999 0.542131 0.651087 0.542131 0.642391 0.536212 0.526087 0.529596 0.526087 0.520543 0.641304 0.520543 0.647826 0.516017 0.6489130000000001 0.514624 0.651087
1 0.48015299999999994 0.48695700000000003 0.479805 0.49347799999999997 0.48259100000000005 0.5 0.5027860000000001 0.5 0.501741 0.48913 0.49860699999999997 0.484783 0.49791100000000005 0.48043500000000006 0.494777 0.40543500000000005 0.49025100000000005 0.40543500000000005 0.48433099999999996 0.479348 0.48363500000000004 0.481522 0.481546 0.481522 0.48015299999999994 0.48695700000000003
1 0.540042 0.40108699999999997 0.552577 0.40217400000000003 0.552577 0.395652 0.550836 0.394565 0.5501389999999999 0.38913000000000003 0.548747 0.34565199999999996 0.546309 0.344565 0.545265 0.347826 0.542131 0.393478 0.540042 0.394565 0.540042 0.40108699999999997
1 0.503134 0.33587 0.51149 0.336957 0.509749 0.326087 0.508705 0.3 0.506964 0.3 0.505223 0.32717399999999996 0.504526 0.330435 0.503134 0.331522 0.503134 0.33587
1 0.4711 0.305435 0.47005600000000003 0.282609 0.468663 0.282609 0.466922 0.305435 0.465877 0.311957 0.472145 0.313043 0.4711 0.305435
1 0.424443 0.291304 0.423398 0.288043 0.422354 0.267391 0.42130900000000004 0.267391 0.420265 0.28586999999999996 0.41922 0.293478 0.424443 0.293478 0.424443 0.291304
1 0.383705 0.25760900000000003 0.38266 0.25652200000000003 0.380919 0.280435 0.38509699999999997 0.280435 0.38405300000000003 0.269565 0.383705 0.25760900000000003
1 0.338788 0.261957 0.33843999999999996 0.24673899999999999 0.337744 0.24673899999999999 0.336351 0.266304 0.335655 0.268478 0.34018099999999996 0.269565 0.338788 0.261957
1 0.296657 0.259783 0.301184 0.26087 0.301184 0.258696 0.300487 0.258696 0.29979100000000003 0.254348 0.299443 0.24130400000000002 0.298398 0.23913 0.29805000000000004 0.254348 0.297354 0.25760900000000003 0.296657 0.25760900000000003 0.296657 0.259783
1 0.24234 0.24782600000000002 0.241643 0.24782600000000002 0.24094699999999997 0.244565 0.240599 0.230435 0.240251 0.228261 0.239554 0.228261 0.23885800000000001 0.244565 0.237813 0.24782600000000002 0.24199199999999998 0.25 0.24234 0.24782600000000002
1 0.201602 0.236957 0.200209 0.230435 0.200209 0.219565 0.199164 0.219565 0.198816 0.233696 0.197772 0.238043 0.201253 0.23913 0.201602 0.236957
1 0.536908 0.36086999999999997 0.536908 0.366304 0.543872 0.365217 0.544916 0.35108700000000004 0.5442199999999999 0.321739 0.541783 0.321739 0.539345 0.356522 0.538649 0.359783 0.536908 0.36086999999999997