3 0.066504 0.48804299999999995 0.062326000000000006 0.48804299999999995 0.061280999999999995 0.478261 0.05954 0.476087 0.056407 0.476087 0.05571 0.47282599999999997 0.049791 0.377174 0.048747 0.377174 0.048747 0.49891300000000005 0.051532 0.49891300000000005 0.065808 0.490217 0.066504 0.48804299999999995
3 0.27681100000000003 0.38043499999999997 0.27681100000000003 0.38260900000000003 0.27507000000000004 0.386957 0.279248 0.386957 0.28064100000000003 0.38913000000000003 0.283774 0.390217 0.291435 0.388043 0.291435 0.383696 0.289694 0.38260900000000003 0.288997 0.378261 0.286908 0.322826 0.283774 0.323913 0.279596 0.376087 0.27890000000000004 0.379348 0.27681100000000003 0.38043499999999997
3 0.45020899999999997 0.356522 0.448468 0.357609 0.447423 0.361957 0.45020899999999997 0.36413 0.45891400000000004 0.36413 0.45891400000000004 0.359783 0.45786899999999997 0.359783 0.456825 0.354348 0.45543199999999995 0.31630400000000003 0.45369099999999996 0.31630400000000003 0.452994 0.32717399999999996 0.452298 0.32934800000000003 0.450905 0.353261 0.45020899999999997 0.356522
3 0.601671 0.363043 0.600627 0.363043 0.600627 0.365217 0.602368 0.36847799999999997 0.610028 0.36847799999999997 0.60968 0.365217 0.607939 0.363043 0.607939 0.354348 0.6068939999999999 0.340217 0.6068939999999999 0.328261 0.6055010000000001 0.32717399999999996 0.604805 0.336957 0.604109 0.33913000000000004 0.603064 0.359783 0.601671 0.363043
3 0.740251 0.38152200000000003 0.740251 0.383696 0.748259 0.384783 0.746866 0.378261 0.745822 0.348913 0.744777 0.348913 0.744081 0.35108700000000004 0.741992 0.379348 0.740251 0.38152200000000003
3 0.861769 0.394565 0.8610720000000001 0.396739 0.860028 0.396739 0.8607239999999999 0.40108699999999997 0.867688 0.4 0.866992 0.396739 0.866643 0.379348 0.8655989999999999 0.36739099999999997 0.864554 0.36739099999999997 0.8638579999999999 0.370652 0.861769 0.390217 0.861769 0.394565
1 0.723886 0.831522 0.7224929999999999 0.841304 0.7224929999999999 0.846739 0.750696 0.846739 0.750696 0.8239129999999999 0.747911 0.706522 0.74617 0.7021740000000001 0.744081 0.7021740000000001 0.74234 0.7 0.737117 0.701087 0.723886 0.831522
1 0.55571 0.596739 0.55571 0.61087 0.559889 0.622826 0.584958 0.625 0.585306 0.6054350000000001 0.583565 0.602174 0.580432 0.6 0.579735 0.5956520000000001 0.575557 0.492391 0.574164 0.48913 0.5696380000000001 0.48913 0.5612809999999999 0.5913039999999999 0.560585 0.593478 0.556755 0.594565 0.55571 0.596739
1 0.634053 0.441304 0.6431060000000001 0.44565200000000005 0.646936 0.44565200000000005 0.649025 0.441304 0.649025 0.43804299999999996 0.647284 0.43804299999999996 0.646588 0.43260899999999997 0.6448470000000001 0.38043499999999997 0.642061 0.38043499999999997 0.637535 0.431522 0.636838 0.433696 0.635097 0.433696 0.634053 0.441304
1 0.5766020000000001 0.479348 0.5745129999999999 0.481522 0.573468 0.484783 0.573468 0.48804299999999995 0.5748610000000001 0.48913 0.575905 0.492391 0.575905 0.494565 0.585655 0.497826 0.59227 0.497826 0.595404 0.49347799999999997 0.595404 0.49130399999999996 0.5943590000000001 0.48913 0.593663 0.484783 0.590529 0.483696 0.589485 0.47282599999999997 0.587744 0.40869600000000006 0.583914 0.407609 0.5821729999999999 0.422826 0.5807800000000001 0.446739 0.578691 0.46956499999999995 0.5766020000000001 0.479348
1 0.862465 0.443478 0.8638579999999999 0.44565200000000005 0.874652 0.44565200000000005 0.8743040000000001 0.441304 0.8725630000000001 0.44021699999999997 0.8708220000000001 0.397826 0.868733 0.397826 0.865251 0.43587 0.864554 0.43804299999999996 0.862813 0.43804299999999996 0.862465 0.443478
1 0.723538 0.41956499999999997 0.7224929999999999 0.425 0.720404 0.42717400000000005 0.719708 0.431522 0.723538 0.43587 0.733983 0.43587 0.732939 0.43260899999999997 0.732939 0.42934799999999995 0.731198 0.428261 0.729457 0.38152200000000003 0.726671 0.38043499999999997 0.725627 0.38913000000000003 0.725627 0.395652 0.72493 0.397826 0.723538 0.41956499999999997