3 0.393802 0.75 0.388579 0.758696 0.385446 0.7695649999999999 0.385446 0.777174 0.38126699999999997 0.786957 0.377786 0.7923910000000001 0.37743699999999997 0.796739 0.379178 0.8 0.38509699999999997 0.803261 0.389624 0.803261 0.392061 0.8054349999999999 0.394847 0.803261 0.40007000000000004 0.806522 0.408078 0.808696 0.410864 0.8119569999999999 0.416783 0.8130430000000001 0.421657 0.8043480000000001 0.423398 0.803261 0.424095 0.8 0.432103 0.784783 0.432799 0.781522 0.437326 0.775 0.437674 0.771739 0.438719 0.770652 0.438719 0.768478 0.433496 0.765217 0.432103 0.761957 0.431755 0.756522 0.42931800000000003 0.75 0.423398 0.746739 0.422702 0.7445649999999999 0.409819 0.593478 0.41016700000000006 0.58587 0.402855 0.584783 0.401114 0.5869570000000001 0.400418 0.594565 0.395891 0.686957 0.393802 0.75
3 0.487465 0.518478 0.48781299999999994 0.5239130000000001 0.487117 0.531522 0.489903 0.531522 0.49373300000000003 0.53587 0.507312 0.53587 0.514624 0.5336960000000001 0.515669 0.528261 0.514972 0.516304 0.513579 0.511957 0.510097 0.511957 0.509401 0.509783 0.502437 0.41086999999999996 0.49791100000000005 0.41086999999999996 0.49721399999999993 0.411957 0.49234 0.511957 0.48851000000000006 0.515217 0.487465 0.518478
3 0.483983 0.42391300000000004 0.48189399999999993 0.425 0.48085000000000006 0.428261 0.48085000000000006 0.433696 0.48328699999999997 0.43804299999999996 0.49303600000000003 0.43804299999999996 0.495822 0.43587 0.496866 0.41413 0.495822 0.41304299999999994 0.495474 0.394565 0.49199200000000004 0.347826 0.48851000000000006 0.347826 0.48781299999999994 0.352174 0.48502799999999996 0.418478 0.483983 0.42391300000000004
3 0.45369099999999996 0.36956500000000003 0.451253 0.371739 0.450557 0.378261 0.464485 0.378261 0.46483299999999994 0.376087 0.46552899999999997 0.376087 0.46552899999999997 0.370652 0.462744 0.36956500000000003 0.46135099999999996 0.352174 0.461003 0.33913000000000004 0.460306 0.33260900000000004 0.45960999999999996 0.331522 0.45891400000000004 0.31413 0.456476 0.313043 0.45578 0.318478 0.45543199999999995 0.331522 0.454387 0.33587 0.45369099999999996 0.36956500000000003
3 0.407382 0.35108700000000004 0.407382 0.355435 0.418175 0.354348 0.41956800000000005 0.352174 0.419916 0.348913 0.418175 0.348913 0.41713100000000003 0.344565 0.416435 0.328261 0.414694 0.313043 0.413997 0.301087 0.41156 0.301087 0.41016700000000006 0.322826 0.409819 0.344565 0.409123 0.35 0.407382 0.35108700000000004
3 0.302925 0.32717399999999996 0.301532 0.32934800000000003 0.300487 0.333696 0.308148 0.333696 0.310933 0.32934800000000003 0.310585 0.32717399999999996 0.309192 0.32717399999999996 0.308496 0.325 0.307799 0.30869599999999997 0.306058 0.290217 0.304318 0.291304 0.303969 0.301087 0.303273 0.304348 0.302925 0.32717399999999996
3 0.546309 0.23478300000000002 0.545613 0.233696 0.544916 0.21739099999999997 0.5442199999999999 0.216304 0.543524 0.230435 0.5424789999999999 0.236957 0.546309 0.236957 0.546309 0.23478300000000002
3 0.45960999999999996 0.248913 0.459958 0.232609 0.459262 0.228261 0.458565 0.22934800000000002 0.458217 0.24239099999999997 0.45717299999999994 0.248913 0.45960999999999996 0.248913
3 0.9209609999999999 0.215217 0.919916 0.21086999999999997 0.918872 0.191304 0.918175 0.18804300000000002 0.9174789999999999 0.18804300000000002 0.916086 0.198913 0.916086 0.208696 0.9146940000000001 0.215217 0.9209609999999999 0.215217
3 0.8147629999999999 0.216304 0.8137190000000001 0.21086999999999997 0.8137190000000001 0.203261 0.812674 0.19456500000000002 0.8116300000000001 0.19456500000000002 0.810933 0.202174 0.810933 0.211957 0.8098890000000001 0.216304 0.8147629999999999 0.216304
3 0.721448 0.220652 0.720056 0.213043 0.7193590000000001 0.2 0.718663 0.2 0.717967 0.20434800000000003 0.717967 0.216304 0.7169220000000001 0.220652 0.721448 0.220652
3 0.631616 0.227174 0.630571 0.220652 0.630571 0.21413000000000001 0.629178 0.208696 0.628482 0.21413000000000001 0.628482 0.220652 0.627437 0.227174 0.631616 0.227174
3 0.375696 0.267391 0.380571 0.266304 0.379526 0.261957 0.378134 0.24239099999999997 0.37743699999999997 0.243478 0.376741 0.263043 0.375696 0.265217 0.375696 0.267391
3 0.30988899999999997 0.28586999999999996 0.315808 0.28586999999999996 0.315808 0.283696 0.314763 0.282609 0.31337000000000004 0.259783 0.312326 0.259783 0.31128100000000003 0.272826 0.31128100000000003 0.282609 0.30988899999999997 0.283696 0.30988899999999997 0.28586999999999996
3 0.273677 0.307609 0.273677 0.30978300000000003 0.280292 0.30978300000000003 0.28064100000000003 0.307609 0.279944 0.307609 0.278552 0.301087 0.278552 0.28913 0.277507 0.282609 0.277507 0.277174 0.276114 0.277174 0.276114 0.281522 0.27507000000000004 0.288043 0.27507000000000004 0.305435 0.273677 0.307609
1 0.89032 0.231522 0.898329 0.232609 0.898677 0.230435 0.896936 0.226087 0.895195 0.21413000000000001 0.895195 0.203261 0.8948470000000001 0.20108700000000002 0.8931060000000001 0.202174 0.892758 0.21739099999999997 0.891713 0.22282600000000002 0.891713 0.227174 0.89032 0.231522
1 0.778552 0.22934800000000002 0.776114 0.218478 0.775766 0.20434800000000003 0.774721 0.20434800000000003 0.774025 0.206522 0.773677 0.22282600000000002 0.771936 0.230435 0.778552 0.22934800000000002
1 0.6354460000000001 0.227174 0.6354460000000001 0.216304 0.634053 0.215217 0.633705 0.231522 0.631964 0.238043 0.637883 0.238043 0.6354460000000001 0.227174
1 0.562674 0.24565199999999998 0.560933 0.238043 0.560237 0.225 0.5595399999999999 0.221739 0.559192 0.233696 0.558148 0.243478 0.557103 0.24565199999999998 0.562674 0.24565199999999998
1 0.501045 0.244565 0.501045 0.233696 0.5 0.22934800000000002 0.49930399999999997 0.22934800000000002 0.49930399999999997 0.244565 0.497563 0.254348 0.503134 0.254348 0.501045 0.244565
1 0.46344 0.259783 0.46239600000000003 0.25760900000000003 0.461699 0.24239099999999997 0.461003 0.236957 0.460306 0.236957 0.45960999999999996 0.25543499999999997 0.458565 0.263043 0.46309199999999995 0.263043 0.46344 0.259783
1 0.431755 0.27391299999999996 0.431755 0.271739 0.43071000000000004 0.271739 0.430014 0.267391 0.430014 0.258696 0.42896900000000004 0.24565199999999998 0.427925 0.24565199999999998 0.42722800000000005 0.252174 0.42688 0.270652 0.425836 0.27391299999999996 0.431755 0.27391299999999996
1 0.5821729999999999 0.3 0.5825210000000001 0.29782600000000004 0.5821729999999999 0.29565199999999997 0.580432 0.293478 0.5790390000000001 0.280435 0.578343 0.259783 0.577646 0.25652200000000003 0.576253 0.25652200000000003 0.5748610000000001 0.293478 0.572772 0.29565199999999997 0.571727 0.3 0.5821729999999999 0.3
1 0.681407 0.31413 0.680014 0.31413 0.6793180000000001 0.318478 0.691504 0.318478 0.6922010000000001 0.317391 0.691852 0.313043 0.690111 0.311957 0.689415 0.3 0.6880219999999999 0.28913 0.687674 0.268478 0.6869780000000001 0.265217 0.684889 0.265217 0.683148 0.291304 0.683148 0.302174 0.682103 0.311957 0.681407 0.31413
1 0.799095 0.355435 0.799095 0.361957 0.817897 0.361957 0.8168519999999999 0.358696 0.8165039999999999 0.354348 0.8147629999999999 0.354348 0.8137190000000001 0.352174 0.812326 0.331522 0.8112809999999999 0.325 0.8095399999999999 0.291304 0.8064069999999999 0.290217 0.803621 0.341304 0.802577 0.35108700000000004 0.8015319999999999 0.354348 0.799095 0.355435
1 0.70961 0.227174 0.708565 0.208696 0.7075210000000001 0.208696 0.706476 0.228261 0.704735 0.232609 0.711351 0.232609 0.70961 0.227174
1 0.424443 0.286957 0.42722800000000005 0.284783 0.425139 0.277174 0.424095 0.253261 0.42305000000000004 0.253261 0.422354 0.25760900000000003 0.422006 0.278261 0.419916 0.28586999999999996 0.424443 0.286957
1 0.448468 0.29239099999999996 0.456128 0.291304 0.455084 0.28913 0.454387 0.284783 0.453343 0.266304 0.452298 0.265217 0.452646 0.25652200000000003 0.451602 0.25652200000000003 0.450557 0.268478 0.45020899999999997 0.284783 0.448468 0.290217 0.448468 0.29239099999999996