1 0.571031 0.643478 0.568245 0.65 0.568245 0.659783 0.572075 0.6728259999999999 0.5748610000000001 0.678261 0.603064 0.678261 0.603064 0.673913 0.6020190000000001 0.669565 0.6020190000000001 0.656522 0.600627 0.652174 0.596797 0.65 0.5961000000000001 0.6445649999999999 0.5919220000000001 0.527174 0.585655 0.525 0.58461 0.527174 0.5748610000000001 0.640217 0.574164 0.642391 0.571031 0.643478
1 0.564415 0.5130429999999999 0.576253 0.515217 0.578343 0.518478 0.583914 0.518478 0.586351 0.509783 0.584958 0.503261 0.5821729999999999 0.502174 0.5790390000000001 0.421739 0.5748610000000001 0.421739 0.568593 0.494565 0.5672010000000001 0.497826 0.564763 0.5 0.564415 0.5130429999999999
1 0.616295 0.44239100000000003 0.615599 0.45 0.627437 0.452174 0.629875 0.454348 0.631267 0.452174 0.631267 0.444565 0.629178 0.44239100000000003 0.628482 0.43913 0.626741 0.384783 0.623955 0.383696 0.619777 0.43695700000000004 0.619081 0.44021699999999997 0.616992 0.44021699999999997 0.616295 0.44239100000000003
3 0.23050099999999998 0.4 0.22771599999999997 0.40217400000000003 0.236072 0.40543500000000005 0.24547400000000003 0.40543500000000005 0.247911 0.403261 0.247911 0.397826 0.24582199999999998 0.396739 0.24477699999999997 0.391304 0.241643 0.330435 0.23920599999999997 0.330435 0.23433099999999998 0.392391 0.231894 0.393478 0.23050099999999998 0.4
3 0.413301 0.361957 0.412953 0.365217 0.41190800000000005 0.36739099999999997 0.424443 0.36739099999999997 0.424443 0.36413 0.422702 0.36413 0.422006 0.361957 0.420613 0.33587 0.420613 0.317391 0.418872 0.317391 0.415738 0.359783 0.415042 0.361957 0.413301 0.361957
3 0.5689420000000001 0.36086999999999997 0.568245 0.363043 0.568245 0.366304 0.577646 0.366304 0.576253 0.361957 0.575557 0.354348 0.5745129999999999 0.326087 0.5731200000000001 0.326087 0.5706819999999999 0.357609 0.569986 0.36086999999999997 0.5689420000000001 0.36086999999999997
3 0.7075210000000001 0.379348 0.708914 0.379348 0.709958 0.38152200000000003 0.7148329999999999 0.38152200000000003 0.7148329999999999 0.378261 0.7134400000000001 0.376087 0.712744 0.348913 0.712047 0.343478 0.711003 0.343478 0.710306 0.347826 0.708914 0.371739 0.7075210000000001 0.376087 0.7075210000000001 0.379348
3 0.8217269999999999 0.38913000000000003 0.8217269999999999 0.393478 0.8286910000000001 0.394565 0.8290390000000001 0.392391 0.827646 0.391304 0.826602 0.36086999999999997 0.8255570000000001 0.359783 0.8245129999999999 0.366304 0.8245129999999999 0.372826 0.822423 0.388043 0.8217269999999999 0.38913000000000003
3 0.914345 0.40217400000000003 0.916086 0.40543500000000005 0.920265 0.40543500000000005 0.918872 0.388043 0.918524 0.375 0.916783 0.373913 0.916783 0.379348 0.9157379999999999 0.384783 0.915042 0.39891299999999996 0.914345 0.40217400000000003
2 0.9038999999999999 0.4 0.9014620000000001 0.40217400000000003 0.905292 0.404348 0.913301 0.404348 0.912256 0.397826 0.910515 0.354348 0.9094709999999999 0.354348 0.908774 0.356522 0.9049440000000001 0.396739 0.9038999999999999 0.4
2 0.928969 0.406522 0.9282730000000001 0.40108699999999997 0.9282730000000001 0.38587 0.927228 0.356522 0.925139 0.356522 0.9216570000000001 0.391304 0.9213089999999999 0.40217400000000003 0.9227019999999999 0.406522 0.928969 0.406522
1 0.833914 0.43913 0.837396 0.44239100000000003 0.845404 0.441304 0.845404 0.43913 0.8440110000000001 0.43695700000000004 0.8426180000000001 0.393478 0.840181 0.393478 0.836351 0.43260899999999997 0.835655 0.43478300000000003 0.8342620000000001 0.43478300000000003 0.833914 0.43913
1 0.698468 0.428261 0.697772 0.433696 0.700905 0.43804299999999996 0.7116990000000001 0.43804299999999996 0.711003 0.433696 0.7092620000000001 0.430435 0.708565 0.397826 0.7071729999999999 0.38043499999999997 0.705432 0.38043499999999997 0.703691 0.38913000000000003 0.701253 0.422826 0.700209 0.42717400000000005 0.698468 0.428261