3 0.10132300000000001 0.322826 0.098886 0.326087 0.096448 0.33260900000000004 0.114554 0.331522 0.11351 0.326087 0.112117 0.326087 0.110724 0.321739 0.109331 0.29239099999999996 0.108635 0.28913 0.10793900000000001 0.275 0.106894 0.272826 0.10515300000000001 0.272826 0.10410900000000001 0.27934800000000004 0.10376 0.293478 0.10132300000000001 0.322826
3 0.258357 0.3 0.257312 0.303261 0.268454 0.303261 0.268454 0.3 0.266365 0.29782600000000004 0.264624 0.261957 0.262535 0.263043 0.260446 0.29565199999999997 0.259749 0.298913 0.258357 0.3
3 0.380919 0.293478 0.388231 0.293478 0.388231 0.291304 0.38649 0.288043 0.385794 0.278261 0.385794 0.26413000000000003 0.385446 0.26087 0.384401 0.259783 0.383705 0.27934800000000004 0.383008 0.281522 0.38266 0.286957 0.380919 0.293478
3 0.494777 0.296739 0.500348 0.29565199999999997 0.49860699999999997 0.266304 0.497563 0.269565 0.496518 0.288043 0.494777 0.293478 0.494777 0.296739
3 0.604457 0.304348 0.610028 0.305435 0.608983 0.298913 0.608635 0.27934800000000004 0.607591 0.278261 0.6068939999999999 0.281522 0.606198 0.296739 0.6055010000000001 0.302174 0.604457 0.304348
3 0.7245820000000001 0.320652 0.723189 0.311957 0.7224929999999999 0.293478 0.721448 0.294565 0.720404 0.311957 0.718315 0.320652 0.7245820000000001 0.320652
3 0.851671 0.34565199999999996 0.850627 0.343478 0.8495820000000001 0.31630400000000003 0.8485379999999999 0.31630400000000003 0.8461000000000001 0.33913000000000004 0.8440110000000001 0.344565 0.851671 0.34565199999999996
3 0.9383699999999999 0.36413 0.9369780000000001 0.359783 0.935933 0.334783 0.9345399999999999 0.333696 0.933844 0.33587 0.932451 0.353261 0.9300140000000001 0.363043 0.9383699999999999 0.36413
1 0.338092 0.409783 0.336003 0.430435 0.333914 0.430435 0.33286899999999997 0.433696 0.332173 0.443478 0.353064 0.44565200000000005 0.352716 0.43478300000000003 0.35167099999999996 0.431522 0.349582 0.430435 0.348886 0.428261 0.348886 0.420652 0.34818899999999997 0.418478 0.347493 0.404348 0.346797 0.4 0.345056 0.356522 0.341574 0.355435 0.34052899999999997 0.365217 0.34052899999999997 0.375 0.33843999999999996 0.394565 0.338092 0.409783
1 0.496518 0.330435 0.506616 0.331522 0.506267 0.32717399999999996 0.504178 0.325 0.503134 0.30869599999999997 0.5027860000000001 0.28913 0.501045 0.28913 0.49930399999999997 0.318478 0.49860699999999997 0.322826 0.496518 0.32717399999999996 0.496518 0.330435
1 0.587047 0.32934800000000003 0.587047 0.32717399999999996 0.586003 0.326087 0.585306 0.322826 0.583914 0.294565 0.582869 0.293478 0.5807800000000001 0.325 0.5790390000000001 0.326087 0.578691 0.328261 0.587047 0.32934800000000003
1 0.668175 0.334783 0.668872 0.333696 0.668872 0.330435 0.6674789999999999 0.32934800000000003 0.666435 0.3 0.66539 0.3 0.6633009999999999 0.325 0.6615599999999999 0.330435 0.6615599999999999 0.333696 0.668175 0.334783
1 0.754526 0.336957 0.753482 0.343478 0.752089 0.343478 0.752089 0.346739 0.760097 0.346739 0.760097 0.343478 0.758705 0.341304 0.75766 0.311957 0.756267 0.311957 0.755919 0.319565 0.754875 0.326087 0.754526 0.336957
1 0.829387 0.361957 0.8370469999999999 0.361957 0.8370469999999999 0.358696 0.836003 0.357609 0.8353059999999999 0.347826 0.834958 0.32717399999999996 0.8335649999999999 0.328261 0.831128 0.356522 0.829387 0.358696 0.829387 0.361957
1 0.405641 0.494565 0.404596 0.501087 0.4039 0.518478 0.403203 0.520652 0.40250700000000006 0.541304 0.40181100000000003 0.545652 0.40076599999999996 0.565217 0.395195 0.568478 0.393802 0.578261 0.386838 0.579348 0.392409 0.588043 0.40076599999999996 0.597826 0.417479 0.5956520000000001 0.41922 0.593478 0.428621 0.592391 0.42896900000000004 0.58913 0.42548700000000006 0.581522 0.425139 0.572826 0.424443 0.570652 0.420265 0.567391 0.41922 0.56413 0.418872 0.554348 0.418175 0.551087 0.418175 0.541304 0.417479 0.536957 0.41713100000000003 0.517391 0.41539000000000004 0.497826 0.413997 0.45869600000000005 0.412256 0.454348 0.40842599999999996 0.454348 0.407382 0.459783 0.407382 0.468478 0.405641 0.48695700000000003 0.405641 0.494565
1 0.366992 0.36413 0.365599 0.36847799999999997 0.363858 0.36847799999999997 0.362465 0.376087 0.36873300000000003 0.378261 0.376741 0.378261 0.379178 0.376087 0.379178 0.373913 0.378134 0.370652 0.375696 0.36956500000000003 0.375 0.36739099999999997 0.37256300000000003 0.31413 0.370474 0.313043 0.368036 0.342391 0.368036 0.348913 0.366992 0.357609 0.366992 0.36413
1 0.420265 0.333696 0.418872 0.336957 0.41782700000000006 0.336957 0.41782700000000006 0.33913000000000004 0.416783 0.341304 0.418524 0.341304 0.419916 0.343478 0.429666 0.343478 0.429666 0.341304 0.428273 0.336957 0.42688 0.33587 0.425836 0.322826 0.425139 0.29565199999999997 0.424443 0.293478 0.423398 0.293478 0.422354 0.30869599999999997 0.42130900000000004 0.31413 0.42130900000000004 0.321739 0.420265 0.333696