4 0.128413 0.33052899999999996 0.136945 0.33293300000000003 0.137799 0.331731 0.137799 0.32932700000000004 0.134812 0.32211500000000004 0.133532 0.289663 0.131826 0.28725999999999996 0.130973 0.32211500000000004 0.130119 0.32572100000000004 0.12884 0.32572100000000004 0.128413 0.33052899999999996
4 0.236775 0.31009600000000004 0.236775 0.31730800000000003 0.235495 0.32211500000000004 0.234215 0.32211500000000004 0.234215 0.328125 0.238481 0.32932700000000004 0.23976099999999997 0.32572100000000004 0.24061400000000002 0.308894 0.24018799999999998 0.28365399999999996 0.239334 0.28125 0.238481 0.28125 0.237628 0.28605800000000003 0.237628 0.304087 0.236775 0.31009600000000004
3 0.138652 0.423077 0.136519 0.439904 0.136092 0.465144 0.134812 0.46875 0.130973 0.472356 0.12884 0.478365 0.12884 0.489183 0.136092 0.489183 0.136945 0.486779 0.142065 0.483173 0.144198 0.484375 0.147611 0.481971 0.14846399999999998 0.479567 0.150597 0.479567 0.151451 0.475962 0.156997 0.472356 0.157423 0.466346 0.155717 0.460337 0.152304 0.457933 0.15187699999999998 0.459135 0.150171 0.454327 0.14974400000000002 0.430288 0.148891 0.425481 0.148038 0.407452 0.146758 0.401442 0.142065 0.40024 0.13907799999999998 0.403846 0.138225 0.415865 0.138652 0.423077
3 0.107935 0.387019 0.10622899999999999 0.401442 0.10622899999999999 0.417067 0.10324199999999999 0.423077 0.101109 0.424279 0.098976 0.43149 0.098976 0.436298 0.104522 0.436298 0.10665500000000001 0.432692 0.115614 0.430288 0.11689400000000001 0.427885 0.11732100000000001 0.429087 0.12286699999999999 0.425481 0.12244 0.417067 0.118174 0.417067 0.11604099999999999 0.411058 0.115188 0.399038 0.11305499999999999 0.38461500000000004 0.11305499999999999 0.36899000000000004 0.10921499999999999 0.36899000000000004 0.10708200000000001 0.37259600000000004 0.107935 0.37379799999999996 0.107935 0.387019
3 0.083191 0.37620200000000004 0.083618 0.39182700000000004 0.08105799999999999 0.403846 0.078072 0.40625 0.076365 0.411058 0.075939 0.414663 0.076792 0.417067 0.075512 0.418269 0.078498 0.418269 0.081911 0.413462 0.085751 0.414663 0.089164 0.411058 0.096416 0.411058 0.098123 0.408654 0.098549 0.402644 0.097696 0.40024 0.093003 0.40024 0.09129699999999999 0.39543300000000003 0.09215 0.38581699999999997 0.091724 0.378606 0.090444 0.37259600000000004 0.090017 0.359375 0.08447099999999999 0.36057700000000004 0.08447099999999999 0.367788 0.083618 0.37019199999999997 0.083191 0.37620200000000004
1 0.623294 0.436298 0.621587 0.442308 0.619027 0.442308 0.6177469999999999 0.445913 0.617321 0.454327 0.618174 0.459135 0.6373719999999999 0.459135 0.638225 0.456731 0.638652 0.449519 0.637799 0.445913 0.636092 0.44351 0.6348119999999999 0.429087 0.633532 0.424279 0.633532 0.411058 0.6322530000000001 0.39543300000000003 0.631826 0.378606 0.630973 0.37259600000000004 0.62756 0.371394 0.6262800000000001 0.37620200000000004 0.625427 0.38581699999999997 0.625427 0.417067 0.623294 0.436298
1 0.518345 0.36418300000000003 0.517065 0.38100999999999996 0.517918 0.390625 0.517065 0.394231 0.517065 0.401442 0.5157849999999999 0.40625 0.514078 0.40625 0.513225 0.408654 0.5123719999999999 0.415865 0.52773 0.417067 0.529863 0.41226 0.5294369999999999 0.408654 0.525597 0.401442 0.523891 0.382212 0.523891 0.362981 0.523038 0.35456699999999997 0.521331 0.34855800000000003 0.519625 0.34855800000000003 0.518771 0.350962 0.518771 0.35697100000000004 0.517918 0.36177899999999996 0.518345 0.36418300000000003
1 0.413396 0.359375 0.412116 0.366587 0.412543 0.37259600000000004 0.409983 0.37620200000000004 0.40913000000000005 0.383413 0.420222 0.38461500000000004 0.421502 0.383413 0.421502 0.37620200000000004 0.419795 0.37620200000000004 0.41894200000000004 0.37379799999999996 0.417662 0.32932700000000004 0.41467599999999993 0.32932700000000004 0.413823 0.335337 0.414249 0.340144 0.413396 0.34495200000000004 0.413396 0.359375
1 0.354096 0.359375 0.351109 0.367788 0.353242 0.371394 0.359215 0.371394 0.360068 0.36899000000000004 0.363908 0.36899000000000004 0.363908 0.362981 0.361775 0.36177899999999996 0.360068 0.35456699999999997 0.360495 0.34254799999999996 0.359215 0.32211500000000004 0.356229 0.32211500000000004 0.355802 0.34495200000000004 0.354949 0.34855800000000003 0.354096 0.34855800000000003 0.354096 0.359375
1 0.30802 0.34375 0.307167 0.350962 0.30503399999999997 0.35456699999999997 0.304608 0.359375 0.316126 0.359375 0.316553 0.34975999999999996 0.31442000000000003 0.34855800000000003 0.31356700000000004 0.34495200000000004 0.312713 0.328125 0.31143299999999996 0.324519 0.31143299999999996 0.31370200000000004 0.3093 0.31370200000000004 0.3093 0.319712 0.30802 0.32331699999999997 0.30759400000000003 0.331731 0.30802 0.34375
1 0.273038 0.34375 0.272184 0.347356 0.272611 0.34975999999999996 0.276451 0.34975999999999996 0.283703 0.34495200000000004 0.283703 0.34254799999999996 0.279437 0.33052899999999996 0.279437 0.316106 0.278584 0.31009600000000004 0.276451 0.31129799999999996 0.275597 0.31490399999999996 0.275597 0.33894199999999997 0.273038 0.34375
1 0.23976099999999997 0.336538 0.237201 0.33894199999999997 0.237201 0.34495200000000004 0.24573399999999998 0.34375 0.249147 0.34134600000000004 0.249147 0.33774000000000004 0.24829400000000001 0.335337 0.245307 0.331731 0.244881 0.31370200000000004 0.244027 0.31009600000000004 0.244027 0.305288 0.243174 0.30288499999999996 0.241894 0.30288499999999996 0.24146800000000002 0.305288 0.24061400000000002 0.32932700000000004 0.23976099999999997 0.336538
1 0.183874 0.340144 0.191553 0.34134600000000004 0.197526 0.33894199999999997 0.197526 0.335337 0.196246 0.331731 0.194113 0.331731 0.19325900000000001 0.32932700000000004 0.19325900000000001 0.3125 0.19240600000000002 0.30649000000000004 0.191126 0.30288499999999996 0.18942 0.30288499999999996 0.18899300000000002 0.324519 0.187713 0.33413499999999996 0.1843 0.335337 0.183874 0.340144
1 0.11945399999999999 0.33894199999999997 0.11689400000000001 0.340144 0.11646799999999999 0.34375 0.12030700000000001 0.34495200000000004 0.128413 0.34254799999999996 0.12756 0.33774000000000004 0.12628 0.33774000000000004 0.125427 0.335337 0.124573 0.31009600000000004 0.12372000000000001 0.30769199999999997 0.12244 0.30769199999999997 0.121587 0.3125 0.12030700000000001 0.336538 0.11945399999999999 0.33894199999999997
3 0.365614 0.31009600000000004 0.37201399999999996 0.31009600000000004 0.372867 0.308894 0.372867 0.30649000000000004 0.370307 0.30168300000000003 0.369454 0.28725999999999996 0.368601 0.284856 0.369027 0.27884600000000004 0.367747 0.274038 0.366894 0.274038 0.366041 0.28125 0.365614 0.296875 0.363908 0.30769199999999997 0.365614 0.31009600000000004
1 0.761092 0.5180290000000001 0.759386 0.543269 0.758532 0.546875 0.754693 0.5492790000000001 0.7512800000000001 0.5564899999999999 0.745734 0.5576920000000001 0.745734 0.5625 0.7487199999999999 0.5685100000000001 0.7615190000000001 0.5793269999999999 0.768345 0.5889420000000001 0.77901 0.5889420000000001 0.780717 0.586538 0.7896759999999999 0.5841350000000001 0.792235 0.5793269999999999 0.7871159999999999 0.5625 0.782423 0.554087 0.779863 0.5252399999999999 0.777304 0.515625 0.776451 0.475962 0.773891 0.450721 0.7717579999999999 0.447115 0.766212 0.444712 0.765358 0.465144 0.763652 0.484375 0.763225 0.515625 0.761092 0.5180290000000001
3 0.177048 0.484375 0.17576799999999998 0.492788 0.174915 0.522837 0.172782 0.5372600000000001 0.172782 0.543269 0.171928 0.5492790000000001 0.170648 0.5528850000000001 0.16894199999999998 0.554087 0.165956 0.5649040000000001 0.166809 0.5673079999999999 0.168515 0.5673079999999999 0.16894199999999998 0.569712 0.176195 0.570913 0.19240600000000002 0.569712 0.194966 0.5673079999999999 0.19581900000000002 0.5637019999999999 0.198805 0.5600959999999999 0.202218 0.5516829999999999 0.202218 0.5456730000000001 0.20051199999999997 0.5408649999999999 0.195392 0.539663 0.194113 0.5360579999999999 0.19325900000000001 0.5252399999999999 0.1907 0.5096149999999999 0.190273 0.497596 0.18942 0.49399 0.187713 0.457933 0.18686 0.455529 0.18302000000000002 0.453125 0.178754 0.455529 0.177474 0.466346 0.177048 0.484375
3 0.15528999999999998 0.5721149999999999 0.153584 0.578125 0.15273 0.5877399999999999 0.15273 0.602163 0.150171 0.637019 0.150171 0.649038 0.14846399999999998 0.6658649999999999 0.148038 0.6814899999999999 0.14633100000000002 0.695913 0.14590399999999998 0.706731 0.144625 0.7127399999999999 0.138225 0.7235579999999999 0.134386 0.7355769999999999 0.134812 0.7487980000000001 0.133106 0.753606 0.131399 0.7548079999999999 0.129693 0.7596149999999999 0.12884 0.765625 0.138225 0.765625 0.140785 0.7632209999999999 0.144625 0.7644230000000001 0.154863 0.7560100000000001 0.15998300000000001 0.7560100000000001 0.170222 0.746394 0.176195 0.746394 0.18174099999999999 0.7403850000000001 0.183874 0.734375 0.1843 0.7283649999999999 0.18600699999999998 0.71875 0.18686 0.7175480000000001 0.18686 0.695913 0.1843 0.6923079999999999 0.177901 0.6899040000000001 0.17576799999999998 0.683894 0.174488 0.6694709999999999 0.174915 0.6574519999999999 0.174061 0.6550480000000001 0.174061 0.647837 0.17235499999999998 0.637019 0.17235499999999998 0.6298079999999999 0.168515 0.597356 0.168515 0.569712 0.166382 0.569712 0.166382 0.5673079999999999 0.15870299999999998 0.5673079999999999 0.15528999999999998 0.5721149999999999