0 0.141818 0.552941 0.13999999999999999 0.5602940000000001 0.13999999999999999 0.5647059999999999 0.138636 0.5713239999999999 0.137727 0.581618 0.134545 0.592647 0.134545 0.594853 0.132273 0.599265 0.13 0.601471 0.125 0.6029410000000001 0.12 0.608088 0.116818 0.609559 0.11499999999999999 0.611765 0.11499999999999999 0.616912 0.12772699999999998 0.6191180000000001 0.132273 0.6176470000000001 0.137727 0.6191180000000001 0.161364 0.6191180000000001 0.165455 0.616912 0.16999999999999998 0.616912 0.175455 0.614706 0.18 0.615441 0.179545 0.611765 0.178182 0.611765 0.175909 0.609559 0.175909 0.605147 0.174091 0.6 0.171818 0.598529 0.169091 0.598529 0.166364 0.594118 0.165455 0.583824 0.164545 0.580882 0.161818 0.544853 0.159545 0.5375 0.159091 0.522794 0.157727 0.513971 0.146818 0.513971 0.143636 0.532353 0.143182 0.5419120000000001 0.141818 0.552941
0 0.161818 0.514706 0.159091 0.519853 0.16 0.5375 0.160909 0.538971 0.17363599999999998 0.538971 0.174091 0.5404410000000001 0.179091 0.541176 0.184091 0.534559 0.184091 0.533088 0.178182 0.527941 0.175909 0.5220589999999999 0.17636400000000002 0.5205879999999999 0.175455 0.497794 0.174545 0.494853 0.175 0.492647 0.174091 0.480882 0.172273 0.47794100000000006 0.16772700000000001 0.47720599999999996 0.16499999999999998 0.48308799999999996 0.16409100000000001 0.497794 0.161818 0.509559 0.161818 0.514706
0 0.291364 0.532353 0.29 0.5375 0.288182 0.551471 0.285909 0.5566180000000001 0.282727 0.557353 0.278636 0.563971 0.280455 0.5654410000000001 0.288636 0.5654410000000001 0.29590900000000003 0.567647 0.309091 0.567647 0.31272700000000003 0.5654410000000001 0.31272700000000003 0.5602940000000001 0.31 0.557353 0.308182 0.557353 0.306818 0.5536760000000001 0.305909 0.5375 0.305 0.532353 0.305455 0.524265 0.303636 0.5125 0.304091 0.5044120000000001 0.302727 0.499265 0.299091 0.498529 0.29636399999999996 0.5 0.294091 0.506618 0.291364 0.532353
0 0.334545 0.539706 0.332273 0.539706 0.330909 0.5419120000000001 0.331364 0.545588 0.355909 0.545588 0.355909 0.539706 0.352273 0.5375 0.350455 0.533088 0.350455 0.526471 0.349545 0.524265 0.348182 0.510294 0.348636 0.501471 0.34681799999999996 0.493382 0.340909 0.493382 0.33999999999999997 0.497059 0.338182 0.530882 0.336818 0.536765 0.334545 0.539706
0 0.404545 0.521324 0.403182 0.523529 0.401818 0.523529 0.400455 0.525735 0.400455 0.527941 0.416364 0.527206 0.416818 0.524265 0.415909 0.522794 0.414091 0.513235 0.413636 0.492647 0.412273 0.489706 0.408636 0.489706 0.40772700000000006 0.491176 0.405455 0.516912 0.404545 0.521324
0 0.6022730000000001 0.6191180000000001 0.5954550000000001 0.655147 0.5940909999999999 0.668382 0.5922729999999999 0.675 0.590909 0.677206 0.585 0.6801470000000001 0.584091 0.6816180000000001 0.584091 0.697059 0.585 0.7 0.589091 0.705147 0.593182 0.705147 0.594545 0.706618 0.602727 0.706618 0.604091 0.705147 0.607273 0.706618 0.638182 0.706618 0.635 0.6904410000000001 0.632273 0.686029 0.6290910000000001 0.683824 0.627273 0.683824 0.6259089999999999 0.6816180000000001 0.623182 0.652941 0.623182 0.643382 0.621364 0.6294120000000001 0.620455 0.597794 0.619091 0.588235 0.619091 0.580882 0.617727 0.579412 0.607727 0.579412 0.606818 0.580882 0.606364 0.593382 0.604545 0.6 0.6022730000000001 0.6191180000000001
0 0.568182 0.580147 0.5672729999999999 0.585294 0.565455 0.589706 0.562273 0.591912 0.5599999999999999 0.591912 0.559545 0.600735 0.562727 0.602206 0.569091 0.602206 0.571818 0.603676 0.5900000000000001 0.603676 0.5904550000000001 0.596324 0.585 0.594118 0.584091 0.590441 0.584091 0.575 0.583182 0.5647059999999999 0.583636 0.552206 0.581818 0.538971 0.582273 0.531618 0.574545 0.531618 0.573636 0.542647 0.570909 0.5536760000000001 0.5686359999999999 0.5683819999999999 0.568182 0.580147
0 0.5828923046875001 0.55368406875 0.578707315625 0.530882 0.5777964171875001 0.530882 0.5645450000000001 0.569118 0.5645450000000001 0.575 0.567727 0.575 0.568182 0.5683819999999999 0.5828923046875001 0.55368406875
0 0.553182 0.523529 0.552727 0.533088 0.551364 0.5404410000000001 0.55 0.542647 0.549545 0.5419120000000001 0.546818 0.544853 0.546818 0.546324 0.548182 0.548529 0.562727 0.548529 0.5631820000000001 0.546324 0.562727 0.543382 0.5618179999999999 0.542647 0.5618179999999999 0.526471 0.5604549999999999 0.522794 0.560909 0.514706 0.5599999999999999 0.5088239999999999 0.556818 0.5088239999999999 0.555909 0.511029 0.555909 0.514706 0.553182 0.523529
3 0.272727 0.547794 0.26954500000000003 0.547794 0.267273 0.551471 0.267273 0.5551470000000001 0.278636 0.5551470000000001 0.281818 0.5536760000000001 0.285455 0.554412 0.287273 0.551471 0.288636 0.539706 0.290909 0.532353 0.290909 0.494118 0.283636 0.494118 0.282727 0.495588 0.274545 0.544118 0.272727 0.547794
3 0.42772699999999997 0.516912 0.42681800000000003 0.5205879999999999 0.424545 0.523529 0.424545 0.525735 0.425909 0.527206 0.438182 0.527206 0.439545 0.525735 0.439545 0.524265 0.43636400000000003 0.517647 0.435455 0.503676 0.43636400000000003 0.499265 0.435455 0.496324 0.435455 0.492647 0.431364 0.492647 0.430455 0.498529 0.43090900000000004 0.499265 0.42954499999999995 0.5029410000000001 0.42772699999999997 0.516912
1 0.6009089999999999 0.555882 0.600455 0.5625 0.599091 0.567647 0.5968180000000001 0.583824 0.595909 0.586029 0.5936359999999999 0.586029 0.5904550000000001 0.588971 0.5904550000000001 0.594118 0.5922729999999999 0.596324 0.605455 0.596324 0.606364 0.580882 0.607727 0.578676 0.613182 0.578676 0.612273 0.5617650000000001 0.612273 0.538971 0.611364 0.532353 0.605909 0.532353 0.6036360000000001 0.539706 0.6022730000000001 0.552206 0.6009089999999999 0.555882
2 0.37090900000000004 0.497794 0.368636 0.522794 0.367727 0.526471 0.366364 0.528676 0.365 0.528676 0.36181800000000003 0.533824 0.361364 0.536029 0.389545 0.536029 0.389545 0.530882 0.38909099999999996 0.529412 0.384545 0.525 0.384545 0.521324 0.383182 0.515441 0.383636 0.5 0.382727 0.494853 0.382273 0.47426500000000005 0.380455 0.46985299999999997 0.38 0.46617600000000003 0.375909 0.46617600000000003 0.37363599999999997 0.47205899999999995 0.372727 0.488971 0.37090900000000004 0.497794
2 0.383182 0.494853 0.384091 0.5 0.383636 0.515441 0.385 0.521324 0.385 0.525 0.389545 0.529412 0.39 0.535294 0.395455 0.535294 0.398182 0.533824 0.398182 0.530882 0.393636 0.525735 0.392727 0.519118 0.392273 0.494853 0.390909 0.481618 0.390909 0.47279400000000005 0.39 0.46764700000000003 0.38909099999999996 0.46617600000000003 0.386818 0.46617600000000003 0.385455 0.46764700000000003 0.384545 0.47058799999999995 0.383182 0.481618 0.383182 0.494853
1 0.549545 0.5205879999999999 0.549545 0.524265 0.548182 0.529412 0.547273 0.5375 0.544091 0.538235 0.543636 0.541176 0.5445450000000001 0.542647 0.548182 0.542647 0.550909 0.5404410000000001 0.552273 0.533088 0.552727 0.523529 0.555455 0.514706 0.555455 0.5073529999999999 0.554545 0.5058819999999999 0.552727 0.5058819999999999 0.551364 0.509559 0.551364 0.514706 0.549545 0.5205879999999999
2 0.565455 0.546324 0.562273 0.549265 0.562273 0.558824 0.5645450000000001 0.561029 0.569545 0.5602940000000001 0.570455 0.552206 0.571818 0.548529 0.571818 0.544118 0.573182 0.539706 0.574091 0.530882 0.575 0.530147 0.576364 0.5205879999999999 0.581364 0.519853 0.581818 0.530147 0.582727 0.531618 0.582727 0.514706 0.580909 0.492647 0.575 0.491912 0.572727 0.514706 0.568182 0.528676 0.568182 0.538971 0.565455 0.546324