3 0.41863599999999995 0.528676 0.42772699999999997 0.528676 0.432273 0.525735 0.432273 0.524265 0.42954499999999995 0.5220589999999999 0.428636 0.514706 0.427273 0.510294 0.425909 0.497794 0.425 0.496324 0.42272699999999996 0.496324 0.421818 0.497794 0.420909 0.522794 0.41863599999999995 0.527206 0.41863599999999995 0.528676
3 0.321818 0.5875 0.321818 0.594853 0.32 0.598529 0.318182 0.599265 0.318182 0.6044120000000001 0.319091 0.605147 0.319545 0.6044120000000001 0.320909 0.605882 0.325909 0.605882 0.32999999999999996 0.603676 0.337273 0.603676 0.339545 0.602206 0.340455 0.597059 0.338182 0.594853 0.336364 0.589706 0.335455 0.582353 0.332727 0.573529 0.331818 0.566176 0.332273 0.5632349999999999 0.32954500000000003 0.550735 0.32863600000000004 0.55 0.325455 0.550735 0.323636 0.5536760000000001 0.32318199999999997 0.577206 0.321818 0.5875
0 0.400455 0.533824 0.400455 0.536029 0.401818 0.538235 0.408636 0.538235 0.415455 0.536029 0.416818 0.533824 0.416818 0.531618 0.415455 0.529412 0.413636 0.529412 0.412727 0.527206 0.41045499999999996 0.516176 0.41 0.506618 0.40818199999999993 0.5029410000000001 0.405455 0.5029410000000001 0.40409100000000003 0.5088239999999999 0.40409100000000003 0.530882 0.401818 0.531618 0.400455 0.533824
0 0.359091 0.574265 0.359091 0.575735 0.36227299999999996 0.578676 0.37772700000000003 0.577206 0.379545 0.575 0.38 0.5698529999999999 0.37909099999999996 0.567647 0.37636400000000003 0.5669120000000001 0.37363599999999997 0.561029 0.37090900000000004 0.547794 0.370455 0.538235 0.368636 0.532353 0.364091 0.532353 0.362727 0.534559 0.363182 0.5683819999999999 0.36181800000000003 0.572059 0.359091 0.574265
0 0.340909 0.602206 0.336818 0.607353 0.336364 0.613235 0.336818 0.614706 0.356364 0.613971 0.357727 0.6125 0.358182 0.613235 0.361364 0.609559 0.361364 0.603676 0.360455 0.602206 0.357727 0.601471 0.355909 0.597794 0.353636 0.5875 0.35 0.5595589999999999 0.348636 0.557353 0.344545 0.557353 0.343636 0.5580879999999999 0.342727 0.5632349999999999 0.341818 0.597794 0.340909 0.602206
0 0.269091 0.682353 0.26318199999999997 0.6897059999999999 0.262273 0.698529 0.26318199999999997 0.7 0.265455 0.700735 0.288636 0.7 0.293182 0.697059 0.298636 0.691176 0.300909 0.6875 0.300909 0.6845589999999999 0.298636 0.679412 0.292727 0.676471 0.290909 0.672794 0.28500000000000003 0.643382 0.283636 0.630147 0.281364 0.621324 0.27954500000000004 0.618382 0.275 0.618382 0.273182 0.6205879999999999 0.271818 0.6279410000000001 0.271364 0.652941 0.269091 0.682353
0 0.217273 0.603676 0.21409099999999998 0.605147 0.21409099999999998 0.613235 0.23500000000000001 0.6125 0.23727299999999998 0.611029 0.238636 0.608088 0.238636 0.602206 0.23500000000000001 0.6 0.233636 0.597794 0.233636 0.594118 0.232273 0.591176 0.232273 0.5845589999999999 0.22999999999999998 0.577941 0.22999999999999998 0.570588 0.227273 0.5602940000000001 0.22090900000000002 0.5602940000000001 0.21954500000000002 0.588235 0.22000000000000003 0.593382 0.218636 0.601471 0.217273 0.603676
0 0.166818 0.844853 0.166818 0.861029 0.165909 0.8764709999999999 0.166364 0.8823529999999999 0.165455 0.8882350000000001 0.165455 0.895588 0.223636 0.8963240000000001 0.22272699999999998 0.894853 0.22045499999999998 0.895588 0.22000000000000003 0.891176 0.215455 0.885294 0.21318199999999998 0.883824 0.208636 0.883824 0.20590899999999998 0.8786759999999999 0.200909 0.861029 0.2 0.8536759999999999 0.195909 0.8389709999999999 0.192727 0.822059 0.190909 0.817647 0.190909 0.8154410000000001 0.19 0.8139709999999999 0.185909 0.794853 0.184091 0.789706 0.183636 0.785294 0.171818 0.785294 0.168636 0.788971 0.168182 0.822059 0.167273 0.833088 0.16772700000000001 0.8375 0.166818 0.844853
0 0.62 0.631618 0.619545 0.646324 0.618636 0.650735 0.618636 0.658824 0.617273 0.6625 0.612273 0.664706 0.609545 0.669118 0.609545 0.675 0.6154550000000001 0.6845589999999999 0.638182 0.683824 0.64 0.6816180000000001 0.650909 0.6816180000000001 0.651818 0.6801470000000001 0.651818 0.677941 0.649545 0.673529 0.6477269999999999 0.6669120000000001 0.645909 0.664706 0.642727 0.663235 0.640455 0.659559 0.638636 0.653676 0.638182 0.644853 0.635 0.630147 0.6345449999999999 0.6161760000000001 0.631364 0.597059 0.630455 0.595588 0.6240910000000001 0.595588 0.622727 0.600735 0.6209089999999999 0.6161760000000001 0.6209089999999999 0.625 0.62 0.631618
0 0.8954549999999999 0.768382 0.890455 0.791176 0.890455 0.794853 0.8881819999999999 0.8058820000000001 0.8868180000000001 0.817647 0.8859090000000001 0.8198529999999999 0.883182 0.841912 0.879545 0.8632350000000001 0.8768179999999999 0.869118 0.875455 0.869118 0.874545 0.870588 0.8709089999999999 0.870588 0.866818 0.8727940000000001 0.864545 0.875735 0.8618180000000001 0.885294 0.8622730000000001 0.8963240000000001 0.935909 0.8963240000000001 0.9354549999999999 0.888971 0.9336360000000001 0.8860290000000001 0.93 0.8830880000000001 0.928182 0.8779410000000001 0.9272729999999999 0.8676470000000001 0.924545 0.8529410000000001 0.9236359999999999 0.840441 0.920909 0.826471 0.920909 0.8147059999999999 0.9190910000000001 0.8102940000000001 0.918636 0.794853 0.9168179999999999 0.786765 0.914545 0.761765 0.9131819999999999 0.7573529999999999 0.9090909999999999 0.7544120000000001 0.9 0.7529410000000001 0.897273 0.755147 0.8954549999999999 0.768382
0 0.569091 0.580147 0.566364 0.5830879999999999 0.566364 0.585294 0.565909 0.586029 0.565455 0.5845589999999999 0.5645450000000001 0.586765 0.566818 0.590441 0.577727 0.590441 0.581818 0.588235 0.582727 0.588971 0.583636 0.5875 0.588182 0.5875 0.589091 0.586765 0.589545 0.582353 0.588182 0.578676 0.586364 0.578676 0.584545 0.576471 0.583182 0.5654410000000001 0.582273 0.563971 0.580909 0.555882 0.579545 0.541176 0.577273 0.534559 0.573636 0.534559 0.572273 0.5375 0.5700000000000001 0.5566180000000001 0.569545 0.577941 0.569091 0.580147
0 0.534091 0.526471 0.545 0.525 0.545909 0.5205879999999999 0.543636 0.516912 0.542727 0.510294 0.540909 0.5058819999999999 0.541364 0.493382 0.540455 0.491176 0.535455 0.490441 0.535455 0.518382 0.5331819999999999 0.524265 0.533636 0.524265 0.534091 0.526471
1 0.589545 0.566176 0.586364 0.567647 0.585909 0.572794 0.588182 0.577206 0.608636 0.576471 0.609545 0.575735 0.609545 0.572059 0.607727 0.5683819999999999 0.605 0.566176 0.604545 0.555882 0.6022730000000001 0.551471 0.6 0.532353 0.6 0.527206 0.598182 0.522794 0.594545 0.522794 0.593182 0.525 0.593182 0.536029 0.590909 0.5632349999999999 0.589545 0.566176
1 0.5281819999999999 0.513235 0.5263639999999999 0.515441 0.525 0.515441 0.525 0.5205879999999999 0.531818 0.5205879999999999 0.533636 0.519118 0.5349999999999999 0.511029 0.5349999999999999 0.491912 0.533636 0.486029 0.530455 0.486029 0.53 0.505147 0.528636 0.508088 0.5281819999999999 0.513235
2 0.55 0.495588 0.549545 0.519118 0.548182 0.521324 0.548182 0.525 0.546364 0.529412 0.546364 0.532353 0.547727 0.534559 0.549091 0.534559 0.549545 0.527206 0.551364 0.526471 0.551364 0.523529 0.552273 0.521324 0.551818 0.519118 0.553182 0.511765 0.553182 0.489706 0.554091 0.4875 0.555909 0.475 0.556818 0.473529 0.556818 0.47058799999999995 0.555909 0.46985299999999997 0.552727 0.47058799999999995 0.551818 0.47573499999999996 0.551818 0.48308799999999996 0.55 0.495588
0 0.562273 0.538971 0.5618179999999999 0.547794 0.5599999999999999 0.550735 0.5599999999999999 0.5566180000000001 0.569545 0.5566180000000001 0.571818 0.535294 0.572727 0.532353 0.570909 0.529412 0.5700000000000001 0.524265 0.5700000000000001 0.514706 0.568182 0.510294 0.565909 0.510294 0.563636 0.516912 0.5631820000000001 0.538235 0.562273 0.538971
2 0.553636 0.490441 0.554091 0.506618 0.552727 0.516912 0.552727 0.524265 0.55 0.532353 0.55 0.538235 0.562727 0.5375 0.562727 0.514706 0.565909 0.5088239999999999 0.5631820000000001 0.495588 0.562727 0.485294 0.561364 0.481618 0.5604549999999999 0.47426500000000005 0.558182 0.47426500000000005 0.555909 0.47720599999999996 0.554545 0.488971 0.553636 0.490441
2 0.37863600000000003 0.547794 0.376818 0.551471 0.376818 0.5551470000000001 0.395 0.555882 0.398182 0.551471 0.395909 0.549265 0.39318200000000003 0.534559 0.39318200000000003 0.530147 0.390455 0.526471 0.390455 0.519853 0.38818199999999997 0.514706 0.38636400000000004 0.495588 0.384091 0.493382 0.380909 0.493382 0.38 0.494853 0.379545 0.503676 0.38 0.5125 0.37863600000000003 0.547794
2 0.390909 0.519118 0.391364 0.525 0.394091 0.530147 0.394091 0.534559 0.396364 0.547059 0.397273 0.549265 0.40136399999999994 0.549265 0.40272699999999995 0.547059 0.40272699999999995 0.542647 0.40136399999999994 0.543382 0.399091 0.5404410000000001 0.398182 0.535294 0.396364 0.531618 0.395909 0.519853 0.391364 0.496324 0.390909 0.490441 0.38636400000000004 0.490441 0.385909 0.492647 0.38772700000000004 0.499265 0.388636 0.5125 0.390909 0.519118