3 0.304181 0.436298 0.303328 0.439904 0.302474 0.456731 0.299061 0.463942 0.298635 0.478365 0.308874 0.478365 0.31057999999999997 0.473558 0.31143299999999996 0.473558 0.312287 0.478365 0.31996600000000003 0.478365 0.32124600000000003 0.475962 0.321672 0.477163 0.321672 0.466346 0.319113 0.465144 0.316126 0.453125 0.315273 0.401442 0.313993 0.390625 0.31185999999999997 0.383413 0.308874 0.383413 0.307167 0.387019 0.30631400000000003 0.39302899999999996 0.305461 0.419471 0.304181 0.436298
3 0.377133 0.35336500000000004 0.375427 0.36177899999999996 0.375427 0.36899000000000004 0.386092 0.367788 0.386092 0.36177899999999996 0.385239 0.35817299999999996 0.385666 0.350962 0.383959 0.33774000000000004 0.383532 0.316106 0.382679 0.3125 0.380119 0.31490399999999996 0.380119 0.31730800000000003 0.378413 0.32211500000000004 0.377133 0.35336500000000004
3 0.40699699999999994 0.304087 0.40699699999999994 0.31490399999999996 0.40486300000000003 0.319712 0.40486300000000003 0.32331699999999997 0.405717 0.32572100000000004 0.412116 0.32572100000000004 0.413823 0.324519 0.41467599999999993 0.320913 0.41467599999999993 0.31850999999999996 0.413396 0.31730800000000003 0.412116 0.31129799999999996 0.41168899999999997 0.29086500000000004 0.41083600000000003 0.28365399999999996 0.40827600000000003 0.284856 0.40785 0.28725999999999996 0.40827600000000003 0.293269 0.40699699999999994 0.304087
3 0.427474 0.30168300000000003 0.42832800000000004 0.300481 0.427474 0.289663 0.42662100000000003 0.26682700000000004 0.42448800000000003 0.26682700000000004 0.423208 0.293269 0.421928 0.29567299999999996 0.421928 0.300481 0.427474 0.30168300000000003
3 0.389932 0.289663 0.395051 0.288462 0.395051 0.28365399999999996 0.393771 0.27644199999999997 0.393345 0.26081699999999997 0.391212 0.262019 0.390785 0.28245200000000004 0.389505 0.28605800000000003 0.389932 0.289663
3 0.34215 0.29206699999999997 0.348976 0.293269 0.349829 0.29206699999999997 0.349829 0.288462 0.348123 0.28365399999999996 0.347696 0.26682700000000004 0.346843 0.265625 0.346843 0.26322100000000004 0.34470999999999996 0.26322100000000004 0.34385699999999997 0.28125 0.343003 0.28725999999999996 0.34215 0.288462 0.34215 0.29206699999999997
1 0.596843 0.433894 0.596843 0.442308 0.5955630000000001 0.451923 0.595137 0.46274 0.589164 0.471154 0.588311 0.480769 0.590017 0.481971 0.591297 0.489183 0.5930030000000001 0.490385 0.59471 0.495192 0.602816 0.496394 0.605802 0.495192 0.607082 0.491587 0.609642 0.491587 0.616468 0.481971 0.615614 0.477163 0.612201 0.467548 0.610495 0.466346 0.6092150000000001 0.461538 0.6075090000000001 0.444712 0.6075090000000001 0.429087 0.606655 0.425481 0.605802 0.39543300000000003 0.6032420000000001 0.38581699999999997 0.600683 0.38461500000000004 0.597696 0.39182700000000004 0.59727 0.39543300000000003 0.598123 0.424279 0.596843 0.433894
1 0.751706 0.6935100000000001 0.750853 0.7079329999999999 0.7512800000000001 0.7247600000000001 0.75256 0.725962 0.75256 0.7295670000000001 0.753413 0.7319709999999999 0.7615190000000001 0.7439899999999999 0.767918 0.7596149999999999 0.770904 0.7608170000000001 0.769625 0.722356 0.768345 0.7091350000000001 0.768345 0.6875 0.765358 0.679087 0.764078 0.6778850000000001 0.760666 0.679087 0.756399 0.6742790000000001 0.751706 0.6742790000000001 0.7512800000000001 0.6778850000000001 0.7521329999999999 0.679087 0.7512800000000001 0.680288 0.751706 0.6935100000000001
1 0.563993 0.35456699999999997 0.563567 0.36177899999999996 0.561433 0.36418300000000003 0.561007 0.367788 0.561433 0.375 0.562287 0.37620200000000004 0.570819 0.37620200000000004 0.573805 0.37259600000000004 0.5742320000000001 0.36538499999999996 0.572952 0.36538499999999996 0.571672 0.36177899999999996 0.571672 0.35336500000000004 0.570392 0.34495200000000004 0.570392 0.335337 0.569113 0.32331699999999997 0.569539 0.31370200000000004 0.56698 0.31370200000000004 0.5657 0.319712 0.565273 0.34855800000000003 0.563993 0.35456699999999997
1 0.532423 0.29086500000000004 0.5311429999999999 0.29206699999999997 0.530717 0.296875 0.538396 0.29807700000000004 0.538396 0.29447100000000004 0.536263 0.288462 0.536263 0.26682700000000004 0.535836 0.26322100000000004 0.53413 0.26081699999999997 0.5332760000000001 0.26442299999999996 0.5332760000000001 0.28245200000000004 0.532423 0.28605800000000003 0.532423 0.29086500000000004
1 0.52773 0.277644 0.526451 0.274038 0.5260239999999999 0.25240399999999996 0.524317 0.25 0.5217579999999999 0.28004799999999996 0.526877 0.28125 0.52773 0.28004799999999996 0.52773 0.277644
1 0.504266 0.27043300000000003 0.504266 0.26802899999999996 0.50256 0.26442299999999996 0.50256 0.248798 0.501706 0.246394 0.500427 0.246394 0.499573 0.265625 0.49871999999999994 0.27163499999999996 0.502986 0.272837 0.504266 0.27043300000000003
1 0.47226999999999997 0.27043300000000003 0.474829 0.27043300000000003 0.47568299999999997 0.269231 0.47568299999999997 0.265625 0.474829 0.26442299999999996 0.474829 0.247596 0.473123 0.245192 0.47226999999999997 0.262019 0.47141599999999995 0.26322100000000004 0.47099 0.26802899999999996 0.47226999999999997 0.27043300000000003
1 0.44240599999999997 0.26802899999999996 0.44240599999999997 0.265625 0.44155300000000003 0.26442299999999996 0.44155300000000003 0.246394 0.439846 0.24399 0.43942 0.258413 0.43814000000000003 0.26802899999999996 0.44155300000000003 0.269231 0.44240599999999997 0.26802899999999996
1 0.335324 0.27524000000000004 0.334044 0.265625 0.334044 0.25600999999999996 0.33276500000000003 0.25120200000000004 0.33191099999999996 0.25120200000000004 0.330631 0.262019 0.330631 0.27043300000000003 0.329352 0.274038 0.335324 0.27524000000000004
1 0.542235 0.31850999999999996 0.541809 0.32331699999999997 0.543942 0.32572100000000004 0.5507679999999999 0.32572100000000004 0.551621 0.324519 0.551621 0.32211500000000004 0.549061 0.3125 0.547782 0.28245200000000004 0.546075 0.28004799999999996 0.545222 0.28365399999999996 0.5447949999999999 0.308894 0.543515 0.31730800000000003 0.542235 0.31850999999999996
1 0.40401 0.27043300000000003 0.407423 0.27043300000000003 0.406143 0.246394 0.40486300000000003 0.246394 0.404437 0.262019 0.40358400000000005 0.26322100000000004 0.40315700000000004 0.26802899999999996 0.40401 0.27043300000000003
3 0.19581900000000002 0.319712 0.19581900000000002 0.32331699999999997 0.204778 0.32331699999999997 0.204778 0.319712 0.203925 0.319712 0.20264500000000002 0.31490399999999996 0.202218 0.29206699999999997 0.20093899999999998 0.28725999999999996 0.20008499999999999 0.28725999999999996 0.198379 0.29086500000000004 0.197099 0.305288 0.197099 0.31850999999999996 0.19581900000000002 0.319712
3 0.281997 0.30168300000000003 0.289249 0.30288499999999996 0.289249 0.296875 0.28796900000000003 0.29206699999999997 0.28796900000000003 0.272837 0.284556 0.27163499999999996 0.283703 0.28125 0.283703 0.296875 0.281997 0.29807700000000004 0.281997 0.30168300000000003