3 0.177228 0.8130430000000001 0.175487 0.846739 0.20647600000000002 0.846739 0.20195 0.8010870000000001 0.199164 0.7793479999999999 0.197075 0.753261 0.196379 0.751087 0.19429000000000002 0.725 0.193593 0.722826 0.193593 0.717391 0.192549 0.71413 0.184889 0.71413 0.18070999999999998 0.719565 0.179666 0.722826 0.178621 0.775 0.177925 0.7793479999999999 0.177228 0.8130430000000001
3 0.736421 0.43804299999999996 0.733983 0.479348 0.733287 0.48260899999999995 0.7301529999999999 0.483696 0.7287600000000001 0.48913 0.728412 0.49347799999999997 0.7245820000000001 0.502174 0.725627 0.5054350000000001 0.727716 0.5054350000000001 0.729109 0.507609 0.737117 0.507609 0.746866 0.511957 0.754178 0.511957 0.759401 0.501087 0.7604460000000001 0.496739 0.755571 0.48695700000000003 0.752437 0.483696 0.751045 0.463043 0.750696 0.44021699999999997 0.749304 0.41956499999999997 0.747911 0.40869600000000006 0.746866 0.38260900000000003 0.745474 0.378261 0.740599 0.378261 0.7395539999999999 0.4 0.737465 0.420652 0.737117 0.43478300000000003 0.736421 0.43804299999999996
3 0.776114 0.38043499999999997 0.7754179999999999 0.383696 0.774721 0.39891299999999996 0.774025 0.40217400000000003 0.7712399999999999 0.40217400000000003 0.770543 0.40543500000000005 0.7712399999999999 0.407609 0.768454 0.41630399999999995 0.7712399999999999 0.417391 0.772284 0.41956499999999997 0.791435 0.420652 0.794568 0.41304299999999994 0.794568 0.41086999999999996 0.7928270000000001 0.406522 0.791086 0.40543500000000005 0.788997 0.40108699999999997 0.7883009999999999 0.371739 0.787256 0.354348 0.786212 0.35 0.785515 0.322826 0.7851670000000001 0.320652 0.779944 0.320652 0.779248 0.328261 0.779248 0.336957 0.776462 0.36739099999999997 0.776114 0.38043499999999997
3 0.744777 0.29239099999999996 0.744081 0.29565199999999997 0.74234 0.29565199999999997 0.741643 0.302174 0.755571 0.303261 0.754875 0.29782600000000004 0.752437 0.293478 0.751741 0.26413000000000003 0.750696 0.25760900000000003 0.750348 0.248913 0.749652 0.24673899999999999 0.747563 0.24673899999999999 0.746866 0.25 0.746866 0.25760900000000003 0.745125 0.277174 0.744777 0.29239099999999996
3 0.713788 0.282609 0.726671 0.283696 0.726671 0.281522 0.725279 0.280435 0.7228410000000001 0.27391299999999996 0.7224929999999999 0.254348 0.7211000000000001 0.243478 0.720752 0.23586999999999997 0.718315 0.23478300000000002 0.716574 0.270652 0.715877 0.277174 0.714136 0.278261 0.713788 0.282609
3 0.687674 0.25760900000000003 0.685933 0.259783 0.685933 0.261957 0.695334 0.261957 0.695334 0.259783 0.6939420000000001 0.25760900000000003 0.693245 0.252174 0.693245 0.238043 0.6922010000000001 0.233696 0.691852 0.22282600000000002 0.690111 0.221739 0.689415 0.22391299999999997 0.689415 0.230435 0.68837 0.23913 0.687674 0.25760900000000003
3 0.659123 0.252174 0.6598189999999999 0.25 0.658426 0.24782600000000002 0.65773 0.243478 0.657382 0.22934800000000002 0.656337 0.221739 0.656337 0.216304 0.654596 0.215217 0.652855 0.24673899999999999 0.651114 0.248913 0.651114 0.252174 0.659123 0.252174
3 0.620474 0.24565199999999998 0.620822 0.243478 0.619429 0.24239099999999997 0.618384 0.23913 0.61734 0.21739099999999997 0.616295 0.213043 0.615599 0.213043 0.6145539999999999 0.219565 0.613858 0.236957 0.612117 0.24565199999999998 0.620474 0.24565199999999998
3 0.564763 0.24021699999999999 0.56337 0.23478300000000002 0.5630219999999999 0.221739 0.562326 0.219565 0.562326 0.21413000000000001 0.5612809999999999 0.209783 0.559889 0.21413000000000001 0.559192 0.233696 0.557451 0.24130400000000002 0.564763 0.24021699999999999
3 0.496866 0.233696 0.49721399999999993 0.231522 0.49617000000000006 0.226087 0.495125 0.20760900000000002 0.494081 0.206522 0.493384 0.208696 0.49268799999999996 0.22934800000000002 0.491643 0.232609 0.496866 0.233696
3 0.48468 0.2 0.48363500000000004 0.2 0.482939 0.21413000000000001 0.48189399999999993 0.22282600000000002 0.486421 0.22282600000000002 0.48468 0.2
3 0.520891 0.21413000000000001 0.5198470000000001 0.209783 0.5198470000000001 0.202174 0.51915 0.196739 0.5181060000000001 0.195652 0.517061 0.211957 0.516365 0.215217 0.520195 0.216304 0.520891 0.21413000000000001
3 0.5672010000000001 0.209783 0.566156 0.206522 0.565808 0.195652 0.565111 0.191304 0.564067 0.191304 0.56337 0.198913 0.56337 0.20760900000000002 0.562674 0.209783 0.5672010000000001 0.209783
3 0.6068939999999999 0.20434800000000003 0.6072420000000001 0.202174 0.606198 0.20108700000000002 0.606198 0.192391 0.6055010000000001 0.190217 0.6055010000000001 0.18695699999999998 0.604457 0.18587 0.6037600000000001 0.19456500000000002 0.6051529999999999 0.195652 0.6051529999999999 0.203261 0.6068939999999999 0.20434800000000003
3 0.624304 0.195652 0.624304 0.18913 0.623607 0.183696 0.622911 0.182609 0.6222139999999999 0.195652 0.62117 0.2 0.625696 0.20108700000000002 0.624304 0.195652
3 0.630223 0.182609 0.629526 0.178261 0.62883 0.178261 0.6277860000000001 0.192391 0.630919 0.192391 0.630223 0.190217 0.630223 0.182609
3 0.635794 0.191304 0.635794 0.18152200000000002 0.634053 0.18043499999999998 0.633705 0.19347799999999998 0.633008 0.195652 0.636838 0.196739 0.635794 0.191304
3 0.637535 0.182609 0.636838 0.178261 0.635794 0.178261 0.636142 0.191304 0.636838 0.19456500000000002 0.637883 0.19456500000000002 0.637535 0.182609
1 0.920613 0.263043 0.9314069999999999 0.263043 0.9310579999999999 0.25760900000000003 0.9300140000000001 0.25760900000000003 0.929318 0.25543499999999997 0.927228 0.220652 0.9261839999999999 0.21739099999999997 0.924095 0.21739099999999997 0.922006 0.236957 0.9213089999999999 0.254348 0.9192199999999999 0.26087 0.920613 0.263043
1 0.854805 0.24565199999999998 0.854805 0.243478 0.852716 0.236957 0.852716 0.232609 0.851671 0.227174 0.851323 0.21086999999999997 0.850627 0.208696 0.8485379999999999 0.208696 0.8467969999999999 0.22934800000000002 0.8467969999999999 0.236957 0.844708 0.24565199999999998 0.854805 0.24565199999999998
1 0.7830779999999999 0.23586999999999997 0.7830779999999999 0.233696 0.780989 0.230435 0.7806409999999999 0.221739 0.779944 0.219565 0.779596 0.20543499999999998 0.7788999999999999 0.203261 0.7775070000000001 0.203261 0.776462 0.20760900000000002 0.7754179999999999 0.228261 0.774025 0.23586999999999997 0.7830779999999999 0.23586999999999997
1 0.719708 0.22934800000000002 0.727368 0.228261 0.725975 0.22391299999999997 0.725627 0.218478 0.72493 0.216304 0.7245820000000001 0.20108700000000002 0.723886 0.198913 0.723189 0.198913 0.721797 0.20434800000000003 0.720752 0.225 0.719708 0.22934800000000002
1 0.6521589999999999 0.226087 0.652855 0.225 0.652855 0.22282600000000002 0.651462 0.219565 0.65007 0.197826 0.649025 0.197826 0.6479809999999999 0.202174 0.647284 0.219565 0.645891 0.225 0.6521589999999999 0.226087
1 0.611769 0.213043 0.611769 0.215217 0.6145539999999999 0.215217 0.615599 0.211957 0.616295 0.211957 0.615947 0.206522 0.615251 0.20434800000000003 0.614903 0.192391 0.613858 0.192391 0.613162 0.195652 0.6128129999999999 0.21086999999999997 0.611769 0.213043
1 0.677577 0.20434800000000003 0.676532 0.202174 0.675836 0.197826 0.675836 0.18913 0.6751389999999999 0.184783 0.674095 0.184783 0.67305 0.191304 0.672702 0.203261 0.672006 0.20543499999999998 0.677577 0.20434800000000003
1 0.7148329999999999 0.19347799999999998 0.714136 0.192391 0.7134400000000001 0.18695699999999998 0.7134400000000001 0.178261 0.7116990000000001 0.177174 0.711003 0.182609 0.711003 0.18913 0.709958 0.19456500000000002 0.7148329999999999 0.19347799999999998
1 0.709958 0.18695699999999998 0.7092620000000001 0.176087 0.708217 0.175 0.706476 0.190217 0.709958 0.191304 0.710655 0.18804300000000002 0.709958 0.18695699999999998
1 0.692549 0.18695699999999998 0.691156 0.18043499999999998 0.690808 0.17282599999999998 0.689763 0.173913 0.689415 0.183696 0.68837 0.18695699999999998 0.692549 0.18695699999999998
1 0.682103 0.182609 0.681407 0.18043499999999998 0.681407 0.173913 0.68071 0.171739 0.680014 0.17282599999999998 0.6786209999999999 0.18587 0.682103 0.18587 0.682103 0.182609
1 0.698816 0.176087 0.698816 0.16956500000000002 0.697772 0.168478 0.697075 0.171739 0.696727 0.179348 0.6998610000000001 0.18043499999999998 0.698816 0.176087
1 0.7211000000000001 0.167391 0.719708 0.166304 0.719011 0.178261 0.722145 0.178261 0.7211000000000001 0.17282599999999998 0.7211000000000001 0.167391
1 0.922354 0.165217 0.922354 0.16087 0.9216570000000001 0.159783 0.9209609999999999 0.161957 0.919916 0.175 0.923747 0.175 0.922354 0.165217
1 0.885794 0.161957 0.8844010000000001 0.16087 0.883357 0.173913 0.886838 0.173913 0.885794 0.168478 0.885794 0.161957
1 0.8478410000000001 0.167391 0.8478410000000001 0.161957 0.846448 0.161957 0.8457520000000001 0.17282599999999998 0.849234 0.173913 0.849234 0.171739 0.8478410000000001 0.167391
1 0.821379 0.163043 0.8199859999999999 0.161957 0.8189420000000001 0.173913 0.822423 0.173913 0.821379 0.168478 0.821379 0.163043
1 0.7472139999999999 0.165217 0.74617 0.165217 0.745125 0.176087 0.748259 0.176087 0.747563 0.17282599999999998 0.7472139999999999 0.165217
1 0.6068939999999999 0.219565 0.6072420000000001 0.21739099999999997 0.606198 0.215217 0.6051529999999999 0.20760900000000002 0.604805 0.195652 0.603064 0.195652 0.602368 0.21413000000000001 0.601323 0.21739099999999997 0.601323 0.219565 0.6068939999999999 0.219565
1 0.698468 0.195652 0.697423 0.18043499999999998 0.6963790000000001 0.18043499999999998 0.6956819999999999 0.183696 0.6946380000000001 0.2 0.6995129999999999 0.2 0.698468 0.195652
1 0.684889 0.171739 0.683496 0.170652 0.6827989999999999 0.183696 0.685933 0.183696 0.684889 0.176087 0.684889 0.171739
3 0.7754179999999999 0.33260900000000004 0.774721 0.334783 0.771936 0.33587 0.771936 0.344565 0.777855 0.34565199999999996 0.7788999999999999 0.336957 0.779248 0.321739 0.779944 0.319565 0.7851670000000001 0.319565 0.784937759375 0.30596079062500003 0.78437601875 0.296609075 0.783774 0.293478 0.7833751265625 0.2828883734375 0.782382 0.27391299999999996 0.7788999999999999 0.275 0.776462 0.30869599999999997 0.776462 0.320652 0.7754179999999999 0.326087 0.7754179999999999 0.33260900000000004