3 0.5696380000000001 0.572826 0.5689420000000001 0.576087 0.5689420000000001 0.5826089999999999 0.568245 0.5869570000000001 0.568245 0.594565 0.566504 0.621739 0.566504 0.632609 0.565111 0.646739 0.564415 0.666304 0.56337 0.669565 0.56163 0.669565 0.558844 0.673913 0.5577989999999999 0.673913 0.556407 0.678261 0.55571 0.6913039999999999 0.5504870000000001 0.697826 0.549095 0.701087 0.549095 0.704348 0.549791 0.706522 0.5731200000000001 0.718478 0.5807800000000001 0.721739 0.588788 0.722826 0.604109 0.695652 0.6055010000000001 0.690217 0.604457 0.688043 0.600627 0.68587 0.596448 0.671739 0.590877 0.666304 0.588092 0.633696 0.587396 0.6141300000000001 0.586003 0.602174 0.58461 0.576087 0.583914 0.572826 0.583217 0.554348 0.5825210000000001 0.551087 0.5821729999999999 0.540217 0.581476 0.536957 0.5807800000000001 0.517391 0.5731200000000001 0.516304 0.571727 0.518478 0.5706819999999999 0.555435 0.569986 0.56087 0.5696380000000001 0.572826
3 0.7677579999999999 0.370652 0.767061 0.377174 0.765669 0.38043499999999997 0.767061 0.38260900000000003 0.785515 0.38260900000000003 0.787256 0.38043499999999997 0.7883009999999999 0.377174 0.7851670000000001 0.36956500000000003 0.783774 0.36956500000000003 0.7830779999999999 0.36739099999999997 0.782382 0.33913000000000004 0.781685 0.33587 0.781685 0.32934800000000003 0.7806409999999999 0.325 0.779596 0.311957 0.779596 0.304348 0.778552 0.301087 0.7754179999999999 0.301087 0.7729809999999999 0.333696 0.771936 0.365217 0.770543 0.370652 0.7677579999999999 0.370652
3 0.824861 0.283696 0.824164 0.286957 0.822423 0.286957 0.821379 0.293478 0.8353059999999999 0.29239099999999996 0.832173 0.282609 0.831825 0.263043 0.8304320000000001 0.25543499999999997 0.829735 0.24239099999999997 0.827646 0.24239099999999997 0.8269500000000001 0.244565 0.826602 0.25543499999999997 0.8255570000000001 0.263043 0.824861 0.283696
3 0.8589829999999999 0.252174 0.8593310000000001 0.25 0.857242 0.24673899999999999 0.8568939999999999 0.236957 0.85585 0.230435 0.855501 0.216304 0.854109 0.21413000000000001 0.855501 0.24239099999999997 0.856198 0.243478 0.8568939999999999 0.252174 0.8589829999999999 0.252174
2 0.8478410000000001 0.22391299999999997 0.847145 0.24239099999999997 0.846448 0.248913 0.845404 0.251087 0.8450559999999999 0.254348 0.858287 0.25543499999999997 0.858287 0.253261 0.856546 0.252174 0.85585 0.243478 0.8551529999999999 0.24239099999999997 0.8551529999999999 0.23586999999999997 0.85376 0.220652 0.853412 0.2 0.852716 0.197826 0.852716 0.19456500000000002 0.850627 0.19456500000000002 0.8495820000000001 0.196739 0.848886 0.202174 0.848886 0.215217 0.8478410000000001 0.22391299999999997
2 0.854805 0.213043 0.85585 0.216304 0.856198 0.230435 0.857242 0.236957 0.857591 0.24673899999999999 0.8589829999999999 0.248913 0.8621169999999999 0.248913 0.8610720000000001 0.24565199999999998 0.8610720000000001 0.243478 0.85968 0.24130400000000002 0.85968 0.23586999999999997 0.8589829999999999 0.232609 0.858287 0.221739 0.858287 0.211957 0.857591 0.209783 0.857591 0.202174 0.8568939999999999 0.198913 0.8568939999999999 0.192391 0.854457 0.191304 0.85376 0.192391 0.85376 0.209783 0.854109 0.213043 0.854805 0.213043
0 0.8638579999999999 0.22934800000000002 0.871866 0.228261 0.870125 0.221739 0.870125 0.215217 0.868733 0.2 0.866643 0.2 0.8655989999999999 0.219565 0.864903 0.226087 0.8638579999999999 0.227174 0.8638579999999999 0.22934800000000002
0 0.880223 0.21413000000000001 0.878482 0.206522 0.8777860000000001 0.191304 0.8760450000000001 0.190217 0.875 0.19347799999999998 0.8743040000000001 0.209783 0.873259 0.21413000000000001 0.880223 0.21413000000000001
0 0.885446 0.203261 0.885794 0.20108700000000002 0.884749 0.198913 0.884053 0.184783 0.882312 0.183696 0.881616 0.18587 0.8809189999999999 0.2 0.879875 0.203261 0.885446 0.203261
0 0.885446 0.195652 0.89032 0.195652 0.8889279999999999 0.18804300000000002 0.8889279999999999 0.178261 0.8878830000000001 0.177174 0.886838 0.18043499999999998 0.88649 0.190217 0.885446 0.195652
0 0.893454 0.18913 0.892409 0.184783 0.892409 0.177174 0.8910170000000001 0.17282599999999998 0.89032 0.175 0.8892760000000001 0.18804300000000002 0.8896240000000001 0.190217 0.893454 0.18913
0 0.893802 0.171739 0.892758 0.184783 0.896588 0.184783 0.895195 0.171739 0.893802 0.171739
0 0.897981 0.175 0.897981 0.168478 0.896588 0.168478 0.895891 0.173913 0.89624 0.18043499999999998 0.899025 0.18043499999999998 0.897981 0.175