3 0.44603099999999996 0.5586960000000001 0.445334 0.5663039999999999 0.44428999999999996 0.6 0.443593 0.6054350000000001 0.443245 0.620652 0.44254899999999997 0.625 0.44254899999999997 0.632609 0.440808 0.657609 0.435585 0.6630429999999999 0.433844 0.668478 0.433844 0.676087 0.433148 0.678261 0.42896900000000004 0.680435 0.42688 0.68587 0.427925 0.68913 0.43071000000000004 0.6913039999999999 0.439763 0.694565 0.443245 0.698913 0.449861 0.7021740000000001 0.451253 0.704348 0.456128 0.704348 0.45891400000000004 0.7 0.46135099999999996 0.698913 0.463788 0.694565 0.46970799999999996 0.690217 0.475279 0.682609 0.47736799999999996 0.681522 0.47910899999999995 0.678261 0.47910899999999995 0.675 0.47318899999999997 0.671739 0.4711 0.66087 0.46831500000000004 0.656522 0.466226 0.656522 0.464485 0.6543479999999999 0.463788 0.6489130000000001 0.463788 0.641304 0.46309199999999995 0.640217 0.46309199999999995 0.634783 0.46239600000000003 0.632609 0.461699 0.6119570000000001 0.461003 0.604348 0.460306 0.602174 0.45891400000000004 0.576087 0.457521 0.5663039999999999 0.457521 0.559783 0.456128 0.5478259999999999 0.456128 0.53913 0.455084 0.525 0.454039 0.520652 0.447423 0.521739 0.446727 0.5239130000000001 0.446727 0.540217 0.44603099999999996 0.5478259999999999 0.44603099999999996 0.5586960000000001
3 0.711003 0.39891299999999996 0.70961 0.404348 0.7071729999999999 0.404348 0.706476 0.41086999999999996 0.704735 0.41413 0.706128 0.41630399999999995 0.7245820000000001 0.41630399999999995 0.727716 0.41086999999999996 0.727368 0.40869600000000006 0.726323 0.40869600000000006 0.725279 0.404348 0.7224929999999999 0.40217400000000003 0.721448 0.386957 0.7211000000000001 0.36956500000000003 0.719011 0.352174 0.718315 0.336957 0.717618 0.334783 0.7148329999999999 0.334783 0.713788 0.33913000000000004 0.713788 0.35108700000000004 0.712396 0.363043 0.711003 0.39891299999999996
3 0.790042 0.325 0.802577 0.326087 0.803969 0.321739 0.8011839999999999 0.31630400000000003 0.8011839999999999 0.30869599999999997 0.8004870000000001 0.305435 0.8004870000000001 0.29239099999999996 0.799443 0.288043 0.798747 0.276087 0.7959609999999999 0.275 0.793524 0.317391 0.791435 0.318478 0.791086 0.322826 0.790042 0.325
3 0.8290390000000001 0.27934800000000004 0.8286910000000001 0.283696 0.837744 0.283696 0.838092 0.280435 0.836351 0.276087 0.836003 0.272826 0.836003 0.258696 0.834958 0.25543499999999997 0.83461 0.24782600000000002 0.8325210000000001 0.24673899999999999 0.832173 0.25652200000000003 0.831476 0.258696 0.8307800000000001 0.278261 0.8290390000000001 0.27934800000000004
3 0.852019 0.259783 0.8589829999999999 0.26087 0.8593310000000001 0.25760900000000003 0.858287 0.253261 0.857242 0.236957 0.856546 0.232609 0.8551529999999999 0.230435 0.85376 0.243478 0.853412 0.25543499999999997 0.852019 0.25760900000000003 0.852019 0.259783
3 0.8722139999999999 0.23913 0.871866 0.227174 0.8708220000000001 0.219565 0.869429 0.219565 0.8673400000000001 0.243478 0.8725630000000001 0.243478 0.872911 0.24130400000000002 0.8722139999999999 0.23913
3 0.881616 0.233696 0.881964 0.231522 0.881267 0.228261 0.881267 0.219565 0.880223 0.211957 0.8791779999999999 0.211957 0.878134 0.219565 0.878134 0.227174 0.877089 0.232609 0.881616 0.233696
3 0.8896240000000001 0.225 0.889972 0.22282600000000002 0.8892760000000001 0.219565 0.888579 0.20760900000000002 0.887535 0.206522 0.88649 0.21413000000000001 0.88649 0.219565 0.885446 0.22391299999999997 0.8896240000000001 0.225
3 0.8931060000000001 0.202174 0.8913650000000001 0.218478 0.895543 0.218478 0.89415 0.20543499999999998 0.8931060000000001 0.202174
3 0.899025 0.2 0.897981 0.198913 0.896936 0.213043 0.8997210000000001 0.21413000000000001 0.8997210000000001 0.20434800000000003 0.899025 0.2
3 0.901811 0.196739 0.9004179999999999 0.209783 0.903552 0.209783 0.9032030000000001 0.202174 0.901811 0.196739
0 0.694986 0.280435 0.702994 0.280435 0.703691 0.277174 0.702298 0.27391299999999996 0.7016020000000001 0.269565 0.700557 0.24782600000000002 0.698816 0.24673899999999999 0.697772 0.25 0.696727 0.276087 0.6956819999999999 0.277174 0.694986 0.280435
0 0.789345 0.24130400000000002 0.788649 0.23586999999999997 0.787953 0.22282600000000002 0.785864 0.22282600000000002 0.785515 0.232609 0.784123 0.244565 0.79039 0.243478 0.789345 0.24130400000000002