3 0.6939420000000001 0.46087 0.692897 0.46413000000000004 0.68837 0.467391 0.687326 0.47717400000000004 0.685237 0.48043500000000006 0.684889 0.48260899999999995 0.700209 0.48804299999999995 0.714136 0.48804299999999995 0.718315 0.48043500000000006 0.719011 0.476087 0.717618 0.47391300000000003 0.715877 0.47391300000000003 0.7148329999999999 0.467391 0.7134400000000001 0.465217 0.710655 0.46413000000000004 0.7092620000000001 0.444565 0.7092620000000001 0.431522 0.708565 0.42717400000000005 0.707869 0.407609 0.706476 0.4 0.706476 0.393478 0.7057800000000001 0.390217 0.704387 0.36847799999999997 0.699164 0.36739099999999997 0.697772 0.394565 0.6963790000000001 0.407609 0.696031 0.42391300000000004 0.6939420000000001 0.46087
3 0.795613 0.317391 0.794568 0.321739 0.794568 0.326087 0.810585 0.326087 0.8112809999999999 0.319565 0.8081480000000001 0.313043 0.807451 0.290217 0.8060579999999999 0.27934800000000004 0.805362 0.263043 0.80188 0.261957 0.799443 0.291304 0.798747 0.313043 0.79805 0.31630400000000003 0.795613 0.317391
3 0.8387879999999999 0.25760900000000003 0.838092 0.259783 0.836699 0.259783 0.836003 0.26413000000000003 0.8467969999999999 0.265217 0.8478410000000001 0.263043 0.8478410000000001 0.26087 0.845404 0.25652200000000003 0.8450559999999999 0.23913 0.8436629999999999 0.232609 0.8433149999999999 0.22391299999999997 0.8426180000000001 0.220652 0.8408770000000001 0.220652 0.840181 0.225 0.840181 0.232609 0.839485 0.23586999999999997 0.8387879999999999 0.25760900000000003
3 0.8586349999999999 0.233696 0.865947 0.233696 0.866643 0.231522 0.865251 0.22391299999999997 0.865251 0.215217 0.864206 0.208696 0.8638579999999999 0.20108700000000002 0.863162 0.2 0.861421 0.202174 0.860028 0.227174 0.8586349999999999 0.230435 0.8586349999999999 0.233696
3 0.871518 0.211957 0.871518 0.21413000000000001 0.8774369999999999 0.21413000000000001 0.878482 0.21086999999999997 0.877089 0.208696 0.877089 0.2 0.8756959999999999 0.192391 0.8756959999999999 0.18804300000000002 0.8743040000000001 0.18695699999999998 0.8739549999999999 0.192391 0.873259 0.19456500000000002 0.8725630000000001 0.209783 0.871518 0.211957
3 0.88649 0.197826 0.885794 0.196739 0.885446 0.18152200000000002 0.8844010000000001 0.179348 0.884749 0.197826 0.885446 0.2 0.88649 0.2 0.88649 0.197826
2 0.885446 0.20108700000000002 0.8844010000000001 0.197826 0.8844010000000001 0.183696 0.883357 0.16413 0.881267 0.166304 0.880223 0.192391 0.87883 0.20108700000000002 0.885446 0.20108700000000002
2 0.8878830000000001 0.197826 0.886838 0.18913 0.886838 0.183696 0.885794 0.178261 0.885446 0.165217 0.883705 0.16413 0.8844010000000001 0.178261 0.885794 0.18152200000000002 0.8861420000000001 0.196739 0.8878830000000001 0.197826
0 0.892758 0.191304 0.8931060000000001 0.18913 0.891713 0.184783 0.8910170000000001 0.170652 0.889972 0.170652 0.8889279999999999 0.173913 0.888579 0.184783 0.887535 0.191304 0.892758 0.191304
0 0.896936 0.183696 0.896936 0.18152200000000002 0.895891 0.179348 0.895891 0.171739 0.8948470000000001 0.166304 0.893454 0.168478 0.893454 0.17282599999999998 0.892061 0.183696 0.896936 0.183696
0 0.899373 0.173913 0.899373 0.166304 0.898329 0.161957 0.897284 0.163043 0.89624 0.179348 0.9004179999999999 0.179348 0.9004179999999999 0.177174 0.899373 0.173913
0 0.9021589999999999 0.166304 0.9021589999999999 0.16087 0.901114 0.159783 0.90007 0.163043 0.8997210000000001 0.173913 0.9032030000000001 0.175 0.9021589999999999 0.166304
0 0.9042479999999999 0.16413 0.9042479999999999 0.158696 0.902855 0.157609 0.902855 0.16956500000000002 0.904596 0.170652 0.9049440000000001 0.166304 0.9042479999999999 0.16413
0 0.9063370000000001 0.16087 0.9063370000000001 0.156522 0.905292 0.156522 0.904596 0.16413 0.905292 0.167391 0.9073819999999999 0.167391 0.9063370000000001 0.16087