3 0.593315 0.47282599999999997 0.591574 0.5 0.591574 0.508696 0.5866990000000001 0.511957 0.586351 0.520652 0.582869 0.5239130000000001 0.5821729999999999 0.527174 0.596448 0.532609 0.6068939999999999 0.5336960000000001 0.608635 0.530435 0.616643 0.522826 0.615947 0.5195649999999999 0.6128129999999999 0.5195649999999999 0.612117 0.5130429999999999 0.610724 0.5108699999999999 0.608635 0.5108699999999999 0.607591 0.508696 0.606546 0.49891300000000005 0.606546 0.492391 0.60585 0.490217 0.6055010000000001 0.467391 0.604109 0.45 0.603412 0.446739 0.601671 0.41630399999999995 0.600627 0.41304299999999994 0.596448 0.41304299999999994 0.595056 0.444565 0.594011 0.45108699999999996 0.593315 0.463043 0.593315 0.47282599999999997
3 0.740947 0.36739099999999997 0.73851 0.36739099999999997 0.738162 0.372826 0.736769 0.376087 0.752437 0.377174 0.753134 0.375 0.755223 0.375 0.754526 0.371739 0.753482 0.370652 0.753482 0.36847799999999997 0.751045 0.366304 0.750348 0.359783 0.750348 0.346739 0.747563 0.31413 0.746866 0.31087 0.744777 0.31087 0.743384 0.33260900000000004 0.742688 0.334783 0.741643 0.36413 0.740947 0.36739099999999997
3 0.8004870000000001 0.305435 0.799791 0.30869599999999997 0.7983979999999999 0.30869599999999997 0.79805 0.311957 0.800139 0.31413 0.8081480000000001 0.31413 0.8095399999999999 0.31087 0.807103 0.306522 0.8064069999999999 0.288043 0.805362 0.281522 0.8046659999999999 0.270652 0.8029249999999999 0.269565 0.802228 0.271739 0.802228 0.277174 0.8011839999999999 0.28586999999999996 0.8004870000000001 0.305435
3 0.829735 0.275 0.827994 0.280435 0.8353059999999999 0.281522 0.836003 0.27934800000000004 0.83461 0.275 0.8342620000000001 0.26087 0.8335649999999999 0.25760900000000003 0.833217 0.25 0.831825 0.24782600000000002 0.831128 0.248913 0.8307800000000001 0.25760900000000003 0.830084 0.259783 0.829735 0.275
3 0.847145 0.261957 0.854109 0.26087 0.852716 0.25652200000000003 0.852368 0.244565 0.850975 0.23478300000000002 0.84993 0.23586999999999997 0.848886 0.24565199999999998 0.848886 0.253261 0.847145 0.261957
3 0.8655989999999999 0.24782600000000002 0.8655989999999999 0.24565199999999998 0.864903 0.244565 0.864554 0.232609 0.8638579999999999 0.227174 0.862813 0.226087 0.861421 0.233696 0.861421 0.24239099999999997 0.8603759999999999 0.24782600000000002 0.8655989999999999 0.24782600000000002
3 0.8739549999999999 0.23913 0.872911 0.23478300000000002 0.872911 0.227174 0.8722139999999999 0.220652 0.87117 0.219565 0.870474 0.221739 0.870125 0.232609 0.8690810000000001 0.23913 0.8739549999999999 0.23913
3 0.880223 0.221739 0.879526 0.219565 0.879526 0.216304 0.878482 0.215217 0.876741 0.231522 0.880571 0.232609 0.8809189999999999 0.230435 0.880223 0.221739
3 0.8844010000000001 0.21086999999999997 0.883357 0.21086999999999997 0.881964 0.226087 0.885794 0.226087 0.885097 0.22282600000000002 0.8844010000000001 0.21086999999999997
3 0.8892760000000001 0.208696 0.888231 0.20760900000000002 0.887535 0.218478 0.886838 0.221739 0.89032 0.221739 0.8892760000000001 0.208696
3 0.8931060000000001 0.21086999999999997 0.891713 0.20543499999999998 0.89032 0.218478 0.893802 0.218478 0.8931060000000001 0.215217 0.8931060000000001 0.21086999999999997
0 0.706128 0.278261 0.714136 0.278261 0.714136 0.276087 0.712744 0.27391299999999996 0.712047 0.268478 0.711003 0.25 0.7092620000000001 0.248913 0.708217 0.253261 0.7075210000000001 0.27391299999999996 0.706476 0.275 0.706128 0.278261
0 0.788997 0.248913 0.789345 0.24782600000000002 0.787953 0.244565 0.786908 0.228261 0.7848189999999999 0.228261 0.784123 0.243478 0.7830779999999999 0.24673899999999999 0.7830779999999999 0.248913 0.788997 0.248913