3 0.541086 0.606522 0.541086 0.617391 0.539694 0.634783 0.539345 0.652174 0.537604 0.673913 0.537256 0.690217 0.5365599999999999 0.692391 0.531337 0.695652 0.528552 0.704348 0.528203 0.713043 0.526462 0.717391 0.522284 0.721739 0.5212399999999999 0.7260869999999999 0.523677 0.7304350000000001 0.542131 0.741304 0.544568 0.7445649999999999 0.557451 0.75 0.564067 0.743478 0.564415 0.741304 0.578691 0.7206520000000001 0.580084 0.7163039999999999 0.580084 0.71413 0.577646 0.7119570000000001 0.57695 0.709783 0.573468 0.7076089999999999 0.571031 0.696739 0.570334 0.696739 0.56929 0.693478 0.565111 0.690217 0.564415 0.688043 0.562674 0.6630429999999999 0.562674 0.655435 0.5619780000000001 0.651087 0.56163 0.634783 0.560933 0.632609 0.560933 0.626087 0.560237 0.622826 0.558496 0.596739 0.557451 0.5913039999999999 0.556755 0.575 0.555014 0.557609 0.553969 0.5380429999999999 0.552925 0.534783 0.547354 0.534783 0.545265 0.5380429999999999 0.544568 0.544565 0.543872 0.569565 0.541086 0.606522
3 0.76532 0.361957 0.764276 0.375 0.763579 0.378261 0.760794 0.378261 0.7604460000000001 0.383696 0.758357 0.388043 0.759053 0.390217 0.764276 0.391304 0.778552 0.391304 0.7806409999999999 0.388043 0.7806409999999999 0.383696 0.7788999999999999 0.378261 0.776811 0.377174 0.776114 0.375 0.776114 0.36956500000000003 0.7754179999999999 0.365217 0.7754179999999999 0.347826 0.774721 0.336957 0.773329 0.32934800000000003 0.772284 0.30978300000000003 0.771588 0.307609 0.768454 0.307609 0.7677579999999999 0.30978300000000003 0.767409 0.325 0.76532 0.347826 0.76532 0.361957
3 0.8238160000000001 0.288043 0.82312 0.291304 0.821379 0.291304 0.821379 0.294565 0.8203340000000001 0.296739 0.8335649999999999 0.29782600000000004 0.8342620000000001 0.293478 0.831825 0.28913 0.831128 0.280435 0.831128 0.269565 0.8304320000000001 0.261957 0.829735 0.259783 0.8290390000000001 0.24782600000000002 0.8283429999999999 0.24565199999999998 0.826602 0.24565199999999998 0.825905 0.248913 0.8255570000000001 0.259783 0.824861 0.26413000000000003 0.8238160000000001 0.288043
3 0.849234 0.25543499999999997 0.85968 0.25543499999999997 0.857591 0.24782600000000002 0.857242 0.23478300000000002 0.855501 0.218478 0.854109 0.218478 0.853064 0.22391299999999997 0.851671 0.251087 0.8502789999999999 0.252174 0.849234 0.25543499999999997
3 0.866992 0.225 0.8655989999999999 0.22934800000000002 0.8655989999999999 0.231522 0.873607 0.231522 0.871866 0.225 0.871518 0.21086999999999997 0.8708220000000001 0.208696 0.8708220000000001 0.20434800000000003 0.869777 0.20108700000000002 0.8690810000000001 0.20108700000000002 0.868384 0.203261 0.868384 0.208696 0.867688 0.21086999999999997 0.866992 0.225
3 0.881616 0.198913 0.880571 0.192391 0.881964 0.215217 0.883705 0.215217 0.882312 0.213043 0.881616 0.198913
2 0.8760450000000001 0.20543499999999998 0.874652 0.216304 0.881616 0.216304 0.881267 0.206522 0.880223 0.197826 0.880223 0.18043499999999998 0.879875 0.177174 0.8777860000000001 0.177174 0.877089 0.18152200000000002 0.877089 0.190217 0.8760450000000001 0.2 0.8760450000000001 0.20543499999999998
2 0.881964 0.198913 0.8826599999999999 0.213043 0.8844010000000001 0.213043 0.883357 0.206522 0.883357 0.2 0.882312 0.192391 0.881964 0.178261 0.880571 0.176087 0.880571 0.191304 0.881267 0.192391 0.881267 0.196739 0.881964 0.198913
0 0.896936 0.177174 0.895891 0.175 0.8948470000000001 0.178261 0.89415 0.191304 0.897981 0.191304 0.896936 0.177174
0 0.9004179999999999 0.18043499999999998 0.8997210000000001 0.170652 0.899025 0.170652 0.898329 0.17282599999999998 0.897632 0.18587 0.9014620000000001 0.18587 0.9004179999999999 0.18043499999999998
0 0.902855 0.178261 0.902855 0.173913 0.9014620000000001 0.168478 0.900766 0.171739 0.900766 0.18043499999999998 0.903552 0.18152200000000002 0.902855 0.178261
0 0.9049440000000001 0.171739 0.9049440000000001 0.167391 0.9038999999999999 0.166304 0.9032030000000001 0.171739 0.9032030000000001 0.178261 0.9059889999999999 0.178261 0.9049440000000001 0.171739
0 0.9073819999999999 0.16956500000000002 0.9059889999999999 0.16413 0.905292 0.171739 0.9059889999999999 0.176087 0.9077299999999999 0.176087 0.9073819999999999 0.16956500000000002
0 0.894499 0.196739 0.893802 0.19347799999999998 0.893802 0.18804300000000002 0.8931060000000001 0.18587 0.8931060000000001 0.18043499999999998 0.8913650000000001 0.179348 0.8906689999999999 0.183696 0.8906689999999999 0.18913 0.8892760000000001 0.196739 0.894499 0.196739
0 0.884053 0.20434800000000003 0.889972 0.20434800000000003 0.8889279999999999 0.2 0.8889279999999999 0.192391 0.888231 0.190217 0.8878830000000001 0.183696 0.88649 0.184783 0.885794 0.18804300000000002 0.885794 0.19456500000000002 0.884053 0.20434800000000003