3 0.301184 0.7554350000000001 0.299095 0.817391 0.298398 0.8239129999999999 0.298398 0.833696 0.297354 0.846739 0.34226999999999996 0.846739 0.34226999999999996 0.844565 0.339833 0.8380430000000001 0.334958 0.832609 0.332521 0.832609 0.331476 0.828261 0.327994 0.7923910000000001 0.32694999999999996 0.772826 0.326253 0.770652 0.326602 0.768478 0.323468 0.741304 0.322423 0.725 0.321031 0.715217 0.319638 0.694565 0.31754899999999997 0.676087 0.31754899999999997 0.670652 0.316156 0.6586960000000001 0.316156 0.652174 0.31545999999999996 0.65 0.308496 0.65 0.304666 0.6543479999999999 0.303969 0.68587 0.302228 0.723913 0.30188000000000004 0.747826 0.301184 0.7554350000000001
3 0.475279 0.502174 0.475279 0.511957 0.471797 0.5771740000000001 0.4711 0.580435 0.46726999999999996 0.58587 0.465877 0.590217 0.46552899999999997 0.598913 0.463788 0.603261 0.46135099999999996 0.6054350000000001 0.46065500000000004 0.608696 0.46135099999999996 0.61087 0.472841 0.613043 0.47771600000000003 0.616304 0.49268799999999996 0.616304 0.493384 0.6141300000000001 0.495474 0.613043 0.500696 0.6 0.50383 0.5956520000000001 0.504178 0.592391 0.501045 0.592391 0.49965200000000004 0.588043 0.49895500000000004 0.5826089999999999 0.49303600000000003 0.5771740000000001 0.490599 0.543478 0.490599 0.536957 0.489903 0.5336960000000001 0.48851000000000006 0.516304 0.48851000000000006 0.5108699999999999 0.486421 0.48913 0.48433099999999996 0.456522 0.47736799999999996 0.456522 0.47771600000000003 0.459783 0.47667099999999996 0.47391300000000003 0.47667099999999996 0.48260899999999995 0.475279 0.502174
3 0.532033 0.388043 0.531685 0.40543500000000005 0.530292 0.42717400000000005 0.5275070000000001 0.42934799999999995 0.526462 0.43260899999999997 0.526114 0.44021699999999997 0.5254179999999999 0.441304 0.5254179999999999 0.443478 0.531337 0.444565 0.547702 0.44239100000000003 0.548747 0.43913 0.5483979999999999 0.430435 0.546657 0.42717400000000005 0.544916 0.42717400000000005 0.543872 0.42391300000000004 0.5424789999999999 0.403261 0.542131 0.388043 0.541435 0.379348 0.5407379999999999 0.377174 0.538997 0.348913 0.537953 0.34565199999999996 0.5348189999999999 0.34565199999999996 0.534123 0.348913 0.533774 0.36413 0.53273 0.383696 0.532033 0.388043
3 0.517409 0.361957 0.51532 0.36739099999999997 0.5177579999999999 0.371739 0.532033 0.370652 0.5330779999999999 0.36847799999999997 0.5330779999999999 0.365217 0.532033 0.36086999999999997 0.529944 0.359783 0.528552 0.352174 0.528203 0.33587 0.526462 0.319565 0.526114 0.306522 0.524721 0.3 0.522632 0.3 0.521936 0.303261 0.5194989999999999 0.359783 0.518802 0.361957 0.517409 0.361957
3 0.495822 0.33913000000000004 0.509749 0.33913000000000004 0.509401 0.333696 0.508008 0.331522 0.506964 0.32717399999999996 0.505919 0.304348 0.504875 0.296739 0.504178 0.283696 0.503482 0.281522 0.501393 0.281522 0.49895500000000004 0.330435 0.498259 0.33260900000000004 0.496866 0.33260900000000004 0.495822 0.33913000000000004
3 0.47771600000000003 0.307609 0.47736799999999996 0.311957 0.488162 0.311957 0.48851000000000006 0.306522 0.486421 0.303261 0.486421 0.29565199999999997 0.485724 0.293478 0.483983 0.26413000000000003 0.48189399999999993 0.26413000000000003 0.48085000000000006 0.272826 0.480501 0.291304 0.479457 0.305435 0.47771600000000003 0.307609
3 0.446379 0.294565 0.44603099999999996 0.29782600000000004 0.456476 0.29782600000000004 0.45578 0.293478 0.454387 0.29239099999999996 0.45369099999999996 0.276087 0.452298 0.266304 0.45194999999999996 0.25760900000000003 0.449861 0.25652200000000003 0.44812 0.283696 0.44812 0.291304 0.447423 0.294565 0.446379 0.294565
3 0.41016700000000006 0.28586999999999996 0.40842599999999996 0.28913 0.40842599999999996 0.291304 0.416783 0.291304 0.41713100000000003 0.288043 0.415738 0.284783 0.415042 0.27934800000000004 0.415042 0.272826 0.41364900000000004 0.25543499999999997 0.41190800000000005 0.254348 0.411212 0.25652200000000003 0.411212 0.270652 0.41016700000000006 0.280435 0.41016700000000006 0.28586999999999996
3 0.352368 0.28913 0.360724 0.288043 0.360724 0.28586999999999996 0.35933099999999996 0.282609 0.358635 0.278261 0.357242 0.25543499999999997 0.355153 0.254348 0.354457 0.27391299999999996 0.353412 0.284783 0.352368 0.28586999999999996 0.352368 0.28913
3 0.295265 0.27934800000000004 0.293872 0.278261 0.292479 0.25543499999999997 0.291783 0.253261 0.290042 0.253261 0.289345 0.276087 0.287953 0.280435 0.294916 0.281522 0.295265 0.27934800000000004
3 0.336351 0.254348 0.334958 0.25 0.334262 0.23478300000000002 0.33286899999999997 0.23478300000000002 0.331825 0.251087 0.33077999999999996 0.25652200000000003 0.336003 0.25652200000000003 0.336351 0.254348
3 0.387883 0.24239099999999997 0.387187 0.227174 0.385794 0.225 0.384749 0.243478 0.38405300000000003 0.24565199999999998 0.389624 0.24673899999999999 0.387883 0.24239099999999997
3 0.433148 0.220652 0.43245100000000003 0.21739099999999997 0.431407 0.218478 0.43036199999999997 0.236957 0.43245100000000003 0.236957 0.433148 0.220652
3 0.453343 0.213043 0.452646 0.213043 0.451253 0.231522 0.455084 0.231522 0.454039 0.216304 0.453343 0.213043
3 0.469359 0.227174 0.46796699999999997 0.209783 0.46726999999999996 0.208696 0.46657400000000004 0.21086999999999997 0.46657400000000004 0.219565 0.46552899999999997 0.227174 0.469359 0.227174
3 0.470404 0.20760900000000002 0.469359 0.22282600000000002 0.47249299999999994 0.22282600000000002 0.471797 0.208696 0.470404 0.20760900000000002
3 0.465181 0.20760900000000002 0.464136 0.206522 0.46309199999999995 0.220652 0.465877 0.220652 0.466226 0.219565 0.465181 0.20760900000000002
3 0.949861 0.175 0.949861 0.171739 0.949164 0.170652 0.9484680000000001 0.16413 0.9484680000000001 0.159783 0.947772 0.159783 0.9470750000000001 0.161957 0.9470750000000001 0.167391 0.946031 0.175 0.949861 0.175
3 0.9279249999999999 0.163043 0.92688 0.163043 0.9261839999999999 0.165217 0.9254870000000001 0.177174 0.928969 0.177174 0.9279249999999999 0.163043
1 0.8405290000000001 0.32717399999999996 0.83844 0.328261 0.837744 0.331522 0.841922 0.331522 0.8422700000000001 0.333696 0.8568939999999999 0.33260900000000004 0.856198 0.326087 0.853412 0.321739 0.852716 0.30869599999999997 0.850975 0.298913 0.84993 0.269565 0.849234 0.266304 0.8457520000000001 0.267391 0.8433149999999999 0.296739 0.8422700000000001 0.321739 0.841226 0.322826 0.8405290000000001 0.32717399999999996
1 0.728064 0.29239099999999996 0.732591 0.294565 0.741992 0.294565 0.741643 0.290217 0.739206 0.284783 0.73851 0.27391299999999996 0.737465 0.268478 0.737117 0.252174 0.736421 0.24565199999999998 0.733287 0.244565 0.731546 0.280435 0.73085 0.28586999999999996 0.7287600000000001 0.288043 0.728064 0.29239099999999996
1 0.659123 0.276087 0.6692199999999999 0.276087 0.668872 0.270652 0.6674789999999999 0.268478 0.667131 0.26087 0.666086 0.25760900000000003 0.66539 0.236957 0.662604 0.23586999999999997 0.6615599999999999 0.25 0.660864 0.269565 0.659123 0.27391299999999996 0.659123 0.276087
1 0.598886 0.267391 0.598886 0.265217 0.596797 0.259783 0.596448 0.253261 0.595752 0.251087 0.595056 0.232609 0.592967 0.232609 0.59227 0.23478300000000002 0.591226 0.26087 0.5898329999999999 0.266304 0.598886 0.267391
1 0.543872 0.263043 0.543872 0.26087 0.542131 0.25760900000000003 0.541435 0.25 0.5407379999999999 0.24782600000000002 0.5407379999999999 0.236957 0.540042 0.230435 0.5383009999999999 0.22934800000000002 0.537256 0.244565 0.537256 0.253261 0.535864 0.261957 0.543872 0.263043
1 0.467618 0.26087 0.46552899999999997 0.25652200000000003 0.46483299999999994 0.251087 0.464136 0.23478300000000002 0.46344 0.231522 0.462047 0.232609 0.46135099999999996 0.254348 0.459958 0.261957 0.46726999999999996 0.263043 0.467618 0.26087
1 0.41713100000000003 0.25652200000000003 0.422702 0.25652200000000003 0.42305000000000004 0.254348 0.422006 0.252174 0.420961 0.24239099999999997 0.420613 0.231522 0.418872 0.230435 0.418175 0.24021699999999999 0.418175 0.252174 0.41713100000000003 0.254348 0.41713100000000003 0.25652200000000003
1 0.435585 0.244565 0.43488899999999997 0.228261 0.434192 0.225 0.433496 0.225 0.432799 0.24021699999999999 0.431755 0.25 0.437674 0.25 0.435585 0.244565
1 0.504875 0.232609 0.50383 0.230435 0.503134 0.215217 0.502089 0.213043 0.501393 0.215217 0.500348 0.23478300000000002 0.504875 0.23478300000000002 0.504875 0.232609
1 0.549095 0.219565 0.547702 0.21086999999999997 0.547702 0.203261 0.546657 0.20108700000000002 0.5459609999999999 0.202174 0.5459609999999999 0.21413000000000001 0.545265 0.219565 0.549095 0.219565
1 0.545265 0.216304 0.545265 0.198913 0.5442199999999999 0.198913 0.543872 0.211957 0.543175 0.216304 0.545265 0.216304
1 0.939415 0.18152200000000002 0.937674 0.173913 0.937674 0.166304 0.9362809999999999 0.165217 0.935585 0.170652 0.935585 0.178261 0.9348890000000001 0.18152200000000002 0.939415 0.18152200000000002
1 0.8809189999999999 0.178261 0.8809189999999999 0.171739 0.879526 0.16956500000000002 0.8777860000000001 0.18587 0.881964 0.18587 0.882312 0.183696 0.8809189999999999 0.178261
1 0.810933 0.18804300000000002 0.810933 0.18587 0.8098890000000001 0.182609 0.809192 0.173913 0.8081480000000001 0.176087 0.8077989999999999 0.184783 0.8067550000000001 0.18804300000000002 0.810933 0.18804300000000002
1 0.776114 0.176087 0.774721 0.175 0.773329 0.18913 0.7771589999999999 0.18913 0.776114 0.182609 0.776114 0.176087
1 0.748955 0.176087 0.747563 0.176087 0.746866 0.18913 0.750348 0.18913 0.748955 0.18043499999999998 0.748955 0.176087
1 0.717618 0.183696 0.717618 0.178261 0.716574 0.176087 0.715877 0.179348 0.715529 0.18913 0.718663 0.18913 0.717618 0.183696
1 0.683844 0.179348 0.683148 0.178261 0.682451 0.18152200000000002 0.682103 0.190217 0.684889 0.190217 0.683844 0.179348
1 0.529944 0.228261 0.530292 0.226087 0.529596 0.225 0.528552 0.209783 0.5275070000000001 0.208696 0.526811 0.211957 0.526462 0.225 0.525766 0.227174 0.529944 0.228261
3 0.287256 0.268478 0.289345 0.268478 0.289345 0.259783 0.290042 0.252174 0.291783 0.252174 0.292479 0.254348 0.291086 0.243478 0.289694 0.243478 0.288997 0.24565199999999998 0.288649 0.263043 0.287256 0.268478