3 0.517061 0.616304 0.516365 0.645652 0.515669 0.65 0.515669 0.657609 0.514624 0.670652 0.513579 0.673913 0.510097 0.677174 0.507312 0.6836960000000001 0.507312 0.692391 0.5 0.708696 0.504875 0.7119570000000001 0.513928 0.71413 0.51532 0.7163039999999999 0.5181060000000001 0.7163039999999999 0.520891 0.719565 0.5271589999999999 0.722826 0.536908 0.723913 0.539694 0.717391 0.542131 0.715217 0.543524 0.7119570000000001 0.544568 0.7119570000000001 0.545613 0.708696 0.547354 0.7076089999999999 0.551184 0.701087 0.554666 0.692391 0.5501389999999999 0.6913039999999999 0.5483979999999999 0.68913 0.547702 0.68587 0.547702 0.681522 0.546309 0.676087 0.543524 0.671739 0.541783 0.671739 0.540042 0.666304 0.538997 0.659783 0.5383009999999999 0.643478 0.5365599999999999 0.629348 0.5365599999999999 0.621739 0.53273 0.572826 0.5306409999999999 0.532609 0.529944 0.527174 0.5288999999999999 0.525 0.524025 0.525 0.521936 0.527174 0.5194989999999999 0.580435 0.518802 0.584783 0.517061 0.616304
3 0.797354 0.377174 0.795613 0.41304299999999994 0.794568 0.41630399999999995 0.791435 0.418478 0.789694 0.42717400000000005 0.787604 0.428261 0.791783 0.433696 0.812674 0.433696 0.817549 0.430435 0.817549 0.428261 0.815808 0.42717400000000005 0.8151109999999999 0.422826 0.810585 0.417391 0.8095399999999999 0.407609 0.808844 0.392391 0.8081480000000001 0.38913000000000003 0.8067550000000001 0.354348 0.8050140000000001 0.334783 0.8004870000000001 0.334783 0.799095 0.357609 0.79805 0.366304 0.79805 0.372826 0.797354 0.377174
4 0.08565500000000001 0.306522 0.08565500000000001 0.3 0.08460999999999999 0.296739 0.083914 0.298913 0.083565 0.31630400000000003 0.087744 0.31630400000000003 0.08565500000000001 0.306522
4 0.149373 0.31087 0.147981 0.294565 0.146936 0.293478 0.14623999999999998 0.306522 0.144847 0.31521699999999997 0.151114 0.31521699999999997 0.149373 0.31087
4 0.187326 0.290217 0.186978 0.280435 0.186281 0.276087 0.185585 0.276087 0.18453999999999998 0.281522 0.18453999999999998 0.293478 0.188022 0.293478 0.187326 0.290217
4 0.215877 0.275 0.214833 0.27391299999999996 0.213788 0.280435 0.213092 0.293478 0.21727 0.293478 0.215877 0.275
4 0.258357 0.269565 0.257312 0.268478 0.25626699999999997 0.286957 0.260446 0.286957 0.259401 0.282609 0.258357 0.269565
4 0.288997 0.291304 0.287953 0.290217 0.287256 0.286957 0.286908 0.276087 0.286212 0.271739 0.28481900000000004 0.271739 0.283774 0.290217 0.283078 0.293478 0.288649 0.293478 0.288997 0.291304
4 0.297354 0.259783 0.29596100000000003 0.259783 0.294916 0.277174 0.299095 0.277174 0.29805000000000004 0.27391299999999996 0.297354 0.259783
4 0.333565 0.26087 0.33286899999999997 0.258696 0.332173 0.25 0.331128 0.248913 0.330432 0.253261 0.330084 0.263043 0.333217 0.263043 0.333565 0.26087
4 0.382312 0.263043 0.382312 0.25543499999999997 0.38126699999999997 0.248913 0.38022300000000003 0.254348 0.379526 0.268478 0.383357 0.268478 0.382312 0.263043
4 0.392061 0.24782600000000002 0.39066900000000004 0.24130400000000002 0.389624 0.25760900000000003 0.393454 0.25760900000000003 0.392061 0.254348 0.392061 0.24782600000000002
4 0.458217 0.231522 0.457521 0.231522 0.456476 0.24673899999999999 0.45960999999999996 0.24673899999999999 0.458565 0.24021699999999999 0.458217 0.231522
4 0.552577 0.228261 0.552228 0.219565 0.551532 0.218478 0.551184 0.230435 0.5504870000000001 0.23478300000000002 0.5536209999999999 0.23478300000000002 0.552577 0.228261
4 0.6354460000000001 0.218478 0.634749 0.20760900000000002 0.633705 0.20760900000000002 0.633357 0.220652 0.63266 0.221739 0.636142 0.221739 0.6354460000000001 0.218478