3 0.407382 0.671739 0.40668499999999996 0.679348 0.40598900000000004 0.706522 0.404596 0.719565 0.404596 0.727174 0.4039 0.733696 0.40250700000000006 0.7695649999999999 0.40250700000000006 0.7880429999999999 0.401114 0.817391 0.40007000000000004 0.8206519999999999 0.397284 0.8228260000000001 0.394847 0.827174 0.391713 0.8380430000000001 0.391017 0.846739 0.450905 0.846739 0.45194999999999996 0.843478 0.45194999999999996 0.8391299999999999 0.450905 0.836957 0.44428999999999996 0.834783 0.44046 0.8206519999999999 0.43662999999999996 0.816304 0.433148 0.815217 0.430014 0.786957 0.42722800000000005 0.745652 0.422006 0.690217 0.41922 0.652174 0.418872 0.63913 0.41782700000000006 0.6358699999999999 0.413301 0.6358699999999999 0.409123 0.6380429999999999 0.408078 0.641304 0.408078 0.6543479999999999 0.407382 0.659783 0.407382 0.671739
3 0.529596 0.501087 0.528203 0.522826 0.528203 0.53913 0.5275070000000001 0.543478 0.526462 0.56413 0.522632 0.568478 0.5212399999999999 0.571739 0.520543 0.5826089999999999 0.518454 0.592391 0.51915 0.594565 0.5504870000000001 0.594565 0.553273 0.584783 0.553969 0.576087 0.551532 0.568478 0.547354 0.565217 0.545613 0.557609 0.5442199999999999 0.53587 0.543524 0.532609 0.543524 0.5239130000000001 0.541435 0.5 0.541086 0.48695700000000003 0.537953 0.45 0.532382 0.45 0.531337 0.46195700000000006 0.5306409999999999 0.483696 0.529596 0.49347799999999997 0.529596 0.501087
3 0.532382 0.383696 0.530292 0.38587 0.530292 0.394565 0.545265 0.392391 0.5459609999999999 0.38913000000000003 0.5459609999999999 0.384783 0.543872 0.384783 0.543175 0.38260900000000003 0.539345 0.323913 0.538649 0.321739 0.535864 0.321739 0.535515 0.33587 0.534123 0.348913 0.533426 0.377174 0.532382 0.383696
3 0.586351 0.320652 0.596797 0.319565 0.5978410000000001 0.31630400000000003 0.597145 0.31413 0.595404 0.313043 0.593663 0.290217 0.592967 0.272826 0.590877 0.271739 0.5898329999999999 0.278261 0.5884400000000001 0.31413 0.5866990000000001 0.31521699999999997 0.586351 0.320652
3 0.685933 0.280435 0.694986 0.27934800000000004 0.693245 0.275 0.692549 0.26413000000000003 0.691852 0.26087 0.691156 0.24239099999999997 0.689415 0.24130400000000002 0.6887190000000001 0.24239099999999997 0.687326 0.27391299999999996 0.685585 0.278261 0.685933 0.280435
3 0.8050140000000001 0.25543499999999997 0.814415 0.25543499999999997 0.812326 0.248913 0.8119780000000001 0.236957 0.810585 0.220652 0.808844 0.219565 0.8077989999999999 0.226087 0.807103 0.244565 0.8064069999999999 0.251087 0.8050140000000001 0.25543499999999997
1 0.8436629999999999 0.341304 0.842967 0.34565199999999996 0.840181 0.348913 0.840181 0.355435 0.8426180000000001 0.358696 0.851671 0.358696 0.8586349999999999 0.356522 0.858287 0.35 0.857591 0.347826 0.85585 0.346739 0.854457 0.341304 0.850975 0.288043 0.8502789999999999 0.28586999999999996 0.847145 0.28586999999999996 0.8457520000000001 0.3 0.8457520000000001 0.307609 0.8436629999999999 0.334783 0.8436629999999999 0.341304
1 0.8283429999999999 0.321739 0.827994 0.31521699999999997 0.8252090000000001 0.31521699999999997 0.8245129999999999 0.311957 0.82312 0.286957 0.822772 0.268478 0.8220750000000001 0.263043 0.8185930000000001 0.263043 0.815808 0.31413 0.814067 0.31521699999999997 0.8137190000000001 0.320652 0.8283429999999999 0.321739
1 0.851323 0.28913 0.851323 0.291304 0.864206 0.291304 0.8638579999999999 0.286957 0.863162 0.286957 0.861421 0.280435 0.85968 0.24565199999999998 0.858287 0.24130400000000002 0.856546 0.24130400000000002 0.85585 0.243478 0.854109 0.27934800000000004 0.853412 0.284783 0.851323 0.28913
1 0.932103 0.267391 0.93071 0.272826 0.9432449999999999 0.272826 0.9439420000000001 0.269565 0.9418519999999999 0.267391 0.9404600000000001 0.254348 0.939067 0.227174 0.9362809999999999 0.227174 0.935585 0.22934800000000002 0.9352370000000001 0.243478 0.9334960000000001 0.266304 0.932103 0.267391
4 0.077646 0.32717399999999996 0.076253 0.313043 0.075557 0.31087 0.074513 0.31087 0.07311999999999999 0.33260900000000004 0.079039 0.33260900000000004 0.079039 0.330435 0.077646 0.32717399999999996
4 0.062674 0.318478 0.06163 0.305435 0.060237 0.304348 0.05954 0.318478 0.058843999999999994 0.321739 0.063719 0.321739 0.062674 0.318478
4 0.082869 0.29565199999999997 0.082173 0.30869599999999997 0.08565500000000001 0.30869599999999997 0.084262 0.294565 0.082869 0.29565199999999997
4 0.162953 0.286957 0.16155999999999998 0.286957 0.160864 0.304348 0.165042 0.304348 0.163649 0.29782600000000004 0.162953 0.286957
4 0.158774 0.291304 0.158426 0.283696 0.157382 0.282609 0.15668500000000002 0.284783 0.156337 0.29782600000000004 0.159819 0.29782600000000004 0.158774 0.291304
4 0.224234 0.268478 0.22353800000000001 0.283696 0.22667099999999998 0.283696 0.22562700000000002 0.269565 0.224234 0.268478
4 0.314067 0.253261 0.31337000000000004 0.253261 0.312326 0.25760900000000003 0.312326 0.266304 0.31545999999999996 0.266304 0.314067 0.253261