3 0.610724 0.441304 0.607939 0.5 0.6072420000000001 0.502174 0.603412 0.504348 0.602716 0.51413 0.59993 0.518478 0.5995820000000001 0.521739 0.604109 0.522826 0.604805 0.525 0.607939 0.527174 0.618036 0.527174 0.618733 0.5293479999999999 0.622911 0.5293479999999999 0.625696 0.525 0.627089 0.525 0.632312 0.518478 0.633705 0.518478 0.634749 0.515217 0.630919 0.511957 0.630571 0.506522 0.629875 0.504348 0.626045 0.502174 0.625348 0.5 0.625 0.48586999999999997 0.622563 0.456522 0.6222139999999999 0.44565200000000005 0.620822 0.433696 0.620822 0.426087 0.620125 0.422826 0.619081 0.40108699999999997 0.613858 0.4 0.6128129999999999 0.40543500000000005 0.6128129999999999 0.41630399999999995 0.611421 0.43804299999999996 0.610724 0.441304
2 0.736072 0.29239099999999996 0.73468 0.305435 0.734331 0.323913 0.733635 0.333696 0.732591 0.33913000000000004 0.731198 0.372826 0.7287600000000001 0.377174 0.728412 0.38260900000000003 0.727716 0.384783 0.7245820000000001 0.388043 0.72493 0.390217 0.73468 0.392391 0.747563 0.392391 0.750696 0.388043 0.754526 0.38587 0.752437 0.384783 0.751393 0.38152200000000003 0.751045 0.377174 0.748607 0.375 0.747563 0.359783 0.747563 0.348913 0.74617 0.336957 0.74617 0.32717399999999996 0.745125 0.317391 0.745125 0.306522 0.743384 0.275 0.741992 0.269565 0.742688 0.268478 0.741992 0.26413000000000003 0.737117 0.265217 0.7378129999999999 0.271739 0.737117 0.272826 0.736072 0.29239099999999996
2 0.751045 0.303261 0.752089 0.306522 0.7527860000000001 0.319565 0.753482 0.322826 0.754526 0.347826 0.755223 0.35 0.755571 0.359783 0.756267 0.361957 0.756267 0.36956500000000003 0.756964 0.36956500000000003 0.757312 0.371739 0.759053 0.371739 0.759749 0.376087 0.763579 0.376087 0.7694989999999999 0.36739099999999997 0.766713 0.366304 0.766365 0.363043 0.764276 0.358696 0.763579 0.342391 0.762883 0.33913000000000004 0.762883 0.328261 0.7621870000000001 0.326087 0.760097 0.280435 0.759401 0.278261 0.758357 0.259783 0.756964 0.25543499999999997 0.754526 0.25543499999999997 0.753482 0.258696 0.753482 0.26413000000000003 0.751741 0.280435 0.751045 0.303261
3 0.747911 0.359783 0.748955 0.375 0.751045 0.376087 0.752437 0.383696 0.756964 0.383696 0.7604460000000001 0.377174 0.759749 0.377174 0.759053 0.372826 0.757312 0.372826 0.755919 0.36956500000000003 0.755919 0.361957 0.755223 0.359783 0.755223 0.353261 0.754178 0.347826 0.75383 0.333696 0.753134 0.32934800000000003 0.753134 0.322826 0.752437 0.319565 0.751741 0.306522 0.751045 0.304348 0.748259 0.304348 0.7472139999999999 0.313043 0.746518 0.336957 0.747911 0.348913 0.747911 0.359783
3 0.8151109999999999 0.29782600000000004 0.814067 0.302174 0.812674 0.302174 0.812326 0.306522 0.815808 0.30978300000000003 0.8234680000000001 0.30978300000000003 0.8252090000000001 0.306522 0.8252090000000001 0.303261 0.8234680000000001 0.302174 0.822772 0.298913 0.8220750000000001 0.27391299999999996 0.821031 0.270652 0.820682 0.261957 0.81929 0.25543499999999997 0.817897 0.25543499999999997 0.8168519999999999 0.258696 0.8168519999999999 0.265217 0.8151109999999999 0.288043 0.8151109999999999 0.29782600000000004
3 0.838092 0.288043 0.8436629999999999 0.288043 0.8443590000000001 0.28586999999999996 0.8461000000000001 0.28586999999999996 0.8461000000000001 0.283696 0.844708 0.282609 0.8436629999999999 0.27934800000000004 0.8433149999999999 0.259783 0.841922 0.244565 0.841226 0.24130400000000002 0.8391360000000001 0.24130400000000002 0.837744 0.25652200000000003 0.836699 0.27934800000000004 0.83461 0.284783 0.838092 0.288043
3 0.821379 0.270652 0.830084 0.270652 0.830084 0.268478 0.8290390000000001 0.267391 0.8283429999999999 0.26413000000000003 0.827646 0.244565 0.8269500000000001 0.24239099999999997 0.826602 0.232609 0.8245129999999999 0.230435 0.822772 0.24673899999999999 0.8220750000000001 0.266304 0.821379 0.267391 0.821379 0.270652
3 0.7983979999999999 0.259783 0.7983979999999999 0.25760900000000003 0.797354 0.25652200000000003 0.796309 0.251087 0.796309 0.236957 0.795265 0.232609 0.794916 0.225 0.793175 0.22391299999999997 0.7924789999999999 0.226087 0.791435 0.251087 0.789694 0.258696 0.7983979999999999 0.259783
3 0.753482 0.248913 0.752437 0.25 0.752089 0.253261 0.760097 0.254348 0.760097 0.251087 0.758705 0.248913 0.758357 0.231522 0.75766 0.230435 0.757312 0.221739 0.755223 0.221739 0.754875 0.230435 0.754178 0.232609 0.754178 0.243478 0.753482 0.248913
3 0.7075210000000001 0.24782600000000002 0.7075210000000001 0.25 0.714485 0.25 0.7148329999999999 0.24782600000000002 0.7134400000000001 0.24021699999999999 0.7134400000000001 0.22934800000000002 0.712744 0.227174 0.712047 0.219565 0.710306 0.219565 0.710306 0.227174 0.70961 0.231522 0.708914 0.244565 0.7075210000000001 0.24782600000000002
3 0.67305 0.24673899999999999 0.67305 0.244565 0.672354 0.244565 0.671657 0.24239099999999997 0.671657 0.23913 0.6709609999999999 0.238043 0.6709609999999999 0.225 0.670265 0.220652 0.668872 0.220652 0.6678270000000001 0.22934800000000002 0.6678270000000001 0.24021699999999999 0.666783 0.24673899999999999 0.67305 0.24673899999999999
3 0.5731200000000001 0.248913 0.578691 0.248913 0.578691 0.24673899999999999 0.577646 0.244565 0.577646 0.236957 0.576253 0.225 0.575209 0.225 0.574164 0.23478300000000002 0.574164 0.243478 0.5731200000000001 0.24673899999999999 0.5731200000000001 0.248913
3 0.51915 0.24673899999999999 0.517409 0.24021699999999999 0.517409 0.232609 0.516713 0.231522 0.516713 0.226087 0.515669 0.226087 0.514624 0.23586999999999997 0.514624 0.24239099999999997 0.513579 0.24673899999999999 0.51915 0.24673899999999999
3 0.504178 0.24021699999999999 0.503482 0.236957 0.5027860000000001 0.22282600000000002 0.501741 0.221739 0.500696 0.230435 0.500696 0.238043 0.5 0.24021699999999999 0.504178 0.24021699999999999
3 0.524373 0.232609 0.5229809999999999 0.215217 0.522284 0.215217 0.521588 0.218478 0.521588 0.227174 0.520891 0.231522 0.524373 0.232609
3 0.5672010000000001 0.209783 0.566156 0.208696 0.565808 0.219565 0.565111 0.22391299999999997 0.568245 0.22391299999999997 0.5672010000000001 0.209783
3 0.622563 0.20434800000000003 0.621518 0.202174 0.62117 0.21086999999999997 0.620125 0.216304 0.623607 0.216304 0.622563 0.20434800000000003
3 0.680014 0.196739 0.6793180000000001 0.195652 0.678273 0.20108700000000002 0.677925 0.21086999999999997 0.6810579999999999 0.21086999999999997 0.680014 0.196739
3 0.741992 0.192391 0.740599 0.191304 0.740251 0.203261 0.7395539999999999 0.20543499999999998 0.743036 0.20543499999999998 0.741992 0.192391
3 0.8060579999999999 0.196739 0.8064069999999999 0.191304 0.80571 0.18695699999999998 0.8046659999999999 0.18695699999999998 0.803969 0.197826 0.8032730000000001 0.20108700000000002 0.807103 0.202174 0.8060579999999999 0.196739
3 0.875 0.2 0.875348 0.197826 0.8743040000000001 0.195652 0.8739549999999999 0.183696 0.872911 0.182609 0.871866 0.18695699999999998 0.871866 0.19456500000000002 0.87117 0.2 0.875 0.2
3 0.9063370000000001 0.18152200000000002 0.9049440000000001 0.18043499999999998 0.903552 0.197826 0.9073819999999999 0.197826 0.9077299999999999 0.195652 0.9063370000000001 0.18152200000000002
1 0.9397629999999999 0.243478 0.9387190000000001 0.24021699999999999 0.9380219999999999 0.24021699999999999 0.9369780000000001 0.23478300000000002 0.935933 0.22391299999999997 0.935585 0.21086999999999997 0.9331480000000001 0.21086999999999997 0.9317550000000001 0.226087 0.9314069999999999 0.238043 0.929318 0.243478 0.9397629999999999 0.243478
1 0.858287 0.236957 0.8589829999999999 0.23478300000000002 0.857591 0.232609 0.856198 0.22282600000000002 0.856198 0.208696 0.854109 0.20760900000000002 0.853064 0.216304 0.852368 0.231522 0.850975 0.236957 0.858287 0.236957
1 0.782382 0.232609 0.791086 0.232609 0.788997 0.228261 0.788649 0.22282600000000002 0.787953 0.220652 0.787604 0.20760900000000002 0.785864 0.20760900000000002 0.7851670000000001 0.216304 0.7851670000000001 0.226087 0.784471 0.22934800000000002 0.782382 0.232609
1 0.717618 0.22282600000000002 0.717618 0.21086999999999997 0.715877 0.209783 0.7151810000000001 0.225 0.713788 0.232609 0.720056 0.232609 0.717618 0.22282600000000002
1 0.629178 0.230435 0.629178 0.227174 0.628482 0.225 0.628482 0.215217 0.6277860000000001 0.213043 0.626741 0.21413000000000001 0.626045 0.228261 0.624652 0.23478300000000002 0.630571 0.23478300000000002 0.629178 0.230435
1 0.598189 0.22391299999999997 0.598189 0.216304 0.596797 0.215217 0.596448 0.227174 0.595056 0.23478300000000002 0.600279 0.23478300000000002 0.598189 0.22391299999999997
1 0.586003 0.230435 0.584958 0.227174 0.58461 0.213043 0.583217 0.213043 0.5825210000000001 0.228261 0.581476 0.232609 0.586003 0.232609 0.586003 0.230435
1 0.590529 0.228261 0.5943590000000001 0.228261 0.594708 0.226087 0.592967 0.219565 0.592967 0.21086999999999997 0.5919220000000001 0.209783 0.591226 0.21413000000000001 0.591226 0.22282600000000002 0.590529 0.225 0.590529 0.228261
1 0.613162 0.21413000000000001 0.613162 0.20760900000000002 0.611769 0.20760900000000002 0.611421 0.218478 0.610376 0.22391299999999997 0.614903 0.22391299999999997 0.613162 0.21413000000000001
1 0.6504179999999999 0.216304 0.649025 0.211957 0.649025 0.203261 0.647632 0.203261 0.647284 0.21413000000000001 0.6462399999999999 0.219565 0.6504179999999999 0.219565 0.6504179999999999 0.216304
1 0.698816 0.21413000000000001 0.697423 0.206522 0.697423 0.198913 0.6963790000000001 0.197826 0.6956819999999999 0.2 0.6956819999999999 0.208696 0.6946380000000001 0.21413000000000001 0.698816 0.21413000000000001
1 0.746866 0.21086999999999997 0.745474 0.202174 0.745474 0.19456500000000002 0.744429 0.19347799999999998 0.743733 0.195652 0.743384 0.20760900000000002 0.74234 0.21086999999999997 0.746866 0.21086999999999997
1 0.791435 0.206522 0.789694 0.2 0.789345 0.190217 0.788649 0.190217 0.787953 0.192391 0.787256 0.206522 0.7907379999999999 0.20760900000000002 0.791435 0.206522
1 0.866643 0.20434800000000003 0.864206 0.198913 0.864554 0.18804300000000002 0.862813 0.18695699999999998 0.862465 0.2 0.861421 0.206522 0.866295 0.206522 0.866643 0.20434800000000003
1 0.9192199999999999 0.19347799999999998 0.9192199999999999 0.184783 0.917827 0.183696 0.9157379999999999 0.203261 0.9209609999999999 0.203261 0.920265 0.196739 0.9192199999999999 0.19347799999999998