3 0.135097 0.8228260000000001 0.134401 0.808696 0.133357 0.8054349999999999 0.125696 0.8043480000000001 0.12082200000000001 0.808696 0.11768799999999999 0.815217 0.11734 0.846739 0.13753500000000002 0.846739 0.137187 0.8380430000000001 0.135097 0.8228260000000001
3 0.393802 0.5826089999999999 0.392061 0.6141300000000001 0.392061 0.625 0.389624 0.66413 0.384749 0.671739 0.383008 0.678261 0.38266 0.68587 0.381616 0.68913 0.376741 0.695652 0.37639300000000003 0.697826 0.379178 0.7021740000000001 0.381616 0.7021740000000001 0.385446 0.705435 0.39624000000000004 0.706522 0.40250700000000006 0.71087 0.411212 0.709783 0.41713100000000003 0.701087 0.425139 0.684783 0.428621 0.680435 0.428621 0.678261 0.42305000000000004 0.677174 0.422702 0.668478 0.42130900000000004 0.66413 0.41713100000000003 0.66087 0.414694 0.656522 0.410515 0.6 0.409123 0.588043 0.40842599999999996 0.573913 0.407382 0.567391 0.40529200000000004 0.543478 0.4039 0.520652 0.398677 0.5195649999999999 0.395891 0.522826 0.394847 0.555435 0.393802 0.567391 0.393802 0.5826089999999999
3 0.48537600000000003 0.467391 0.482242 0.470652 0.481546 0.479348 0.48015299999999994 0.483696 0.48085000000000006 0.48586999999999997 0.504526 0.484783 0.506964 0.478261 0.506964 0.476087 0.505919 0.47282599999999997 0.505919 0.46956499999999995 0.503482 0.465217 0.502437 0.465217 0.501393 0.46195700000000006 0.498259 0.420652 0.49791100000000005 0.409783 0.496518 0.396739 0.495822 0.394565 0.495822 0.38152200000000003 0.49442899999999995 0.378261 0.490599 0.378261 0.489903 0.38043499999999997 0.48955399999999993 0.40217400000000003 0.486421 0.46413000000000004 0.48537600000000003 0.467391
3 0.48502799999999996 0.39891299999999996 0.489206 0.39891299999999996 0.48955399999999993 0.38043499999999997 0.490599 0.377174 0.49442899999999995 0.377174 0.49617000000000006 0.38152200000000003 0.49617000000000006 0.394565 0.496866 0.396739 0.5 0.396739 0.500696 0.395652 0.500348 0.388043 0.49965200000000004 0.38587 0.497563 0.384783 0.496866 0.38043499999999997 0.49303600000000003 0.322826 0.489206 0.321739 0.486421 0.384783 0.48328699999999997 0.390217 0.482242 0.395652 0.48502799999999996 0.39891299999999996
3 0.46901099999999996 0.354348 0.46796699999999997 0.354348 0.466226 0.359783 0.467618 0.359783 0.46831500000000004 0.363043 0.481198 0.36086999999999997 0.481198 0.356522 0.47910899999999995 0.352174 0.478064 0.343478 0.477019 0.321739 0.47597500000000004 0.313043 0.47597500000000004 0.306522 0.47492999999999996 0.3 0.47249299999999994 0.3 0.471797 0.303261 0.471797 0.31521699999999997 0.47005600000000003 0.35108700000000004 0.46901099999999996 0.354348
3 0.452646 0.32717399999999996 0.452646 0.32934800000000003 0.46344 0.32934800000000003 0.463788 0.325 0.462047 0.321739 0.459262 0.282609 0.458565 0.280435 0.456476 0.281522 0.45578 0.288043 0.45543199999999995 0.30869599999999997 0.454387 0.323913 0.452646 0.32717399999999996
3 0.42479100000000003 0.307609 0.424095 0.311957 0.422702 0.311957 0.422702 0.31521699999999997 0.43245100000000003 0.31521699999999997 0.433148 0.31413 0.433148 0.311957 0.431407 0.30978300000000003 0.42896900000000004 0.277174 0.427925 0.271739 0.426532 0.271739 0.425836 0.27391299999999996 0.42548700000000006 0.29782600000000004 0.42479100000000003 0.3 0.42479100000000003 0.307609
3 0.385794 0.307609 0.394847 0.307609 0.394847 0.303261 0.393802 0.303261 0.393106 0.298913 0.391017 0.269565 0.389276 0.269565 0.388579 0.272826 0.387535 0.304348 0.385794 0.305435 0.385794 0.307609
3 0.331128 0.29782600000000004 0.329735 0.304348 0.337396 0.305435 0.33843999999999996 0.302174 0.336351 0.29782600000000004 0.334958 0.275 0.333914 0.269565 0.332173 0.270652 0.331825 0.275 0.331825 0.28913 0.331128 0.29239099999999996 0.331128 0.29782600000000004
3 0.274373 0.294565 0.27332900000000004 0.294565 0.272632 0.291304 0.271936 0.277174 0.270891 0.268478 0.26915 0.268478 0.268106 0.29239099999999996 0.267061 0.29782600000000004 0.274373 0.296739 0.274373 0.294565
3 0.272632 0.282609 0.276462 0.282609 0.276114 0.27934800000000004 0.27507000000000004 0.27934800000000004 0.274373 0.276087 0.274373 0.270652 0.27298100000000003 0.25760900000000003 0.271588 0.25760900000000003 0.270891 0.26087 0.270891 0.267391 0.271936 0.272826 0.272632 0.282609
3 0.319638 0.266304 0.318245 0.24782600000000002 0.316852 0.24782600000000002 0.316504 0.26087 0.31511100000000003 0.270652 0.321031 0.269565 0.319638 0.266304
3 0.375348 0.25760900000000003 0.373955 0.253261 0.373259 0.23913 0.371866 0.238043 0.370822 0.25652200000000003 0.370125 0.258696 0.374652 0.259783 0.375348 0.25760900000000003
3 0.422354 0.248913 0.42130900000000004 0.24565199999999998 0.420613 0.230435 0.41922 0.22934800000000002 0.418872 0.236957 0.420265 0.23913 0.420613 0.248913 0.422354 0.248913
3 0.442897 0.24021699999999999 0.442897 0.230435 0.442201 0.228261 0.442201 0.225 0.440808 0.225 0.44046 0.236957 0.439415 0.243478 0.44428999999999996 0.243478 0.442897 0.24021699999999999
3 0.45786899999999997 0.232609 0.457521 0.22282600000000002 0.456128 0.219565 0.45578 0.231522 0.454735 0.238043 0.459262 0.238043 0.45786899999999997 0.232609
3 0.46135099999999996 0.219565 0.460306 0.21739099999999997 0.459262 0.233696 0.46239600000000003 0.233696 0.461699 0.230435 0.46135099999999996 0.219565
3 0.45543199999999995 0.218478 0.454039 0.21739099999999997 0.454039 0.226087 0.453343 0.232609 0.455084 0.232609 0.45543199999999995 0.218478
3 0.443942 0.215217 0.442897 0.22934800000000002 0.44603099999999996 0.22934800000000002 0.444986 0.215217 0.443942 0.215217
3 0.946031 0.176087 0.946031 0.16956500000000002 0.9453340000000001 0.165217 0.94429 0.165217 0.9439420000000001 0.17282599999999998 0.942897 0.179348 0.9467269999999999 0.179348 0.946031 0.176087
3 0.896588 0.170652 0.895891 0.170652 0.894499 0.184783 0.897981 0.184783 0.897284 0.173913 0.896588 0.170652
3 0.9244429999999999 0.168478 0.923398 0.167391 0.9230499999999999 0.176087 0.922006 0.18152200000000002 0.9254870000000001 0.18152200000000002 0.9244429999999999 0.168478
1 0.8335649999999999 0.33913000000000004 0.8325210000000001 0.342391 0.8307800000000001 0.343478 0.830084 0.35108700000000004 0.834958 0.354348 0.83844 0.354348 0.8405290000000001 0.352174 0.849234 0.352174 0.8485379999999999 0.34565199999999996 0.845404 0.340217 0.8450559999999999 0.330435 0.8436629999999999 0.322826 0.842967 0.301087 0.841226 0.281522 0.837744 0.281522 0.8370469999999999 0.283696 0.836351 0.29239099999999996 0.836351 0.298913 0.8335649999999999 0.33913000000000004
1 0.717967 0.303261 0.7151810000000001 0.307609 0.729457 0.307609 0.7287600000000001 0.302174 0.726671 0.29782600000000004 0.725975 0.286957 0.72493 0.283696 0.723886 0.25652200000000003 0.720752 0.25652200000000003 0.719708 0.266304 0.7193590000000001 0.282609 0.717967 0.296739 0.717967 0.303261
1 0.6448470000000001 0.28913 0.6556409999999999 0.28913 0.6556409999999999 0.286957 0.653552 0.281522 0.653203 0.27391299999999996 0.651811 0.265217 0.651462 0.25 0.6504179999999999 0.24673899999999999 0.649025 0.24673899999999999 0.6479809999999999 0.254348 0.647284 0.27934800000000004 0.6462399999999999 0.28586999999999996 0.6448470000000001 0.28913
1 0.5745129999999999 0.280435 0.5842620000000001 0.280435 0.583217 0.276087 0.581825 0.27391299999999996 0.581128 0.265217 0.580432 0.263043 0.580432 0.253261 0.579387 0.243478 0.577646 0.243478 0.57695 0.24782600000000002 0.5766020000000001 0.268478 0.575905 0.275 0.5745129999999999 0.280435
1 0.527855 0.276087 0.527855 0.272826 0.526114 0.269565 0.52507 0.26087 0.524721 0.24673899999999999 0.524025 0.24239099999999997 0.522284 0.24239099999999997 0.521588 0.266304 0.520195 0.272826 0.520195 0.276087 0.527855 0.276087
1 0.45020899999999997 0.276087 0.45020899999999997 0.272826 0.448468 0.267391 0.447423 0.24673899999999999 0.446727 0.244565 0.44568199999999997 0.244565 0.44463800000000003 0.25760900000000003 0.44463800000000003 0.269565 0.443245 0.275 0.45020899999999997 0.276087
1 0.40668499999999996 0.267391 0.40598900000000004 0.267391 0.40529200000000004 0.263043 0.404596 0.24565199999999998 0.4039 0.24239099999999997 0.402855 0.24239099999999997 0.402159 0.26087 0.401114 0.269565 0.40668499999999996 0.269565 0.40668499999999996 0.267391
1 0.422354 0.263043 0.422702 0.26087 0.42130900000000004 0.259783 0.420265 0.253261 0.419916 0.23913 0.418872 0.238043 0.418175 0.23913 0.41782700000000006 0.253261 0.416783 0.261957 0.422354 0.263043
1 0.5194989999999999 0.238043 0.5181060000000001 0.22934800000000002 0.5177579999999999 0.218478 0.516713 0.218478 0.516017 0.220652 0.516017 0.232609 0.514972 0.238043 0.5194989999999999 0.238043
1 0.539345 0.227174 0.538649 0.226087 0.538649 0.221739 0.537953 0.219565 0.537953 0.211957 0.5365599999999999 0.211957 0.536212 0.22391299999999997 0.5348189999999999 0.22934800000000002 0.538997 0.22934800000000002 0.539345 0.227174
1 0.535515 0.226087 0.535864 0.22391299999999997 0.535864 0.215217 0.5365599999999999 0.21086999999999997 0.536212 0.208696 0.535515 0.208696 0.5348189999999999 0.213043 0.534471 0.226087 0.535515 0.226087
1 0.512535 0.218478 0.511838 0.21739099999999997 0.51149 0.206522 0.5104460000000001 0.208696 0.509749 0.221739 0.512535 0.221739 0.512535 0.218478
1 0.9345399999999999 0.178261 0.934192 0.170652 0.9327989999999999 0.171739 0.9317550000000001 0.18587 0.935933 0.18587 0.9345399999999999 0.178261
1 0.8739549999999999 0.191304 0.878134 0.191304 0.8777860000000001 0.184783 0.877089 0.183696 0.877089 0.175 0.8760450000000001 0.173913 0.875348 0.176087 0.874652 0.18804300000000002 0.8739549999999999 0.191304
1 0.8050140000000001 0.18043499999999998 0.803969 0.18043499999999998 0.802577 0.19456500000000002 0.8064069999999999 0.19456500000000002 0.8050140000000001 0.18587 0.8050140000000001 0.18043499999999998
1 0.7712399999999999 0.190217 0.7712399999999999 0.182609 0.7698470000000001 0.18152200000000002 0.7694989999999999 0.191304 0.768454 0.195652 0.772284 0.195652 0.7712399999999999 0.190217
1 0.520543 0.219565 0.5198470000000001 0.20760900000000002 0.51915 0.20760900000000002 0.5181060000000001 0.22282600000000002 0.520891 0.22391299999999997 0.521588 0.221739 0.520543 0.219565
1 0.49303600000000003 0.24673899999999999 0.49268799999999996 0.243478 0.491643 0.24130400000000002 0.49129500000000004 0.228261 0.490599 0.225 0.48955399999999993 0.225 0.488858 0.231522 0.488858 0.243478 0.488162 0.24673899999999999 0.49303600000000003 0.24673899999999999
1 0.743733 0.182609 0.742688 0.182609 0.741643 0.195652 0.745474 0.195652 0.744429 0.19347799999999998 0.743733 0.182609