3 0.32694999999999996 0.706522 0.325905 0.73587 0.325557 0.776087 0.324513 0.78587 0.324513 0.794565 0.318593 0.803261 0.31754899999999997 0.807609 0.315808 0.8108700000000001 0.315808 0.8141299999999999 0.31511100000000003 0.816304 0.31511100000000003 0.8239129999999999 0.310585 0.831522 0.310585 0.836957 0.31337000000000004 0.844565 0.31545999999999996 0.846739 0.354109 0.846739 0.362813 0.8304349999999999 0.36873300000000003 0.821739 0.369081 0.818478 0.370474 0.815217 0.370474 0.8108700000000001 0.369429 0.806522 0.36594699999999997 0.8054349999999999 0.364206 0.796739 0.362117 0.794565 0.361072 0.791304 0.35585 0.786957 0.354457 0.782609 0.352716 0.770652 0.352368 0.761957 0.350627 0.746739 0.350279 0.732609 0.347145 0.696739 0.34401099999999996 0.668478 0.34052899999999997 0.618478 0.33286899999999997 0.620652 0.331128 0.622826 0.329387 0.675 0.32694999999999996 0.706522
3 0.447075 0.471739 0.445334 0.48913 0.44428999999999996 0.532609 0.443245 0.55 0.44254899999999997 0.552174 0.439067 0.555435 0.437674 0.559783 0.437674 0.568478 0.436281 0.572826 0.435585 0.578261 0.46483299999999994 0.5771740000000001 0.46901099999999996 0.56413 0.46901099999999996 0.559783 0.466922 0.552174 0.46309199999999995 0.551087 0.46135099999999996 0.545652 0.46135099999999996 0.541304 0.459958 0.530435 0.459958 0.525 0.45891400000000004 0.517391 0.458217 0.502174 0.456476 0.48804299999999995 0.456128 0.475 0.455084 0.46630399999999994 0.45369099999999996 0.44239100000000003 0.448468 0.44239100000000003 0.44777199999999995 0.44565200000000005 0.44777199999999995 0.452174 0.447075 0.456522 0.447075 0.471739
3 0.464136 0.43478300000000003 0.46309199999999995 0.43804299999999996 0.460306 0.44021699999999997 0.459958 0.448913 0.460306 0.45108699999999996 0.476323 0.45108699999999996 0.47736799999999996 0.448913 0.479457 0.448913 0.480501 0.44565200000000005 0.480501 0.441304 0.479457 0.43695700000000004 0.47771600000000003 0.43587 0.476323 0.431522 0.475279 0.422826 0.475279 0.417391 0.47423400000000004 0.41086999999999996 0.47423400000000004 0.40543500000000005 0.471448 0.36956500000000003 0.471448 0.361957 0.467618 0.36086999999999997 0.46657400000000004 0.36847799999999997 0.46657400000000004 0.378261 0.465181 0.394565 0.464136 0.43478300000000003
3 0.43662999999999996 0.391304 0.435585 0.395652 0.43454 0.396739 0.43454 0.4 0.446727 0.40108699999999997 0.452298 0.39891299999999996 0.452646 0.396739 0.45194999999999996 0.390217 0.449861 0.38913000000000003 0.449164 0.386957 0.44603099999999996 0.35108700000000004 0.44603099999999996 0.344565 0.44463800000000003 0.330435 0.441852 0.330435 0.439763 0.358696 0.439067 0.388043 0.43837000000000004 0.391304 0.43662999999999996 0.391304
3 0.354805 0.344565 0.35375999999999996 0.34565199999999996 0.352716 0.35 0.35201899999999997 0.35 0.35167099999999996 0.353261 0.358287 0.353261 0.364554 0.35108700000000004 0.364554 0.346739 0.361769 0.341304 0.360724 0.321739 0.35968 0.31630400000000003 0.35933099999999996 0.303261 0.357242 0.302174 0.356546 0.317391 0.35585 0.319565 0.355153 0.32717399999999996 0.354805 0.344565
3 0.410515 0.288043 0.410864 0.28586999999999996 0.409819 0.283696 0.408774 0.275 0.40842599999999996 0.261957 0.40773000000000004 0.258696 0.40703300000000003 0.258696 0.405641 0.270652 0.405641 0.282609 0.40424800000000005 0.288043 0.410515 0.288043
3 0.487117 0.266304 0.487465 0.26413000000000003 0.48607199999999995 0.258696 0.48537600000000003 0.244565 0.48468 0.24130400000000002 0.483983 0.24130400000000002 0.482939 0.252174 0.482939 0.26087 0.48189399999999993 0.266304 0.487117 0.266304
3 0.578343 0.25 0.578691 0.24782600000000002 0.577646 0.24130400000000002 0.577646 0.233696 0.57695 0.227174 0.575905 0.226087 0.575209 0.228261 0.5748610000000001 0.243478 0.573816 0.25 0.578343 0.25
3 0.6709609999999999 0.238043 0.676532 0.238043 0.6751389999999999 0.233696 0.674443 0.216304 0.67305 0.21413000000000001 0.672006 0.219565 0.671657 0.23478300000000002 0.6709609999999999 0.23586999999999997 0.6709609999999999 0.238043
3 0.771936 0.226087 0.7712399999999999 0.227174 0.7712399999999999 0.22934800000000002 0.773677 0.22934800000000002 0.773677 0.22391299999999997 0.774373 0.221739 0.774721 0.21413000000000001 0.774373 0.20543499999999998 0.772632 0.206522 0.772632 0.21413000000000001 0.771936 0.215217 0.771936 0.226087
3 0.8906689999999999 0.22282600000000002 0.8906689999999999 0.220652 0.889972 0.220652 0.8892760000000001 0.21739099999999997 0.8878830000000001 0.196739 0.88649 0.196739 0.885446 0.20543499999999998 0.885097 0.216304 0.884053 0.22282600000000002 0.8906689999999999 0.22282600000000002
1 0.803621 0.365217 0.799791 0.36847799999999997 0.799443 0.377174 0.8011839999999999 0.379348 0.819638 0.378261 0.8203340000000001 0.375 0.81929 0.373913 0.8189420000000001 0.36956500000000003 0.8165039999999999 0.366304 0.8151109999999999 0.36086999999999997 0.8147629999999999 0.35108700000000004 0.8137190000000001 0.34565199999999996 0.8130219999999999 0.33587 0.812674 0.318478 0.8116300000000001 0.304348 0.810933 0.301087 0.807451 0.301087 0.8064069999999999 0.30978300000000003 0.8060579999999999 0.323913 0.805362 0.32717399999999996 0.803621 0.365217
1 0.5330779999999999 0.30869599999999997 0.543524 0.307609 0.5442199999999999 0.306522 0.543872 0.302174 0.5424789999999999 0.301087 0.541086 0.293478 0.539694 0.266304 0.538997 0.26413000000000003 0.537604 0.26413000000000003 0.5365599999999999 0.270652 0.535864 0.29782600000000004 0.5330779999999999 0.306522 0.5330779999999999 0.30869599999999997
1 0.509749 0.291304 0.509053 0.29565199999999997 0.518454 0.29565199999999997 0.516017 0.28913 0.51532 0.271739 0.514624 0.268478 0.514624 0.26087 0.513928 0.258696 0.512883 0.258696 0.5121870000000001 0.261957 0.511838 0.282609 0.511142 0.28913 0.509749 0.291304
1 0.523677 0.280435 0.531337 0.280435 0.531337 0.278261 0.530292 0.278261 0.528203 0.24782600000000002 0.526811 0.24782600000000002 0.526114 0.25 0.526114 0.26413000000000003 0.5254179999999999 0.275 0.523677 0.280435
1 0.5654600000000001 0.267391 0.5713790000000001 0.267391 0.571727 0.265217 0.569986 0.254348 0.5696380000000001 0.24021699999999999 0.56929 0.238043 0.567897 0.238043 0.5672010000000001 0.24021699999999999 0.5672010000000001 0.252174 0.566504 0.263043 0.5654600000000001 0.267391
1 0.619081 0.258696 0.61734 0.254348 0.616643 0.248913 0.615947 0.230435 0.6145539999999999 0.230435 0.613858 0.23478300000000002 0.61351 0.252174 0.611769 0.258696 0.619081 0.258696
1 0.687674 0.24565199999999998 0.68663 0.23913 0.6862809999999999 0.22391299999999997 0.684192 0.22391299999999997 0.683496 0.24239099999999997 0.681755 0.251087 0.689415 0.25 0.687674 0.24565199999999998
1 0.771936 0.243478 0.779944 0.243478 0.778203 0.23913 0.7771589999999999 0.230435 0.776462 0.215217 0.77507 0.21413000000000001 0.774721 0.221739 0.774025 0.22391299999999997 0.773677 0.236957 0.771936 0.243478
1 0.873607 0.23913 0.871866 0.233696 0.870474 0.209783 0.868733 0.208696 0.8673400000000001 0.219565 0.866992 0.23478300000000002 0.865251 0.23913 0.873607 0.23913
3 0.350279 0.31413 0.34992999999999996 0.317391 0.356198 0.31630400000000003 0.356546 0.304348 0.354457 0.280435 0.353064 0.280435 0.35167099999999996 0.294565 0.35167099999999996 0.313043 0.350279 0.31413
1 0.6692199999999999 0.325 0.668524 0.32717399999999996 0.668524 0.330435 0.669568 0.33260900000000004 0.681755 0.331522 0.682103 0.32934800000000003 0.681407 0.328261 0.681407 0.325 0.6803619999999999 0.325 0.6793180000000001 0.321739 0.6786209999999999 0.30978300000000003 0.677577 0.305435 0.676532 0.278261 0.6754870000000001 0.275 0.6733979999999999 0.275 0.671657 0.3 0.6709609999999999 0.321739 0.670265 0.325 0.6692199999999999 0.325