3 0.414694 0.717391 0.412953 0.738043 0.412953 0.748913 0.411212 0.784783 0.411212 0.8010870000000001 0.409819 0.8304349999999999 0.409123 0.8358700000000001 0.408078 0.8380430000000001 0.406337 0.8380430000000001 0.4039 0.844565 0.4039 0.846739 0.45194999999999996 0.846739 0.451602 0.8423909999999999 0.448468 0.833696 0.441504 0.827174 0.439415 0.798913 0.437326 0.784783 0.43697800000000003 0.7695649999999999 0.435933 0.761957 0.435237 0.746739 0.434192 0.7391300000000001 0.431755 0.704348 0.429666 0.686957 0.429666 0.678261 0.42896900000000004 0.676087 0.42896900000000004 0.669565 0.427577 0.657609 0.427577 0.651087 0.426532 0.6489130000000001 0.418175 0.65 0.416783 0.653261 0.41608599999999996 0.68913 0.415042 0.7021740000000001 0.414694 0.717391
3 0.5612809999999999 0.43260899999999997 0.560237 0.43804299999999996 0.557103 0.441304 0.5560579999999999 0.453261 0.577298 0.453261 0.579387 0.44782599999999995 0.579735 0.444565 0.577298 0.43804299999999996 0.575209 0.43804299999999996 0.573816 0.431522 0.5696380000000001 0.363043 0.568593 0.358696 0.565111 0.358696 0.564067 0.371739 0.564067 0.38043499999999997 0.562326 0.40108699999999997 0.5612809999999999 0.43260899999999997
3 0.659123 0.336957 0.658774 0.342391 0.67305 0.342391 0.6733979999999999 0.338043 0.670265 0.331522 0.670265 0.325 0.668524 0.31087 0.668524 0.298913 0.6674789999999999 0.284783 0.666783 0.282609 0.664694 0.282609 0.663649 0.28913 0.661908 0.331522 0.660864 0.33587 0.659123 0.336957
3 0.793524 0.286957 0.792131 0.288043 0.792131 0.291304 0.795265 0.293478 0.803621 0.29239099999999996 0.8029249999999999 0.288043 0.80188 0.288043 0.800836 0.284783 0.8004870000000001 0.276087 0.799443 0.268478 0.798747 0.24673899999999999 0.7959609999999999 0.24565199999999998 0.795265 0.25 0.795265 0.258696 0.794568 0.261957 0.793524 0.286957
4 0.072423 0.304348 0.071379 0.322826 0.075905 0.322826 0.073816 0.304348 0.072423 0.304348
4 0.123955 0.29565199999999997 0.122563 0.29565199999999997 0.12151799999999999 0.31413 0.126741 0.31413 0.125348 0.31087 0.123955 0.29565199999999997
4 0.166783 0.30869599999999997 0.165738 0.294565 0.16434500000000002 0.293478 0.162953 0.31521699999999997 0.16817500000000002 0.31521699999999997 0.16817500000000002 0.313043 0.166783 0.30869599999999997
4 0.162604 0.29565199999999997 0.162256 0.288043 0.161212 0.28586999999999996 0.159471 0.303261 0.163301 0.303261 0.163301 0.29782600000000004 0.162604 0.29565199999999997
4 0.189067 0.275 0.187674 0.27391299999999996 0.186978 0.28913 0.19046000000000002 0.28913 0.189415 0.284783 0.189067 0.275
4 0.252786 0.272826 0.252089 0.270652 0.251045 0.270652 0.250348 0.28913 0.254178 0.28913 0.252786 0.278261 0.252786 0.272826
4 0.318942 0.263043 0.318593 0.25543499999999997 0.317201 0.254348 0.316852 0.268478 0.319986 0.268478 0.319986 0.266304 0.318942 0.263043
4 0.40703300000000003 0.24239099999999997 0.40598900000000004 0.24021699999999999 0.40529200000000004 0.253261 0.408078 0.253261 0.407382 0.251087 0.40703300000000003 0.24239099999999997