3 0.286908 0.76413 0.279248 0.777174 0.279248 0.780435 0.28098900000000004 0.784783 0.309192 0.794565 0.316156 0.794565 0.33843999999999996 0.7608699999999999 0.33843999999999996 0.758696 0.333565 0.751087 0.332521 0.747826 0.331476 0.738043 0.326602 0.732609 0.32311999999999996 0.731522 0.322772 0.7206520000000001 0.321031 0.705435 0.319638 0.68587 0.318942 0.682609 0.310933 0.590217 0.310237 0.588043 0.310585 0.583696 0.30362100000000003 0.5826089999999999 0.300487 0.5869570000000001 0.295613 0.741304 0.289694 0.751087 0.286908 0.76413
3 0.43488899999999997 0.525 0.433148 0.530435 0.45960999999999996 0.530435 0.461003 0.522826 0.461699 0.51413 0.45891400000000004 0.507609 0.457521 0.507609 0.45578 0.504348 0.448468 0.415217 0.443245 0.415217 0.439415 0.504348 0.43837000000000004 0.509783 0.435237 0.515217 0.43488899999999997 0.525
3 0.46065500000000004 0.43695700000000004 0.46065500000000004 0.44782599999999995 0.479805 0.44782599999999995 0.48085000000000006 0.443478 0.48085000000000006 0.43695700000000004 0.48015299999999994 0.433696 0.478064 0.43260899999999997 0.47667099999999996 0.428261 0.471448 0.359783 0.466922 0.359783 0.464136 0.42717400000000005 0.46309199999999995 0.433696 0.462047 0.433696 0.46065500000000004 0.43695700000000004
3 0.479805 0.375 0.479805 0.38152200000000003 0.494777 0.38152200000000003 0.494777 0.376087 0.49303600000000003 0.373913 0.49234 0.370652 0.48781299999999994 0.317391 0.48537600000000003 0.317391 0.48468 0.318478 0.48259100000000005 0.370652 0.48189399999999993 0.375 0.479805 0.375
3 0.463788 0.353261 0.47597500000000004 0.353261 0.47597500000000004 0.34565199999999996 0.474582 0.344565 0.473886 0.341304 0.4711 0.302174 0.467618 0.301087 0.466226 0.341304 0.46552899999999997 0.346739 0.463788 0.347826 0.463788 0.353261
3 0.44463800000000003 0.336957 0.44463800000000003 0.330435 0.443942 0.330435 0.442897 0.326087 0.44046 0.291304 0.437326 0.291304 0.435933 0.330435 0.43454 0.33260900000000004 0.43454 0.336957 0.44463800000000003 0.336957
3 0.392061 0.32717399999999996 0.392061 0.322826 0.391017 0.320652 0.388928 0.28913 0.385794 0.28913 0.384401 0.321739 0.383357 0.323913 0.383357 0.32717399999999996 0.392061 0.32717399999999996
3 0.34052899999999997 0.27934800000000004 0.338092 0.27934800000000004 0.337396 0.302174 0.336351 0.311957 0.343315 0.311957 0.34052899999999997 0.27934800000000004
3 0.360724 0.291304 0.358983 0.265217 0.356546 0.265217 0.356198 0.286957 0.355153 0.288043 0.355153 0.291304 0.360724 0.291304
3 0.413997 0.277174 0.413997 0.27391299999999996 0.412953 0.269565 0.41190800000000005 0.253261 0.409819 0.253261 0.409123 0.269565 0.408078 0.27391299999999996 0.408078 0.277174 0.413997 0.277174
3 0.474582 0.265217 0.472841 0.243478 0.47075199999999995 0.24239099999999997 0.470404 0.26087 0.469359 0.263043 0.469359 0.265217 0.474582 0.265217
3 0.528552 0.253261 0.527855 0.23913 0.5271589999999999 0.232609 0.526462 0.232609 0.525766 0.23478300000000002 0.525766 0.24673899999999999 0.524721 0.253261 0.528552 0.253261
3 0.555014 0.24782600000000002 0.5536209999999999 0.24021699999999999 0.553273 0.227174 0.5518799999999999 0.227174 0.551532 0.243478 0.5504870000000001 0.24565199999999998 0.5504870000000001 0.24782600000000002 0.555014 0.24782600000000002
3 0.5713790000000001 0.221739 0.570334 0.24130400000000002 0.574164 0.24130400000000002 0.572772 0.221739 0.5713790000000001 0.221739
1 0.847493 0.371739 0.847493 0.375 0.851671 0.378261 0.868384 0.377174 0.868384 0.36956500000000003 0.866295 0.36739099999999997 0.865251 0.36413 0.860028 0.301087 0.855501 0.3 0.851671 0.363043 0.850975 0.366304 0.8485379999999999 0.36739099999999997 0.847493 0.371739
1 0.754178 0.33260900000000004 0.7677579999999999 0.331522 0.7677579999999999 0.325 0.766017 0.323913 0.76532 0.320652 0.7621870000000001 0.275 0.758705 0.275 0.756267 0.319565 0.755571 0.323913 0.754178 0.325 0.754178 0.33260900000000004
1 0.682103 0.30978300000000003 0.6803619999999999 0.303261 0.6793180000000001 0.303261 0.6786209999999999 0.3 0.675836 0.263043 0.672702 0.263043 0.6709609999999999 0.3 0.6692199999999999 0.305435 0.6692199999999999 0.30978300000000003 0.682103 0.30978300000000003
1 0.619081 0.29782600000000004 0.618036 0.293478 0.616643 0.291304 0.613858 0.25760900000000003 0.611421 0.25760900000000003 0.610028 0.291304 0.608635 0.293478 0.608635 0.29782600000000004 0.619081 0.29782600000000004
1 0.525766 0.29239099999999996 0.534123 0.29239099999999996 0.534123 0.290217 0.532033 0.28586999999999996 0.530292 0.25760900000000003 0.528203 0.25760900000000003 0.5275070000000001 0.270652 0.5275070000000001 0.28586999999999996 0.525766 0.28913 0.525766 0.29239099999999996
1 0.494777 0.276087 0.49373300000000003 0.272826 0.49199200000000004 0.251087 0.489903 0.251087 0.48955399999999993 0.271739 0.48851000000000006 0.281522 0.494777 0.281522 0.494777 0.276087
1 0.516713 0.272826 0.514624 0.24673899999999999 0.512535 0.24565199999999998 0.511838 0.26413000000000003 0.510794 0.269565 0.510794 0.272826 0.516713 0.272826
1 0.603064 0.254348 0.601323 0.24565199999999998 0.600279 0.22934800000000002 0.598886 0.22934800000000002 0.598189 0.25 0.597145 0.252174 0.597145 0.254348 0.603064 0.254348
1 0.6354460000000001 0.231522 0.635097 0.221739 0.633705 0.221739 0.633357 0.236957 0.63266 0.243478 0.6371870000000001 0.243478 0.6354460000000001 0.231522
1 0.663649 0.228261 0.662604 0.227174 0.662604 0.213043 0.660864 0.213043 0.6601670000000001 0.22934800000000002 0.659123 0.233696 0.663997 0.233696 0.663649 0.228261
1 0.662604 0.208696 0.662953 0.227174 0.66539 0.228261 0.663649 0.209783 0.662604 0.208696
1 0.6462399999999999 0.208696 0.645543 0.22391299999999997 0.649025 0.22391299999999997 0.6479809999999999 0.209783 0.6462399999999999 0.208696
1 0.639972 0.20543499999999998 0.639276 0.20543499999999998 0.638231 0.221739 0.641365 0.221739 0.64032 0.215217 0.639972 0.20543499999999998
1 0.692549 0.195652 0.691852 0.208696 0.6946380000000001 0.208696 0.693245 0.195652 0.692549 0.195652
1 0.724234 0.198913 0.724234 0.192391 0.723189 0.191304 0.7224929999999999 0.196739 0.7224929999999999 0.20434800000000003 0.725279 0.20434800000000003 0.724234 0.198913
1 0.759749 0.18804300000000002 0.758705 0.18804300000000002 0.758008 0.20108700000000002 0.761142 0.20108700000000002 0.760097 0.195652 0.759749 0.18804300000000002
1 0.8077989999999999 0.184783 0.8067550000000001 0.183696 0.8064069999999999 0.195652 0.808844 0.195652 0.8077989999999999 0.190217 0.8077989999999999 0.184783
1 0.837744 0.18043499999999998 0.836699 0.18043499999999998 0.836351 0.19456500000000002 0.8391360000000001 0.19456500000000002 0.838092 0.190217 0.837744 0.18043499999999998
1 0.9213089999999999 0.175 0.919916 0.175 0.9195679999999999 0.192391 0.9230499999999999 0.192391 0.9213089999999999 0.18152200000000002 0.9213089999999999 0.175
1 0.87883 0.177174 0.878134 0.192391 0.8809189999999999 0.192391 0.879526 0.177174 0.87883 0.177174
3 0.573816 0.218478 0.573816 0.233696 0.576253 0.233696 0.575209 0.218478 0.573816 0.218478
3 0.566156 0.215217 0.565808 0.22934800000000002 0.568245 0.22934800000000002 0.567549 0.215217 0.566156 0.215217
3 0.618384 0.20434800000000003 0.616992 0.20434800000000003 0.616643 0.216304 0.618733 0.216304 0.618733 0.206522 0.618384 0.20434800000000003
3 0.6580779999999999 0.197826 0.657033 0.197826 0.655989 0.209783 0.658426 0.209783 0.658426 0.2 0.6580779999999999 0.197826
3 0.703691 0.192391 0.703343 0.203261 0.705084 0.203261 0.704387 0.192391 0.703691 0.192391
3 0.756267 0.18695699999999998 0.755571 0.18695699999999998 0.754875 0.197826 0.756616 0.197826 0.756616 0.18913 0.756267 0.18695699999999998
3 0.925139 0.170652 0.9244429999999999 0.170652 0.924095 0.179348 0.9230499999999999 0.184783 0.9265319999999999 0.184783 0.925139 0.170652
3 0.812674 0.192391 0.812674 0.18043499999999998 0.8116300000000001 0.18043499999999998 0.8116300000000001 0.182609 0.810933 0.183696 0.810933 0.192391 0.812674 0.192391
3 0.8673400000000001 0.175 0.866643 0.176087 0.865947 0.18804300000000002 0.868036 0.18804300000000002 0.8673400000000001 0.175
1 0.66539 0.2 0.665042 0.213043 0.6674789999999999 0.213043 0.666086 0.2 0.66539 0.2
3 0.589485 0.209783 0.589136 0.22282600000000002 0.591226 0.22282600000000002 0.590877 0.209783 0.589485 0.209783
3 0.578343 0.219565 0.577994 0.23586999999999997 0.580084 0.23586999999999997 0.579735 0.219565 0.578343 0.219565
1 0.648329 0.209783 0.648329 0.20434800000000003 0.646936 0.203261 0.646936 0.20760900000000002 0.648329 0.209783
1 0.648677 0.21739099999999997 0.649721 0.218478 0.6483952953125 0.211232334375 0.648677 0.21739099999999997