1 0.37883 0.468478 0.37883 0.47717400000000004 0.37743699999999997 0.49347799999999997 0.376045 0.49891300000000005 0.373259 0.501087 0.37256300000000003 0.5054350000000001 0.369429 0.507609 0.37117 0.5108699999999999 0.378482 0.518478 0.399025 0.516304 0.399373 0.5130429999999999 0.39624000000000004 0.506522 0.395891 0.501087 0.392061 0.496739 0.389624 0.463043 0.388928 0.43695700000000004 0.387535 0.42391300000000004 0.387535 0.41413 0.38649 0.411957 0.383008 0.411957 0.381964 0.418478 0.381616 0.430435 0.380919 0.431522 0.37883 0.468478
1 0.157382 0.263043 0.155292 0.252174 0.154944 0.24021699999999999 0.154248 0.236957 0.153203 0.236957 0.151811 0.258696 0.150418 0.26087 0.150418 0.263043 0.157382 0.263043
1 0.135097 0.24021699999999999 0.135097 0.238043 0.134053 0.23478300000000002 0.13370500000000002 0.22391299999999997 0.13266 0.220652 0.131616 0.227174 0.131616 0.23478300000000002 0.130571 0.23913 0.135097 0.24021699999999999
1 0.127786 0.231522 0.127089 0.230435 0.126393 0.225 0.126393 0.218478 0.125 0.216304 0.12465200000000001 0.226087 0.12325900000000001 0.232609 0.127437 0.233696 0.127786 0.231522
0 0.274373 0.282609 0.274373 0.28586999999999996 0.28098900000000004 0.28586999999999996 0.28098900000000004 0.283696 0.279596 0.27934800000000004 0.27890000000000004 0.259783 0.277507 0.258696 0.27681100000000003 0.263043 0.276462 0.276087 0.275766 0.280435 0.274373 0.282609
0 0.251045 0.251087 0.250348 0.23586999999999997 0.24965199999999999 0.23586999999999997 0.24895499999999998 0.24673899999999999 0.24756300000000003 0.25543499999999997 0.252089 0.25543499999999997 0.251045 0.251087
1 0.120474 0.22282600000000002 0.120125 0.213043 0.11908099999999999 0.213043 0.118733 0.221739 0.11768799999999999 0.227174 0.12151799999999999 0.227174 0.120474 0.22282600000000002
1 0.116295 0.21086999999999997 0.11559900000000001 0.209783 0.114206 0.22282600000000002 0.11734 0.22282600000000002 0.11664300000000001 0.219565 0.116295 0.21086999999999997
1 0.11316200000000001 0.216304 0.11281300000000001 0.20760900000000002 0.11176900000000001 0.20760900000000002 0.11142099999999999 0.216304 0.110724 0.218478 0.11385799999999999 0.219565 0.11316200000000001 0.216304
1 0.10619799999999999 0.203261 0.105501 0.211957 0.10759099999999999 0.211957 0.106894 0.203261 0.10619799999999999 0.203261
1 0.10968 0.206522 0.10898300000000001 0.20543499999999998 0.10793900000000001 0.215217 0.110376 0.215217 0.10968 0.211957 0.10968 0.206522
1 0.24617 0.365217 0.24582199999999998 0.371739 0.260794 0.371739 0.259749 0.365217 0.258008 0.36413 0.257312 0.36086999999999997 0.255919 0.346739 0.254875 0.31630400000000003 0.25383 0.313043 0.25243699999999997 0.313043 0.250348 0.33260900000000004 0.24860699999999997 0.363043 0.247911 0.365217 0.24617 0.365217
1 0.197423 0.303261 0.194986 0.31087 0.194986 0.31413 0.20473499999999997 0.31413 0.204387 0.30869599999999997 0.203343 0.307609 0.20264600000000002 0.304348 0.201253 0.284783 0.201253 0.276087 0.200557 0.272826 0.199513 0.272826 0.198816 0.275 0.198468 0.282609 0.197772 0.28586999999999996 0.197423 0.303261
1 0.175836 0.282609 0.175836 0.280435 0.174791 0.27934800000000004 0.173747 0.275 0.172354 0.251087 0.170961 0.251087 0.169916 0.25760900000000003 0.169568 0.275 0.167479 0.281522 0.175836 0.282609
1 0.138231 0.25 0.143454 0.25 0.143802 0.24782600000000002 0.142409 0.243478 0.142061 0.232609 0.14136500000000002 0.228261 0.14032 0.228261 0.139624 0.233696 0.139624 0.24239099999999997 0.138231 0.24673899999999999 0.138231 0.25