1 0.61734 0.6630429999999999 0.615947 0.673913 0.613858 0.703261 0.608287 0.7076089999999999 0.606198 0.713043 0.604109 0.721739 0.59993 0.7260869999999999 0.59993 0.7304350000000001 0.606198 0.738043 0.607939 0.738043 0.611072 0.742391 0.612465 0.742391 0.613162 0.7445649999999999 0.616992 0.746739 0.620822 0.752174 0.624304 0.753261 0.629178 0.758696 0.638231 0.75 0.639624 0.75 0.6427579999999999 0.745652 0.6504179999999999 0.742391 0.651462 0.740217 0.651462 0.734783 0.650766 0.732609 0.646588 0.729348 0.64415 0.719565 0.637883 0.709783 0.6371870000000001 0.682609 0.636142 0.6728259999999999 0.636142 0.659783 0.635097 0.6489130000000001 0.634749 0.621739 0.63266 0.58587 0.63266 0.578261 0.631616 0.573913 0.629526 0.571739 0.625348 0.571739 0.624304 0.578261 0.621518 0.618478 0.61734 0.657609 0.61734 0.6630429999999999
1 0.32520899999999997 0.41086999999999996 0.323816 0.425 0.32311999999999996 0.428261 0.31928999999999996 0.43478300000000003 0.32311999999999996 0.441304 0.339833 0.441304 0.34052899999999997 0.44021699999999997 0.34052899999999997 0.43804299999999996 0.338788 0.433696 0.33843999999999996 0.430435 0.336351 0.428261 0.334262 0.41956499999999997 0.332173 0.363043 0.327994 0.361957 0.32694999999999996 0.373913 0.326253 0.392391 0.325557 0.396739 0.32520899999999997 0.41086999999999996
1 0.23711700000000002 0.34565199999999996 0.23920599999999997 0.348913 0.24965199999999999 0.348913 0.25 0.346739 0.24686599999999997 0.336957 0.24512499999999998 0.303261 0.244429 0.3 0.24234 0.301087 0.240251 0.338043 0.23920599999999997 0.342391 0.23711700000000002 0.343478 0.23711700000000002 0.34565199999999996
1 0.177228 0.280435 0.184889 0.281522 0.185237 0.27934800000000004 0.183148 0.272826 0.182451 0.253261 0.18070999999999998 0.252174 0.179666 0.269565 0.178621 0.277174 0.177228 0.278261 0.177228 0.280435
1 0.16817500000000002 0.261957 0.167131 0.258696 0.166435 0.252174 0.166435 0.244565 0.165738 0.24130400000000002 0.165042 0.24130400000000002 0.163997 0.25760900000000003 0.162256 0.26413000000000003 0.16817500000000002 0.265217 0.16817500000000002 0.261957
1 0.15772999999999998 0.254348 0.155989 0.23478300000000002 0.154944 0.23586999999999997 0.154248 0.24782600000000002 0.15285500000000002 0.254348 0.15772999999999998 0.254348
1 0.147632 0.228261 0.146588 0.228261 0.14623999999999998 0.236957 0.144847 0.244565 0.14902500000000002 0.244565 0.147632 0.228261
0 0.318593 0.307609 0.325557 0.307609 0.325557 0.305435 0.323468 0.3 0.322423 0.276087 0.32137899999999997 0.27391299999999996 0.319986 0.280435 0.31928999999999996 0.301087 0.31754899999999997 0.305435 0.318593 0.307609
0 0.282033 0.251087 0.281685 0.248913 0.28098900000000004 0.248913 0.27890000000000004 0.268478 0.283426 0.269565 0.282382 0.265217 0.282033 0.251087
1 0.14136500000000002 0.23478300000000002 0.141017 0.225 0.139972 0.22391299999999997 0.139276 0.23586999999999997 0.138231 0.23913 0.142409 0.23913 0.14136500000000002 0.23478300000000002
1 0.137187 0.230435 0.136838 0.221739 0.135794 0.220652 0.135446 0.228261 0.134401 0.233696 0.137883 0.233696 0.137187 0.230435
1 0.130571 0.22934800000000002 0.134053 0.230435 0.131964 0.216304 0.130571 0.22934800000000002
1 0.127437 0.226087 0.130223 0.226087 0.128482 0.21413000000000001 0.127437 0.226087
1 0.125 0.22282600000000002 0.127089 0.22282600000000002 0.126393 0.213043 0.125696 0.21413000000000001 0.125348 0.219565 0.12465200000000001 0.221739 0.125 0.22282600000000002
3 0.052925 0.213043 0.05188 0.21086999999999997 0.050836000000000006 0.22282600000000002 0.053969 0.22282600000000002 0.052925 0.21739099999999997 0.052925 0.213043
3 0.056407 0.208696 0.055362 0.208696 0.054666000000000006 0.219565 0.057450999999999995 0.219565 0.056755 0.21739099999999997 0.056407 0.208696
3 0.048747 0.216304 0.048747 0.227174 0.049791 0.227174 0.050139 0.225 0.048747 0.216304
3 0.059192 0.20760900000000002 0.058496000000000006 0.209783 0.057799 0.21739099999999997 0.060237 0.216304 0.059192 0.20760900000000002
1 0.200209 0.304348 0.20856499999999997 0.305435 0.208914 0.303261 0.207521 0.301087 0.20682499999999998 0.29782600000000004 0.20682499999999998 0.29239099999999996 0.206128 0.290217 0.205432 0.270652 0.204039 0.268478 0.203343 0.269565 0.201253 0.3 0.200209 0.302174 0.200209 0.304348