1 0.8286910000000001 0.748913 0.8269500000000001 0.759783 0.826253 0.772826 0.8252090000000001 0.778261 0.8252090000000001 0.782609 0.822423 0.807609 0.821031 0.827174 0.8185930000000001 0.844565 0.849234 0.845652 0.8478410000000001 0.832609 0.8478410000000001 0.825 0.847145 0.818478 0.846448 0.771739 0.8457520000000001 0.766304 0.8457520000000001 0.754348 0.8443590000000001 0.7304350000000001 0.8443590000000001 0.71087 0.842967 0.705435 0.8408770000000001 0.7021740000000001 0.833217 0.701087 0.832173 0.705435 0.831476 0.7206520000000001 0.829735 0.733696 0.8286910000000001 0.748913
1 0.25522300000000003 0.357609 0.25766 0.36086999999999997 0.26949900000000004 0.36086999999999997 0.269847 0.358696 0.267061 0.353261 0.266017 0.346739 0.264972 0.33260900000000004 0.264972 0.319565 0.263928 0.306522 0.26149 0.306522 0.26009699999999997 0.31521699999999997 0.258357 0.352174 0.25626699999999997 0.354348 0.25522300000000003 0.357609
1 0.16434500000000002 0.253261 0.162604 0.24565199999999998 0.162256 0.232609 0.161212 0.231522 0.160167 0.23913 0.160167 0.24565199999999998 0.158774 0.252174 0.16434500000000002 0.253261
1 0.153552 0.236957 0.15285500000000002 0.226087 0.151811 0.226087 0.151114 0.23913 0.149721 0.243478 0.154944 0.244565 0.153552 0.236957
0 0.292827 0.263043 0.29213100000000003 0.25 0.291086 0.248913 0.29039000000000004 0.263043 0.288649 0.269565 0.29422000000000004 0.270652 0.292827 0.263043
1 0.14623999999999998 0.231522 0.145891 0.22282600000000002 0.144499 0.221739 0.14415 0.230435 0.143106 0.23586999999999997 0.147284 0.236957 0.14623999999999998 0.231522
1 0.141017 0.219565 0.14032 0.218478 0.138928 0.231522 0.142409 0.232609 0.14136500000000002 0.228261 0.141017 0.219565
1 0.13266 0.213043 0.131616 0.22391299999999997 0.134401 0.225 0.133357 0.21413000000000001 0.13266 0.213043
1 0.12883 0.220652 0.131616 0.221739 0.12987500000000002 0.21086999999999997 0.12883 0.220652
3 0.05188 0.219565 0.05118399999999999 0.20760900000000002 0.050139 0.20760900000000002 0.049095 0.22391299999999997 0.052228 0.225 0.052577 0.221739 0.05188 0.219565
3 0.056407 0.221739 0.056755 0.219565 0.056058 0.218478 0.05571 0.209783 0.054666000000000006 0.206522 0.053969 0.211957 0.053969 0.219565 0.053273 0.221739 0.056407 0.221739
3 0.059192 0.20434800000000003 0.058496000000000006 0.20434800000000003 0.057450999999999995 0.218478 0.060585 0.218478 0.059889000000000005 0.215217 0.059192 0.20434800000000003
3 0.06163 0.20434800000000003 0.060933 0.215217 0.06337000000000001 0.215217 0.062326000000000006 0.20434800000000003 0.06163 0.20434800000000003
3 0.064415 0.203261 0.063719 0.213043 0.065808 0.213043 0.065111 0.20434800000000003 0.064415 0.203261
1 0.136838 0.215217 0.136142 0.215217 0.135097 0.227174 0.138231 0.228261 0.137187 0.22282600000000002 0.136838 0.215217
1 0.366992 0.43695700000000004 0.365599 0.45869600000000005 0.363162 0.46087 0.362117 0.46630399999999994 0.360376 0.467391 0.360376 0.46956499999999995 0.366295 0.47717400000000004 0.384749 0.476087 0.385446 0.47391300000000003 0.383357 0.471739 0.382312 0.465217 0.379178 0.45869600000000005 0.377786 0.448913 0.377786 0.44239100000000003 0.37639300000000003 0.428261 0.376045 0.407609 0.375 0.38913000000000003 0.37360699999999997 0.384783 0.370822 0.384783 0.369081 0.41304299999999994 0.368384 0.417391 0.368036 0.42934799999999995 0.366992 0.43695700000000004
1 0.21065499999999998 0.305435 0.21065499999999998 0.307609 0.211351 0.30978300000000003 0.220752 0.30978300000000003 0.220752 0.307609 0.219359 0.305435 0.21831499999999998 0.301087 0.216922 0.275 0.215877 0.270652 0.21518099999999998 0.270652 0.21413600000000002 0.278261 0.213092 0.302174 0.212047 0.305435 0.21065499999999998 0.305435
1 0.185585 0.281522 0.193942 0.282609 0.191504 0.271739 0.191504 0.261957 0.190111 0.252174 0.189415 0.252174 0.188022 0.26413000000000003 0.188022 0.275 0.18663000000000002 0.280435 0.185585 0.281522
1 0.175487 0.26413000000000003 0.173747 0.25760900000000003 0.17304999999999998 0.243478 0.171657 0.24130400000000002 0.170961 0.24673899999999999 0.170613 0.259783 0.168872 0.263043 0.175487 0.26413000000000003