3 0.6995129999999999 0.521739 0.695334 0.527174 0.695334 0.532609 0.716226 0.5423910000000001 0.723538 0.5423910000000001 0.735724 0.530435 0.735376 0.528261 0.732591 0.525 0.73085 0.517391 0.726671 0.5130429999999999 0.725975 0.5108699999999999 0.7193590000000001 0.403261 0.713092 0.40217400000000003 0.706128 0.507609 0.705432 0.5108699999999999 0.700905 0.5130429999999999 0.6995129999999999 0.521739
3 0.8182449999999999 0.42391300000000004 0.8182449999999999 0.428261 0.819638 0.430435 0.8433149999999999 0.43260899999999997 0.844708 0.428261 0.844708 0.422826 0.8436629999999999 0.417391 0.8408770000000001 0.415217 0.8398329999999999 0.41086999999999996 0.83461 0.331522 0.829735 0.331522 0.8238160000000001 0.40869600000000006 0.822423 0.411957 0.8199859999999999 0.41304299999999994 0.8182449999999999 0.42391300000000004
3 0.844708 0.370652 0.849234 0.373913 0.864206 0.373913 0.864206 0.365217 0.8621169999999999 0.36413 0.8610720000000001 0.359783 0.857242 0.29565199999999997 0.852716 0.29565199999999997 0.848189 0.355435 0.847145 0.359783 0.844708 0.361957 0.844708 0.370652
3 0.826253 0.328261 0.826253 0.326087 0.8252090000000001 0.326087 0.8245129999999999 0.321739 0.822772 0.319565 0.8217269999999999 0.31521699999999997 0.8189420000000001 0.266304 0.8154600000000001 0.266304 0.8119780000000001 0.31521699999999997 0.809192 0.319565 0.809192 0.328261 0.826253 0.328261
3 0.766365 0.3 0.7788999999999999 0.3 0.7788999999999999 0.29565199999999997 0.777855 0.294565 0.776811 0.290217 0.774373 0.251087 0.7712399999999999 0.251087 0.768802 0.290217 0.7681060000000001 0.293478 0.766365 0.294565 0.766365 0.3
3 0.704387 0.284783 0.7148329999999999 0.284783 0.7148329999999999 0.281522 0.713092 0.276087 0.710655 0.24021699999999999 0.708217 0.24021699999999999 0.706476 0.27391299999999996 0.705432 0.278261 0.704387 0.27934800000000004 0.704387 0.284783
3 0.637535 0.275 0.6462399999999999 0.275 0.6462399999999999 0.270652 0.6448470000000001 0.266304 0.6431060000000001 0.23586999999999997 0.640669 0.23586999999999997 0.639276 0.265217 0.638579 0.268478 0.637535 0.269565 0.637535 0.275
3 0.526811 0.26413000000000003 0.526811 0.26087 0.525766 0.25760900000000003 0.524373 0.231522 0.522632 0.231522 0.5212399999999999 0.25652200000000003 0.5198470000000001 0.26087 0.5198470000000001 0.26413000000000003 0.526811 0.26413000000000003
3 0.46239600000000003 0.253261 0.46065500000000004 0.227174 0.458565 0.227174 0.45786899999999997 0.248913 0.456825 0.25 0.456825 0.253261 0.46239600000000003 0.253261
3 0.448468 0.218478 0.447423 0.24130400000000002 0.451602 0.24130400000000002 0.45020899999999997 0.218478 0.448468 0.218478
3 0.47910899999999995 0.22934800000000002 0.478064 0.21086999999999997 0.476323 0.21086999999999997 0.47597500000000004 0.226087 0.475279 0.227174 0.475279 0.22934800000000002 0.47910899999999995 0.22934800000000002
3 0.515669 0.203261 0.514972 0.219565 0.518454 0.219565 0.517409 0.203261 0.515669 0.203261
3 0.566504 0.196739 0.565808 0.211957 0.5689420000000001 0.211957 0.568245 0.196739 0.566504 0.196739
3 0.623259 0.191304 0.622911 0.206522 0.625696 0.206522 0.625 0.191304 0.623259 0.191304
3 0.68663 0.18695699999999998 0.685933 0.20108700000000002 0.6887190000000001 0.20108700000000002 0.6880219999999999 0.18695699999999998 0.68663 0.18695699999999998
3 0.754875 0.183696 0.754178 0.198913 0.757312 0.198913 0.756616 0.184783 0.754875 0.183696
3 0.798747 0.182609 0.797006 0.182609 0.796309 0.197826 0.799791 0.197826 0.799095 0.19347799999999998 0.798747 0.182609
3 0.826602 0.196739 0.8255570000000001 0.18152200000000002 0.8238160000000001 0.18152200000000002 0.8234680000000001 0.19347799999999998 0.822772 0.19456500000000002 0.822772 0.196739 0.826602 0.196739
3 0.856198 0.179348 0.855501 0.19456500000000002 0.8589829999999999 0.19456500000000002 0.857939 0.179348 0.856198 0.179348
3 0.881616 0.177174 0.8809189999999999 0.192391 0.884053 0.192391 0.883357 0.177174 0.881616 0.177174
3 0.902855 0.177174 0.902507 0.175 0.900766 0.175 0.90007 0.18152200000000002 0.90007 0.190217 0.902855 0.190217 0.902855 0.177174
3 0.916783 0.17282599999999998 0.916086 0.18695699999999998 0.918872 0.18695699999999998 0.918524 0.17282599999999998 0.916783 0.17282599999999998
3 0.9261839999999999 0.171739 0.9254870000000001 0.184783 0.928621 0.184783 0.9279249999999999 0.171739 0.9261839999999999 0.171739
3 0.9296659999999999 0.168478 0.929318 0.182609 0.932103 0.182609 0.9314069999999999 0.168478 0.9296659999999999 0.168478
1 0.942549 0.270652 0.942549 0.276087 0.950905 0.276087 0.950905 0.230435 0.947772 0.230435 0.9449859999999999 0.266304 0.94429 0.269565 0.942549 0.270652
1 0.835655 0.259783 0.835655 0.25543499999999997 0.834958 0.25543499999999997 0.833914 0.251087 0.832173 0.221739 0.829735 0.221739 0.827646 0.251087 0.826253 0.25543499999999997 0.826253 0.259783 0.835655 0.259783
1 0.722145 0.25 0.729805 0.25 0.729805 0.24673899999999999 0.728412 0.24565199999999998 0.727716 0.24130400000000002 0.726671 0.21739099999999997 0.72493 0.21739099999999997 0.723538 0.24239099999999997 0.7228410000000001 0.24565199999999998 0.722145 0.24565199999999998 0.722145 0.25
1 0.618733 0.243478 0.616992 0.216304 0.614903 0.216304 0.614206 0.23586999999999997 0.613162 0.24021699999999999 0.613162 0.243478 0.618733 0.243478
1 0.575905 0.238043 0.5745129999999999 0.230435 0.573816 0.21413000000000001 0.572075 0.21413000000000001 0.5713790000000001 0.233696 0.570334 0.23478300000000002 0.570334 0.238043 0.575905 0.238043
1 0.560585 0.232609 0.560585 0.22934800000000002 0.5595399999999999 0.226087 0.559192 0.209783 0.557451 0.209783 0.556755 0.225 0.55571 0.22934800000000002 0.55571 0.232609 0.560585 0.232609
1 0.58461 0.20108700000000002 0.583565 0.218478 0.586351 0.218478 0.586003 0.20108700000000002 0.58461 0.20108700000000002
1 0.618384 0.196739 0.61734 0.21413000000000001 0.620474 0.21413000000000001 0.620125 0.196739 0.618384 0.196739
1 0.657382 0.19347799999999998 0.656337 0.209783 0.659471 0.209783 0.659123 0.19347799999999998 0.657382 0.19347799999999998
1 0.702646 0.190217 0.70195 0.206522 0.705084 0.206522 0.704387 0.190217 0.702646 0.190217
1 0.740251 0.18695699999999998 0.739206 0.20434800000000003 0.74234 0.20434800000000003 0.741992 0.18695699999999998 0.740251 0.18695699999999998
1 0.8116300000000001 0.20543499999999998 0.8112809999999999 0.18587 0.809192 0.18587 0.808844 0.196739 0.8077989999999999 0.20108700000000002 0.8077989999999999 0.20543499999999998 0.8116300000000001 0.20543499999999998
1 0.861421 0.20108700000000002 0.865251 0.20108700000000002 0.864554 0.182609 0.863162 0.182609 0.862465 0.18587 0.8621169999999999 0.196739 0.861421 0.197826 0.861421 0.20108700000000002
1 0.9129530000000001 0.179348 0.9108639999999999 0.179348 0.910515 0.18913 0.9094709999999999 0.196739 0.913649 0.196739 0.9129530000000001 0.179348
1 0.56163 0.20543499999999998 0.560237 0.20543499999999998 0.5595399999999999 0.216304 0.559889 0.226087 0.562674 0.226087 0.56163 0.20543499999999998
3 0.104805 0.841304 0.098538 0.777174 0.087744 0.777174 0.08182500000000001 0.78587 0.080084 0.832609 0.080084 0.846739 0.104805 0.846739 0.104805 0.841304