0 0.679666 0.428261 0.6793180000000001 0.43913 0.678273 0.446739 0.677228 0.463043 0.674095 0.46630399999999994 0.674095 0.468478 0.67305 0.471739 0.671657 0.471739 0.670613 0.47391300000000003 0.671657 0.476087 0.677925 0.476087 0.684889 0.48043500000000006 0.6904600000000001 0.48043500000000006 0.691504 0.478261 0.6939420000000001 0.47717400000000004 0.693245 0.47282599999999997 0.692549 0.47282599999999997 0.691156 0.468478 0.689763 0.468478 0.68837 0.463043 0.6862809999999999 0.40543500000000005 0.685585 0.40108699999999997 0.6827989999999999 0.40108699999999997 0.681755 0.403261 0.6810579999999999 0.40869600000000006 0.68071 0.421739 0.679666 0.428261
0 0.402855 0.318478 0.405641 0.320652 0.41156 0.320652 0.41016700000000006 0.31521699999999997 0.409123 0.31413 0.408078 0.28586999999999996 0.40668499999999996 0.28586999999999996 0.405641 0.29239099999999996 0.404596 0.31521699999999997 0.403203 0.31630400000000003 0.402855 0.318478
1 0.479457 0.5380429999999999 0.47876 0.540217 0.47597500000000004 0.540217 0.47318899999999997 0.546739 0.470404 0.55 0.47005600000000003 0.554348 0.483983 0.567391 0.495822 0.5663039999999999 0.504178 0.561957 0.504526 0.5586960000000001 0.501741 0.554348 0.49895500000000004 0.543478 0.495822 0.5423910000000001 0.495125 0.540217 0.494081 0.530435 0.49442899999999995 0.520652 0.49303600000000003 0.496739 0.49303600000000003 0.48260899999999995 0.49129500000000004 0.446739 0.48955399999999993 0.444565 0.48607199999999995 0.444565 0.48502799999999996 0.45 0.48363500000000004 0.476087 0.48189399999999993 0.492391 0.479457 0.5380429999999999
1 0.29805000000000004 0.377174 0.296657 0.38260900000000003 0.295265 0.383696 0.293524 0.388043 0.296657 0.392391 0.310237 0.392391 0.310933 0.390217 0.30954000000000004 0.388043 0.309192 0.383696 0.307103 0.38152200000000003 0.306407 0.375 0.306407 0.36739099999999997 0.305362 0.361957 0.304666 0.331522 0.30362100000000003 0.32717399999999996 0.300836 0.32717399999999996 0.29979100000000003 0.336957 0.29979100000000003 0.34565199999999996 0.298747 0.356522 0.29805000000000004 0.377174
1 0.22353800000000001 0.320652 0.225279 0.323913 0.23468 0.323913 0.23468 0.321739 0.23328700000000002 0.319565 0.23154599999999997 0.313043 0.23119800000000001 0.294565 0.230153 0.280435 0.228412 0.280435 0.22736800000000001 0.284783 0.22597499999999998 0.31413 0.22493 0.318478 0.22353800000000001 0.320652
1 0.19046000000000002 0.28913 0.198816 0.290217 0.196379 0.280435 0.196379 0.268478 0.195682 0.258696 0.193942 0.25760900000000003 0.192549 0.276087 0.192549 0.282609 0.191156 0.284783 0.19046000000000002 0.28913
1 0.175139 0.269565 0.175139 0.267391 0.173398 0.261957 0.172702 0.243478 0.170961 0.243478 0.169916 0.26413000000000003 0.16817500000000002 0.267391 0.168872 0.269565 0.175139 0.269565
1 0.158426 0.25543499999999997 0.158078 0.252174 0.157033 0.25 0.156337 0.233696 0.155292 0.232609 0.154248 0.25 0.15285500000000002 0.253261 0.15389999999999998 0.25543499999999997 0.158426 0.25543499999999997
1 0.143802 0.24565199999999998 0.147981 0.24565199999999998 0.146588 0.236957 0.14623999999999998 0.228261 0.14519500000000002 0.226087 0.144499 0.22934800000000002 0.144499 0.23586999999999997 0.143106 0.243478 0.143802 0.24565199999999998
1 0.131616 0.22282600000000002 0.131267 0.216304 0.130571 0.216304 0.130223 0.225 0.129178 0.231522 0.133008 0.231522 0.131616 0.22282600000000002
1 0.127089 0.221739 0.126741 0.21413000000000001 0.12604500000000002 0.21413000000000001 0.125348 0.225 0.12465200000000001 0.227174 0.128134 0.228261 0.127089 0.221739
1 0.121866 0.21086999999999997 0.12082200000000001 0.22282600000000002 0.123607 0.22391299999999997 0.122563 0.21086999999999997 0.121866 0.21086999999999997
2 0.11942900000000001 0.202174 0.118733 0.202174 0.11768799999999999 0.220652 0.12082200000000001 0.220652 0.120125 0.21739099999999997 0.11942900000000001 0.202174
1 0.138928 0.233696 0.138231 0.221739 0.137187 0.221739 0.13649 0.23478300000000002 0.135446 0.236957 0.139972 0.238043 0.138928 0.233696