1 0.832869 0.417391 0.8415739999999999 0.422826 0.850975 0.422826 0.85968 0.41956499999999997 0.8593310000000001 0.417391 0.856546 0.41304299999999994 0.85585 0.407609 0.853064 0.40543500000000005 0.852019 0.40108699999999997 0.846448 0.328261 0.8415739999999999 0.328261 0.837396 0.40108699999999997 0.836699 0.404348 0.833217 0.40543500000000005 0.832869 0.417391
1 0.671309 0.358696 0.672354 0.36086999999999997 0.6887190000000001 0.359783 0.6887190000000001 0.356522 0.6845399999999999 0.35 0.683496 0.34565199999999996 0.680014 0.296739 0.6768799999999999 0.296739 0.673747 0.347826 0.67305 0.35108700000000004 0.671309 0.35108700000000004 0.671309 0.358696
1 0.543872 0.333696 0.5553619999999999 0.333696 0.55571 0.32717399999999996 0.553969 0.326087 0.553273 0.322826 0.5504870000000001 0.284783 0.547702 0.284783 0.5459609999999999 0.323913 0.545265 0.32717399999999996 0.543872 0.32717399999999996 0.543872 0.333696
1 0.433844 0.318478 0.433844 0.31630400000000003 0.432103 0.313043 0.429666 0.27934800000000004 0.42722800000000005 0.27934800000000004 0.426184 0.311957 0.42479100000000003 0.313043 0.42479100000000003 0.318478 0.433844 0.318478
1 0.399721 0.307609 0.399721 0.304348 0.39832900000000004 0.3 0.397284 0.28586999999999996 0.397284 0.276087 0.396936 0.27391299999999996 0.39449900000000004 0.27391299999999996 0.393802 0.302174 0.392758 0.303261 0.392758 0.307609 0.399721 0.307609
1 0.40181100000000003 0.290217 0.40076599999999996 0.28586999999999996 0.399721 0.265217 0.397632 0.265217 0.397632 0.28586999999999996 0.39832900000000004 0.294565 0.40181100000000003 0.294565 0.40181100000000003 0.290217
1 0.423398 0.282609 0.423398 0.278261 0.422354 0.27391299999999996 0.42130900000000004 0.25543499999999997 0.41922 0.25543499999999997 0.418524 0.277174 0.41782700000000006 0.278261 0.41782700000000006 0.282609 0.423398 0.282609
1 0.465181 0.268478 0.463788 0.24782600000000002 0.461699 0.24782600000000002 0.46135099999999996 0.265217 0.460306 0.266304 0.460306 0.268478 0.465181 0.268478
1 0.514276 0.258696 0.513231 0.248913 0.512883 0.238043 0.511142 0.238043 0.5104460000000001 0.254348 0.509749 0.25543499999999997 0.509749 0.258696 0.514276 0.258696
1 0.565808 0.25 0.564763 0.22934800000000002 0.5630219999999999 0.22934800000000002 0.562674 0.24565199999999998 0.56163 0.24673899999999999 0.56163 0.25 0.565808 0.25
1 0.621866 0.221739 0.619777 0.221739 0.619429 0.23478300000000002 0.618384 0.24239099999999997 0.622563 0.24239099999999997 0.621866 0.221739
1 0.666086 0.21739099999999997 0.664345 0.21739099999999997 0.663997 0.230435 0.662953 0.238043 0.666783 0.238043 0.666086 0.21739099999999997
1 0.748259 0.23478300000000002 0.747563 0.211957 0.745474 0.211957 0.744777 0.230435 0.744081 0.231522 0.744081 0.23478300000000002 0.748259 0.23478300000000002
1 0.8133699999999999 0.219565 0.8130219999999999 0.206522 0.810585 0.206522 0.8102370000000001 0.219565 0.809192 0.228261 0.814415 0.228261 0.8133699999999999 0.219565
1 0.873607 0.197826 0.87117 0.197826 0.8708220000000001 0.211957 0.869777 0.219565 0.8743040000000001 0.219565 0.873607 0.197826
1 0.9244429999999999 0.213043 0.923398 0.191304 0.9213089999999999 0.191304 0.920613 0.208696 0.9195679999999999 0.209783 0.9195679999999999 0.213043 0.9244429999999999 0.213043
3 0.384401 0.668478 0.380571 0.682609 0.38022300000000003 0.688043 0.417479 0.688043 0.425139 0.6630429999999999 0.425139 0.659783 0.422006 0.6543479999999999 0.420265 0.6489130000000001 0.41539000000000004 0.645652 0.41434499999999996 0.642391 0.403552 0.51413 0.396588 0.515217 0.39066900000000004 0.6445649999999999 0.389624 0.65 0.38509699999999997 0.657609 0.384401 0.668478
3 0.435237 0.504348 0.43488899999999997 0.518478 0.45578 0.518478 0.462047 0.511957 0.46239600000000003 0.508696 0.461003 0.504348 0.460306 0.497826 0.45717299999999994 0.494565 0.456128 0.49130399999999996 0.448816 0.40543500000000005 0.443942 0.406522 0.44011100000000003 0.49130399999999996 0.439415 0.49565200000000004 0.43697800000000003 0.497826 0.435237 0.504348
3 0.403552 0.44021699999999997 0.417479 0.441304 0.420265 0.43913 0.422006 0.43587 0.422006 0.426087 0.41922 0.42391300000000004 0.418524 0.421739 0.413301 0.359783 0.409123 0.358696 0.40668499999999996 0.422826 0.405641 0.428261 0.403552 0.430435 0.403552 0.44021699999999997
3 0.360376 0.404348 0.362813 0.40108699999999997 0.362813 0.394565 0.360724 0.393478 0.35968 0.390217 0.355153 0.33913000000000004 0.35167099999999996 0.338043 0.349582 0.391304 0.347493 0.395652 0.347493 0.404348 0.360376 0.404348
3 0.259401 0.36847799999999997 0.26149 0.366304 0.26149 0.361957 0.25905300000000003 0.357609 0.25626699999999997 0.321739 0.252786 0.320652 0.251741 0.36086999999999997 0.250348 0.36413 0.250348 0.36847799999999997 0.259401 0.36847799999999997
3 0.237813 0.33260900000000004 0.236421 0.32934800000000003 0.233983 0.304348 0.23154599999999997 0.303261 0.23085 0.328261 0.22980499999999998 0.338043 0.23746499999999998 0.338043 0.237813 0.33260900000000004
3 0.268454 0.311957 0.268454 0.307609 0.267758 0.307609 0.267061 0.304348 0.266017 0.28586999999999996 0.263579 0.284783 0.262883 0.307609 0.261838 0.30869599999999997 0.261838 0.311957 0.268454 0.311957
3 0.325905 0.266304 0.324861 0.28913 0.329735 0.28913 0.327994 0.266304 0.325905 0.266304
3 0.39066900000000004 0.252174 0.39032 0.271739 0.393802 0.271739 0.392758 0.252174 0.39066900000000004 0.252174
3 0.461699 0.238043 0.461699 0.244565 0.46141792031250006 0.2477842171875 0.46309199999999995 0.24673899999999999 0.46309199999999995 0.238043 0.461699 0.238043
3 0.611072 0.21739099999999997 0.610028 0.23478300000000002 0.61351 0.23478300000000002 0.612465 0.21739099999999997 0.611072 0.21739099999999997
3 0.6904600000000001 0.209783 0.689763 0.228261 0.693593 0.228261 0.6922010000000001 0.209783 0.6904600000000001 0.209783
3 0.5365599999999999 0.244565 0.535864 0.228261 0.534471 0.227174 0.534123 0.24021699999999999 0.533426 0.24130400000000002 0.533426 0.244565 0.5365599999999999 0.244565
3 0.7395539999999999 0.206522 0.73851 0.22391299999999997 0.741992 0.22391299999999997 0.740947 0.206522 0.7395539999999999 0.206522
3 0.771588 0.203261 0.770543 0.221739 0.774721 0.221739 0.773329 0.203261 0.771588 0.203261
3 0.8130219999999999 0.20543499999999998 0.8137190000000001 0.21086999999999997 0.8137190000000001 0.21739099999999997 0.814415 0.21739099999999997 0.8130219999999999 0.198913 0.810933 0.197826 0.8095399999999999 0.211957 0.8095399999999999 0.21739099999999997 0.810585 0.20543499999999998 0.8130219999999999 0.20543499999999998
3 0.841922 0.19456500000000002 0.8408770000000001 0.211957 0.844708 0.211957 0.8436629999999999 0.195652 0.841922 0.19456500000000002
3 0.8655989999999999 0.190217 0.864554 0.20760900000000002 0.868384 0.20760900000000002 0.866992 0.190217 0.8655989999999999 0.190217
3 0.885446 0.18695699999999998 0.8844010000000001 0.20434800000000003 0.888231 0.20434800000000003 0.887187 0.18804300000000002 0.885446 0.18695699999999998
3 0.899025 0.184783 0.897284 0.184783 0.896588 0.2 0.9004179999999999 0.2 0.899025 0.192391 0.899025 0.184783
3 0.9021589999999999 0.182609 0.9014620000000001 0.197826 0.904596 0.197826 0.9038999999999999 0.182609 0.9021589999999999 0.182609
3 0.918872 0.17282599999999998 0.918524 0.183696 0.920265 0.183696 0.919916 0.17282599999999998 0.918872 0.17282599999999998