3 0.654944 0.5771740000000001 0.650766 0.580435 0.6504179999999999 0.5826089999999999 0.666086 0.604348 0.674791 0.604348 0.696031 0.594565 0.696031 0.592391 0.691156 0.583696 0.689763 0.572826 0.684889 0.568478 0.684192 0.5663039999999999 0.676532 0.443478 0.669916 0.443478 0.661908 0.56413 0.660864 0.567391 0.656685 0.570652 0.654944 0.5771740000000001
3 0.919916 0.278261 0.919916 0.281522 0.932451 0.281522 0.932451 0.277174 0.9300140000000001 0.271739 0.9296659999999999 0.25760900000000003 0.928969 0.24782600000000002 0.9279249999999999 0.24239099999999997 0.9279249999999999 0.238043 0.9254870000000001 0.236957 0.9230499999999999 0.265217 0.9230499999999999 0.272826 0.9213089999999999 0.278261 0.919916 0.278261
3 0.8896240000000001 0.254348 0.888231 0.259783 0.887187 0.26087 0.887187 0.263043 0.897284 0.263043 0.897284 0.259783 0.89624 0.258696 0.895543 0.254348 0.893802 0.225 0.891713 0.225 0.8910170000000001 0.22934800000000002 0.8906689999999999 0.24130400000000002 0.889972 0.24239099999999997 0.8896240000000001 0.254348
3 0.8485379999999999 0.252174 0.8568939999999999 0.252174 0.8568939999999999 0.25 0.855501 0.24565199999999998 0.854109 0.218478 0.851671 0.218478 0.8502789999999999 0.244565 0.8495820000000001 0.24782600000000002 0.8485379999999999 0.248913 0.8485379999999999 0.252174
3 0.8137190000000001 0.24565199999999998 0.8116300000000001 0.215217 0.8095399999999999 0.215217 0.8081480000000001 0.238043 0.8067550000000001 0.24239099999999997 0.8067550000000001 0.24565199999999998 0.8137190000000001 0.24565199999999998
3 0.755919 0.232609 0.754875 0.213043 0.7527860000000001 0.211957 0.751045 0.24021699999999999 0.756964 0.24021699999999999 0.756964 0.236957 0.755919 0.232609
3 0.6862809999999999 0.22282600000000002 0.685585 0.20760900000000002 0.683844 0.20760900000000002 0.682103 0.231522 0.687326 0.231522 0.687326 0.228261 0.6862809999999999 0.22282600000000002
3 0.6692199999999999 0.20108700000000002 0.668175 0.221739 0.672006 0.221739 0.6709609999999999 0.20108700000000002 0.6692199999999999 0.20108700000000002
3 0.702994 0.197826 0.701253 0.197826 0.700905 0.211957 0.700209 0.216304 0.703691 0.216304 0.702994 0.197826
3 0.746518 0.19456500000000002 0.745822 0.211957 0.748955 0.211957 0.748259 0.19456500000000002 0.746518 0.19456500000000002
3 0.789345 0.208696 0.788997 0.190217 0.787256 0.191304 0.787256 0.20108700000000002 0.785864 0.208696 0.789345 0.208696
3 0.795613 0.18152200000000002 0.794568 0.195652 0.797006 0.195652 0.796309 0.18152200000000002 0.795613 0.18152200000000002
3 0.8064069999999999 0.18913 0.805362 0.20543499999999998 0.8081480000000001 0.20543499999999998 0.807451 0.18913 0.8064069999999999 0.18913
3 0.8189420000000001 0.18587 0.817897 0.18587 0.8165039999999999 0.202174 0.819638 0.202174 0.8189420000000001 0.20108700000000002 0.8189420000000001 0.18587
3 0.8203340000000001 0.18804300000000002 0.8199859999999999 0.184783 0.81929 0.184783 0.81929 0.20108700000000002 0.821031 0.20108700000000002 0.8203340000000001 0.196739 0.8203340000000001 0.18804300000000002
3 0.8119780000000001 0.192391 0.810933 0.190217 0.810933 0.183696 0.8102370000000001 0.184783 0.8098890000000001 0.197826 0.8119780000000001 0.197826 0.8119780000000001 0.192391
3 0.8112809999999999 0.179348 0.8112809999999999 0.190217 0.8130219999999999 0.191304 0.812326 0.179348 0.8112809999999999 0.179348
3 0.8335649999999999 0.177174 0.833217 0.18695699999999998 0.834958 0.18695699999999998 0.834958 0.177174 0.8335649999999999 0.177174
3 0.918872 0.17282599999999998 0.918175 0.183696 0.920265 0.183696 0.9195679999999999 0.173913 0.918872 0.17282599999999998
1 0.925836 0.22934800000000002 0.925139 0.22282600000000002 0.9244429999999999 0.20543499999999998 0.9227019999999999 0.20543499999999998 0.920265 0.23586999999999997 0.927577 0.23586999999999997 0.927577 0.233696 0.925836 0.22934800000000002
1 0.838092 0.226087 0.838092 0.230435 0.8440110000000001 0.230435 0.8440110000000001 0.228261 0.842967 0.226087 0.8422700000000001 0.218478 0.841922 0.203261 0.840181 0.203261 0.839485 0.20760900000000002 0.839485 0.216304 0.8387879999999999 0.22391299999999997 0.838092 0.226087
1 0.7942199999999999 0.219565 0.7928270000000001 0.216304 0.792131 0.2 0.7907379999999999 0.2 0.79039 0.211957 0.788997 0.221739 0.7942199999999999 0.221739 0.7942199999999999 0.219565
1 0.7983979999999999 0.219565 0.803621 0.219565 0.80188 0.209783 0.8015319999999999 0.197826 0.800139 0.197826 0.800139 0.20108700000000002 0.799443 0.203261 0.799443 0.213043 0.7983979999999999 0.219565
1 0.864903 0.19347799999999998 0.863162 0.192391 0.861769 0.211957 0.866295 0.211957 0.864903 0.20434800000000003 0.864903 0.19347799999999998
1 0.868384 0.19347799999999998 0.867688 0.18913 0.8673400000000001 0.179348 0.866295 0.179348 0.865947 0.190217 0.865251 0.191304 0.865251 0.19347799999999998 0.868384 0.19347799999999998
1 0.870125 0.184783 0.870125 0.178261 0.869429 0.178261 0.869429 0.191304 0.871866 0.191304 0.871518 0.18695699999999998 0.870125 0.184783
1 0.89032 0.20760900000000002 0.8892760000000001 0.195652 0.888579 0.19347799999999998 0.8889279999999999 0.18913 0.887535 0.18913 0.887187 0.198913 0.8861420000000001 0.20434800000000003 0.8861420000000001 0.20760900000000002 0.89032 0.20760900000000002
1 0.8791779999999999 0.18043499999999998 0.878134 0.18043499999999998 0.878134 0.18587 0.877089 0.195652 0.880223 0.195652 0.8791779999999999 0.18043499999999998
1 0.885097 0.175 0.885097 0.18913 0.887187 0.18913 0.88649 0.175 0.885097 0.175
1 0.899373 0.182609 0.898677 0.197826 0.901811 0.197826 0.9004179999999999 0.182609 0.899373 0.182609
1 0.9056409999999999 0.184783 0.9042479999999999 0.184783 0.903552 0.202174 0.907033 0.202174 0.9059889999999999 0.195652 0.9056409999999999 0.184783
1 0.9129530000000001 0.176087 0.91156 0.175 0.9112120000000001 0.18695699999999998 0.913997 0.18695699999999998 0.9129530000000001 0.182609 0.9129530000000001 0.176087
1 0.946031 0.184783 0.9453340000000001 0.18152200000000002 0.9449859999999999 0.173913 0.94429 0.173913 0.94429 0.176087 0.9435930000000001 0.177174 0.9435930000000001 0.184783 0.946031 0.184783
3 0.871518 0.177174 0.871518 0.175 0.8708220000000001 0.175 0.870474 0.184783 0.8722139999999999 0.18587 0.8722139999999999 0.178261 0.871518 0.177174