0 0.528552 0.507609 0.5254179999999999 0.508696 0.524025 0.5130429999999999 0.5254179999999999 0.515217 0.534123 0.520652 0.5383009999999999 0.526087 0.5560579999999999 0.522826 0.557103 0.518478 0.553969 0.51413 0.553273 0.5108699999999999 0.553273 0.506522 0.551532 0.503261 0.549095 0.502174 0.547702 0.46195700000000006 0.547006 0.454348 0.546657 0.430435 0.545613 0.415217 0.544916 0.411957 0.541086 0.411957 0.540042 0.41630399999999995 0.533774 0.496739 0.529944 0.502174 0.528552 0.507609
0 0.192201 0.2 0.191504 0.18587 0.19046000000000002 0.18587 0.189763 0.198913 0.188719 0.20434800000000003 0.193245 0.20543499999999998 0.192201 0.2
0 0.216574 0.231522 0.220752 0.231522 0.2211 0.22934800000000002 0.21970800000000001 0.226087 0.218663 0.20543499999999998 0.217618 0.20543499999999998 0.216922 0.213043 0.216922 0.221739 0.21518099999999998 0.22934800000000002 0.216574 0.231522
0 0.24512499999999998 0.252174 0.243384 0.244565 0.243384 0.23586999999999997 0.24199199999999998 0.220652 0.240599 0.220652 0.239554 0.24565199999999998 0.23816199999999998 0.24782600000000002 0.23746499999999998 0.251087 0.24512499999999998 0.252174
0 0.285167 0.288043 0.285167 0.28586999999999996 0.282382 0.278261 0.28098900000000004 0.244565 0.27890000000000004 0.244565 0.277507 0.277174 0.27507000000000004 0.284783 0.27890000000000004 0.288043 0.285167 0.288043
0 0.348538 0.35108700000000004 0.351323 0.353261 0.363162 0.353261 0.361072 0.346739 0.361072 0.344565 0.35968 0.343478 0.358635 0.33913000000000004 0.356894 0.29565199999999997 0.356198 0.291304 0.35375999999999996 0.291304 0.350975 0.338043 0.349234 0.344565 0.347145 0.347826 0.348538 0.35108700000000004
0 0.064067 0.21413000000000001 0.062326000000000006 0.208696 0.060933 0.18695699999999998 0.059192 0.18587 0.057799 0.20760900000000002 0.056058 0.21086999999999997 0.056058 0.213043 0.064067 0.21413000000000001
0 0.074164 0.20108700000000002 0.072423 0.191304 0.071727 0.177174 0.070682 0.177174 0.069638 0.196739 0.068245 0.198913 0.068245 0.20108700000000002 0.074164 0.20108700000000002
0 0.182799 0.19347799999999998 0.182799 0.18587 0.181755 0.18152200000000002 0.181058 0.19347799999999998 0.180014 0.195652 0.183844 0.196739 0.182799 0.19347799999999998
0 0.085306 0.178261 0.085306 0.171739 0.08460999999999999 0.167391 0.083565 0.167391 0.083217 0.178261 0.08182500000000001 0.18587 0.086351 0.18587 0.085306 0.178261
0 0.08843999999999999 0.165217 0.086699 0.18043499999999998 0.090529 0.18043499999999998 0.089136 0.165217 0.08843999999999999 0.165217
0 0.091226 0.163043 0.090181 0.176087 0.09331500000000001 0.176087 0.09226999999999999 0.16413 0.091226 0.163043
0 0.09331500000000001 0.16087 0.092967 0.171739 0.095404 0.17282599999999998 0.094359 0.161957 0.09331500000000001 0.16087
0 0.096448 0.16087 0.095752 0.159783 0.095056 0.166304 0.095404 0.16956500000000002 0.097493 0.16956500000000002 0.096448 0.16087
0 0.175487 0.178261 0.174791 0.178261 0.173747 0.191304 0.17687999999999998 0.191304 0.176184 0.18913 0.175487 0.178261
0 0.170265 0.173913 0.169568 0.173913 0.16817500000000002 0.18695699999999998 0.171657 0.18695699999999998 0.170613 0.18152200000000002 0.170265 0.173913
0 0.165738 0.170652 0.165042 0.170652 0.164694 0.177174 0.163649 0.18152200000000002 0.166783 0.18152200000000002 0.165738 0.170652
0 0.160167 0.179348 0.162604 0.178261 0.161908 0.176087 0.16155999999999998 0.168478 0.160864 0.16956500000000002 0.16051500000000002 0.176087 0.159819 0.178261 0.160167 0.179348
0 0.200557 0.216304 0.204387 0.216304 0.203343 0.211957 0.202298 0.19456500000000002 0.201602 0.19456500000000002 0.20090499999999997 0.20108700000000002 0.20090499999999997 0.208696 0.199513 0.21413000000000001 0.200557 0.216304
0 0.081476 0.190217 0.08077999999999999 0.190217 0.080084 0.18695699999999998 0.079387 0.171739 0.078343 0.171739 0.077646 0.18587 0.076253 0.192391 0.081476 0.192391 0.081476 0.190217