3 0.302925 0.8358700000000001 0.299095 0.7978259999999999 0.297702 0.778261 0.297006 0.775 0.293524 0.732609 0.289345 0.731522 0.28098900000000004 0.73587 0.276114 0.8358700000000001 0.276114 0.846739 0.303273 0.846739 0.302925 0.8358700000000001
3 0.558496 0.6054350000000001 0.5543180000000001 0.613043 0.5518799999999999 0.625 0.550836 0.634783 0.5689420000000001 0.6445649999999999 0.579387 0.6445649999999999 0.586351 0.642391 0.592618 0.627174 0.592618 0.622826 0.5898329999999999 0.6119570000000001 0.584958 0.606522 0.583914 0.602174 0.5748610000000001 0.47391300000000003 0.567549 0.475 0.560237 0.608696 0.559889 0.609783 0.5595399999999999 0.606522 0.558496 0.6054350000000001
3 0.592618 0.471739 0.616992 0.471739 0.616992 0.457609 0.614206 0.453261 0.613162 0.448913 0.6072420000000001 0.366304 0.602716 0.366304 0.5974929999999999 0.454348 0.596797 0.456522 0.593663 0.45543500000000003 0.592618 0.471739
3 0.572423 0.390217 0.5898329999999999 0.390217 0.5898329999999999 0.38043499999999997 0.5866990000000001 0.379348 0.586003 0.376087 0.5821729999999999 0.31413 0.5790390000000001 0.31413 0.575557 0.378261 0.5748610000000001 0.38152200000000003 0.5731200000000001 0.38043499999999997 0.572423 0.390217
3 0.529596 0.352174 0.533426 0.354348 0.543872 0.353261 0.543524 0.344565 0.542131 0.344565 0.541435 0.341304 0.537953 0.293478 0.5348189999999999 0.29239099999999996 0.532382 0.342391 0.531685 0.346739 0.529944 0.346739 0.529596 0.352174
3 0.42722800000000005 0.313043 0.425836 0.31413 0.42548700000000006 0.319565 0.43454 0.319565 0.435933 0.31630400000000003 0.435933 0.313043 0.43488899999999997 0.313043 0.434192 0.30978300000000003 0.432103 0.275 0.42931800000000003 0.275 0.42896900000000004 0.284783 0.427925 0.28913 0.427925 0.30869599999999997 0.42722800000000005 0.313043
3 0.316504 0.313043 0.316504 0.30869599999999997 0.314763 0.306522 0.314067 0.303261 0.312326 0.276087 0.30988899999999997 0.276087 0.308496 0.306522 0.307103 0.30869599999999997 0.307103 0.31413 0.316504 0.313043
3 0.264276 0.301087 0.264276 0.29565199999999997 0.263579 0.29565199999999997 0.262883 0.29239099999999996 0.261142 0.269565 0.25905300000000003 0.269565 0.258008 0.294565 0.256616 0.29782600000000004 0.256616 0.301087 0.264276 0.301087
3 0.279248 0.278261 0.278203 0.27391299999999996 0.27715900000000004 0.25760900000000003 0.27507000000000004 0.25760900000000003 0.274721 0.272826 0.273677 0.283696 0.279248 0.282609 0.279248 0.278261
1 0.861421 0.340217 0.868036 0.344565 0.879526 0.343478 0.8791779999999999 0.334783 0.877089 0.333696 0.876393 0.330435 0.8725630000000001 0.276087 0.868384 0.275 0.864903 0.32934800000000003 0.864206 0.33260900000000004 0.861421 0.333696 0.861421 0.340217
1 0.7301529999999999 0.304348 0.741643 0.304348 0.741992 0.29565199999999997 0.740947 0.29565199999999997 0.740251 0.29239099999999996 0.737465 0.254348 0.734331 0.253261 0.7322420000000001 0.291304 0.731546 0.29565199999999997 0.7301529999999999 0.296739 0.7301529999999999 0.304348
1 0.633008 0.28586999999999996 0.642409 0.28586999999999996 0.642409 0.280435 0.641365 0.278261 0.639276 0.24673899999999999 0.638928 0.244565 0.636142 0.244565 0.634749 0.276087 0.634053 0.280435 0.633008 0.280435 0.633008 0.28586999999999996
1 0.5459609999999999 0.27934800000000004 0.5459609999999999 0.27391299999999996 0.544916 0.27391299999999996 0.5442199999999999 0.270652 0.5428270000000001 0.243478 0.54039 0.243478 0.538997 0.272826 0.5383009999999999 0.27391299999999996 0.5383009999999999 0.27934800000000004 0.5459609999999999 0.27934800000000004
1 0.427577 0.275 0.426184 0.270652 0.42479100000000003 0.24782600000000002 0.422354 0.24782600000000002 0.422006 0.267391 0.420961 0.27934800000000004 0.427577 0.27934800000000004 0.427577 0.275
1 0.394847 0.276087 0.394847 0.272826 0.393802 0.268478 0.392758 0.248913 0.39032 0.24782600000000002 0.389624 0.270652 0.388579 0.272826 0.388579 0.276087 0.394847 0.276087
3 0.32903899999999997 0.25543499999999997 0.328691 0.243478 0.326602 0.243478 0.326253 0.259783 0.325557 0.26413000000000003 0.330084 0.26413000000000003 0.32903899999999997 0.25543499999999997
1 0.389276 0.268478 0.389276 0.25543499999999997 0.388231 0.24239099999999997 0.386142 0.24239099999999997 0.385794 0.263043 0.38509699999999997 0.265217 0.38509699999999997 0.268478 0.389276 0.268478
1 0.41190800000000005 0.23586999999999997 0.41016700000000006 0.23586999999999997 0.409819 0.248913 0.408774 0.258696 0.413301 0.258696 0.41190800000000005 0.23586999999999997
3 0.399373 0.230435 0.39798100000000003 0.230435 0.397284 0.233696 0.396936 0.248913 0.400418 0.248913 0.399373 0.230435
3 0.474582 0.219565 0.473538 0.236957 0.477019 0.236957 0.47597500000000004 0.219565 0.474582 0.219565
3 0.551184 0.209783 0.5501389999999999 0.209783 0.549095 0.227174 0.552577 0.227174 0.5518799999999999 0.22391299999999997 0.551184 0.209783
3 0.630571 0.220652 0.629526 0.216304 0.629178 0.203261 0.628134 0.202174 0.627437 0.208696 0.627437 0.216304 0.626741 0.220652 0.630571 0.220652
3 0.706128 0.196739 0.705084 0.216304 0.708914 0.216304 0.707869 0.196739 0.706128 0.196739
3 0.788997 0.192391 0.787256 0.213043 0.791783 0.213043 0.79039 0.192391 0.788997 0.192391
3 0.8286910000000001 0.190217 0.8269500000000001 0.211957 0.831128 0.211957 0.830084 0.190217 0.8286910000000001 0.190217
3 0.885446 0.18587 0.8844010000000001 0.20760900000000002 0.8892760000000001 0.20760900000000002 0.8878830000000001 0.18695699999999998 0.885446 0.18587
3 0.9380219999999999 0.18043499999999998 0.937674 0.203261 0.9415039999999999 0.203261 0.9401109999999999 0.18152200000000002 0.9380219999999999 0.18043499999999998
1 0.8408770000000001 0.22282600000000002 0.847493 0.22282600000000002 0.847493 0.219565 0.8461000000000001 0.215217 0.8450559999999999 0.196739 0.842967 0.196739 0.8422700000000001 0.203261 0.841922 0.21739099999999997 0.8408770000000001 0.219565 0.8408770000000001 0.22282600000000002
1 0.7771589999999999 0.226087 0.7754179999999999 0.20108700000000002 0.773677 0.20108700000000002 0.772632 0.21739099999999997 0.771588 0.221739 0.771588 0.226087 0.7771589999999999 0.226087
1 0.6827989999999999 0.227174 0.6810579999999999 0.20543499999999998 0.678969 0.20543499999999998 0.678273 0.22282600000000002 0.677577 0.22391299999999997 0.677577 0.227174 0.6827989999999999 0.227174
1 0.622911 0.208696 0.621518 0.230435 0.626393 0.230435 0.625 0.208696 0.622911 0.208696
1 0.498259 0.243478 0.497563 0.23913 0.496866 0.221739 0.494777 0.221739 0.49442899999999995 0.238043 0.49373300000000003 0.24021699999999999 0.49373300000000003 0.243478 0.498259 0.243478
1 0.443245 0.22934800000000002 0.441852 0.252174 0.446379 0.252174 0.444986 0.22934800000000002 0.443245 0.22934800000000002
3 0.479805 0.317391 0.479805 0.323913 0.47841199999999995 0.325 0.47841199999999995 0.32934800000000003 0.488858 0.328261 0.48955399999999993 0.326087 0.48955399999999993 0.322826 0.48781299999999994 0.321739 0.48676899999999995 0.318478 0.48676899999999995 0.307609 0.48607199999999995 0.304348 0.48433099999999996 0.27934800000000004 0.48189399999999993 0.27934800000000004 0.481546 0.28913 0.48085000000000006 0.291304 0.480501 0.31630400000000003 0.479805 0.317391
1 0.56163 0.215217 0.560237 0.215217 0.559192 0.23478300000000002 0.5637190000000001 0.23478300000000002 0.562674 0.232609 0.56163 0.215217
1 0.940808 0.21739099999999997 0.940808 0.215217 0.9397629999999999 0.215217 0.939067 0.213043 0.9387190000000001 0.20543499999999998 0.937326 0.203261 0.937326 0.190217 0.9352370000000001 0.191304 0.9345399999999999 0.211957 0.9331480000000001 0.21413000000000001 0.9331480000000001 0.21739099999999997 0.940808 0.21739099999999997