3 0.266713 0.846739 0.266713 0.841304 0.255919 0.732609 0.24756300000000003 0.732609 0.24373300000000003 0.738043 0.24303599999999997 0.7445649999999999 0.23990300000000003 0.831522 0.23990300000000003 0.846739 0.266713 0.846739
3 0.41434499999999996 0.616304 0.446727 0.616304 0.44951299999999994 0.6010869999999999 0.449164 0.58913 0.447423 0.583696 0.443593 0.581522 0.44254899999999997 0.5771740000000001 0.433496 0.46630399999999994 0.427925 0.46630399999999994 0.422006 0.578261 0.420961 0.5826089999999999 0.41713100000000003 0.58913 0.41434499999999996 0.616304
3 0.44046 0.479348 0.46344 0.479348 0.46344 0.465217 0.46135099999999996 0.463043 0.460306 0.459783 0.453343 0.379348 0.448816 0.379348 0.444986 0.457609 0.44428999999999996 0.46195700000000006 0.44046 0.46630399999999994 0.44046 0.479348
3 0.399373 0.417391 0.412953 0.418478 0.41608599999999996 0.415217 0.416435 0.406522 0.41364900000000004 0.40108699999999997 0.408774 0.343478 0.40494399999999997 0.342391 0.40250700000000006 0.4 0.401462 0.406522 0.399373 0.40869600000000006 0.399373 0.417391
3 0.338788 0.388043 0.349582 0.38913000000000003 0.353412 0.38587 0.353412 0.38043499999999997 0.350627 0.376087 0.346448 0.32717399999999996 0.342967 0.326087 0.341574 0.372826 0.34052899999999997 0.379348 0.338788 0.38043499999999997 0.338788 0.388043
3 0.24477699999999997 0.358696 0.24512499999999998 0.353261 0.244081 0.352174 0.243384 0.348913 0.23990300000000003 0.313043 0.23711700000000002 0.313043 0.236072 0.352174 0.23468 0.354348 0.23468 0.359783 0.24477699999999997 0.358696
3 0.21448499999999998 0.33260900000000004 0.21448499999999998 0.32934800000000003 0.21344 0.328261 0.212744 0.323913 0.211003 0.296739 0.208217 0.296739 0.207521 0.32717399999999996 0.206128 0.32934800000000003 0.206128 0.333696 0.21448499999999998 0.33260900000000004
3 0.236072 0.27934800000000004 0.23537599999999997 0.306522 0.24094699999999997 0.306522 0.23851 0.27934800000000004 0.236072 0.27934800000000004
3 0.300139 0.28586999999999996 0.299095 0.266304 0.298398 0.261957 0.296309 0.261957 0.29596100000000003 0.281522 0.295265 0.282609 0.295265 0.28586999999999996 0.300139 0.28586999999999996
3 0.360028 0.24673899999999999 0.358983 0.267391 0.362813 0.267391 0.361769 0.24673899999999999 0.360028 0.24673899999999999
3 0.42896900000000004 0.233696 0.428273 0.252174 0.43071000000000004 0.252174 0.43071000000000004 0.233696 0.42896900000000004 0.233696
3 0.5 0.22282600000000002 0.49930399999999997 0.24021699999999999 0.5027860000000001 0.24021699999999999 0.501741 0.22282600000000002 0.5 0.22282600000000002
3 0.5748610000000001 0.211957 0.574164 0.22934800000000002 0.577298 0.22934800000000002 0.5766020000000001 0.211957 0.5748610000000001 0.211957
3 0.651811 0.20543499999999998 0.651114 0.221739 0.654944 0.221739 0.6538999999999999 0.206522 0.651811 0.20543499999999998
3 0.698468 0.20108700000000002 0.697772 0.218478 0.701253 0.218478 0.700209 0.20108700000000002 0.698468 0.20108700000000002
3 0.729109 0.198913 0.728412 0.215217 0.7322420000000001 0.215217 0.731198 0.2 0.729109 0.198913
3 0.766017 0.2 0.7681060000000001 0.198913 0.7677579999999999 0.19347799999999998 0.765669 0.19456500000000002 0.764624 0.21086999999999997 0.765669 0.21086999999999997 0.766017 0.2
3 0.794568 0.18913 0.793872 0.206522 0.79805 0.206522 0.796657 0.190217 0.794568 0.18913
3 0.8165039999999999 0.18587 0.815808 0.202174 0.81929 0.202174 0.8185930000000001 0.18695699999999998 0.8165039999999999 0.18587
3 0.83461 0.182609 0.833914 0.197826 0.8370469999999999 0.197826 0.836351 0.182609 0.83461 0.182609
3 0.847145 0.18043499999999998 0.8457520000000001 0.18043499999999998 0.8450559999999999 0.18695699999999998 0.8450559999999999 0.195652 0.8478410000000001 0.195652 0.847145 0.18043499999999998
3 0.8495820000000001 0.179348 0.849234 0.19347799999999998 0.852019 0.19347799999999998 0.850975 0.179348 0.8495820000000001 0.179348
3 0.864903 0.16956500000000002 0.864554 0.18043499999999998 0.866643 0.18043499999999998 0.866643 0.170652 0.864903 0.16956500000000002
3 0.89624 0.165217 0.895891 0.176087 0.897981 0.176087 0.897632 0.165217 0.89624 0.165217
3 0.9439420000000001 0.159783 0.942549 0.16087 0.942549 0.171739 0.9435930000000001 0.170652 0.9439420000000001 0.159783
1 0.792131 0.386957 0.797006 0.38913000000000003 0.814415 0.388043 0.814415 0.384783 0.8133699999999999 0.383696 0.8119780000000001 0.377174 0.808844 0.375 0.8081480000000001 0.371739 0.803969 0.307609 0.799443 0.306522 0.795613 0.370652 0.794568 0.375 0.792131 0.377174 0.792131 0.386957
1 0.643454 0.341304 0.6598189999999999 0.341304 0.6598189999999999 0.336957 0.6580779999999999 0.336957 0.657382 0.33260900000000004 0.654944 0.33260900000000004 0.654248 0.32934800000000003 0.651462 0.282609 0.6479809999999999 0.282609 0.645891 0.330435 0.645195 0.333696 0.643454 0.333696 0.643454 0.341304
1 0.531685 0.321739 0.531685 0.31630400000000003 0.530292 0.31413 0.529596 0.31087 0.526462 0.275 0.524025 0.275 0.522284 0.311957 0.520891 0.31630400000000003 0.520891 0.321739 0.531685 0.321739
1 0.411212 0.31087 0.411212 0.307609 0.40947100000000003 0.305435 0.408774 0.302174 0.40668499999999996 0.27391299999999996 0.4039 0.272826 0.403203 0.304348 0.40181100000000003 0.305435 0.40181100000000003 0.31087 0.411212 0.31087
1 0.375348 0.302174 0.375348 0.296739 0.373955 0.29565199999999997 0.37256300000000003 0.288043 0.371866 0.272826 0.370822 0.268478 0.36977699999999997 0.268478 0.369081 0.296739 0.367688 0.29782600000000004 0.367688 0.302174 0.375348 0.302174
1 0.375348 0.28913 0.373955 0.276087 0.373259 0.261957 0.37117 0.26087 0.37117 0.268478 0.372214 0.272826 0.372911 0.288043 0.375348 0.28913
1 0.39449900000000004 0.276087 0.39449900000000004 0.272826 0.393106 0.266304 0.392409 0.251087 0.39032 0.251087 0.389972 0.270652 0.389276 0.272826 0.389276 0.276087 0.39449900000000004 0.276087
1 0.43454 0.26413000000000003 0.433148 0.24239099999999997 0.431058 0.24130400000000002 0.431058 0.259783 0.430014 0.26087 0.429666 0.26413000000000003 0.43454 0.26413000000000003
1 0.47876 0.231522 0.47771600000000003 0.253261 0.48189399999999993 0.253261 0.480501 0.231522 0.47876 0.231522
1 0.529248 0.22391299999999997 0.528203 0.244565 0.532033 0.244565 0.530989 0.22391299999999997 0.529248 0.22391299999999997
1 0.587047 0.236957 0.586003 0.21739099999999997 0.5842620000000001 0.21739099999999997 0.583914 0.22934800000000002 0.582869 0.233696 0.582869 0.236957 0.587047 0.236957
1 0.627437 0.211957 0.626045 0.232609 0.629875 0.232609 0.629178 0.211957 0.627437 0.211957
1 0.707869 0.228261 0.706825 0.20543499999999998 0.705084 0.20543499999999998 0.704387 0.22282600000000002 0.703691 0.22391299999999997 0.703691 0.228261 0.707869 0.228261
1 0.766365 0.2 0.76532 0.221739 0.76915 0.221739 0.768454 0.2 0.766365 0.2
1 0.824861 0.213043 0.824164 0.19347799999999998 0.8220750000000001 0.19347799999999998 0.821379 0.208696 0.820682 0.209783 0.820682 0.213043 0.824861 0.213043
1 0.870125 0.206522 0.869429 0.203261 0.868733 0.18587 0.867688 0.18587 0.866643 0.20108700000000002 0.8655989999999999 0.203261 0.8655989999999999 0.206522 0.870125 0.206522
1 0.896588 0.18043499999999998 0.895543 0.20108700000000002 0.899025 0.20108700000000002 0.898677 0.18043499999999998 0.896588 0.18043499999999998
1 0.920265 0.19347799999999998 0.920265 0.176087 0.918872 0.176087 0.918524 0.183696 0.917131 0.19347799999999998 0.920265 0.19347799999999998
1 0.932451 0.173913 0.9310579999999999 0.171739 0.93071 0.184783 0.9300140000000001 0.18913 0.9331480000000001 0.18913 0.932451 0.173913
1 0.94429 0.161957 0.9435930000000001 0.173913 0.945682 0.173913 0.945682 0.161957 0.94429 0.161957
1 0.925836 0.168478 0.9247909999999999 0.18152200000000002 0.927228 0.18152200000000002 0.92688 0.171739 0.925836 0.168478
1 0.9216570000000001 0.179348 0.9209609999999999 0.166304 0.919916 0.166304 0.9192199999999999 0.175 0.920265 0.175 0.920613 0.179348 0.9216570000000001 0.179348