1 0.55203 0.652184 0.550761 0.655901 0.550286 0.656599 0.545527 0.6584570000000001 0.5453680000000001 0.658922 0.566307 0.664266 0.5688449999999999 0.664266 0.5866119999999999 0.65869 0.5866119999999999 0.6582250000000001 0.582011 0.654972 0.580742 0.651952 0.576777 0.649861 0.576459 0.6493960000000001 0.5688449999999999 0.599442 0.562817 0.598978 0.5564720000000001 0.6489309999999999 0.5561550000000001 0.649628 0.553934 0.650325 0.55203 0.652184
1 0.94797 0.582249 0.94797 0.584108 0.953839 0.5868960000000001 0.971923 0.58829 0.9766809999999999 0.58829 0.9766809999999999 0.585502 0.9757300000000001 0.585037 0.975254 0.58434 0.974619 0.5817840000000001 0.970654 0.58039 0.970019 0.579461 0.964467 0.5436799999999999 0.959708 0.5436799999999999 0.953839 0.578299 0.9535220000000001 0.578996 0.949714 0.579693 0.94797 0.582249
0 0.7580899999999999 0.46933100000000005 0.7571380000000001 0.46259300000000003 0.7560279999999999 0.46259300000000003 0.7560279999999999 0.464916 0.755235 0.46816899999999995 0.755235 0.46933100000000005 0.7580899999999999 0.46933100000000005
0 0.820907 0.46886599999999995 0.820273 0.467472 0.819638 0.46282500000000004 0.819004 0.46259300000000003 0.818369 0.465381 0.8177350000000001 0.470493 0.820907 0.470493 0.820907 0.46886599999999995
0 0.83217 0.46909900000000004 0.83217 0.46816899999999995 0.831536 0.466543 0.8310600000000001 0.46189600000000003 0.830266 0.461664 0.828997 0.46840099999999996 0.828997 0.46956300000000006 0.831694 0.46956300000000006 0.83217 0.46909900000000004
0 0.888959 0.47119 0.892925 0.470957 0.892925 0.47026 0.8919729999999999 0.467472 0.891815 0.46421900000000005 0.891339 0.462361 0.890704 0.46259300000000003 0.8902279999999999 0.46329000000000004 0.888959 0.470028 0.888959 0.47119
0 0.9052979999999999 0.46909900000000004 0.9052979999999999 0.469796 0.909423 0.470028 0.90974 0.46956300000000006 0.90974 0.46886599999999995 0.9089470000000001 0.467007 0.9083119999999999 0.462128 0.90736 0.461664 0.9067259999999999 0.46329000000000004 0.906091 0.467472 0.9056150000000001 0.46886599999999995 0.9052979999999999 0.46909900000000004
0 0.9441620000000001 0.472816 0.9484450000000001 0.472816 0.948921 0.472351 0.948921 0.471654 0.948287 0.47119 0.9474940000000001 0.46956300000000006 0.947176 0.46329000000000004 0.9454309999999999 0.46329000000000004 0.945114 0.464916 0.944956 0.46886599999999995 0.9441620000000001 0.471887 0.9441620000000001 0.472816
0 0.651491 0.471654 0.651491 0.470957 0.650698 0.470028 0.650381 0.465846 0.649746 0.464684 0.649429 0.464684 0.6481600000000001 0.47026 0.6481600000000001 0.472351 0.650857 0.472351 0.651491 0.471654
0 0.693211 0.470725 0.693211 0.470028 0.692735 0.46886599999999995 0.692259 0.46398700000000004 0.691307 0.46375500000000003 0.69099 0.46631 0.690355 0.46863400000000005 0.690355 0.470725 0.693211 0.470725
0 0.703997 0.472584 0.705425 0.472119 0.705425 0.471422 0.7046319999999999 0.46933100000000005 0.704156 0.465149 0.703204 0.464916 0.702887 0.46816899999999995 0.702253 0.470493 0.702253 0.472584 0.703997 0.472584
0 0.751269 0.470957 0.7550760000000001 0.470957 0.7550760000000001 0.470493 0.754283 0.46933100000000005 0.753807 0.46352200000000005 0.752855 0.46329000000000004 0.752379 0.46398700000000004 0.752221 0.46793699999999994 0.751269 0.46956300000000006 0.751269 0.470957