1 0.154188 0.651719 0.153077 0.656599 0.149746 0.656831 0.149746 0.657296 0.152284 0.659387 0.158947 0.661245 0.166878 0.661245 0.169575 0.661013 0.187976 0.656831 0.187976 0.656366 0.183693 0.652649 0.183693 0.6491640000000001 0.179886 0.64684 0.178458 0.645446 0.175603 0.634061 0.173699 0.619656 0.173223 0.61803 0.170685 0.603392 0.16481600000000002 0.603392 0.162754 0.6296470000000001 0.158471 0.649628 0.157995 0.650325 0.154188 0.651719
1 0.418623 0.578764 0.418464 0.58039 0.418147 0.580855 0.415768 0.5815520000000001 0.415768 0.582017 0.41672000000000003 0.582481 0.43321699999999996 0.582481 0.43797600000000003 0.5813200000000001 0.437341 0.580623 0.435755 0.5801580000000001 0.43527899999999997 0.579229 0.435121 0.5771379999999999 0.433376 0.576905 0.432265 0.575511 0.428141 0.548327 0.424651 0.548559 0.421478 0.575976 0.42100299999999996 0.576905 0.41957500000000003 0.5773699999999999 0.418623 0.578764
1 0.683852 0.552045 0.685279 0.5525089999999999 0.691307 0.5525089999999999 0.696859 0.551812 0.696859 0.548559 0.694956 0.548327 0.6946380000000001 0.5478620000000001 0.6936869999999999 0.5432159999999999 0.691624 0.52579 0.688928 0.52579 0.686865 0.542054 0.685755 0.547398 0.683852 0.548792 0.683852 0.552045
1 0.8072649999999999 0.532296 0.818369 0.532296 0.818369 0.531366 0.8177350000000001 0.5292749999999999 0.816624 0.528578 0.8161479999999999 0.527649 0.813769 0.511385 0.81139 0.511849 0.810755 0.519517 0.809327 0.527416 0.8072649999999999 0.530204 0.8072649999999999 0.532296
1 0.820749 0.5188200000000001 0.8285220000000001 0.5188200000000001 0.828839 0.51789 0.828839 0.516729 0.8277279999999999 0.515335 0.8255079999999999 0.5018589999999999 0.8253489999999999 0.501394 0.8236039999999999 0.501394 0.821701 0.5148699999999999 0.820273 0.516496 0.820114 0.518355 0.820749 0.5188200000000001
1 0.8337559999999999 0.508597 0.8337559999999999 0.5079 0.8328049999999999 0.505344 0.8309010000000001 0.495353 0.829315 0.495353 0.828046 0.505809 0.827094 0.507203 0.827253 0.508829 0.8337559999999999 0.508597
1 0.832329 0.502323 0.8350250000000001 0.502556 0.8350250000000001 0.5004649999999999 0.834074 0.49674699999999994 0.833439 0.49140300000000003 0.8328049999999999 0.490242 0.8318530000000001 0.490242 0.831536 0.490474 0.831377 0.491868 0.831377 0.49698000000000003 0.832329 0.502323
1 0.834867 0.49814100000000006 0.8370879999999999 0.49814100000000006 0.837881 0.49744400000000005 0.837881 0.49651500000000004 0.836136 0.491868 0.835343 0.486292 0.834867 0.485827 0.834074 0.485827 0.833439 0.486989 0.833439 0.491171 0.8343909999999999 0.49744400000000005 0.834867 0.49814100000000006
0 0.8370879999999999 0.49302999999999997 0.84026 0.49302999999999997 0.84026 0.49210000000000004 0.839626 0.490939 0.8393079999999999 0.48931199999999997 0.838357 0.486989 0.837563 0.48280700000000004 0.8370879999999999 0.48257399999999995 0.836453 0.48350400000000004 0.836294 0.48513 0.836453 0.492333 0.8370879999999999 0.49302999999999997
0 0.8410529999999999 0.48745399999999994 0.840577 0.486524 0.84026 0.484898 0.8401020000000001 0.481645 0.839626 0.480019 0.8391500000000001 0.479554 0.8385149999999999 0.479554 0.838357 0.486292 0.839626 0.490009 0.841212 0.490009 0.8410529999999999 0.48745399999999994
0 0.849937 0.485827 0.849937 0.484665 0.848668 0.47816000000000003 0.8481920000000001 0.477928 0.84724 0.480948 0.847081 0.486292 0.849461 0.486292 0.849937 0.485827
0 0.8151970000000001 0.48745399999999994 0.8151970000000001 0.486059 0.8145619999999999 0.48396800000000006 0.814245 0.479554 0.8131349999999999 0.479554 0.8125 0.484898 0.8118650000000001 0.486757 0.8118650000000001 0.48745399999999994 0.8151970000000001 0.48745399999999994
0 0.789499 0.484898 0.788864 0.479554 0.7883880000000001 0.477463 0.787754 0.47723000000000004 0.7874369999999999 0.47769500000000004 0.786961 0.480716 0.786802 0.484665 0.789499 0.484898
0 0.773636 0.484433 0.773001 0.48257399999999995 0.7728430000000001 0.47839200000000004 0.771891 0.47839200000000004 0.7712559999999999 0.48234199999999994 0.7712559999999999 0.485595 0.773477 0.485595 0.773636 0.484433
0 0.72573 0.47769500000000004 0.7247779999999999 0.477463 0.723985 0.484433 0.7268399999999999 0.484433 0.7268399999999999 0.48280700000000004 0.72573 0.47769500000000004
0 0.715419 0.48211000000000004 0.7147840000000001 0.480251 0.714626 0.47862499999999997 0.71415 0.47769500000000004 0.713515 0.477928 0.712881 0.485362 0.715895 0.485362 0.715419 0.48396800000000006 0.715419 0.48211000000000004
0 0.660533 0.48396800000000006 0.663706 0.48396800000000006 0.6633880000000001 0.48234199999999994 0.662754 0.480948 0.6622779999999999 0.477928 0.661643 0.477463 0.661168 0.47839200000000004 0.661009 0.481877 0.660533 0.48257399999999995 0.660533 0.48396800000000006
0 0.655615 0.485362 0.658629 0.485362 0.658629 0.484665 0.6573599999999999 0.481413 0.657678 0.47839200000000004 0.6573599999999999 0.47769500000000004 0.656726 0.47769500000000004 0.656091 0.47839200000000004 0.655933 0.48396800000000006 0.655615 0.484433 0.655615 0.485362
0 0.610247 0.486292 0.613579 0.486524 0.613737 0.485362 0.6129439999999999 0.48350400000000004 0.612468 0.479089 0.611675 0.479089 0.611041 0.480716 0.6108819999999999 0.48373600000000005 0.610247 0.485362 0.610247 0.486292
0 0.602475 0.48513 0.604537 0.48513 0.605013 0.484665 0.605013 0.48350400000000004 0.604378 0.48211000000000004 0.6037440000000001 0.47816000000000003 0.602951 0.47816000000000003 0.602633 0.481645 0.601999 0.48327099999999995 0.601999 0.484433 0.602475 0.48513
0 0.562817 0.486292 0.565355 0.486524 0.565831 0.486059 0.565831 0.48513 0.565355 0.484201 0.565355 0.48303900000000005 0.564721 0.480019 0.564245 0.479089 0.563928 0.479089 0.5636099999999999 0.480251 0.5636099999999999 0.48327099999999995 0.562976 0.484433 0.562817 0.486292
0 0.927189 0.49721200000000004 0.930996 0.49721200000000004 0.931472 0.49698000000000003 0.931472 0.495586 0.930996 0.494424 0.9305199999999999 0.491868 0.930044 0.48745399999999994 0.930203 0.484665 0.928458 0.484665 0.927189 0.49210000000000004 0.925444 0.495818 0.925444 0.49651500000000004 0.927189 0.49721200000000004
0 0.932107 0.499535 0.9378170000000001 0.499768 0.9378170000000001 0.499071 0.9368650000000001 0.49628300000000003 0.936072 0.487221 0.934486 0.48745399999999994 0.9338520000000001 0.490939 0.933376 0.49651500000000004 0.932107 0.498838 0.932107 0.499535
0 0.94908 0.505576 0.94908 0.506273 0.950825 0.506738 0.9568530000000001 0.506738 0.9568530000000001 0.5046470000000001 0.955425 0.501626 0.9544729999999999 0.494424 0.9535220000000001 0.490939 0.9528869999999999 0.49070600000000003 0.952253 0.49140300000000003 0.951459 0.494656 0.9505079999999999 0.502788 0.94908 0.505576
0 0.9157679999999999 0.491868 0.918782 0.491868 0.919416 0.491171 0.919416 0.490009 0.918782 0.48815099999999995 0.918782 0.484201 0.918306 0.480716 0.9171950000000001 0.480948 0.916561 0.48745399999999994 0.9157679999999999 0.49070600000000003 0.9157679999999999 0.491868
0 0.89007 0.48838299999999996 0.894511 0.48838299999999996 0.894511 0.486989 0.8934010000000001 0.485595 0.8926080000000001 0.480019 0.891815 0.478857 0.891339 0.478857 0.8908630000000001 0.48211000000000004 0.890704 0.486524 0.89007 0.48768599999999995 0.89007 0.48838299999999996
3 0.560438 0.638011 0.560121 0.638708 0.558217 0.638941 0.555996 0.640799 0.555679 0.644981 0.553141 0.645446 0.552189 0.64684 0.5525059999999999 0.64777 0.553617 0.648234 0.5625 0.649628 0.573445 0.65079 0.577411 0.65079 0.582011 0.648002 0.585819 0.644981 0.585501 0.643587 0.582963 0.643587 0.582805 0.641264 0.581377 0.639405 0.578522 0.638476 0.577887 0.6375460000000001 0.571859 0.593634 0.5705899999999999 0.593169 0.568211 0.593169 0.566307 0.593866 0.560438 0.638011
3 0.819797 0.583875 0.819797 0.584805 0.822811 0.5868960000000001 0.8415290000000001 0.5866640000000001 0.840577 0.58527 0.8401020000000001 0.582714 0.8386739999999999 0.5815520000000001 0.8367699999999999 0.5813200000000001 0.836453 0.580623 0.832011 0.549489 0.8310600000000001 0.549024 0.828204 0.549257 0.8234450000000001 0.579926 0.823128 0.580623 0.820749 0.581087 0.819797 0.583875
3 0.9425760000000001 0.554136 0.9413069999999999 0.555065 0.9411479999999999 0.55553 0.942418 0.556459 0.950032 0.557388 0.9620879999999999 0.557388 0.9620879999999999 0.555994 0.9600250000000001 0.555297 0.959708 0.554833 0.959549 0.553439 0.956694 0.5529740000000001 0.9528869999999999 0.529507 0.952253 0.52881 0.949714 0.52881 0.9455899999999999 0.551812 0.945273 0.552277 0.9427350000000001 0.5525089999999999 0.9425760000000001 0.554136
0 0.977633 0.51789 0.977633 0.5004649999999999 0.9755710000000001 0.512779 0.9739850000000001 0.517426 0.9739850000000001 0.518123 0.977633 0.51789