3 0.068845 0.55948 0.068687 0.561338 0.068211 0.562268 0.067418 0.5629649999999999 0.067576 0.563662 0.072018 0.563662 0.085343 0.5625 0.08677 0.561803 0.088991 0.559944 0.087881 0.55948 0.087722 0.5580860000000001 0.086929 0.557388 0.084708 0.557156 0.08439100000000001 0.556691 0.078839 0.5304369999999999 0.07519 0.530669 0.07217599999999999 0.557388 0.07185899999999999 0.5580860000000001 0.068845 0.55948
0 0.163706 0.522072 0.16307100000000002 0.52277 0.164499 0.52277 0.164657 0.523234 0.169416 0.523234 0.169892 0.52277 0.17481 0.52277 0.176079 0.522072 0.176237 0.521608 0.17481 0.521143 0.174492 0.520678 0.174334 0.519517 0.172589 0.5190520000000001 0.172272 0.518355 0.169575 0.499303 0.166878 0.499535 0.165609 0.518587 0.165133 0.519981 0.163706 0.520446 0.163706 0.522072
3 0.24317899999999998 0.548327 0.242862 0.550186 0.24222700000000003 0.550883 0.240958 0.551115 0.240958 0.552045 0.255393 0.552045 0.257773 0.550651 0.26047 0.5499539999999999 0.259994 0.549489 0.258725 0.549257 0.25856599999999996 0.547398 0.256187 0.547165 0.255869 0.5464680000000001 0.251904 0.521375 0.249365 0.521375 0.24857200000000002 0.52184 0.246034 0.546933 0.24317899999999998 0.548327
1 0.26760799999999996 0.595028 0.265546 0.596654 0.265546 0.600139 0.26411799999999996 0.601998 0.26411799999999996 0.602463 0.278871 0.602695 0.285533 0.601998 0.288547 0.6010690000000001 0.289975 0.598048 0.289975 0.596422 0.288706 0.5959570000000001 0.288388 0.594331 0.28632599999999997 0.593401 0.28474 0.593401 0.284423 0.5929369999999999 0.278395 0.554833 0.274112 0.555065 0.273794 0.555297 0.269829 0.593401 0.269353 0.5945630000000001 0.26760799999999996 0.595028
1 0.184327 0.666589 0.180044 0.6684479999999999 0.178299 0.670539 0.178141 0.6726300000000001 0.177824 0.673095 0.175127 0.674024 0.17496799999999998 0.674721 0.18051999999999999 0.680762 0.183058 0.682156 0.185755 0.682156 0.20193500000000003 0.679136 0.216212 0.675186 0.216371 0.673559 0.213991 0.671004 0.213674 0.665892 0.207646 0.6633359999999999 0.207011 0.662407 0.198128 0.609665 0.196701 0.609201 0.19178299999999998 0.609433 0.190673 0.6103620000000001 0.190355 0.611524 0.184645 0.666125 0.184327 0.666589
3 0.282043 0.528113 0.28172600000000003 0.52881 0.293464 0.52881 0.29489200000000004 0.528113 0.295051 0.527649 0.294416 0.527184 0.294575 0.526255 0.29283000000000003 0.52579 0.292195 0.524861 0.288864 0.505576 0.286168 0.505576 0.284423 0.525325 0.284105 0.526255 0.282202 0.526487 0.282043 0.528113
0 0.312341 0.506273 0.31139 0.507435 0.321701 0.507203 0.321859 0.506506 0.320907 0.506273 0.320273 0.505112 0.31948 0.5048790000000001 0.319162 0.504182 0.317418 0.48884800000000006 0.314879 0.48884800000000006 0.313769 0.5048790000000001 0.313452 0.505344 0.3125 0.505576 0.312341 0.506273
3 0.42005100000000006 0.498606 0.41878200000000004 0.508364 0.41878200000000004 0.510455 0.42211299999999996 0.510455 0.42369899999999994 0.508829 0.429569 0.5097579999999999 0.42988600000000005 0.505112 0.425603 0.500697 0.42496799999999996 0.49628300000000003 0.42401600000000006 0.49605 0.42005100000000006 0.498606
0 0.426396 0.49372699999999997 0.425603 0.493959 0.425603 0.494888 0.42496799999999996 0.495353 0.425127 0.49628300000000003 0.429569 0.49628300000000003 0.432424 0.495586 0.432424 0.494191 0.431472 0.493959 0.43115500000000007 0.49302999999999997 0.42988600000000005 0.479786 0.429569 0.479554 0.428458 0.479554 0.427982 0.480251 0.426713 0.493262 0.426396 0.49372699999999997
3 0.42702999999999997 0.51789 0.426713 0.520214 0.437659 0.520446 0.437817 0.518123 0.437183 0.517426 0.43607199999999996 0.5176580000000001 0.435755 0.516961 0.43305800000000005 0.499071 0.43115500000000007 0.498838 0.43083799999999994 0.499071 0.42893400000000004 0.516961 0.428617 0.51789 0.42702999999999997 0.51789
0 0.509042 0.486524 0.509042 0.485827 0.507773 0.484201 0.5050760000000001 0.47351299999999996 0.503807 0.47351299999999996 0.503648 0.486059 0.5039659999999999 0.486989 0.5063449999999999 0.487221 0.509042 0.486524
3 0.498096 0.5048790000000001 0.497938 0.506738 0.50698 0.50697 0.507297 0.506506 0.507297 0.5044139999999999 0.5061869999999999 0.5044139999999999 0.505869 0.503717 0.503648 0.48907999999999996 0.501586 0.48907999999999996 0.500635 0.49721200000000004 0.49936499999999995 0.504182 0.499048 0.5046470000000001 0.498096 0.5048790000000001
1 0.509518 0.535548 0.507614 0.536478 0.507456 0.5385690000000001 0.506821 0.539498 0.506821 0.539963 0.508725 0.540428 0.5191939999999999 0.540428 0.5212559999999999 0.539963 0.522367 0.539033 0.522684 0.5383359999999999 0.522684 0.537407 0.522208 0.537175 0.521732 0.536013 0.520939 0.535548 0.519511 0.535548 0.5191939999999999 0.535084 0.5177660000000001 0.527416 0.515863 0.511385 0.513166 0.511385 0.512849 0.511617 0.51158 0.5241640000000001 0.5099940000000001 0.534619 0.509518 0.535548
1 0.511421 0.576905 0.511263 0.578996 0.509042 0.580623 0.509042 0.5815520000000001 0.516815 0.582249 0.51856 0.582714 0.5285529999999999 0.582714 0.5322020000000001 0.581087 0.533629 0.579693 0.533788 0.578996 0.531567 0.578764 0.531409 0.5773699999999999 0.530774 0.575976 0.5285529999999999 0.575511 0.527919 0.574582 0.5231600000000001 0.541357 0.522684 0.540428 0.519353 0.540428 0.518877 0.541357 0.5150699999999999 0.57342 0.5138010000000001 0.575511 0.511421 0.576905
3 0.520622 0.49651500000000004 0.526015 0.49651500000000004 0.528871 0.495818 0.528871 0.495353 0.528077 0.494191 0.527126 0.494191 0.526808 0.493494 0.524746 0.481413 0.5228430000000001 0.481413 0.522049 0.493494 0.521732 0.494656 0.520622 0.494888 0.520622 0.49651500000000004
0 0.562341 0.47328099999999995 0.561865 0.472351 0.556631 0.472351 0.556631 0.47816000000000003 0.556948 0.480019 0.562341 0.480019 0.562341 0.47328099999999995
3 0.5598029999999999 0.493959 0.567259 0.493959 0.5671 0.492333 0.5664659999999999 0.49210000000000004 0.565831 0.490474 0.564086 0.479554 0.562659 0.479554 0.561231 0.49140300000000003 0.560914 0.49210000000000004 0.559962 0.492333 0.5598029999999999 0.493959
3 0.590419 0.486757 0.597081 0.486524 0.596923 0.48513 0.595812 0.484665 0.595495 0.48373600000000005 0.594385 0.47420999999999996 0.5927979999999999 0.47397799999999995 0.591529 0.484665 0.591212 0.485362 0.590419 0.485595 0.590419 0.486757
1 0.593909 0.515335 0.596288 0.5160319999999999 0.60422 0.5160319999999999 0.605171 0.515102 0.605013 0.512779 0.603268 0.512779 0.602951 0.512082 0.600571 0.494424 0.598033 0.494424 0.595971 0.511849 0.595336 0.512779 0.593909 0.513011 0.593909 0.515335
1 0.6310279999999999 0.537639 0.628807 0.537872 0.636104 0.539266 0.641497 0.539266 0.647684 0.5381039999999999 0.647684 0.537175 0.6460980000000001 0.537175 0.64578 0.53671 0.645463 0.535084 0.643401 0.534851 0.643084 0.534154 0.639911 0.5099910000000001 0.63658 0.510223 0.633725 0.534387 0.6334069999999999 0.535084 0.6313449999999999 0.535548 0.6310279999999999 0.537639
1 0.652126 0.49628300000000003 0.651491 0.49674699999999994 0.651491 0.49744400000000005 0.6602159999999999 0.49744400000000005 0.66085 0.49698000000000003 0.661009 0.49628300000000003 0.660533 0.49605 0.660057 0.495121 0.6592640000000001 0.495121 0.6589470000000001 0.494424 0.657043 0.480716 0.6551400000000001 0.480716 0.653712 0.493959 0.6532359999999999 0.495121 0.6522840000000001 0.495586 0.652126 0.49628300000000003
0 0.601206 0.47374499999999997 0.605013 0.47374499999999997 0.605013 0.472584 0.604537 0.472119 0.6037440000000001 0.46375500000000003 0.602792 0.46352200000000005 0.602316 0.464452 0.601523 0.472351 0.601206 0.472584 0.601206 0.47374499999999997
0 0.639911 0.470493 0.639911 0.46933100000000005 0.639435 0.46840099999999996 0.638325 0.460967 0.6370560000000001 0.460734 0.636421 0.46909900000000004 0.635945 0.46956300000000006 0.635945 0.470493 0.639911 0.470493
0 0.707487 0.46909900000000004 0.706377 0.467704 0.705584 0.46026999999999996 0.705108 0.45980499999999996 0.703839 0.460037 0.703522 0.466775 0.703046 0.470028 0.707646 0.470028 0.707487 0.46909900000000004
1 0.702094 0.514173 0.701142 0.513941 0.701142 0.5148699999999999 0.705742 0.515335 0.7127220000000001 0.515335 0.715895 0.5146379999999999 0.7160529999999999 0.514173 0.71415 0.513708 0.7136739999999999 0.512314 0.7125630000000001 0.512082 0.711929 0.5111519999999999 0.709708 0.493262 0.707011 0.493262 0.704473 0.51092 0.703997 0.511849 0.702728 0.5125460000000001 0.702094 0.514173
3 0.639277 0.479089 0.6441939999999999 0.479089 0.64467 0.47839200000000004 0.64467 0.477463 0.64356 0.47630100000000003 0.642291 0.46840099999999996 0.640863 0.46816899999999995 0.640228 0.476533 0.639911 0.47769500000000004 0.639277 0.47769500000000004 0.639277 0.479089
3 0.6572020000000001 0.480716 0.6633880000000001 0.480716 0.66323 0.479554 0.6624369999999999 0.47932199999999997 0.661961 0.47839200000000004 0.66085 0.46933100000000005 0.659105 0.46909900000000004 0.658154 0.47839200000000004 0.657836 0.47932199999999997 0.6572020000000001 0.479554 0.6572020000000001 0.480716
3 0.680679 0.472351 0.680679 0.47328099999999995 0.685596 0.47328099999999995 0.685596 0.472351 0.685121 0.471887 0.68401 0.46375500000000003 0.682741 0.46352200000000005 0.6824239999999999 0.464452 0.681631 0.471422 0.6813130000000001 0.472119 0.680679 0.472351
1 0.729854 0.48838299999999996 0.7379439999999999 0.48838299999999996 0.737786 0.486757 0.736675 0.486292 0.736358 0.485362 0.735089 0.474442 0.734772 0.47397799999999995 0.733185 0.47397799999999995 0.73144 0.486059 0.730964 0.486989 0.730013 0.487221 0.729854 0.48838299999999996
1 0.752221 0.498606 0.752221 0.499303 0.7561869999999999 0.5 0.763325 0.499768 0.763325 0.499071 0.76269 0.49767700000000004 0.761263 0.49698000000000003 0.760787 0.49605 0.758725 0.48211000000000004 0.756504 0.481877 0.754283 0.49674699999999994 0.7539659999999999 0.49744400000000005 0.752855 0.49767700000000004 0.752221 0.498606
0 0.753173 0.477928 0.752379 0.479554 0.759201 0.47932199999999997 0.759201 0.47816000000000003 0.758566 0.47769500000000004 0.757614 0.465846 0.755711 0.465846 0.754283 0.47699800000000003 0.7539659999999999 0.47769500000000004 0.753173 0.477928
1 0.818211 0.48861499999999997 0.8191620000000001 0.48907999999999996 0.8283630000000001 0.48884800000000006 0.8285220000000001 0.48838299999999996 0.828046 0.48838299999999996 0.827411 0.487221 0.826301 0.486757 0.825825 0.485827 0.824239 0.47351299999999996 0.822335 0.47351299999999996 0.820749 0.486292 0.8204309999999999 0.486989 0.8193210000000001 0.487221 0.818211 0.48861499999999997
0 0.953997 0.489545 0.955425 0.489545 0.956694 0.47932199999999997 0.9568530000000001 0.47862499999999997 0.9574870000000001 0.47816000000000003 0.959074 0.47816000000000003 0.959549 0.478857 0.961294 0.489545 0.9649430000000001 0.489545 0.9643079999999999 0.48791799999999996 0.962722 0.487221 0.962246 0.486292 0.960501 0.470957 0.9576460000000001 0.470957 0.955266 0.486292 0.954791 0.487221 0.953997 0.48768599999999995 0.953997 0.489545
0 0.952253 0.500929 0.963991 0.501162 0.965577 0.5004649999999999 0.965736 0.5 0.9651020000000001 0.5 0.964467 0.498606 0.962722 0.49767700000000004 0.962246 0.49698000000000003 0.9593909999999999 0.478857 0.959074 0.47839200000000004 0.957011 0.47862499999999997 0.9546319999999999 0.49767700000000004 0.954156 0.498606 0.95257 0.499071 0.952253 0.500929
0 0.8565989999999999 0.481877 0.8565989999999999 0.48280700000000004 0.86453 0.48280700000000004 0.86453 0.481413 0.86342 0.480716 0.862944 0.479554 0.861675 0.467704 0.8596130000000001 0.467472 0.8591369999999999 0.46840099999999996 0.857709 0.480716 0.857234 0.481645 0.8565989999999999 0.481877
0 0.880711 0.5785319999999999 0.879283 0.5801580000000001 0.876269 0.581087 0.8759520000000001 0.5815520000000001 0.882456 0.582714 0.88547 0.584572 0.887532 0.585037 0.8968909999999999 0.585037 0.909264 0.58434 0.9091049999999999 0.583875 0.904822 0.581087 0.903236 0.578299 0.900539 0.577602 0.900063 0.5771379999999999 0.895622 0.53369 0.893877 0.532993 0.889911 0.5332250000000001 0.883883 0.575743 0.883249 0.576673 0.880869 0.577602 0.880711 0.5785319999999999
0 0.9084709999999999 0.535548 0.9059329999999999 0.536245 0.9056150000000001 0.53671 0.91672 0.537872 0.9275059999999999 0.537872 0.928617 0.537175 0.929251 0.536245 0.9265549999999999 0.536245 0.9262370000000001 0.535781 0.92592 0.534154 0.9238580000000001 0.5334570000000001 0.9233819999999999 0.532993 0.9203680000000001 0.50302 0.916085 0.502788 0.911961 0.5320630000000001 0.9113260000000001 0.532993 0.909423 0.5334570000000001 0.9084709999999999 0.535548
0 0.922747 0.511385 0.922747 0.512082 0.924334 0.512779 0.93401 0.512779 0.9365479999999999 0.512314 0.9365479999999999 0.510223 0.9346450000000001 0.5092939999999999 0.934169 0.508132 0.931472 0.486757 0.9279820000000001 0.486757 0.925127 0.508829 0.9248100000000001 0.5095259999999999 0.923541 0.5097579999999999 0.922747 0.511385