1 0.9371829999999999 0.44493499999999997 0.937659 0.445864 0.9443210000000001 0.445864 0.944956 0.44493499999999997 0.944956 0.44447000000000003 0.943528 0.442612 0.9419420000000001 0.433086 0.9401970000000001 0.433086 0.938293 0.443309 0.9378170000000001 0.444006 0.937341 0.444006 0.9371829999999999 0.44493499999999997
3 0.861675 0.442844 0.861675 0.441682 0.861041 0.44145 0.860406 0.44005599999999995 0.8591369999999999 0.433318 0.8578680000000001 0.433318 0.8567579999999999 0.44051999999999997 0.855964 0.441682 0.855964 0.442844 0.861675 0.442844
1 0.832329 0.446561 0.8374050000000001 0.446561 0.838991 0.44609699999999997 0.838991 0.44447000000000003 0.838039 0.444238 0.837722 0.44377300000000003 0.836294 0.43517700000000004 0.834549 0.43494400000000005 0.8337559999999999 0.44377300000000003 0.833439 0.44470299999999996 0.832329 0.44470299999999996 0.832329 0.446561
1 0.80092 0.647072 0.796796 0.645911 0.796796 0.646375 0.804727 0.656366 0.811072 0.660781 0.815038 0.660781 0.8464470000000001 0.657528 0.846288 0.656831 0.842005 0.652416 0.8416880000000001 0.64684 0.834708 0.641729 0.8337559999999999 0.640335 0.8253489999999999 0.5815520000000001 0.8175760000000001 0.5815520000000001 0.8074239999999999 0.6396379999999999 0.806789 0.640567 0.8031409999999999 0.641729 0.80092 0.647072
1 0.789499 0.5304369999999999 0.789023 0.530901 0.786802 0.531366 0.787119 0.5334570000000001 0.798858 0.535316 0.8037750000000001 0.535316 0.8120240000000001 0.534154 0.812341 0.5332250000000001 0.8121829999999999 0.5320630000000001 0.809169 0.531134 0.8088520000000001 0.528578 0.805996 0.527881 0.8056789999999999 0.527184 0.8015549999999999 0.49651500000000004 0.797272 0.49651500000000004 0.792989 0.527416 0.792671 0.528113 0.7896569999999999 0.52881 0.789499 0.5304369999999999
1 0.8350250000000001 0.49256500000000003 0.8350250000000001 0.493262 0.8500949999999999 0.493262 0.849937 0.49070600000000003 0.848033 0.489545 0.8475569999999999 0.48861499999999997 0.8442259999999999 0.46909900000000004 0.841212 0.46909900000000004 0.838357 0.489777 0.837722 0.49070600000000003 0.8358190000000001 0.491171 0.8350250000000001 0.49256500000000003
1 0.747462 0.477928 0.757614 0.477928 0.757614 0.475372 0.7566620000000001 0.47467499999999996 0.7561869999999999 0.47374499999999997 0.7539659999999999 0.45887500000000003 0.751586 0.45887500000000003 0.749365 0.47467499999999996 0.7488900000000001 0.47560399999999997 0.747462 0.476069 0.747462 0.477928
1 0.728426 0.44934900000000005 0.734454 0.44958200000000004 0.734454 0.447723 0.7338199999999999 0.447491 0.733344 0.446561 0.732392 0.43935899999999994 0.730647 0.43935899999999994 0.729695 0.447491 0.729378 0.44818800000000003 0.728426 0.44818800000000003 0.728426 0.44934900000000005
3 0.74302 0.445864 0.748572 0.445864 0.748572 0.444238 0.747938 0.444006 0.747462 0.443309 0.746352 0.436803 0.745082 0.436571 0.744131 0.443309 0.7436550000000001 0.444238 0.74302 0.44447000000000003 0.74302 0.445864
3 0.643718 0.48815099999999995 0.643084 0.48861499999999997 0.642925 0.48931199999999997 0.654664 0.48931199999999997 0.654664 0.48791799999999996 0.654029 0.486292 0.652919 0.486292 0.652602 0.485595 0.6502220000000001 0.46863400000000005 0.647684 0.46863400000000005 0.645463 0.485827 0.645146 0.486524 0.643877 0.486989 0.643718 0.48815099999999995
1 0.631504 0.45446099999999995 0.636897 0.45469299999999996 0.636739 0.452602 0.635945 0.451905 0.634835 0.44493499999999997 0.6334069999999999 0.44470299999999996 0.632456 0.452138 0.6321380000000001 0.453067 0.631504 0.453299 0.631504 0.45446099999999995
3 0.612786 0.452835 0.617544 0.452835 0.617703 0.451441 0.617386 0.451441 0.6169100000000001 0.450511 0.615799 0.443541 0.61453 0.443541 0.613737 0.450511 0.613261 0.451441 0.6129439999999999 0.451441 0.612786 0.452835
3 0.10215700000000001 0.7592939999999999 0.099619 0.760223 0.098826 0.76092 0.09359100000000001 0.7676580000000001 0.09264 0.773467 0.09264 0.776952 0.094067 0.787175 0.095495 0.787175 0.149112 0.7736989999999999 0.14942899999999998 0.769981 0.14942899999999998 0.765335 0.147208 0.757435 0.145622 0.753485 0.143084 0.752556 0.138008 0.751394 0.13753200000000002 0.750232 0.135787 0.7407060000000001 0.12293799999999999 0.6777420000000001 0.12087600000000001 0.6777420000000001 0.11183399999999999 0.679368 0.102633 0.758364 0.10215700000000001 0.7592939999999999
3 0.465895 0.565056 0.463674 0.565288 0.463832 0.566682 0.470812 0.569006 0.47350899999999996 0.569006 0.476681 0.568309 0.48952999999999997 0.566682 0.48952999999999997 0.564823 0.487627 0.563894 0.48731 0.563429 0.48667499999999997 0.560409 0.483661 0.560177 0.48334400000000005 0.55948 0.477633 0.526255 0.473826 0.526255 0.470019 0.561106 0.469543 0.561571 0.466846 0.562268 0.465895 0.565056
3 0.576459 0.513243 0.575666 0.513476 0.575666 0.5146379999999999 0.5759839999999999 0.515102 0.5799489999999999 0.515799 0.585184 0.515799 0.587246 0.515335 0.592322 0.515102 0.592322 0.513476 0.591688 0.513243 0.591212 0.5125460000000001 0.590895 0.51092 0.588991 0.510455 0.5886739999999999 0.5097579999999999 0.584867 0.486989 0.58217 0.486989 0.579473 0.5099910000000001 0.578997 0.51092 0.577094 0.511849 0.576459 0.513243
1 0.5796319999999999 0.474442 0.5796319999999999 0.47490699999999997 0.580425 0.47560399999999997 0.587246 0.47560399999999997 0.588515 0.47490699999999997 0.58915 0.47420999999999996 0.58915 0.47374499999999997 0.586929 0.471654 0.585025 0.458643 0.583122 0.458643 0.582011 0.472119 0.581536 0.47328099999999995 0.580108 0.47374499999999997 0.5796319999999999 0.474442
1 0.550127 0.461431 0.55092 0.462361 0.553617 0.462361 0.555996 0.46189600000000003 0.5563130000000001 0.46119899999999997 0.5563130000000001 0.46026999999999996 0.555679 0.459572 0.555203 0.459572 0.554727 0.458643 0.553934 0.450279 0.55203 0.450279 0.551079 0.45887500000000003 0.550761 0.45980499999999996 0.550127 0.460037 0.550127 0.461431
1 0.5212559999999999 0.47026 0.5249050000000001 0.47026 0.527602 0.469796 0.527919 0.46933100000000005 0.527919 0.466775 0.526967 0.466775 0.52665 0.46631 0.5250630000000001 0.456087 0.523477 0.456087 0.522684 0.466078 0.522208 0.46724 0.5212559999999999 0.467472 0.5212559999999999 0.47026
3 0.5063449999999999 0.46189600000000003 0.5063449999999999 0.46050199999999997 0.5060279999999999 0.46050199999999997 0.505552 0.459572 0.504442 0.451905 0.502855 0.451905 0.502221 0.460037 0.501269 0.460967 0.501269 0.462361 0.5063449999999999 0.46189600000000003
3 0.460819 0.48280700000000004 0.46066 0.48327099999999995 0.469067 0.48350400000000004 0.470019 0.48303900000000005 0.470019 0.480716 0.468909 0.480251 0.468591 0.479554 0.46652899999999997 0.46724 0.46478400000000003 0.467007 0.46335699999999996 0.480716 0.46240500000000007 0.481413 0.46208799999999994 0.48211000000000004 0.460819 0.48280700000000004
3 0.45019 0.472351 0.45003200000000004 0.470028 0.449397 0.469796 0.448921 0.46886599999999995 0.447652 0.45933999999999997 0.44590699999999994 0.45933999999999997 0.44463800000000003 0.470028 0.44416200000000006 0.470725 0.44416200000000006 0.472351 0.45019 0.472351