3 0.700666 0.5146379999999999 0.700666 0.5160319999999999 0.701777 0.516496 0.709074 0.516264 0.709074 0.515567 0.7085980000000001 0.514405 0.707805 0.514173 0.707487 0.513476 0.707011 0.508829 0.70606 0.503485 0.705742 0.5004649999999999 0.704156 0.5004649999999999 0.702887 0.506041 0.702253 0.512779 0.701935 0.513708 0.700666 0.5146379999999999
3 0.648001 0.529507 0.646732 0.529972 0.6462559999999999 0.530669 0.6462559999999999 0.531366 0.649746 0.5320630000000001 0.656409 0.5320630000000001 0.659105 0.531599 0.657836 0.531366 0.657519 0.530901 0.6573599999999999 0.529507 0.655457 0.528578 0.6532359999999999 0.511385 0.651015 0.511385 0.6499050000000001 0.5160319999999999 0.648953 0.523002 0.648794 0.52881 0.648001 0.529507
3 0.550127 0.550186 0.5523480000000001 0.551812 0.558693 0.551812 0.564245 0.550651 0.563928 0.548559 0.562024 0.5478620000000001 0.5615479999999999 0.546933 0.558376 0.524861 0.55552 0.524861 0.552189 0.547165 0.551872 0.5478620000000001 0.550286 0.5478620000000001 0.550127 0.550186
3 0.35533000000000003 0.58434 0.354695 0.58527 0.351999 0.5861989999999999 0.351681 0.588755 0.350095 0.590149 0.349937 0.590846 0.362468 0.592007 0.367227 0.592007 0.373572 0.587825 0.373096 0.587361 0.371827 0.587128 0.37151 0.585037 0.368496 0.584572 0.368179 0.583875 0.367069 0.575279 0.36294400000000004 0.552045 0.359772 0.552045 0.35818500000000003 0.563662 0.35739200000000004 0.567844 0.35533000000000003 0.58434
1 0.051555 0.793913 0.050761 0.795307 0.03823 0.806227 0.037437 0.813894 0.037437 0.8257429999999999 0.041243999999999996 0.8257429999999999 0.055362 0.824349 0.085343 0.816914 0.10247500000000001 0.810177 0.10247500000000001 0.799024 0.099778 0.79066 0.09137100000000001 0.787175 0.090895 0.786245 0.087088 0.762082 0.08502499999999999 0.751162 0.078204 0.710967 0.07661799999999999 0.704229 0.073604 0.703764 0.070114 0.703764 0.065038 0.707249 0.051555 0.793913
1 0.036961 0.604322 0.033471 0.6057159999999999 0.032836 0.608504 0.03014 0.609433 0.029821999999999998 0.609898 0.035374 0.610595 0.039023 0.611524 0.046796 0.611524 0.063135 0.6073419999999999 0.06265899999999999 0.606877 0.059962 0.606413 0.059645000000000004 0.605483 0.059486000000000004 0.603392 0.055203 0.60223 0.054569 0.601533 0.052981999999999994 0.590846 0.050444 0.5801580000000001 0.048223 0.566682 0.044734 0.56645 0.043147000000000005 0.567844 0.042194999999999996 0.57342 0.040292 0.588987 0.037437 0.603625 0.036961 0.604322
1 0.23715099999999997 0.556691 0.23715099999999997 0.5578529999999999 0.254283 0.5578529999999999 0.254442 0.555762 0.25253800000000004 0.55553 0.251745 0.553903 0.24984099999999998 0.553671 0.249524 0.5532060000000001 0.245558 0.529507 0.242544 0.529507 0.239848 0.5532060000000001 0.23953000000000002 0.553903 0.23762699999999998 0.554833 0.23715099999999997 0.556691
1 0.457329 0.532296 0.46018400000000004 0.53276 0.46827399999999997 0.53276 0.46827399999999997 0.5304369999999999 0.466688 0.5290429999999999 0.466371 0.528113 0.463832 0.511849 0.46161199999999997 0.511849 0.45907400000000004 0.52881 0.458598 0.52974 0.457329 0.530669 0.457329 0.532296
1 0.560438 0.516961 0.560596 0.517426 0.5691620000000001 0.517426 0.5691620000000001 0.515567 0.567735 0.5146379999999999 0.567259 0.513476 0.565831 0.500929 0.5636099999999999 0.501162 0.563293 0.509061 0.561707 0.514405 0.560438 0.515567 0.560438 0.516961
1 0.577094 0.505809 0.577094 0.507203 0.583915 0.507203 0.583915 0.506273 0.582646 0.5044139999999999 0.580901 0.493262 0.579791 0.49302999999999997 0.579156 0.494888 0.5786800000000001 0.501626 0.577728 0.5048790000000001 0.577094 0.505809
1 0.586136 0.498838 0.586136 0.5 0.592481 0.5 0.592481 0.499303 0.5910529999999999 0.49744400000000005 0.590419 0.495586 0.590102 0.490474 0.589626 0.48838299999999996 0.588357 0.48815099999999995 0.588039 0.48861499999999997 0.5877220000000001 0.495353 0.5870879999999999 0.49790900000000005 0.586136 0.498838
1 0.590895 0.495353 0.596605 0.495586 0.596288 0.494191 0.595336 0.49302999999999997 0.5947020000000001 0.485595 0.594067 0.484898 0.5927979999999999 0.484898 0.592481 0.490009 0.591529 0.49302999999999997 0.590895 0.494191 0.590895 0.495353
1 0.595495 0.49070600000000003 0.596605 0.49140300000000003 0.5999369999999999 0.49140300000000003 0.6008880000000001 0.490939 0.601047 0.490474 0.600254 0.489777 0.599461 0.48815099999999995 0.599461 0.485827 0.598985 0.48257399999999995 0.598668 0.48211000000000004 0.597557 0.48211000000000004 0.59724 0.48513 0.5964470000000001 0.48884800000000006 0.595495 0.490242 0.595495 0.49070600000000003
0 0.6004120000000001 0.486989 0.604854 0.487221 0.604695 0.486292 0.604061 0.48513 0.6039019999999999 0.48280700000000004 0.603268 0.480019 0.602792 0.479089 0.602316 0.479089 0.601681 0.481413 0.601364 0.485362 0.6004120000000001 0.486292 0.6004120000000001 0.486989
0 0.606916 0.48350400000000004 0.606599 0.48303900000000005 0.606599 0.480948 0.606123 0.478857 0.605964 0.476533 0.605171 0.47630100000000003 0.604378 0.479554 0.60422 0.484201 0.606916 0.484201 0.606916 0.48350400000000004
0 0.5874050000000001 0.48211000000000004 0.5874050000000001 0.48118 0.5866119999999999 0.480483 0.586294 0.47560399999999997 0.585184 0.47560399999999997 0.584708 0.479786 0.584074 0.48118 0.584074 0.48211000000000004 0.5874050000000001 0.48211000000000004
0 0.6129439999999999 0.481645 0.6165930000000001 0.481645 0.6165930000000001 0.480948 0.615958 0.480251 0.615165 0.47490699999999997 0.614213 0.47490699999999997 0.613896 0.47630100000000003 0.613737 0.479554 0.6129439999999999 0.480251 0.6129439999999999 0.481645
0 0.646415 0.48303900000000005 0.649429 0.48303900000000005 0.6495879999999999 0.48234199999999994 0.6491119999999999 0.481877 0.6491119999999999 0.479089 0.648636 0.476069 0.647367 0.476069 0.647367 0.47839200000000004 0.646732 0.481413 0.646415 0.481877 0.646415 0.48303900000000005
0 0.667671 0.485827 0.66783 0.484433 0.667354 0.48396800000000006 0.66672 0.48234199999999994 0.66672 0.479554 0.6664019999999999 0.477928 0.665133 0.47769500000000004 0.6646569999999999 0.48396800000000006 0.664023 0.484898 0.664023 0.485827 0.667671 0.485827
0 0.6697339999999999 0.48861499999999997 0.669099 0.48884800000000006 0.669099 0.490474 0.672113 0.490242 0.671954 0.485827 0.672272 0.48280700000000004 0.672589 0.481877 0.672113 0.480483 0.670844 0.480716 0.670209 0.48350400000000004 0.6700510000000001 0.48791799999999996 0.6697339999999999 0.48861499999999997
0 0.672272 0.490242 0.671954 0.491171 0.6713199999999999 0.491636 0.671478 0.49302999999999997 0.674334 0.49302999999999997 0.675603 0.49210000000000004 0.675603 0.490939 0.674968 0.48907999999999996 0.674175 0.48280700000000004 0.673858 0.481877 0.672906 0.481877 0.6724300000000001 0.48280700000000004 0.672113 0.485827 0.672272 0.490242
0 0.684327 0.49744400000000005 0.684962 0.49674699999999994 0.684962 0.49605 0.683852 0.493494 0.683217 0.487221 0.682582 0.48513 0.6813130000000001 0.48513 0.680996 0.486757 0.6803619999999999 0.495121 0.679569 0.49721200000000004 0.684327 0.49744400000000005
0 0.689879 0.50395 0.689086 0.50395 0.689086 0.505112 0.689721 0.505809 0.695431 0.505809 0.695749 0.505344 0.695749 0.5044139999999999 0.694956 0.5032530000000001 0.69448 0.500929 0.694004 0.49302999999999997 0.692893 0.49070600000000003 0.691942 0.49070600000000003 0.691624 0.490939 0.690831 0.49628300000000003 0.6905140000000001 0.502556 0.689879 0.50395
0 0.567418 0.480483 0.5675760000000001 0.479786 0.566307 0.47862499999999997 0.565831 0.47420999999999996 0.564879 0.47420999999999996 0.564404 0.47839200000000004 0.5636099999999999 0.480019 0.5636099999999999 0.480716 0.567418 0.480483
0 0.553141 0.481413 0.5523480000000001 0.478857 0.551713 0.47560399999999997 0.551713 0.474442 0.551079 0.474442 0.550127 0.480019 0.54981 0.480483 0.54981 0.481413 0.553141 0.481413
0 0.509201 0.480251 0.512214 0.480251 0.512214 0.47932199999999997 0.511739 0.47862499999999997 0.511421 0.47397799999999995 0.510311 0.47397799999999995 0.5099940000000001 0.47490699999999997 0.509835 0.47769500000000004 0.509201 0.479554 0.509201 0.480251
0 0.502538 0.480251 0.501904 0.479554 0.501428 0.47816000000000003 0.5009520000000001 0.474442 0.500159 0.47420999999999996 0.499048 0.480716 0.49936499999999995 0.48118 0.502379 0.48118 0.502538 0.480251
0 0.451618 0.480019 0.45494899999999994 0.480019 0.454473 0.47862499999999997 0.453839 0.474442 0.45336299999999996 0.47351299999999996 0.45288700000000004 0.47351299999999996 0.452411 0.47490699999999997 0.452411 0.47723000000000004 0.451618 0.479089 0.451618 0.480019
0 0.45019 0.480019 0.44908000000000003 0.47816000000000003 0.448921 0.475836 0.448604 0.47490699999999997 0.447811 0.47467499999999996 0.447494 0.478857 0.446701 0.48118 0.45019 0.48118 0.45019 0.480019
0 0.407519 0.48257399999999995 0.40767800000000004 0.481413 0.407043 0.480251 0.40672600000000003 0.47862499999999997 0.40672600000000003 0.476069 0.406567 0.47560399999999997 0.405457 0.47560399999999997 0.40482199999999996 0.480483 0.404188 0.481877 0.404188 0.48257399999999995 0.407519 0.48257399999999995
0 0.399746 0.480716 0.399746 0.479786 0.398794 0.47816000000000003 0.398794 0.47630100000000003 0.398319 0.47467499999999996 0.397525 0.47467499999999996 0.397049 0.479554 0.396732 0.479786 0.396732 0.480716 0.399746 0.480716
0 0.362468 0.481413 0.361516 0.479786 0.36135799999999996 0.47816000000000003 0.360723 0.476069 0.360406 0.47560399999999997 0.359454 0.47560399999999997 0.359454 0.479089 0.35882000000000003 0.481877 0.362468 0.481877 0.362468 0.481413
3 0.869448 0.784619 0.869448 0.786013 0.8705579999999999 0.786245 0.870717 0.787175 0.867227 0.8108739999999999 0.8669100000000001 0.811571 0.8656409999999999 0.8122680000000001 0.861041 0.8120350000000001 0.8596130000000001 0.8127319999999999 0.857075 0.815753 0.8556469999999999 0.816217 0.8523160000000001 0.834108 0.851999 0.834805 0.8516809999999999 0.838058 0.907836 0.8531599999999999 0.917037 0.8531599999999999 0.920685 0.844796 0.920844 0.835037 0.918782 0.832714 0.9190989999999999 0.8324809999999999 0.9190989999999999 0.8320169999999999 0.917037 0.826905 0.9143399999999999 0.824582 0.911643 0.8213290000000001 0.908154 0.820632 0.907519 0.820167 0.8919729999999999 0.727928 0.889594 0.72816 0.8829309999999999 0.726998 0.8802350000000001 0.726998 0.879759 0.729554 0.879124 0.729786 0.876904 0.7451209999999999 0.869448 0.784619