3 0.100095 0.6919139999999999 0.099619 0.693076 0.093115 0.696329 0.091529 0.69842 0.09137100000000001 0.704229 0.089626 0.705855 0.088832 0.708411 0.088832 0.709572 0.089308 0.710037 0.092164 0.710037 0.12151 0.705623 0.130711 0.70539 0.134042 0.700279 0.135152 0.695864 0.13547 0.6954 0.135628 0.693541 0.134994 0.692612 0.131187 0.689126 0.127855 0.688662 0.126904 0.6879649999999999 0.12293799999999999 0.668913 0.11881299999999999 0.646375 0.11833800000000001 0.644981 0.117703 0.6410319999999999 0.11738599999999999 0.640335 0.11484799999999999 0.627788 0.11024700000000001 0.627788 0.10770900000000001 0.628485 0.10390200000000001 0.655901 0.100095 0.6919139999999999
0 0.079949 0.5 0.088198 0.5 0.088039 0.498606 0.08677 0.498606 0.086453 0.49814100000000006 0.08439100000000001 0.48327099999999995 0.08280499999999999 0.48327099999999995 0.081218 0.49744400000000005 0.08074200000000001 0.498606 0.079949 0.498838 0.079949 0.5
0 0.18876900000000002 0.513941 0.1875 0.514173 0.1875 0.5148699999999999 0.198921 0.5148699999999999 0.20082499999999998 0.514405 0.199556 0.513941 0.198604 0.5125460000000001 0.19797 0.512314 0.197494 0.511385 0.196542 0.505344 0.195907 0.498606 0.194956 0.49302999999999997 0.192418 0.49302999999999997 0.190831 0.512314 0.190355 0.512779 0.189245 0.513011 0.18876900000000002 0.513941
0 0.233027 0.501162 0.241434 0.501162 0.241434 0.500232 0.240958 0.499535 0.240958 0.499071 0.24016500000000002 0.498838 0.239848 0.498374 0.239372 0.49070600000000003 0.238103 0.48396800000000006 0.23635799999999998 0.48396800000000006 0.23477199999999998 0.49814100000000006 0.234296 0.499303 0.233344 0.499768 0.233027 0.501162
0 0.34724 0.516729 0.345654 0.516961 0.34882599999999997 0.517426 0.359137 0.517193 0.359137 0.5160319999999999 0.35786799999999996 0.5160319999999999 0.357709 0.5148699999999999 0.357075 0.5148699999999999 0.355647 0.513941 0.355171 0.508132 0.353426 0.49372699999999997 0.351047 0.49372699999999997 0.349302 0.514405 0.347716 0.515102 0.347557 0.516264 0.34724 0.516729
0 0.384201 0.502091 0.384201 0.502556 0.393401 0.502323 0.393401 0.5018589999999999 0.39260799999999996 0.500697 0.39181499999999997 0.5004649999999999 0.391497 0.5 0.39117999999999997 0.494191 0.389594 0.484201 0.387849 0.484201 0.386421 0.5004649999999999 0.385152 0.500929 0.385152 0.5018589999999999 0.384201 0.502091
0 0.45621799999999996 0.575279 0.455901 0.575743 0.45320400000000005 0.575743 0.45320400000000005 0.576441 0.453522 0.5773699999999999 0.461453 0.579229 0.46541899999999997 0.579229 0.477792 0.576905 0.477475 0.576441 0.47525399999999995 0.575976 0.474937 0.57342 0.47414300000000004 0.572723 0.471923 0.5717939999999999 0.47144700000000006 0.570864 0.467164 0.532993 0.463515 0.532993 0.459391 0.571561 0.45907400000000004 0.5720259999999999 0.456536 0.573188 0.45621799999999996 0.575279
0 0.546637 0.526719 0.545685 0.526952 0.545685 0.527416 0.546954 0.528346 0.554886 0.528346 0.5594859999999999 0.527881 0.559169 0.526487 0.558376 0.525093 0.557265 0.524861 0.556789 0.5241640000000001 0.555679 0.510455 0.553934 0.5004649999999999 0.551396 0.500232 0.5490160000000001 0.5239309999999999 0.5486989999999999 0.524861 0.547272 0.525325 0.546637 0.526719
0 0.555044 0.503485 0.555044 0.505112 0.564404 0.505344 0.564404 0.5046470000000001 0.5634520000000001 0.5046470000000001 0.562976 0.5032530000000001 0.562183 0.50302 0.561707 0.502091 0.560596 0.490939 0.559645 0.485595 0.5579 0.485362 0.5574239999999999 0.48745399999999994 0.5563130000000001 0.502091 0.5558379999999999 0.5032530000000001 0.555044 0.503485
1 0.692259 0.61803 0.6905140000000001 0.619656 0.690355 0.6203529999999999 0.694004 0.625232 0.698763 0.626394 0.703204 0.625929 0.709391 0.626394 0.717322 0.626394 0.7217640000000001 0.625697 0.7217640000000001 0.624768 0.720019 0.619888 0.718433 0.617565 0.715102 0.616171 0.714626 0.6152420000000001 0.708439 0.569703 0.703204 0.569703 0.6974940000000001 0.614777 0.696859 0.6157060000000001 0.692259 0.617333 0.692259 0.61803
1 0.687659 0.5190520000000001 0.686231 0.519517 0.688135 0.520214 0.700349 0.520214 0.700349 0.519517 0.699714 0.5192840000000001 0.699239 0.518587 0.69908 0.517193 0.697811 0.516961 0.697176 0.5160319999999999 0.696701 0.510223 0.695749 0.505344 0.694797 0.49790900000000005 0.6925760000000001 0.49814100000000006 0.6901970000000001 0.516264 0.689562 0.517193 0.687817 0.5176580000000001 0.687659 0.5190520000000001
1 0.8153549999999999 0.552277 0.815038 0.5529740000000001 0.8125 0.553671 0.812341 0.554136 0.8204309999999999 0.55553 0.832329 0.55553 0.835977 0.555065 0.836136 0.554368 0.8337559999999999 0.553671 0.833439 0.551812 0.831218 0.55158 0.830425 0.551115 0.826459 0.521375 0.8224940000000001 0.521375 0.818369 0.549257 0.818052 0.5499539999999999 0.815514 0.550418 0.8153549999999999 0.552277