1 0.368813 0.6073419999999999 0.368338 0.6103620000000001 0.36802 0.610827 0.364848 0.611524 0.364689 0.6138480000000001 0.376904 0.618262 0.381662 0.618494 0.385787 0.616636 0.399746 0.614545 0.40149100000000004 0.613615 0.40180800000000005 0.612686 0.40069800000000005 0.611524 0.396891 0.6103620000000001 0.396574 0.608271 0.39578 0.606413 0.39213200000000004 0.605019 0.391656 0.604322 0.384359 0.5576209999999999 0.378966 0.5578529999999999 0.373255 0.605019 0.372938 0.6057159999999999 0.3704 0.6061799999999999 0.368813 0.6073419999999999
1 0.33106 0.46119899999999997 0.33106 0.460037 0.329949 0.459572 0.329473 0.458643 0.327887 0.450279 0.326459 0.45004600000000006 0.32614200000000004 0.45980499999999996 0.325032 0.46026999999999996 0.325032 0.46119899999999997 0.33106 0.46119899999999997
1 0.309327 0.450511 0.309327 0.44911700000000004 0.308693 0.44865199999999994 0.308058 0.447258 0.307582 0.443076 0.30647199999999997 0.442844 0.305838 0.44842000000000004 0.305203 0.44981400000000005 0.305203 0.450511 0.309327 0.450511
1 0.28934000000000004 0.457714 0.294258 0.457714 0.294416 0.456552 0.293782 0.456087 0.29330599999999996 0.45492600000000005 0.292354 0.447955 0.291244 0.447955 0.29013300000000003 0.45469299999999996 0.289975 0.456552 0.28934000000000004 0.457017 0.28934000000000004 0.457714
3 0.252379 0.46189600000000003 0.25111 0.462361 0.25111 0.46282500000000004 0.257614 0.46259300000000003 0.257297 0.461664 0.256504 0.461431 0.256187 0.460734 0.254918 0.452138 0.253807 0.451905 0.253807 0.45376399999999995 0.25333100000000003 0.456087 0.252855 0.460967 0.252379 0.46189600000000003
0 0.23397800000000002 0.450279 0.232709 0.44842000000000004 0.231916 0.441914 0.23112300000000002 0.441914 0.23033 0.44934900000000005 0.22969499999999998 0.44981400000000005 0.22969499999999998 0.450279 0.23397800000000002 0.450279
1 0.20796299999999998 0.470957 0.206853 0.471422 0.207011 0.473048 0.21415 0.472816 0.21446700000000002 0.472584 0.21446700000000002 0.47119 0.21303899999999998 0.469796 0.21177 0.463058 0.211294 0.45887500000000003 0.210025 0.458643 0.20954899999999999 0.45910799999999996 0.20954899999999999 0.460967 0.20828000000000002 0.47026 0.20796299999999998 0.470957
3 0.198763 0.45817800000000003 0.198763 0.457481 0.197652 0.45632 0.196383 0.44888500000000003 0.195273 0.44865199999999994 0.19448000000000001 0.457017 0.19352799999999998 0.457481 0.19352799999999998 0.45817800000000003 0.198763 0.45817800000000003
3 0.134201 0.469796 0.132931 0.47026 0.132931 0.47119 0.14038699999999998 0.47119 0.14038699999999998 0.469796 0.139277 0.46933100000000005 0.138959 0.46863400000000005 0.138642 0.465149 0.13769 0.461431 0.137214 0.457946 0.135945 0.457714 0.13547 0.463058 0.134676 0.466775 0.134518 0.46886599999999995 0.134201 0.469796
0 0.10120599999999999 0.45817800000000003 0.10644 0.457714 0.10644 0.457249 0.10548900000000001 0.456552 0.105013 0.455623 0.10453699999999999 0.450743 0.10390200000000001 0.447955 0.102792 0.447723 0.10247500000000001 0.44911700000000004 0.10184 0.456552 0.10120599999999999 0.457249 0.10120599999999999 0.45817800000000003
0 0.071542 0.453067 0.075666 0.453067 0.075666 0.45237 0.074873 0.450743 0.07408000000000001 0.44447000000000003 0.073604 0.44377300000000003 0.07297000000000001 0.44377300000000003 0.07265200000000001 0.444238 0.07217599999999999 0.451905 0.071542 0.45237 0.071542 0.453067
0 0.060596000000000004 0.450279 0.060438000000000006 0.451208 0.065038 0.450976 0.065038 0.450279 0.06440399999999999 0.44958200000000004 0.06361 0.44377300000000003 0.063293 0.443309 0.062183 0.443309 0.061707 0.444238 0.06139 0.44981400000000005 0.061072 0.450279 0.060596000000000004 0.450279
1 0.050761 0.48373600000000005 0.056472 0.48373600000000005 0.060914 0.48327099999999995 0.060914 0.481413 0.060596000000000004 0.480948 0.059645000000000004 0.480716 0.058692999999999995 0.47816000000000003 0.058376 0.475139 0.057423999999999996 0.47119 0.057264999999999996 0.46724 0.056789 0.466543 0.054569 0.466543 0.053458000000000006 0.47816000000000003 0.05234799999999999 0.480716 0.050602999999999995 0.481413 0.050761 0.48373600000000005
2 0.031726 0.465381 0.036961 0.464684 0.036961 0.46352200000000005 0.034898 0.46329000000000004 0.034422999999999995 0.46259300000000003 0.031567 0.447026 0.03125 0.446329 0.029821999999999998 0.446329 0.028394999999999997 0.46352200000000005 0.027284000000000003 0.464452 0.027284000000000003 0.465381 0.031726 0.465381
0 0.027284000000000003 0.457946 0.027284000000000003 0.457017 0.026808 0.456784 0.026490999999999997 0.455855 0.025222 0.447723 0.023477 0.447491 0.022843 0.456552 0.022208 0.457017 0.022208 0.457946 0.027284000000000003 0.457946
1 0.27823600000000004 0.45422900000000005 0.27823600000000004 0.452835 0.277126 0.451673 0.276808 0.44958200000000004 0.27617400000000003 0.44818800000000003 0.275857 0.445632 0.275539 0.445167 0.274905 0.445167 0.274112 0.452835 0.273477 0.453299 0.273477 0.45422900000000005 0.27823600000000004 0.45422900000000005
1 0.276332 0.44818800000000003 0.27665 0.44911700000000004 0.278395 0.44911700000000004 0.278553 0.44818800000000003 0.27791899999999997 0.447723 0.277602 0.44679399999999997 0.276967 0.441914 0.276015 0.441914 0.275698 0.443309 0.275698 0.445167 0.276015 0.445632 0.276332 0.44818800000000003
0 0.221447 0.45376399999999995 0.22573 0.45376399999999995 0.22573 0.453299 0.225095 0.452602 0.22414299999999998 0.44539999999999996 0.223509 0.444006 0.22303299999999998 0.444006 0.22224 0.44888500000000003 0.22208100000000003 0.452602 0.221447 0.453067 0.221447 0.45376399999999995
0 0.14467000000000002 0.44958200000000004 0.147843 0.44958200000000004 0.146891 0.442844 0.146574 0.442147 0.145622 0.442147 0.145305 0.442844 0.145146 0.44865199999999994 0.144511 0.44865199999999994 0.14467000000000002 0.44958200000000004
0 0.22461899999999999 0.447955 0.226364 0.44818800000000003 0.226364 0.447491 0.22557100000000002 0.447026 0.22557100000000002 0.445167 0.224778 0.44075300000000006 0.223509 0.44051999999999997 0.223192 0.44377300000000003 0.223509 0.44377300000000003 0.22398500000000002 0.44447000000000003 0.22461899999999999 0.447955
0 0.151332 0.451673 0.151332 0.450743 0.150698 0.450279 0.15038100000000001 0.44958200000000004 0.149746 0.443541 0.148636 0.443541 0.148001 0.44981400000000005 0.147208 0.451208 0.147208 0.451673 0.151332 0.451673
2 0.142449 0.46189600000000003 0.143877 0.46119899999999997 0.147367 0.460967 0.147525 0.46026999999999996 0.146098 0.458643 0.145146 0.451905 0.14356 0.44493499999999997 0.142291 0.44470299999999996 0.141339 0.459572 0.140546 0.46050199999999997 0.140546 0.46189600000000003 0.142449 0.46189600000000003