3 0.9091049999999999 0.743959 0.904822 0.744656 0.9016500000000001 0.748838 0.899112 0.750929 0.8981600000000001 0.751394 0.894829 0.751394 0.894829 0.752323 0.895622 0.7548790000000001 0.897208 0.757435 0.918464 0.771608 0.946383 0.772305 0.963039 0.772305 0.963039 0.7688200000000001 0.957963 0.7648699999999999 0.955425 0.76092 0.9533630000000001 0.7546470000000001 0.945114 0.750929 0.944797 0.7504649999999999 0.9411479999999999 0.727695 0.933376 0.695632 0.931472 0.679136 0.931631 0.674024 0.9246510000000001 0.6726300000000001 0.9222720000000001 0.6726300000000001 0.920051 0.674721 0.919575 0.675883 0.909423 0.743262 0.9091049999999999 0.743959
3 0.79981 0.576441 0.797113 0.577602 0.796796 0.578299 0.796637 0.5801580000000001 0.796161 0.580623 0.7947339999999999 0.580855 0.794099 0.5815520000000001 0.794099 0.582017 0.799334 0.582481 0.800761 0.582946 0.810755 0.582946 0.8188449999999999 0.582249 0.8191620000000001 0.5815520000000001 0.8191620000000001 0.580623 0.816783 0.5801580000000001 0.8164659999999999 0.579693 0.8161479999999999 0.578067 0.8134520000000001 0.5771379999999999 0.8129759999999999 0.576441 0.81139 0.5673790000000001 0.808376 0.5464680000000001 0.804886 0.5464680000000001 0.8037750000000001 0.548095 0.802189 0.557156 0.800127 0.575976 0.79981 0.576441
3 0.69448 0.5292749999999999 0.694004 0.529972 0.683852 0.537872 0.6835340000000001 0.5383359999999999 0.6835340000000001 0.54066 0.684169 0.541357 0.696701 0.539963 0.698128 0.541822 0.702094 0.541589 0.702411 0.541125 0.702411 0.53973 0.701459 0.535316 0.700508 0.532528 0.70019 0.528578 0.6995560000000001 0.525093 0.696066 0.525093 0.6946380000000001 0.526487 0.6941620000000001 0.527649 0.69448 0.5292749999999999
1 0.282836 0.751162 0.281567 0.75395 0.276967 0.756738 0.273477 0.76092 0.273477 0.762314 0.275539 0.771143 0.279346 0.776255 0.286485 0.776022 0.297747 0.774628 0.307582 0.77184 0.318369 0.770446 0.322494 0.7688200000000001 0.32312799999999997 0.7676580000000001 0.323287 0.765335 0.320907 0.76092 0.320114 0.756041 0.318845 0.7532530000000001 0.315197 0.7495350000000001 0.31202399999999997 0.7495350000000001 0.311707 0.749071 0.30916899999999997 0.734665 0.307107 0.71631 0.304251 0.7063200000000001 0.302348 0.6893589999999999 0.302189 0.680994 0.295527 0.680762 0.291402 0.682156 0.288388 0.717007 0.282836 0.751162
1 0.515863 0.601998 0.514277 0.603625 0.514594 0.6059479999999999 0.514277 0.606413 0.511739 0.606877 0.511897 0.608039 0.51269 0.608736 0.5141180000000001 0.6089680000000001 0.518242 0.6089680000000001 0.522367 0.609898 0.527919 0.609898 0.5375949999999999 0.606413 0.53823 0.6057159999999999 0.53823 0.605251 0.5375949999999999 0.604322 0.535374 0.604554 0.534581 0.60223 0.532519 0.6013010000000001 0.532043 0.6006039999999999 0.5302979999999999 0.593169 0.5285529999999999 0.5801580000000001 0.52665 0.570167 0.526491 0.5673790000000001 0.521891 0.567612 0.521415 0.568076 0.517925 0.6010690000000001 0.517608 0.601533 0.515863 0.601998
1 0.5544100000000001 0.567612 0.553617 0.567612 0.5523480000000001 0.568309 0.5523480000000001 0.569935 0.557107 0.570632 0.5625 0.570632 0.567418 0.56947 0.571701 0.569703 0.572018 0.569006 0.572018 0.568076 0.570273 0.567612 0.569321 0.565288 0.567735 0.565056 0.567418 0.564591 0.565355 0.553671 0.564245 0.541589 0.563135 0.5388010000000001 0.560438 0.539033 0.557265 0.564126 0.556789 0.565056 0.554569 0.565985 0.5544100000000001 0.567612
1 0.521574 0.548792 0.533629 0.548559 0.533788 0.545307 0.533629 0.5448419999999999 0.5322020000000001 0.544145 0.532043 0.542286 0.530774 0.5381039999999999 0.5301400000000001 0.531831 0.529346 0.529507 0.528871 0.52579 0.5285529999999999 0.525093 0.525698 0.525325 0.523477 0.544377 0.523001 0.545307 0.521574 0.546236 0.521574 0.548792
3 0.536009 0.527881 0.536009 0.530204 0.5363260000000001 0.530669 0.539816 0.530669 0.545527 0.52974 0.545527 0.528113 0.543782 0.526255 0.542989 0.5188200000000001 0.542354 0.5160319999999999 0.542037 0.515567 0.5412440000000001 0.511617 0.539816 0.511617 0.539181 0.512314 0.5374369999999999 0.526719 0.536961 0.527649 0.536009 0.527881
1 0.434645 0.539266 0.434327 0.540428 0.434327 0.541822 0.44416200000000006 0.541589 0.44511399999999995 0.541125 0.445273 0.539033 0.44463800000000003 0.5383359999999999 0.443528 0.5383359999999999 0.44321099999999997 0.537407 0.44305199999999995 0.532296 0.44225899999999996 0.52881 0.44210000000000005 0.525325 0.44099000000000005 0.521143 0.440673 0.520911 0.438293 0.521143 0.437817 0.523234 0.43639 0.537407 0.435914 0.5385690000000001 0.434645 0.539266
3 0.371034 0.529507 0.370558 0.5304369999999999 0.370558 0.531134 0.379918 0.530901 0.379918 0.5292749999999999 0.379124 0.5292749999999999 0.37833100000000003 0.527881 0.37801399999999996 0.5241640000000001 0.376904 0.5190520000000001 0.376745 0.517193 0.375159 0.514173 0.37452399999999997 0.514173 0.37389 0.5148699999999999 0.37246199999999996 0.527881 0.37198600000000004 0.52881 0.371034 0.529507
1 0.30916899999999997 0.54066 0.308534 0.541822 0.307107 0.542054 0.306789 0.5434479999999999 0.313769 0.5436799999999999 0.314721 0.5432159999999999 0.318369 0.542751 0.32059000000000004 0.542054 0.320431 0.541589 0.319797 0.541357 0.319321 0.540428 0.318211 0.540195 0.31757599999999997 0.539266 0.317418 0.535548 0.31599 0.5292749999999999 0.31551399999999996 0.524861 0.31503800000000004 0.523467 0.312659 0.523234 0.31202399999999997 0.524861 0.310279 0.53973 0.30996199999999996 0.540428 0.30916899999999997 0.54066
3 0.037278 0.539498 0.037753999999999996 0.539963 0.045844 0.539963 0.047589 0.539498 0.047589 0.537175 0.04632 0.536478 0.045844 0.535781 0.043464 0.523467 0.040768 0.523234 0.03934 0.536245 0.039023 0.537175 0.037278 0.5388010000000001 0.037278 0.539498
3 0.044099 0.526022 0.051237 0.52579 0.051237 0.5241640000000001 0.050444 0.5239309999999999 0.049968 0.523234 0.049651 0.520678 0.048381999999999994 0.516729 0.047906 0.513941 0.045209 0.513708 0.044416 0.5192840000000001 0.044575 0.5241640000000001 0.044099 0.524628 0.044099 0.526022
1 0.12436499999999999 0.549489 0.12357199999999999 0.5499539999999999 0.123255 0.550651 0.132138 0.550651 0.13769 0.549721 0.138642 0.548792 0.138642 0.548095 0.137849 0.547398 0.13531100000000001 0.5464680000000001 0.13483499999999998 0.545539 0.132297 0.52974 0.12928299999999998 0.530204 0.127221 0.546933 0.125159 0.548327 0.12436499999999999 0.549489
1 0.11024700000000001 0.517426 0.11151599999999999 0.51789 0.113737 0.51789 0.11500600000000001 0.516961 0.11691 0.516729 0.11691 0.515799 0.11627499999999999 0.515799 0.115641 0.5146379999999999 0.115482 0.510455 0.11484799999999999 0.507435 0.11246799999999998 0.507203 0.111675 0.5148699999999999 0.111358 0.515799 0.11024700000000001 0.516264 0.11024700000000001 0.517426
3 0.149905 0.518123 0.151015 0.5176580000000001 0.151015 0.516496 0.15022200000000002 0.516496 0.149588 0.515102 0.14942899999999998 0.511849 0.148794 0.5099910000000001 0.148319 0.507203 0.147049 0.50697 0.14578 0.5160319999999999 0.144987 0.516961 0.144987 0.518123 0.149905 0.518123
3 0.189879 0.537175 0.189879 0.537872 0.20034900000000003 0.537872 0.20019 0.535316 0.199873 0.534851 0.198604 0.534387 0.198287 0.531134 0.196542 0.521143 0.194004 0.520911 0.192259 0.534619 0.19178299999999998 0.535548 0.19051400000000002 0.536245 0.189879 0.537175
0 0.220654 0.510688 0.22097099999999997 0.510223 0.22097099999999997 0.5095259999999999 0.220654 0.5092939999999999 0.220336 0.506506 0.219385 0.5032530000000001 0.219226 0.500232 0.217798 0.5004649999999999 0.217798 0.507203 0.218274 0.5095259999999999 0.21875 0.510688 0.220654 0.510688
0 0.219385 0.514173 0.219702 0.513941 0.219702 0.513243 0.21859099999999998 0.51092 0.21764 0.507203 0.21748099999999998 0.502556 0.215736 0.502556 0.21494300000000002 0.51092 0.213991 0.512779 0.21351499999999998 0.514405 0.219385 0.514173