0 0.250635 0.588987 0.249524 0.589452 0.249365 0.589916 0.26364200000000004 0.592472 0.268084 0.592472 0.282043 0.587361 0.282995 0.5866640000000001 0.283154 0.585967 0.282678 0.585502 0.27823600000000004 0.585502 0.277602 0.583178 0.276808 0.582017 0.274588 0.5813200000000001 0.274112 0.580855 0.268401 0.534387 0.262532 0.534619 0.258249 0.582481 0.254283 0.58434 0.253966 0.58829 0.250635 0.588987
0 0.341688 0.5146379999999999 0.34026 0.515799 0.340102 0.516264 0.345654 0.516264 0.355489 0.515335 0.356916 0.513708 0.356916 0.512779 0.355647 0.5125460000000001 0.354854 0.511385 0.353109 0.51092 0.352792 0.510223 0.348668 0.48211000000000004 0.345495 0.48211000000000004 0.34375 0.511385 0.343433 0.511849 0.341688 0.5125460000000001 0.341688 0.5146379999999999
0 0.393242 0.47769500000000004 0.392291 0.478857 0.40275999999999995 0.47862499999999997 0.40355299999999994 0.47769500000000004 0.40355299999999994 0.47699800000000003 0.402602 0.476766 0.402126 0.476069 0.401015 0.475836 0.40069800000000005 0.475139 0.398319 0.457249 0.396415 0.457249 0.396098 0.457481 0.394511 0.475836 0.393242 0.47699800000000003 0.393242 0.47769500000000004
3 0.417195 0.460967 0.416561 0.461431 0.416561 0.46189600000000003 0.421161 0.46189600000000003 0.42481 0.461431 0.42481 0.460967 0.424492 0.460734 0.424492 0.45980499999999996 0.423541 0.459572 0.423223 0.45887500000000003 0.42132 0.447491 0.41957500000000003 0.447258 0.418464 0.45887500000000003 0.41798900000000005 0.460037 0.417354 0.46026999999999996 0.417195 0.460967
3 0.457805 0.432621 0.45716999999999997 0.431691 0.456377 0.42657999999999996 0.45542499999999997 0.42657999999999996 0.45494899999999994 0.430994 0.45494899999999994 0.43355 0.457805 0.43355 0.457805 0.432621
3 0.492227 0.428671 0.492227 0.427974 0.49191 0.427742 0.491117 0.422862 0.490799 0.422165 0.490165 0.422165 0.489689 0.427509 0.489213 0.427974 0.489213 0.428671 0.492227 0.428671
1 0.50349 0.430994 0.503648 0.43006500000000003 0.502855 0.429368 0.501904 0.423792 0.5009520000000001 0.423559 0.500317 0.429368 0.499841 0.429833 0.499841 0.430994 0.50349 0.430994
3 0.519511 0.44051999999999997 0.519511 0.43959099999999995 0.518401 0.43935899999999994 0.518084 0.438662 0.516973 0.43006500000000003 0.515546 0.43006500000000003 0.514753 0.439126 0.5138010000000001 0.43982299999999996 0.5138010000000001 0.44075300000000006 0.519511 0.44051999999999997
1 0.518877 0.427742 0.522367 0.427509 0.522367 0.42657999999999996 0.521732 0.42565099999999995 0.520939 0.42077099999999995 0.519987 0.42077099999999995 0.51967 0.421933 0.519353 0.42634800000000006 0.518877 0.42681199999999997 0.518877 0.427742
1 0.529188 0.431691 0.532836 0.431924 0.533312 0.431459 0.533312 0.430762 0.532995 0.430762 0.532519 0.429833 0.531885 0.423327 0.530774 0.423095 0.530457 0.423327 0.5301400000000001 0.43029700000000004 0.529346 0.430762 0.529188 0.431691
3 0.555996 0.43448000000000003 0.5563130000000001 0.43355 0.5553619999999999 0.432156 0.554251 0.42495399999999994 0.552982 0.42495399999999994 0.552189 0.433086 0.551555 0.43355 0.551555 0.43448000000000003 0.555996 0.43448000000000003
3 0.5655140000000001 0.42053900000000005 0.565038 0.41612499999999997 0.564086 0.41612499999999997 0.5634520000000001 0.422398 0.56599 0.422398 0.56599 0.42146800000000006 0.5655140000000001 0.42053900000000005
1 0.57519 0.423095 0.575508 0.422862 0.575508 0.421701 0.574873 0.42077099999999995 0.574397 0.41682199999999997 0.573287 0.41682199999999997 0.572811 0.42077099999999995 0.572176 0.421701 0.572176 0.422862 0.57519 0.423095
1 0.582805 0.44075300000000006 0.583439 0.44005599999999995 0.583439 0.438894 0.582963 0.438894 0.582646 0.438197 0.580901 0.428671 0.579473 0.428671 0.578522 0.438894 0.577728 0.43935899999999994 0.577728 0.44051999999999997 0.582805 0.44075300000000006
1 0.625317 0.432853 0.630393 0.432621 0.630393 0.431459 0.629918 0.43122699999999997 0.629442 0.43006500000000003 0.62849 0.422398 0.627221 0.422398 0.626904 0.423327 0.6261099999999999 0.43122699999999997 0.625317 0.431924 0.625317 0.432853
1 0.638325 0.41868 0.638325 0.417519 0.63769 0.416589 0.6370560000000001 0.412639 0.635945 0.41240699999999997 0.635628 0.417519 0.6349940000000001 0.417983 0.6349940000000001 0.41868 0.638325 0.41868
3 0.652126 0.41589200000000004 0.651491 0.414266 0.6511739999999999 0.41101299999999996 0.6500630000000001 0.41078099999999995 0.6491119999999999 0.41449800000000003 0.648953 0.416589 0.652126 0.416589 0.652126 0.41589200000000004
1 0.539499 0.44911700000000004 0.539499 0.450976 0.545685 0.450743 0.546478 0.45004600000000006 0.5463199999999999 0.44888500000000003 0.545527 0.44865199999999994 0.5450510000000001 0.447723 0.543623 0.437035 0.542195 0.436803 0.54172 0.437732 0.540926 0.446561 0.540451 0.447955 0.539499 0.44911700000000004
1 0.5486989999999999 0.463058 0.555679 0.463058 0.5585340000000001 0.46259300000000003 0.557741 0.460734 0.556631 0.46050199999999997 0.5563130000000001 0.45980499999999996 0.5540930000000001 0.44470299999999996 0.5523480000000001 0.44470299999999996 0.550761 0.45980499999999996 0.5504439999999999 0.460734 0.549175 0.46119899999999997 0.5486989999999999 0.463058
1 0.567259 0.47839200000000004 0.567259 0.480251 0.566942 0.480716 0.566942 0.481413 0.577887 0.481413 0.579315 0.480251 0.579315 0.47862499999999997 0.578522 0.477928 0.577411 0.477928 0.577094 0.47723000000000004 0.574239 0.457249 0.573445 0.456784 0.572176 0.456784 0.571542 0.457249 0.56948 0.47699800000000003 0.5691620000000001 0.477928 0.567259 0.47839200000000004
1 0.604061 0.513941 0.604061 0.5148699999999999 0.620241 0.5148699999999999 0.625476 0.512779 0.625635 0.511385 0.623731 0.5111519999999999 0.622938 0.509061 0.620558 0.508829 0.620241 0.508132 0.615482 0.480019 0.611992 0.480019 0.608978 0.509061 0.606282 0.510688 0.606123 0.5125460000000001 0.604061 0.513941
1 0.698763 0.41589200000000004 0.698921 0.414963 0.698287 0.414033 0.697335 0.409387 0.696225 0.409387 0.695749 0.414033 0.695114 0.414963 0.695114 0.41589200000000004 0.698763 0.41589200000000004
3 0.718909 0.41380100000000003 0.719385 0.413336 0.719385 0.412872 0.718591 0.41170999999999996 0.718115 0.407296 0.717005 0.407296 0.716688 0.41147799999999995 0.715895 0.41310399999999997 0.715895 0.41380100000000003 0.718909 0.41380100000000003
1 0.744765 0.414963 0.748572 0.41473000000000004 0.748731 0.413569 0.748255 0.413336 0.747938 0.412639 0.747462 0.407528 0.746352 0.407528 0.745876 0.408225 0.7454 0.412639 0.744765 0.414033 0.744765 0.414963
1 0.76269 0.414963 0.76269 0.41589200000000004 0.764277 0.41589200000000004 0.764277 0.414266 0.7650699999999999 0.407993 0.764277 0.408225 0.763642 0.41380100000000003 0.763166 0.41473000000000004 0.76269 0.414963
2 0.763325 0.417983 0.769511 0.417983 0.769353 0.41682199999999997 0.768718 0.416357 0.768401 0.41566000000000003 0.766973 0.404275 0.765704 0.404275 0.764435 0.414266 0.764435 0.416357 0.7634839999999999 0.417286 0.763325 0.417983
3 0.786485 0.410316 0.786009 0.410084 0.785692 0.409387 0.7852159999999999 0.404275 0.7839470000000001 0.404275 0.783312 0.409619 0.782678 0.41147799999999995 0.786485 0.41147799999999995 0.786485 0.410316
3 0.826935 0.410316 0.826301 0.409851 0.825984 0.408922 0.8253489999999999 0.403578 0.824239 0.403346 0.823287 0.409387 0.822811 0.41101299999999996 0.826935 0.41078099999999995 0.826935 0.410316
2 0.829791 0.41380100000000003 0.834708 0.41380100000000003 0.8358190000000001 0.413336 0.8358190000000001 0.412872 0.8351839999999999 0.41240699999999997 0.834867 0.41147799999999995 0.834074 0.400558 0.8337559999999999 0.399396 0.83217 0.399628 0.830584 0.412639 0.829791 0.413336 0.829791 0.41380100000000003
1 0.72573 0.614312 0.7249369999999999 0.6157060000000001 0.7227159999999999 0.6157060000000001 0.7227159999999999 0.617797 0.727316 0.6254649999999999 0.728585 0.627091 0.762214 0.6254649999999999 0.763166 0.625 0.763166 0.622909 0.760787 0.619656 0.7601519999999999 0.614777 0.757456 0.612918 0.754124 0.611524 0.753648 0.610595 0.745876 0.554136 0.743496 0.553439 0.740324 0.553439 0.738579 0.553903 0.731758 0.610827 0.73144 0.611292 0.727475 0.612686 0.72573 0.614312
1 0.606123 0.43006500000000003 0.610089 0.43006500000000003 0.610406 0.429833 0.610406 0.428671 0.609772 0.427974 0.609137 0.42077099999999995 0.608027 0.42077099999999995 0.6075510000000001 0.42123600000000005 0.606916 0.428439 0.606123 0.42890300000000003 0.606123 0.43006500000000003
3 0.470336 0.436571 0.470336 0.43540900000000005 0.46986 0.43517700000000004 0.469543 0.43448000000000003 0.468909 0.42890300000000003 0.468433 0.42820600000000003 0.467481 0.428439 0.466846 0.43517700000000004 0.466371 0.43564100000000006 0.466371 0.436571 0.470336 0.436571
3 0.478585 0.44911700000000004 0.47842599999999996 0.447955 0.47715699999999994 0.447026 0.47557099999999997 0.437268 0.47525399999999995 0.436803 0.47414300000000004 0.437035 0.47303300000000004 0.447491 0.47224000000000005 0.447955 0.471605 0.44911700000000004 0.478585 0.44911700000000004