1 0.153077 0.678671 0.151491 0.678671 0.14467000000000002 0.766264 0.138008 0.771608 0.134201 0.776487 0.124524 0.790892 0.124524 0.791357 0.162912 0.799024 0.165292 0.799024 0.201301 0.773002 0.200508 0.772537 0.192735 0.771608 0.192259 0.770678 0.190197 0.761849 0.182107 0.7599910000000001 0.181313 0.7592939999999999 0.165133 0.6779740000000001 0.16323000000000001 0.6775089999999999 0.16227799999999998 0.676812 0.156726 0.676812 0.153077 0.678671
1 0.656567 0.5478620000000001 0.6551400000000001 0.548095 0.652602 0.551812 0.651015 0.5529740000000001 0.651015 0.553439 0.656567 0.5578529999999999 0.668464 0.5578529999999999 0.678617 0.554368 0.678458 0.553671 0.67592 0.551115 0.675286 0.548095 0.672906 0.548095 0.672589 0.547398 0.669416 0.527649 0.667195 0.515567 0.666878 0.5099910000000001 0.6662440000000001 0.5079 0.665609 0.507435 0.664023 0.507667 0.6629120000000001 0.508597 0.657043 0.546933 0.656567 0.5478620000000001
1 0.690038 0.466775 0.700666 0.467007 0.700666 0.465613 0.699397 0.464684 0.697811 0.46189600000000003 0.697811 0.457481 0.697018 0.44958200000000004 0.696225 0.445632 0.694321 0.445632 0.6935279999999999 0.44679399999999997 0.691783 0.46352200000000005 0.690038 0.464916 0.690038 0.466775
1 0.665292 0.453067 0.670209 0.453067 0.673223 0.45237 0.673223 0.451905 0.672113 0.450279 0.671161 0.44679399999999997 0.6703680000000001 0.438197 0.669258 0.436106 0.668464 0.436106 0.66783 0.436571 0.666878 0.442612 0.66672 0.446561 0.665292 0.453067
1 0.648477 0.43959099999999995 0.646891 0.442379 0.646891 0.443309 0.647525 0.444238 0.648794 0.44447000000000003 0.653395 0.44447000000000003 0.654029 0.444006 0.654346 0.443076 0.653395 0.442379 0.652919 0.44145 0.65165 0.430994 0.651332 0.43052999999999997 0.6499050000000001 0.43052999999999997 0.649429 0.432621 0.648953 0.437268 0.648477 0.437965 0.648477 0.43959099999999995
1 0.634359 0.436571 0.634835 0.437732 0.6400699999999999 0.4375 0.639911 0.436571 0.639277 0.43540900000000005 0.6384839999999999 0.431459 0.638008 0.43029700000000004 0.638166 0.427742 0.637373 0.42588299999999996 0.636104 0.42588299999999996 0.63547 0.429136 0.6351519999999999 0.43517700000000004 0.634359 0.435874 0.634359 0.436571
0 0.773636 0.441914 0.773477 0.444006 0.78125 0.444006 0.781726 0.443541 0.781726 0.442844 0.781409 0.442147 0.780615 0.441914 0.7802979999999999 0.44098499999999996 0.7801400000000001 0.432388 0.779346 0.427974 0.777126 0.427742 0.776015 0.432621 0.775698 0.44098499999999996 0.775381 0.44145 0.773636 0.441914
0 0.73731 0.436571 0.7379439999999999 0.437268 0.744448 0.437268 0.744448 0.436106 0.743496 0.43517700000000004 0.742544 0.430994 0.7419100000000001 0.423559 0.739689 0.423095 0.738737 0.43540900000000005 0.73842 0.435874 0.737468 0.436106 0.73731 0.436571
0 0.719385 0.432621 0.720178 0.433086 0.724619 0.433086 0.7249369999999999 0.432621 0.7249369999999999 0.431691 0.724302 0.431459 0.723985 0.43029700000000004 0.723192 0.42077099999999995 0.7217640000000001 0.42077099999999995 0.720971 0.423327 0.720178 0.43052999999999997 0.719385 0.431459 0.719385 0.432621
0 0.696701 0.427277 0.7016180000000001 0.427509 0.701459 0.42611499999999997 0.700825 0.424489 0.700349 0.41868 0.699714 0.417054 0.698604 0.417054 0.698128 0.41961000000000004 0.6976519999999999 0.42518599999999995 0.696701 0.42657999999999996 0.696701 0.427277
0 0.664499 0.42495399999999994 0.66894 0.42495399999999994 0.66894 0.423327 0.6683060000000001 0.422165 0.667513 0.416357 0.667037 0.41589200000000004 0.6662440000000001 0.41589200000000004 0.665768 0.417286 0.665292 0.422862 0.664499 0.424257 0.664499 0.42495399999999994
0 0.625476 0.431459 0.626428 0.431924 0.6296 0.431924 0.630235 0.43122699999999997 0.630235 0.43006500000000003 0.629124 0.427509 0.62849 0.421701 0.6280140000000001 0.42100400000000004 0.627538 0.42100400000000004 0.626904 0.42263 0.626269 0.429136 0.625476 0.43052999999999997 0.625476 0.431459
0 0.6189720000000001 0.427277 0.622621 0.427509 0.622621 0.42611499999999997 0.621669 0.42077099999999995 0.62151 0.417054 0.620876 0.41566000000000003 0.6204 0.41566000000000003 0.6199239999999999 0.41612499999999997 0.619765 0.42007399999999995 0.6189720000000001 0.42541799999999996 0.6189720000000001 0.427277
0 0.587881 0.42588299999999996 0.591371 0.42611499999999997 0.591688 0.42588299999999996 0.591688 0.42495399999999994 0.590419 0.417519 0.589308 0.417519 0.588832 0.41984199999999994 0.588515 0.424024 0.587881 0.42495399999999994 0.587881 0.42588299999999996
0 0.560121 0.422862 0.5594859999999999 0.42123600000000005 0.559169 0.41682199999999997 0.557582 0.416589 0.557107 0.419145 0.556789 0.424257 0.559962 0.424257 0.560121 0.422862
0 0.546478 0.42611499999999997 0.546796 0.42565099999999995 0.546796 0.42495399999999994 0.546478 0.424024 0.546478 0.42123600000000005 0.546003 0.41961000000000004 0.546003 0.418216 0.545685 0.417751 0.544575 0.417751 0.544258 0.421933 0.543782 0.423559 0.543782 0.42611499999999997 0.546478 0.42611499999999997
0 0.49428900000000003 0.424257 0.493972 0.424024 0.493972 0.422398 0.49349600000000005 0.419377 0.49302 0.417983 0.492227 0.417983 0.49143400000000004 0.42565099999999995 0.493972 0.42565099999999995 0.49428900000000003 0.42518599999999995 0.49428900000000003 0.424257
0 0.481599 0.42634800000000006 0.481916 0.427045 0.48239200000000004 0.427277 0.485089 0.427277 0.48524700000000004 0.42657999999999996 0.48461299999999996 0.42518599999999995 0.48445400000000005 0.421933 0.483661 0.419145 0.482709 0.419145 0.48239200000000004 0.41984199999999994 0.48207500000000003 0.42518599999999995 0.481599 0.42565099999999995 0.481599 0.42634800000000006
0 0.42274700000000004 0.427509 0.42179599999999995 0.42146800000000006 0.42084400000000005 0.42123600000000005 0.420209 0.42890300000000003 0.423382 0.42890300000000003 0.423382 0.42820600000000003 0.42274700000000004 0.427509
0 0.42306499999999997 0.427045 0.426237 0.427277 0.426079 0.421933 0.425444 0.42053900000000005 0.42417499999999997 0.42007399999999995 0.42385799999999996 0.42077099999999995 0.42385799999999996 0.424721 0.42306499999999997 0.42611499999999997 0.42306499999999997 0.427045
0 0.374683 0.432853 0.375 0.432621 0.375 0.431924 0.374207 0.42960000000000004 0.373731 0.42565099999999995 0.373096 0.424257 0.372145 0.424257 0.372145 0.428671 0.371352 0.43122699999999997 0.371352 0.432621 0.374683 0.432853
0 0.358978 0.43052999999999997 0.362468 0.430762 0.362468 0.429833 0.361675 0.428439 0.361675 0.42657999999999996 0.361041 0.423792 0.36056499999999997 0.423095 0.359772 0.423095 0.359454 0.42518599999999995 0.359454 0.42890300000000003 0.358978 0.429833 0.358978 0.43052999999999997
0 0.31551399999999996 0.43424699999999994 0.318687 0.43448000000000003 0.319004 0.433086 0.318211 0.431691 0.31757599999999997 0.427509 0.316942 0.42588299999999996 0.31599 0.42588299999999996 0.315673 0.427509 0.31599 0.43052999999999997 0.31551399999999996 0.432621 0.31551399999999996 0.43424699999999994
3 0.949714 0.479786 0.949556 0.480251 0.9533630000000001 0.481413 0.9666880000000001 0.481413 0.966212 0.47862499999999997 0.964467 0.477463 0.963991 0.476533 0.960977 0.45422900000000005 0.9578049999999999 0.45422900000000005 0.955425 0.462361 0.9535220000000001 0.476069 0.95257 0.477928 0.949714 0.479786
0 0.841371 0.456552 0.841371 0.457481 0.842005 0.459572 0.848668 0.459572 0.851523 0.457946 0.851206 0.456784 0.8500949999999999 0.45515800000000006 0.8500949999999999 0.44842000000000004 0.848668 0.442147 0.847874 0.436803 0.845495 0.436803 0.843591 0.44447000000000003 0.8431150000000001 0.45515800000000006 0.841371 0.456552
1 0.738103 0.48118 0.737627 0.481645 0.73731 0.48303900000000005 0.736834 0.48884800000000006 0.7365160000000001 0.489777 0.7358819999999999 0.489777 0.735565 0.490474 0.735089 0.490009 0.7338199999999999 0.491171 0.7338199999999999 0.49210000000000004 0.7349300000000001 0.494191 0.748414 0.493959 0.749365 0.491171 0.749365 0.490242 0.746669 0.48907999999999996 0.745082 0.48373600000000005 0.742544 0.46421900000000005 0.7400059999999999 0.464452 0.738896 0.477928 0.738579 0.47862499999999997 0.73842 0.480251 0.738103 0.48118