0 0.922747 0.65474 0.922589 0.657528 0.916085 0.658922 0.9148160000000001 0.659851 0.914657 0.660548 0.9162440000000001 0.662175 0.93639 0.668913 0.9397209999999999 0.670307 0.946542 0.6714680000000001 0.9546319999999999 0.6714680000000001 0.9754120000000001 0.6684479999999999 0.9750949999999999 0.667054 0.974302 0.66566 0.966371 0.6633359999999999 0.9660529999999999 0.661013 0.963039 0.657528 0.9593909999999999 0.655901 0.959074 0.6554369999999999 0.9511419999999999 0.5815520000000001 0.947652 0.580855 0.94099 0.581087 0.929251 0.65079 0.9287750000000001 0.651719 0.9248100000000001 0.653113 0.922747 0.65474
0 0.839626 0.547398 0.8393079999999999 0.5478620000000001 0.836453 0.548792 0.836136 0.549257 0.836136 0.550186 0.8488260000000001 0.5525089999999999 0.85993 0.5525089999999999 0.864372 0.5499539999999999 0.86453 0.549024 0.8640549999999999 0.5478620000000001 0.8607229999999999 0.548559 0.860565 0.5464680000000001 0.859296 0.546236 0.857709 0.545539 0.8573919999999999 0.545074 0.853902 0.505576 0.851364 0.505112 0.848668 0.505112 0.842957 0.5432159999999999 0.842322 0.544377 0.8399430000000001 0.545771 0.839626 0.547398
0 0.806472 0.5048790000000001 0.8061550000000001 0.505576 0.8061550000000001 0.506738 0.8074239999999999 0.508364 0.814404 0.508364 0.8210660000000001 0.5079 0.821542 0.507203 0.821542 0.505809 0.8212249999999999 0.5046470000000001 0.8194800000000001 0.503717 0.819004 0.502788 0.8163069999999999 0.47723000000000004 0.812659 0.47723000000000004 0.809486 0.50395 0.809169 0.5046470000000001 0.807741 0.5044139999999999 0.806472 0.5048790000000001
0 0.823921 0.490939 0.82757 0.490939 0.829156 0.490474 0.829156 0.489777 0.8285220000000001 0.48838299999999996 0.826459 0.487221 0.825984 0.486292 0.8237629999999999 0.465381 0.820907 0.465381 0.818369 0.487221 0.817893 0.48815099999999995 0.817893 0.490474 0.823921 0.490939
0 0.799175 0.47420999999999996 0.797906 0.47467499999999996 0.798541 0.475372 0.8012370000000001 0.476069 0.807582 0.476069 0.8098029999999999 0.47560399999999997 0.8098029999999999 0.47420999999999996 0.809169 0.47328099999999995 0.808376 0.473048 0.807582 0.471422 0.805996 0.45492600000000005 0.803458 0.45492600000000005 0.8012370000000001 0.471887 0.800761 0.472816 0.79981 0.473048 0.799175 0.47420999999999996
0 0.695431 0.464916 0.695431 0.465846 0.695749 0.46631 0.703522 0.46631 0.703522 0.464452 0.702253 0.463058 0.701935 0.462128 0.70019 0.44888500000000003 0.698445 0.44888500000000003 0.697018 0.46329000000000004 0.696701 0.46421900000000005 0.6959069999999999 0.46421900000000005 0.695431 0.464916
1 0.664023 0.472119 0.6629120000000001 0.472119 0.6629120000000001 0.47374499999999997 0.673858 0.47374499999999997 0.673858 0.472351 0.673065 0.472351 0.672747 0.47119 0.671637 0.470725 0.6713199999999999 0.47026 0.669575 0.455623 0.66783 0.455623 0.665451 0.470028 0.665133 0.470725 0.664181 0.470957 0.664023 0.472119
1 0.601681 0.48768599999999995 0.603426 0.48931199999999997 0.6150059999999999 0.48907999999999996 0.6150059999999999 0.48745399999999994 0.614055 0.486989 0.613261 0.485362 0.612151 0.48513 0.611834 0.484433 0.609296 0.466775 0.607075 0.466775 0.604854 0.484898 0.604537 0.485595 0.603109 0.485827 0.601681 0.48768599999999995
1 0.555044 0.5111519999999999 0.553617 0.5111519999999999 0.553934 0.513243 0.5675760000000001 0.513476 0.5709069999999999 0.511849 0.571066 0.511385 0.569797 0.5099910000000001 0.569321 0.508364 0.5671 0.5079 0.564245 0.484201 0.561072 0.484201 0.558217 0.507203 0.557582 0.508132 0.555203 0.509061 0.555044 0.5111519999999999
1 0.566624 0.470725 0.566624 0.472119 0.571542 0.472816 0.575508 0.472816 0.575666 0.470028 0.5745560000000001 0.469796 0.573921 0.46886599999999995 0.572018 0.455623 0.570431 0.455623 0.5685279999999999 0.46909900000000004 0.568211 0.469796 0.567418 0.469796 0.566624 0.470725
1 0.416085 0.51092 0.416085 0.513011 0.415768 0.513476 0.415768 0.514405 0.430044 0.514405 0.431313 0.5125460000000001 0.431313 0.512082 0.43083799999999994 0.511617 0.43067900000000003 0.510455 0.42941 0.5095259999999999 0.428617 0.5095259999999999 0.427982 0.508829 0.424492 0.485595 0.42163700000000004 0.485595 0.419099 0.508132 0.41878200000000004 0.509061 0.417195 0.5095259999999999 0.416085 0.51092
1 0.28585 0.673095 0.285374 0.674024 0.27871199999999996 0.6775089999999999 0.278553 0.6828529999999999 0.27268400000000004 0.687732 0.272843 0.688662 0.274112 0.6907530000000001 0.30044400000000004 0.6921470000000001 0.310914 0.6921470000000001 0.325349 0.679833 0.32519 0.679368 0.319638 0.677277 0.317418 0.673792 0.312341 0.671933 0.311865 0.671004 0.302348 0.608039 0.299175 0.606877 0.29742999999999997 0.606877 0.294099 0.608504 0.28585 0.673095
1 0.290609 0.563662 0.28934000000000004 0.565288 0.28934000000000004 0.5657530000000001 0.296796 0.566682 0.311072 0.566682 0.314721 0.561106 0.31503800000000004 0.559944 0.31361 0.559944 0.3125 0.5576209999999999 0.30996199999999996 0.556924 0.309327 0.555994 0.30393400000000004 0.521143 0.299175 0.521143 0.29536799999999996 0.557156 0.294575 0.5580860000000001 0.291085 0.560409 0.290609 0.563662
1 0.48239200000000004 0.48396800000000006 0.48239200000000004 0.484898 0.49238600000000005 0.48513 0.49333799999999994 0.48373600000000005 0.49333799999999994 0.48303900000000005 0.49286199999999997 0.48211000000000004 0.49159300000000006 0.481645 0.491117 0.480716 0.488737 0.46421900000000005 0.48667499999999997 0.46421900000000005 0.48445400000000005 0.480948 0.483978 0.481877 0.482868 0.48257399999999995 0.48239200000000004 0.48396800000000006
3 0.183376 0.5190520000000001 0.1829 0.519981 0.18067899999999998 0.520911 0.179886 0.52277 0.179886 0.5236989999999999 0.18067899999999998 0.524628 0.185121 0.524628 0.197176 0.523467 0.196859 0.520446 0.194162 0.5188200000000001 0.193687 0.51789 0.189404 0.49372699999999997 0.18639 0.493494 0.185279 0.501394 0.185121 0.5046470000000001 0.183693 0.515102 0.183376 0.5190520000000001
0 0.19733499999999998 0.48118 0.20748700000000003 0.480716 0.20748700000000003 0.47839200000000004 0.20637699999999998 0.47816000000000003 0.20606 0.477463 0.20383900000000002 0.460734 0.201618 0.460734 0.200508 0.47816000000000003 0.200032 0.47862499999999997 0.198921 0.478857 0.19733499999999998 0.48118
0 0.03585 0.5 0.03585 0.499535 0.035057 0.499071 0.033154 0.499071 0.032836 0.49744400000000005 0.030933 0.49674699999999994 0.030457 0.49605 0.02665 0.47420999999999996 0.023001 0.47397799999999995 0.022208 0.48513 0.022208 0.500929 0.026332 0.500929 0.03585 0.5
0 0.365482 0.450279 0.365641 0.459572 0.372145 0.459572 0.37198600000000004 0.450279 0.365482 0.450279
0 0.30916899999999997 0.467704 0.30742400000000003 0.46631 0.306631 0.465149 0.30361699999999997 0.45237 0.30187200000000003 0.452138 0.30187200000000003 0.466775 0.30091999999999997 0.46840099999999996 0.30916899999999997 0.46816899999999995 0.30916899999999997 0.467704
3 0.289181 0.499535 0.293147 0.499768 0.30187200000000003 0.498838 0.301555 0.495818 0.29981 0.495586 0.299492 0.495121 0.29632000000000003 0.475836 0.29330599999999996 0.475836 0.291244 0.495586 0.290926 0.49651500000000004 0.28934000000000004 0.49628300000000003 0.289181 0.499535
3 0.33169400000000004 0.48303900000000005 0.33169400000000004 0.48118 0.330584 0.48118 0.330266 0.479554 0.328997 0.479786 0.32867999999999997 0.47932199999999997 0.325984 0.46398700000000004 0.323445 0.46375500000000003 0.322176 0.479554 0.32059000000000004 0.48118 0.32059000000000004 0.48350400000000004 0.33169400000000004 0.48303900000000005
3 0.369765 0.47932199999999997 0.378966 0.479089 0.378966 0.47699800000000003 0.377855 0.476533 0.377379 0.47560399999999997 0.375159 0.461431 0.373096 0.461431 0.37166899999999997 0.47560399999999997 0.371193 0.476766 0.370082 0.47723000000000004 0.369765 0.47932199999999997
3 0.405933 0.46863400000000005 0.413706 0.46863400000000005 0.41338800000000003 0.46631 0.412437 0.46631 0.412119 0.465613 0.410057 0.45353199999999994 0.40847100000000003 0.45353199999999994 0.407202 0.466078 0.40688500000000005 0.467007 0.405933 0.46724 0.405933 0.46863400000000005
3 0.46018400000000004 0.458643 0.466688 0.45887500000000003 0.466688 0.457481 0.466371 0.457017 0.46541899999999997 0.457017 0.465102 0.45632 0.463674 0.446329 0.46208799999999994 0.446561 0.461453 0.45632 0.46113600000000005 0.457481 0.46018400000000004 0.457714 0.46018400000000004 0.458643
3 0.480964 0.460967 0.487944 0.460967 0.487627 0.45933999999999997 0.48667499999999997 0.45910799999999996 0.48635799999999996 0.458411 0.48493 0.44842000000000004 0.48334400000000005 0.44842000000000004 0.481758 0.45933999999999997 0.48144 0.460037 0.480806 0.460037 0.480964 0.460967
3 0.503331 0.451905 0.508725 0.451905 0.508566 0.450976 0.507773 0.450279 0.5063449999999999 0.44145 0.505235 0.44145 0.504442 0.44981400000000005 0.504124 0.450743 0.503331 0.450976 0.503331 0.451905
0 0.420368 0.451905 0.420368 0.450279 0.41973399999999994 0.44958200000000004 0.41878200000000004 0.44098499999999996 0.418623 0.44051999999999997 0.417354 0.44051999999999997 0.416561 0.450279 0.415609 0.450976 0.415609 0.452138 0.420368 0.451905
0 0.457805 0.44818800000000003 0.457805 0.44609699999999997 0.45716999999999997 0.44609699999999997 0.456853 0.44539999999999996 0.455742 0.437732 0.454632 0.437732 0.453839 0.446561 0.45304599999999995 0.447491 0.45304599999999995 0.447955 0.457805 0.44818800000000003
0 0.529981 0.44865199999999994 0.529981 0.447026 0.529188 0.44679399999999997 0.528712 0.445632 0.52776 0.4375 0.526491 0.4375 0.525857 0.447026 0.5245879999999999 0.447723 0.5245879999999999 0.44865199999999994 0.529981 0.44865199999999994
0 0.5853430000000001 0.45910799999999996 0.5853430000000001 0.460967 0.591846 0.460734 0.591846 0.458643 0.591212 0.458411 0.590895 0.457481 0.589943 0.44539999999999996 0.588198 0.44539999999999996 0.5875630000000001 0.447723 0.5866119999999999 0.457714 0.586136 0.45887500000000003 0.5853430000000001 0.45910799999999996
1 0.476681 0.556691 0.473826 0.5580860000000001 0.473826 0.55855 0.48144 0.5592469999999999 0.488103 0.5606410000000001 0.490641 0.5606410000000001 0.49286199999999997 0.55948 0.49777899999999997 0.5592469999999999 0.500635 0.557388 0.500793 0.556924 0.497938 0.556227 0.49746199999999996 0.553439 0.49524100000000004 0.5527420000000001 0.49428900000000003 0.552045 0.489213 0.5176580000000001 0.485089 0.5176580000000001 0.48048900000000005 0.5529740000000001 0.480171 0.553671 0.477951 0.553903 0.476681 0.556691
3 0.196859 0.50395 0.196859 0.502556 0.185438 0.486524 0.18448599999999998 0.486524 0.17766500000000002 0.489545 0.17592000000000002 0.50395 0.17592000000000002 0.506041 0.183534 0.505809 0.183693 0.5046470000000001 0.18401 0.504182 0.18496200000000002 0.504182 0.186072 0.494191 0.18639 0.493262 0.18731329375 0.493262 0.189879 0.495818 0.191466 0.5046470000000001 0.192259 0.5046470000000001 0.195273 0.506041 0.196225 0.506041 0.196859 0.50395