0 0.281409 0.59526 0.278553 0.597584 0.277443 0.598048 0.276808 0.598978 0.282995 0.600139 0.287119 0.600139 0.296478 0.598281 0.306313 0.597119 0.312817 0.590149 0.312817 0.589452 0.30901 0.585037 0.307582 0.583875 0.304569 0.583178 0.30393400000000004 0.582481 0.303141 0.576208 0.296478 0.53369 0.289181 0.533922 0.28632599999999997 0.588058 0.282043 0.590846 0.281409 0.59526
0 0.41053300000000004 0.49814100000000006 0.40878800000000004 0.499303 0.408629 0.499768 0.41180199999999995 0.5004649999999999 0.422272 0.5004649999999999 0.426079 0.49721200000000004 0.426079 0.49674699999999994 0.42369899999999994 0.495818 0.42163700000000004 0.493959 0.417513 0.46816899999999995 0.414181 0.46840099999999996 0.412278 0.495121 0.41196099999999997 0.495586 0.410374 0.49605 0.41053300000000004 0.49814100000000006
3 0.45193500000000003 0.467472 0.45130100000000006 0.46816899999999995 0.45130100000000006 0.46863400000000005 0.45606 0.46863400000000005 0.46240500000000007 0.46793699999999994 0.461294 0.465613 0.46018400000000004 0.465613 0.459867 0.465149 0.45716999999999997 0.44911700000000004 0.45510799999999996 0.44888500000000003 0.45368 0.464684 0.45336299999999996 0.465613 0.45193500000000003 0.466078 0.45193500000000003 0.467472
3 0.523636 0.44934900000000005 0.523001 0.44981400000000005 0.531409 0.44958200000000004 0.531091 0.447955 0.5302979999999999 0.447723 0.529981 0.447258 0.527919 0.43517700000000004 0.526491 0.43494400000000005 0.5250630000000001 0.447491 0.524746 0.44818800000000003 0.523477 0.44818800000000003 0.523636 0.44934900000000005
1 0.678617 0.517193 0.678617 0.518587 0.686072 0.518587 0.698604 0.51789 0.698763 0.5146379999999999 0.698287 0.512779 0.6959069999999999 0.511849 0.695431 0.5111519999999999 0.690673 0.47862499999999997 0.686707 0.47862499999999997 0.6824239999999999 0.511385 0.681948 0.512314 0.679251 0.513708 0.678617 0.517193
1 0.82757 0.633364 0.822652 0.6375460000000001 0.822652 0.638243 0.824714 0.640567 0.826301 0.6410319999999999 0.853902 0.643587 0.864213 0.643587 0.873572 0.633829 0.873731 0.633132 0.870241 0.631738 0.8699239999999999 0.631273 0.8699239999999999 0.6298790000000001 0.8670690000000001 0.6268589999999999 0.8619920000000001 0.6245350000000001 0.861516 0.623606 0.851364 0.561803 0.842957 0.561803 0.834074 0.622444 0.83328 0.623606 0.826301 0.627788 0.82757 0.633364
3 0.939245 0.403346 0.944797 0.403113 0.944797 0.40171900000000005 0.9441620000000001 0.40125500000000003 0.9438449999999999 0.400558 0.9427350000000001 0.39428399999999997 0.9411479999999999 0.39405199999999996 0.9401970000000001 0.40125500000000003 0.9397209999999999 0.402184 0.939245 0.402416 0.939245 0.403346
3 0.507456 0.427277 0.5071380000000001 0.42611499999999997 0.506504 0.42565099999999995 0.505552 0.42030700000000004 0.505552 0.419145 0.504918 0.419145 0.5039659999999999 0.42611499999999997 0.503173 0.427045 0.503173 0.427509 0.507456 0.427277
3 0.516973 0.430994 0.521415 0.430994 0.521574 0.43052999999999997 0.52078 0.43006500000000003 0.520622 0.427277 0.51967 0.421933 0.51856 0.421701 0.518401 0.423559 0.517925 0.424489 0.5174489999999999 0.43052999999999997 0.516973 0.430994
3 0.542671 0.421933 0.544575 0.421933 0.5463199999999999 0.42146800000000006 0.546161 0.42077099999999995 0.545844 0.42077099999999995 0.5453680000000001 0.41984199999999994 0.544892 0.416357 0.544416 0.414963 0.543782 0.414963 0.543464 0.41566000000000003 0.542989 0.42100400000000004 0.542513 0.42146800000000006 0.542671 0.421933
1 0.5558379999999999 0.42495399999999994 0.55901 0.424721 0.559327 0.424257 0.558376 0.422862 0.557582 0.419145 0.557582 0.417751 0.557265 0.41682199999999997 0.556789 0.416589 0.5564720000000001 0.417054 0.5558379999999999 0.423095 0.555044 0.424489 0.5558379999999999 0.42495399999999994
3 0.57408 0.438429 0.580584 0.438429 0.581218 0.437035 0.5799489999999999 0.436571 0.579315 0.43540900000000005 0.578046 0.42657999999999996 0.578046 0.42518599999999995 0.576935 0.42518599999999995 0.576935 0.427045 0.575666 0.436803 0.574239 0.437268 0.57408 0.438429
1 0.579156 0.419145 0.578204 0.412872 0.5775699999999999 0.412872 0.576777 0.419145 0.5759839999999999 0.42077099999999995 0.580425 0.42053900000000005 0.579156 0.419145
1 0.5897840000000001 0.42611499999999997 0.590102 0.42657999999999996 0.593274 0.42657999999999996 0.5948599999999999 0.42588299999999996 0.593909 0.42495399999999994 0.593274 0.422398 0.5926400000000001 0.416589 0.591529 0.416589 0.590895 0.423792 0.590577 0.42495399999999994 0.5897840000000001 0.42565099999999995 0.5897840000000001 0.42611499999999997
1 0.611358 0.45353199999999994 0.612468 0.45422900000000005 0.620241 0.45422900000000005 0.620717 0.45376399999999995 0.620717 0.452835 0.619607 0.452138 0.6189720000000001 0.450976 0.6178619999999999 0.445167 0.6178619999999999 0.44377300000000003 0.616751 0.436338 0.616117 0.435874 0.615165 0.435874 0.6129439999999999 0.451441 0.612627 0.452138 0.6111989999999999 0.45237 0.611358 0.45353199999999994
1 0.635945 0.467704 0.6349940000000001 0.473048 0.634518 0.47374499999999997 0.633249 0.47374499999999997 0.632297 0.47560399999999997 0.632297 0.47630100000000003 0.633725 0.47699800000000003 0.6388010000000001 0.47699800000000003 0.6460980000000001 0.475836 0.646415 0.475372 0.645622 0.47490699999999997 0.645622 0.47420999999999996 0.645146 0.47374499999999997 0.644987 0.473048 0.643401 0.472584 0.6427660000000001 0.46933100000000005 0.6427660000000001 0.46724 0.639753 0.450279 0.63769 0.450279 0.637373 0.450976 0.637373 0.45376399999999995 0.635945 0.464916 0.635945 0.467704
3 0.623255 0.43029700000000004 0.623255 0.429136 0.622621 0.42890300000000003 0.622145 0.427974 0.6210340000000001 0.419145 0.6199239999999999 0.419145 0.6188130000000001 0.428671 0.61802 0.429368 0.61802 0.43029700000000004 0.623255 0.43029700000000004
3 0.628648 0.41519500000000004 0.6276970000000001 0.41310399999999997 0.627062 0.408922 0.6261099999999999 0.40869 0.625793 0.41380100000000003 0.625 0.41449800000000003 0.625 0.41519500000000004 0.628648 0.41519500000000004
1 0.639753 0.41566000000000003 0.639435 0.414963 0.6388010000000001 0.41449800000000003 0.638325 0.409154 0.637214 0.408922 0.63658 0.414033 0.635787 0.41566000000000003 0.639594 0.41589200000000004 0.639753 0.41566000000000003
1 0.656885 0.43959099999999995 0.657519 0.44005599999999995 0.660057 0.44005599999999995 0.662754 0.43935899999999994 0.662754 0.438662 0.661961 0.437965 0.661009 0.436106 0.661009 0.43355 0.6602159999999999 0.430762 0.659581 0.42541799999999996 0.657836 0.42518599999999995 0.656409 0.4375 0.6552979999999999 0.438662 0.6552979999999999 0.43959099999999995 0.656885 0.43959099999999995
1 0.682107 0.42495399999999994 0.687341 0.42541799999999996 0.6875 0.424024 0.6865479999999999 0.423327 0.685914 0.41519500000000004 0.685438 0.414266 0.684645 0.414266 0.684169 0.41473000000000004 0.683217 0.423327 0.682265 0.424257 0.682107 0.42495399999999994
1 0.709232 0.428439 0.709232 0.429136 0.709867 0.429833 0.71526 0.42960000000000004 0.715577 0.429368 0.715577 0.427974 0.714943 0.427509 0.714467 0.42657999999999996 0.713198 0.417054 0.711929 0.417054 0.711453 0.417983 0.710501 0.427277 0.710184 0.42820600000000003 0.709232 0.428439
1 0.70717 0.41124499999999997 0.707487 0.41170999999999996 0.710819 0.41147799999999995 0.711136 0.41124499999999997 0.710501 0.410548 0.709391 0.404972 0.7087559999999999 0.40474 0.708439 0.404972 0.707805 0.410548 0.70717 0.41078099999999995 0.70717 0.41124499999999997
3 0.722398 0.409154 0.725254 0.409154 0.7254120000000001 0.408225 0.7250949999999999 0.408225 0.724619 0.40706300000000006 0.724302 0.403113 0.723985 0.402416 0.723668 0.402416 0.72335 0.402881 0.722874 0.408225 0.721923 0.40869 0.722398 0.409154
1 0.7823599999999999 0.40869 0.781567 0.407296 0.780457 0.402416 0.780457 0.40148700000000004 0.779346 0.40148700000000004 0.7785529999999999 0.407528 0.777919 0.408457 0.778712 0.408922 0.7823599999999999 0.40869
3 0.800761 0.40543699999999994 0.8006030000000001 0.40613400000000005 0.8045690000000001 0.40636599999999995 0.8045690000000001 0.40543699999999994 0.8039339999999999 0.404972 0.8037750000000001 0.403346 0.8029820000000001 0.400558 0.8029820000000001 0.399396 0.802348 0.39916399999999996 0.80203 0.399396 0.8015549999999999 0.401952 0.8013960000000001 0.404972 0.800761 0.40543699999999994
1 0.8432740000000001 0.40613400000000005 0.842481 0.399396 0.8410529999999999 0.39916399999999996 0.8401020000000001 0.40566899999999995 0.8393079999999999 0.40706300000000006 0.8443849999999999 0.40706300000000006 0.8432740000000001 0.40613400000000005
1 0.8662750000000001 0.40776 0.8654820000000001 0.407993 0.865799 0.408922 0.8710340000000001 0.40869 0.8710340000000001 0.40776 0.870241 0.407528 0.8699239999999999 0.40706300000000006 0.869289 0.40032500000000004 0.868813 0.39916399999999996 0.8680199999999999 0.399396 0.867544 0.40032500000000004 0.866751 0.40683100000000005 0.8662750000000001 0.40776
2 0.871986 0.409619 0.8705579999999999 0.41170999999999996 0.8786479999999999 0.41124499999999997 0.8786479999999999 0.41078099999999995 0.8772209999999999 0.409387 0.875793 0.39916399999999996 0.8753170000000001 0.398002 0.875159 0.395911 0.874841 0.39498099999999997 0.87389 0.395214 0.87389 0.396143 0.873096 0.399396 0.871986 0.409619
3 0.884676 0.40171900000000005 0.8837249999999999 0.403346 0.8837249999999999 0.404043 0.888484 0.40381 0.888484 0.402649 0.8878489999999999 0.402649 0.887532 0.401952 0.8868969999999999 0.397072 0.88658 0.396143 0.8861039999999999 0.39567800000000003 0.88547 0.396143 0.88547 0.39683999999999997 0.8849940000000001 0.39777 0.884676 0.40171900000000005
2 0.956694 0.40590099999999996 0.9559010000000001 0.40590099999999996 0.9559010000000001 0.40636599999999995 0.964467 0.40636599999999995 0.964467 0.40543699999999994 0.9635149999999999 0.40474 0.962881 0.403346 0.9617699999999999 0.39289 0.9617699999999999 0.390567 0.961136 0.388941 0.960501 0.388941 0.959708 0.390102 0.9576460000000001 0.404507 0.956694 0.40590099999999996