0 0.875 0.610595 0.8745240000000001 0.611989 0.8743650000000001 0.613615 0.8740479999999999 0.61408 0.867862 0.614545 0.866593 0.6157060000000001 0.866593 0.616403 0.8723029999999999 0.619424 0.887214 0.6231410000000001 0.897843 0.6231410000000001 0.9129120000000001 0.62198 0.919575 0.620818 0.919575 0.619191 0.911643 0.616171 0.911168 0.6154740000000001 0.9106920000000001 0.612686 0.90736 0.6103620000000001 0.9056150000000001 0.609898 0.90514 0.609433 0.8968909999999999 0.5434479999999999 0.8962559999999999 0.541822 0.8953049999999999 0.541357 0.8892770000000001 0.541357 0.8876899999999999 0.542054 0.8802350000000001 0.606645 0.879918 0.6073419999999999 0.8776970000000001 0.608271 0.875 0.610595
1 0.7677660000000001 0.5048790000000001 0.7677660000000001 0.508364 0.779664 0.508364 0.7842640000000001 0.508132 0.7863260000000001 0.507667 0.786009 0.504182 0.785374 0.5032530000000001 0.783154 0.5032530000000001 0.782836 0.502556 0.7785529999999999 0.47328099999999995 0.7750630000000001 0.47328099999999995 0.7712559999999999 0.502091 0.77078 0.50302 0.768718 0.503717 0.7677660000000001 0.5048790000000001
1 0.7322339999999999 0.470028 0.731282 0.470957 0.7415930000000001 0.470957 0.745876 0.469796 0.744765 0.46933100000000005 0.744131 0.467704 0.742386 0.467472 0.742069 0.466775 0.738896 0.44818800000000003 0.736358 0.44818800000000003 0.734137 0.46724 0.7338199999999999 0.46793699999999994 0.732392 0.46816899999999995 0.7322339999999999 0.470028
1 0.714308 0.45237 0.7136739999999999 0.45353199999999994 0.7136739999999999 0.45422900000000005 0.721923 0.45446099999999995 0.723509 0.45376399999999995 0.723509 0.453067 0.723033 0.451905 0.721923 0.451905 0.721605 0.451208 0.7197020000000001 0.436803 0.719226 0.436338 0.717957 0.436338 0.717481 0.437268 0.715895 0.451208 0.715577 0.451905 0.714308 0.45237
1 0.7052660000000001 0.441914 0.7049489999999999 0.443309 0.7103430000000001 0.443541 0.7124050000000001 0.442844 0.712246 0.441682 0.711136 0.44145 0.710819 0.44075300000000006 0.709232 0.429136 0.707963 0.42890300000000003 0.707646 0.429136 0.706377 0.44075300000000006 0.705901 0.441682 0.7052660000000001 0.441914
1 0.70606 0.43494400000000005 0.70606 0.43401500000000004 0.705425 0.43378300000000003 0.7049489999999999 0.432853 0.703522 0.423559 0.701935 0.423327 0.700825 0.43355 0.699873 0.43424699999999994 0.699873 0.43517700000000004 0.70606 0.43494400000000005
0 0.141022 0.750232 0.136263 0.755576 0.136263 0.760223 0.129918 0.768355 0.12928299999999998 0.770446 0.12928299999999998 0.771608 0.133883 0.772305 0.14467000000000002 0.772305 0.179251 0.769749 0.18321700000000002 0.767426 0.183852 0.766729 0.192576 0.7495350000000001 0.192576 0.745818 0.191148 0.7453529999999999 0.185755 0.7453529999999999 0.183376 0.742797 0.180044 0.7421 0.178775 0.7407060000000001 0.164657 0.6542749999999999 0.16433999999999999 0.653346 0.162437 0.651487 0.155457 0.651487 0.15165 0.653346 0.145146 0.747444 0.141022 0.750232
0 0.449556 0.542751 0.44923900000000005 0.5432159999999999 0.446225 0.544377 0.44606599999999996 0.5448419999999999 0.45415599999999995 0.546236 0.460819 0.546236 0.464626 0.5448419999999999 0.471764 0.544145 0.471923 0.542983 0.471605 0.542751 0.46811499999999995 0.542286 0.467798 0.541589 0.46764 0.539498 0.46541899999999997 0.5385690000000001 0.46478400000000003 0.537639 0.459549 0.500929 0.45621799999999996 0.500697 0.45510799999999996 0.501162 0.45288700000000004 0.539266 0.45130100000000006 0.53973 0.449714 0.540892 0.449556 0.542751
0 0.519511 0.49721200000000004 0.519036 0.49767700000000004 0.526332 0.499071 0.531567 0.499071 0.536009 0.49790900000000005 0.536168 0.49744400000000005 0.534423 0.49698000000000003 0.533629 0.495353 0.532043 0.494656 0.531726 0.494191 0.529664 0.46816899999999995 0.526332 0.46840099999999996 0.5231600000000001 0.494424 0.521574 0.494888 0.520939 0.49698000000000003 0.519511 0.49721200000000004
0 0.553299 0.46933100000000005 0.553141 0.47119 0.562976 0.471422 0.564245 0.47026 0.564245 0.46956300000000006 0.563135 0.46863400000000005 0.562024 0.46840099999999996 0.5613900000000001 0.467472 0.559327 0.44888500000000003 0.557107 0.44865199999999994 0.556789 0.44888500000000003 0.554886 0.46724 0.5544100000000001 0.46840099999999996 0.553299 0.46933100000000005
0 0.58217 0.450743 0.582011 0.451905 0.581536 0.45237 0.581536 0.452835 0.5897840000000001 0.452602 0.589943 0.451673 0.589308 0.450743 0.588198 0.450279 0.587881 0.44958200000000004 0.585977 0.436338 0.584867 0.436338 0.584549 0.436571 0.583439 0.44911700000000004 0.582963 0.450279 0.58217 0.450743
3 0.598192 0.44098499999999996 0.598192 0.44145 0.5988260000000001 0.441914 0.60422 0.441914 0.60422 0.44075300000000006 0.603268 0.44051999999999997 0.602951 0.43982299999999996 0.6018399999999999 0.43029700000000004 0.6004120000000001 0.43006500000000003 0.6000949999999999 0.43122699999999997 0.599302 0.43959099999999995 0.5988260000000001 0.44075300000000006 0.598192 0.44098499999999996
3 0.630869 0.42123600000000005 0.629918 0.41984199999999994 0.629442 0.415428 0.628173 0.41519500000000004 0.627379 0.42053900000000005 0.627379 0.421933 0.630869 0.421701 0.630869 0.42123600000000005
3 0.6421319999999999 0.424257 0.6421319999999999 0.423559 0.641339 0.421933 0.640704 0.417286 0.639435 0.417054 0.6388010000000001 0.423095 0.638325 0.423327 0.638325 0.424257 0.6421319999999999 0.424257
3 0.642925 0.43401500000000004 0.648477 0.43378300000000003 0.648477 0.432853 0.647684 0.431924 0.646574 0.423559 0.645146 0.423559 0.6441939999999999 0.431924 0.643877 0.432621 0.642925 0.433318 0.642925 0.43401500000000004
3 0.662119 0.41612499999999997 0.661485 0.412639 0.661168 0.41217499999999996 0.660374 0.41217499999999996 0.65974 0.41473000000000004 0.659423 0.417751 0.662119 0.417751 0.662119 0.41612499999999997
1 0.672747 0.419145 0.672113 0.418448 0.6713199999999999 0.413336 0.671003 0.412872 0.6700510000000001 0.41310399999999997 0.669099 0.418216 0.669099 0.41984199999999994 0.672589 0.41984199999999994 0.672747 0.419145
3 0.6848029999999999 0.427509 0.6848029999999999 0.42657999999999996 0.684327 0.42634800000000006 0.683852 0.42518599999999995 0.683058 0.418913 0.682741 0.418448 0.681789 0.418448 0.680996 0.42611499999999997 0.680044 0.427045 0.680044 0.427509 0.6848029999999999 0.427509
1 0.690673 0.417054 0.690673 0.416357 0.690038 0.41566000000000003 0.689404 0.41124499999999997 0.689086 0.41078099999999995 0.687976 0.41078099999999995 0.687659 0.41589200000000004 0.687024 0.416589 0.687024 0.417054 0.690673 0.417054
1 0.6995560000000001 0.42053900000000005 0.6995560000000001 0.41984199999999994 0.69908 0.419145 0.698604 0.41380100000000003 0.69797 0.412872 0.696859 0.41310399999999997 0.696383 0.419145 0.6959069999999999 0.41961000000000004 0.6959069999999999 0.42053900000000005 0.6995560000000001 0.42053900000000005
3 0.714943 0.422398 0.714943 0.423095 0.719385 0.423095 0.719543 0.421933 0.718909 0.421701 0.718433 0.42053900000000005 0.717957 0.41449800000000003 0.716846 0.41449800000000003 0.716529 0.41473000000000004 0.7160529999999999 0.42030700000000004 0.715895 0.42100400000000004 0.714943 0.422398
1 0.7358819999999999 0.427742 0.7415930000000001 0.427509 0.741434 0.42634800000000006 0.740482 0.42565099999999995 0.739055 0.417983 0.737627 0.417983 0.736834 0.42588299999999996 0.7361989999999999 0.42634800000000006 0.7358819999999999 0.427045 0.7358819999999999 0.427742
3 0.733027 0.41124499999999997 0.7328680000000001 0.407296 0.73144 0.407296 0.730647 0.412639 0.733661 0.412639 0.733661 0.41217499999999996 0.733027 0.41124499999999997
1 0.742227 0.41240699999999997 0.7419100000000001 0.41217499999999996 0.741275 0.409154 0.740482 0.407296 0.7398480000000001 0.407296 0.738896 0.413336 0.7419100000000001 0.413569 0.742227 0.41310399999999997 0.742227 0.41240699999999997
1 0.766973 0.419377 0.77078 0.41961000000000004 0.7712559999999999 0.418913 0.7712559999999999 0.418216 0.770622 0.417751 0.770305 0.41101299999999996 0.768877 0.41101299999999996 0.768401 0.41147799999999995 0.767925 0.417054 0.766973 0.418913 0.766973 0.419377
1 0.782995 0.421933 0.787119 0.421933 0.7874369999999999 0.421701 0.7874369999999999 0.42077099999999995 0.786961 0.42030700000000004 0.786168 0.412639 0.78474 0.412639 0.783788 0.41984199999999994 0.783312 0.42077099999999995 0.782995 0.42077099999999995 0.782995 0.421933
1 0.8045690000000001 0.407993 0.8037750000000001 0.404275 0.803458 0.40381 0.802348 0.40381 0.8015549999999999 0.409619 0.805044 0.409619 0.805203 0.40869 0.8045690000000001 0.407993
3 0.819797 0.40659900000000004 0.8193210000000001 0.40613400000000005 0.819004 0.402184 0.8177350000000001 0.401952 0.816783 0.407528 0.8193210000000001 0.407528 0.819797 0.40706300000000006 0.819797 0.40659900000000004
1 0.8669100000000001 0.40613400000000005 0.8664339999999999 0.40543699999999994 0.865165 0.40079000000000004 0.864213 0.400558 0.8637370000000001 0.405204 0.8631030000000001 0.407296 0.8669100000000001 0.407296 0.8669100000000001 0.40613400000000005
3 0.89007 0.404043 0.889594 0.403578 0.8891180000000001 0.39893100000000004 0.887532 0.39893100000000004 0.887214 0.402881 0.88658 0.404972 0.89007 0.405204 0.89007 0.404043
1 0.9189399999999999 0.40566899999999995 0.9189399999999999 0.404507 0.918623 0.404507 0.9181469999999999 0.403578 0.9173539999999999 0.39893100000000004 0.9162440000000001 0.39893100000000004 0.915133 0.404275 0.914499 0.405204 0.914499 0.40566899999999995 0.9189399999999999 0.40566899999999995
1 0.935914 0.40543699999999994 0.935121 0.39893100000000004 0.9338520000000001 0.398699 0.934486 0.40636599999999995 0.93639 0.40659900000000004 0.93639 0.40590099999999996 0.935914 0.40543699999999994
2 0.9352790000000001 0.40869 0.9352790000000001 0.407993 0.934486 0.40706300000000006 0.9335340000000001 0.397305 0.932741 0.395446 0.931472 0.395446 0.930203 0.40659900000000004 0.929251 0.407528 0.929251 0.40869 0.9352790000000001 0.40869
3 0.963039 0.402184 0.963198 0.40102200000000005 0.9624050000000001 0.399861 0.961453 0.395446 0.9606600000000001 0.395214 0.959549 0.40032500000000004 0.9587559999999999 0.40171900000000005 0.9587559999999999 0.402184 0.963039 0.402184