1 0.9533630000000001 0.548559 0.9528869999999999 0.5576209999999999 0.952094 0.5580860000000001 0.9501899999999999 0.558318 0.9503489999999999 0.560409 0.9487629999999999 0.560874 0.9487629999999999 0.561803 0.9658950000000001 0.560874 0.966212 0.559712 0.968909 0.559712 0.96875 0.55855 0.967164 0.55855 0.9665290000000001 0.556924 0.963991 0.556924 0.9636739999999999 0.556459 0.95828 0.5334570000000001 0.954791 0.5332250000000001 0.954791 0.534851 0.9544729999999999 0.535084 0.95368 0.547398 0.9533630000000001 0.548559
1 0.834074 0.60223 0.834074 0.604786 0.833598 0.605251 0.831536 0.6057159999999999 0.831536 0.606877 0.835501 0.606877 0.8507300000000001 0.605483 0.8518399999999999 0.604554 0.856282 0.603625 0.856282 0.602463 0.853902 0.602463 0.853426 0.599907 0.849937 0.599907 0.849619 0.599442 0.8432740000000001 0.56947 0.838991 0.56947 0.8370879999999999 0.6008359999999999 0.836453 0.6013010000000001 0.834867 0.601533 0.834074 0.60223
1 0.744607 0.648002 0.742544 0.648234 0.742703 0.6489309999999999 0.744607 0.650325 0.749524 0.652416 0.754124 0.652416 0.760945 0.650325 0.770939 0.6493960000000001 0.771415 0.6489309999999999 0.771574 0.647537 0.769353 0.64684 0.768401 0.645678 0.768084 0.643123 0.766339 0.642193 0.764594 0.641961 0.764277 0.641496 0.756504 0.605251 0.752379 0.605251 0.751269 0.6057159999999999 0.7490479999999999 0.643587 0.7454 0.644981 0.7454 0.647537 0.744607 0.648002
1 0.6935279999999999 0.6059479999999999 0.6925760000000001 0.606413 0.6925760000000001 0.607807 0.692893 0.608271 0.696383 0.608271 0.70717 0.60711 0.709708 0.605251 0.709708 0.604089 0.7087559999999999 0.603857 0.708439 0.603392 0.70828 0.60223 0.706853 0.601998 0.70606 0.6013010000000001 0.700349 0.5771379999999999 0.6974940000000001 0.577602 0.695749 0.602928 0.6935279999999999 0.603392 0.6935279999999999 0.6059479999999999
1 0.615641 0.59619 0.617703 0.59619 0.628807 0.594331 0.628807 0.5929369999999999 0.627538 0.592704 0.627062 0.5917749999999999 0.625476 0.5917749999999999 0.625159 0.59131 0.621193 0.572955 0.6188130000000001 0.572723 0.618496 0.573188 0.617544 0.592472 0.615641 0.5929369999999999 0.615641 0.59619
1 0.471923 0.606645 0.47128800000000004 0.607574 0.47588800000000003 0.607574 0.480171 0.60711 0.48429599999999995 0.6057159999999999 0.48429599999999995 0.604786 0.48318500000000003 0.604554 0.482868 0.603625 0.48144 0.603392 0.481123 0.602928 0.478268 0.587825 0.476047 0.587593 0.474778 0.604322 0.47350899999999996 0.604786 0.47319199999999995 0.606413 0.471923 0.606645
1 0.371352 0.611059 0.371352 0.611757 0.378966 0.611292 0.382456 0.609898 0.382456 0.609433 0.381504 0.609433 0.381345 0.608504 0.379918 0.608271 0.377221 0.594796 0.375 0.5945630000000001 0.374048 0.609201 0.372621 0.609665 0.372303 0.610827 0.371352 0.611059
0 0.362468 0.733271 0.362151 0.733736 0.371034 0.738383 0.373731 0.738383 0.37611 0.737918 0.383725 0.734898 0.396574 0.730483 0.396415 0.730019 0.39260799999999996 0.727928 0.392291 0.727463 0.392291 0.7263010000000001 0.390704 0.723978 0.388008 0.723281 0.38769 0.722584 0.379918 0.681459 0.379442 0.6779740000000001 0.37833100000000003 0.673327 0.374207 0.673095 0.373255 0.673327 0.37198600000000004 0.674257 0.370241 0.726766 0.366593 0.729554 0.366275 0.731877 0.362468 0.733271
0 0.388484 0.657528 0.388484 0.659154 0.386897 0.660781 0.392291 0.660781 0.40164999999999995 0.660084 0.404505 0.658922 0.405457 0.656599 0.405457 0.655669 0.404346 0.655901 0.40402899999999997 0.65474 0.40164999999999995 0.6542749999999999 0.401332 0.653578 0.396732 0.623374 0.393401 0.6231410000000001 0.39260799999999996 0.623838 0.390704 0.655204 0.38911799999999996 0.656366 0.388484 0.657528
0 0.34628800000000004 0.641961 0.344385 0.642426 0.34422600000000003 0.643123 0.353109 0.643123 0.361041 0.6396379999999999 0.359296 0.639173 0.359137 0.638243 0.357551 0.638011 0.356758 0.637314 0.35263300000000003 0.61408 0.349143 0.614545 0.348192 0.639173 0.346605 0.640335 0.34628800000000004 0.641961
0 0.29251299999999997 0.6349910000000001 0.292354 0.635455 0.297272 0.635688 0.305362 0.633132 0.30552 0.632667 0.304251 0.632667 0.30393400000000004 0.631273 0.302665 0.631041 0.302348 0.630576 0.299334 0.6124539999999999 0.296796 0.6124539999999999 0.296003 0.612918 0.295209 0.63197 0.293782 0.632667 0.293782 0.634061 0.29251299999999997 0.6349910000000001
2 0.263959 0.62105 0.271732 0.620818 0.27617400000000003 0.6201209999999999 0.276332 0.618727 0.274905 0.618959 0.274746 0.618262 0.273477 0.618262 0.27315999999999996 0.617797 0.269511 0.597584 0.266973 0.597584 0.266022 0.618959 0.265228 0.619888 0.265228 0.620818 0.263959 0.62105
2 0.199556 0.639173 0.199397 0.640335 0.205584 0.640335 0.211294 0.638941 0.213674 0.638011 0.213674 0.637082 0.212246 0.636849 0.21192899999999998 0.6361519999999999 0.21097700000000003 0.63592 0.21066 0.635223 0.207329 0.6154740000000001 0.20669400000000002 0.613383 0.205742 0.611292 0.20352199999999998 0.611292 0.202094 0.637314 0.20114200000000002 0.638011 0.200984 0.638941 0.199556 0.639173