2 0.278077 0.47769500000000004 0.277602 0.47839200000000004 0.275539 0.478857 0.27522199999999997 0.47932199999999997 0.282202 0.481877 0.285057 0.481877 0.29806499999999997 0.479089 0.297747 0.47862499999999997 0.295209 0.47769500000000004 0.294416 0.475836 0.29251299999999997 0.475139 0.286643 0.436338 0.283471 0.436571 0.279981 0.47467499999999996 0.279505 0.475836 0.27823600000000004 0.476533 0.278077 0.47769500000000004
2 0.520305 0.48234199999999994 0.524746 0.48234199999999994 0.531726 0.480483 0.531726 0.480019 0.527126 0.476533 0.52665 0.475372 0.521574 0.431924 0.517925 0.431924 0.513008 0.476533 0.508566 0.479786 0.507931 0.480716 0.520305 0.48234199999999994
0 0.05234799999999999 0.536942 0.05203 0.5381039999999999 0.05203 0.540892 0.048381999999999994 0.5434479999999999 0.05441 0.5434479999999999 0.072811 0.542286 0.07963200000000001 0.537639 0.079791 0.537175 0.076301 0.536478 0.075984 0.536013 0.075825 0.534619 0.072018 0.534154 0.071701 0.53369 0.06440399999999999 0.49372699999999997 0.063928 0.49302999999999997 0.058692999999999995 0.493262 0.058376 0.49372699999999997 0.055838 0.534851 0.05552 0.535316 0.05234799999999999 0.536942
0 0.42243 0.5241640000000001 0.42163700000000004 0.5243960000000001 0.421161 0.526022 0.421161 0.526952 0.442418 0.526719 0.44400399999999995 0.52277 0.44400399999999995 0.52184 0.44321099999999997 0.521608 0.442418 0.519749 0.439879 0.5190520000000001 0.439245 0.518123 0.433852 0.47839200000000004 0.42909300000000006 0.47839200000000004 0.42576099999999995 0.518587 0.425444 0.519749 0.42274700000000004 0.520911 0.42243 0.5241640000000001
0 0.546954 0.5929369999999999 0.545527 0.593634 0.5447339999999999 0.594331 0.543623 0.59619 0.543623 0.598745 0.5414019999999999 0.604089 0.5414019999999999 0.6059479999999999 0.541878 0.6073419999999999 0.544416 0.608271 0.554251 0.608271 0.5745560000000001 0.6073419999999999 0.578363 0.598281 0.578363 0.597584 0.575349 0.596887 0.57408 0.594099 0.572176 0.593866 0.570431 0.5929369999999999 0.569956 0.5917749999999999 0.562976 0.527416 0.55552 0.527881 0.548858 0.5917749999999999 0.548541 0.592704 0.546954 0.5929369999999999
1 0.124524 0.46398700000000004 0.131662 0.46398700000000004 0.135787 0.462361 0.134518 0.46189600000000003 0.133883 0.46050199999999997 0.132138 0.46026999999999996 0.13182100000000002 0.45980499999999996 0.12801400000000002 0.443541 0.12531699999999998 0.443309 0.124207 0.46050199999999997 0.122779 0.46189600000000003 0.122779 0.46352200000000005 0.124524 0.46398700000000004
1 0.264594 0.44377300000000003 0.264594 0.44447000000000003 0.272843 0.44447000000000003 0.274112 0.442844 0.274112 0.442379 0.273001 0.441914 0.272525 0.44121699999999997 0.270305 0.427974 0.268084 0.427742 0.266497 0.44098499999999996 0.264911 0.442379 0.264911 0.443541 0.264594 0.44377300000000003
1 0.511421 0.43006500000000003 0.511104 0.43052999999999997 0.510311 0.430762 0.510311 0.43122699999999997 0.512849 0.431924 0.516815 0.431924 0.52078 0.43122699999999997 0.520463 0.430762 0.51967 0.43052999999999997 0.519511 0.429368 0.51856 0.429136 0.518242 0.428439 0.516497 0.41612499999999997 0.514435 0.41589200000000004 0.51269 0.428439 0.512373 0.429136 0.511421 0.429136 0.511421 0.43006500000000003
1 0.670844 0.427045 0.670527 0.427742 0.678458 0.427742 0.6794100000000001 0.42681199999999997 0.679251 0.42518599999999995 0.677982 0.42495399999999994 0.677665 0.424024 0.676237 0.41170999999999996 0.674175 0.41170999999999996 0.672747 0.424024 0.672272 0.42495399999999994 0.671003 0.42541799999999996 0.670844 0.427045
1 0.723509 0.402881 0.728268 0.402881 0.7287440000000001 0.402184 0.7287440000000001 0.40148700000000004 0.728109 0.40125500000000003 0.727792 0.400558 0.7271569999999999 0.39382 0.72573 0.39382 0.7247779999999999 0.400558 0.724143 0.40171900000000005 0.723509 0.402184 0.723509 0.402881
1 0.746669 0.39916399999999996 0.7509520000000001 0.39893100000000004 0.7511099999999999 0.39777 0.750476 0.397072 0.749841 0.391032 0.748572 0.391032 0.747621 0.397072 0.7473029999999999 0.39777 0.746669 0.398002 0.746669 0.39916399999999996
1 0.765863 0.407528 0.771891 0.407296 0.771891 0.40566899999999995 0.770622 0.405204 0.770146 0.39660799999999996 0.768401 0.39660799999999996 0.766973 0.404972 0.766497 0.40590099999999996 0.765863 0.40636599999999995 0.765863 0.407528
1 0.8399430000000001 0.410548 0.8464470000000001 0.410548 0.8466049999999999 0.40869 0.8459709999999999 0.408457 0.845495 0.40706300000000006 0.84486 0.39823400000000003 0.8427979999999999 0.39823400000000003 0.841212 0.40776 0.840736 0.40869 0.8399430000000001 0.408922 0.8399430000000001 0.410548
1 0.838198 0.39498099999999997 0.838991 0.39428399999999997 0.8385149999999999 0.387546 0.8369289999999999 0.387546 0.836136 0.394517 0.836612 0.39428399999999997 0.8369289999999999 0.39498099999999997 0.838198 0.39498099999999997
1 0.8669100000000001 0.417054 0.866593 0.418448 0.8656409999999999 0.418913 0.873572 0.419145 0.8753170000000001 0.417519 0.8753170000000001 0.41612499999999997 0.8740479999999999 0.41589200000000004 0.873731 0.41473000000000004 0.873096 0.404043 0.870241 0.404275 0.8686550000000001 0.41566000000000003 0.8681789999999999 0.416589 0.8669100000000001 0.417054
1 0.881028 0.41380100000000003 0.887373 0.414033 0.8902279999999999 0.413336 0.89007 0.412872 0.8892770000000001 0.412639 0.888959 0.41170999999999996 0.8876899999999999 0.41147799999999995 0.887056 0.40009300000000003 0.8849940000000001 0.40009300000000003 0.8830899999999999 0.41101299999999996 0.882614 0.411942 0.881504 0.41240699999999997 0.881028 0.41380100000000003
3 0.135945 0.48280700000000004 0.13547 0.48327099999999995 0.14038699999999998 0.48373600000000005 0.146574 0.48373600000000005 0.153871 0.481413 0.152284 0.480948 0.15165 0.47932199999999997 0.149746 0.47932199999999997 0.14942899999999998 0.478857 0.14467000000000002 0.456552 0.142925 0.45632 0.141339 0.456784 0.139594 0.479089 0.137849 0.480716 0.137056 0.48257399999999995 0.135945 0.48280700000000004
3 0.310914 0.44911700000000004 0.320273 0.44934900000000005 0.320114 0.447026 0.318845 0.44679399999999997 0.31852800000000003 0.446329 0.31599 0.43122699999999997 0.313769 0.43122699999999997 0.3125 0.446329 0.31202399999999997 0.447491 0.310914 0.447723 0.310914 0.44911700000000004
3 0.530457 0.44005599999999995 0.536168 0.44005599999999995 0.540451 0.43959099999999995 0.540451 0.438894 0.539816 0.438662 0.539816 0.437268 0.53823 0.437268 0.5379120000000001 0.436571 0.536009 0.421933 0.533629 0.421933 0.532043 0.436338 0.531567 0.4375 0.530457 0.437965 0.530457 0.44005599999999995
3 0.79394 0.40171900000000005 0.793782 0.400558 0.7933060000000001 0.40032500000000004 0.792989 0.399628 0.791878 0.393123 0.790609 0.393123 0.7896569999999999 0.40032500000000004 0.789023 0.40079000000000004 0.789023 0.40171900000000005 0.79394 0.40171900000000005
3 0.8029820000000001 0.397305 0.8025059999999999 0.397305 0.802189 0.39683999999999997 0.801079 0.390335 0.799968 0.390335 0.7990160000000001 0.39660799999999996 0.798223 0.398699 0.8029820000000001 0.39823400000000003 0.8029820000000001 0.397305
3 0.832963 0.40474 0.8386739999999999 0.404507 0.8386739999999999 0.403346 0.838039 0.403346 0.837722 0.402649 0.836612 0.394749 0.8351839999999999 0.394749 0.8337559999999999 0.402649 0.833439 0.403346 0.832963 0.403578 0.832963 0.40474
3 0.858503 0.39567800000000003 0.858503 0.39498099999999997 0.8578680000000001 0.394517 0.8573919999999999 0.393587 0.8565989999999999 0.388476 0.855171 0.388243 0.854537 0.39382 0.854061 0.394749 0.854061 0.39567800000000003 0.858503 0.39567800000000003
3 0.9287750000000001 0.40776 0.936231 0.407296 0.936231 0.40590099999999996 0.935596 0.40590099999999996 0.9352790000000001 0.405204 0.93401 0.395214 0.932107 0.395214 0.930362 0.405204 0.9295690000000001 0.40659900000000004 0.9287750000000001 0.40683100000000005 0.9287750000000001 0.40776
3 0.964467 0.423792 0.965577 0.42263 0.966212 0.41566000000000003 0.966212 0.41170999999999996 0.964467 0.410548 0.9624050000000001 0.410316 0.956694 0.410316 0.9551080000000001 0.41147799999999995 0.954315 0.41961000000000004 0.954315 0.42263 0.9559010000000001 0.424024 0.964467 0.423792
1 0.785057 0.424489 0.786168 0.423792 0.7863260000000001 0.42263 0.786009 0.421701 0.784581 0.42123600000000005 0.783312 0.407993 0.781409 0.407993 0.779664 0.419145 0.7801400000000001 0.423327 0.780615 0.424257 0.785057 0.424489
1 0.9352790000000001 0.391729 0.935596 0.392426 0.938293 0.392426 0.939086 0.392193 0.9395619999999999 0.391496 0.9397209999999999 0.390567 0.939086 0.390102 0.938928 0.38452600000000003 0.937341 0.38452600000000003 0.9365479999999999 0.390102 0.935755 0.391496 0.9352790000000001 0.391729
3 0.772208 0.433318 0.770939 0.43378300000000003 0.770939 0.43424699999999994 0.782519 0.43424699999999994 0.783471 0.43378300000000003 0.783629 0.433318 0.782995 0.432853 0.782836 0.431459 0.78125 0.430762 0.780774 0.429833 0.779029 0.41566000000000003 0.776808 0.41566000000000003 0.7745879999999999 0.43052999999999997 0.77427 0.43122699999999997 0.772367 0.431691 0.772208 0.433318
3 0.93861 0.393587 0.940514 0.39382 0.943528 0.393355 0.943528 0.392193 0.9427350000000001 0.391496 0.9414659999999999 0.385455 0.940514 0.385223 0.9397209999999999 0.391961 0.939404 0.392658 0.93861 0.39289 0.93861 0.393587