0 0.070273 0.46282500000000004 0.070273 0.461664 0.06948 0.461431 0.069004 0.46050199999999997 0.0671 0.44888500000000003 0.065197 0.44888500000000003 0.06440399999999999 0.461431 0.062817 0.462361 0.06265899999999999 0.46282500000000004 0.070273 0.46282500000000004
0 0.10517099999999999 0.46816899999999995 0.104854 0.466543 0.104061 0.466543 0.10342599999999999 0.466078 0.10342599999999999 0.46398700000000004 0.10184 0.456087 0.101523 0.45237 0.099461 0.45237 0.098509 0.46631 0.09724000000000001 0.466775 0.09724000000000001 0.46840099999999996 0.10517099999999999 0.46816899999999995
0 0.09248100000000001 0.49140300000000003 0.09248100000000001 0.491868 0.106123 0.491868 0.10802700000000001 0.49140300000000003 0.107392 0.49070600000000003 0.10628200000000002 0.49070600000000003 0.106123 0.48907999999999996 0.10422000000000001 0.48815099999999995 0.101047 0.46863400000000005 0.098192 0.46863400000000005 0.096447 0.48861499999999997 0.094543 0.489777 0.094385 0.49140300000000003 0.09248100000000001 0.49140300000000003
0 0.21145299999999997 0.457714 0.21145299999999997 0.456784 0.210184 0.456552 0.20954899999999999 0.455623 0.20939100000000002 0.451673 0.208122 0.44493499999999997 0.206536 0.44493499999999997 0.205742 0.456087 0.204473 0.457017 0.20431499999999997 0.457946 0.21145299999999997 0.457714
0 0.304727 0.472351 0.314245 0.472351 0.315355 0.471887 0.31551399999999996 0.471422 0.314245 0.47119 0.31297600000000003 0.47026 0.3125 0.46933100000000005 0.310755 0.453299 0.308693 0.453299 0.307265 0.46909900000000004 0.306789 0.47026 0.305996 0.470493 0.304727 0.472351
1 0.312341 0.45817800000000003 0.319004 0.457714 0.319004 0.456784 0.317735 0.455623 0.316307 0.44609699999999997 0.314721 0.44609699999999997 0.313928 0.455623 0.31361 0.456552 0.312341 0.456784 0.312341 0.45817800000000003
3 0.33010799999999996 0.485595 0.329949 0.486757 0.328204 0.487221 0.328204 0.48768599999999995 0.340895 0.48768599999999995 0.34264 0.487221 0.34264 0.486757 0.340577 0.486059 0.34041899999999997 0.484665 0.338832 0.484665 0.338198 0.484201 0.338198 0.48257399999999995 0.337246 0.475139 0.336136 0.470028 0.33565999999999996 0.466775 0.333598 0.466775 0.331536 0.484201 0.331218 0.484898 0.330584 0.484898 0.33010799999999996 0.485595
1 0.407836 0.46026999999999996 0.407836 0.460734 0.415768 0.460734 0.415768 0.460037 0.415451 0.459572 0.414181 0.45887500000000003 0.413706 0.45817800000000003 0.41291200000000006 0.451905 0.41291200000000006 0.450279 0.412278 0.447723 0.41196099999999997 0.447258 0.41085000000000005 0.447258 0.40958100000000003 0.458411 0.409264 0.45910799999999996 0.408629 0.45910799999999996 0.407836 0.46026999999999996
1 0.42132 0.46933100000000005 0.42005100000000006 0.46956300000000006 0.42005100000000006 0.470957 0.427348 0.47119 0.428458 0.470725 0.428617 0.46909900000000004 0.427982 0.46909900000000004 0.427348 0.46840099999999996 0.426555 0.465613 0.42591999999999997 0.460037 0.425286 0.457946 0.425127 0.45422900000000005 0.423382 0.45422900000000005 0.42290599999999995 0.45632 0.42274700000000004 0.45980499999999996 0.42163700000000004 0.46863400000000005 0.42132 0.46933100000000005
1 0.527602 0.477928 0.5272840000000001 0.47839200000000004 0.525539 0.478857 0.5250630000000001 0.479786 0.5250630000000001 0.480716 0.534423 0.480948 0.536802 0.480019 0.536802 0.479089 0.535692 0.47816000000000003 0.534423 0.47769500000000004 0.5339470000000001 0.47699800000000003 0.5323599999999999 0.46886599999999995 0.5322020000000001 0.46352200000000005 0.531726 0.460734 0.5301400000000001 0.46050199999999997 0.529664 0.461431 0.529505 0.46421900000000005 0.528871 0.466543 0.527602 0.477928
3 0.580425 0.49767700000000004 0.579791 0.498374 0.579791 0.500929 0.580425 0.501394 0.592164 0.501162 0.5926400000000001 0.500697 0.5926400000000001 0.49767700000000004 0.590577 0.49721200000000004 0.59026 0.49628300000000003 0.588832 0.48257399999999995 0.5877220000000001 0.47560399999999997 0.585184 0.47560399999999997 0.583915 0.48280700000000004 0.582011 0.49698000000000003 0.5816939999999999 0.49767700000000004 0.580425 0.49767700000000004
3 0.539975 0.5620350000000001 0.561707 0.562268 0.561865 0.555994 0.560596 0.555065 0.558217 0.554136 0.557741 0.5529740000000001 0.5553619999999999 0.531134 0.553299 0.518123 0.5490160000000001 0.518355 0.54394 0.553903 0.543464 0.554833 0.540133 0.556227 0.539975 0.5620350000000001
1 0.706377 0.490474 0.706377 0.49140300000000003 0.719067 0.49140300000000003 0.719543 0.490939 0.719543 0.489777 0.719226 0.48884800000000006 0.718433 0.48768599999999995 0.717005 0.48791799999999996 0.716688 0.486989 0.716688 0.485595 0.713832 0.467704 0.711453 0.467704 0.709391 0.486524 0.7087559999999999 0.48791799999999996 0.706853 0.48931199999999997 0.706377 0.490474
1 0.860406 0.557156 0.860247 0.55948 0.85993 0.559944 0.858503 0.559944 0.8567579999999999 0.5606410000000001 0.8565989999999999 0.561106 0.866751 0.563429 0.871827 0.565056 0.875 0.565056 0.879918 0.563894 0.8868969999999999 0.563662 0.89007 0.562732 0.889911 0.562268 0.8886419999999999 0.561338 0.8861039999999999 0.561106 0.885787 0.5606410000000001 0.885628 0.558318 0.8837249999999999 0.557388 0.8819800000000001 0.557156 0.8813449999999999 0.556459 0.879759 0.545771 0.879124 0.5381039999999999 0.8778549999999999 0.52974 0.877379 0.5241640000000001 0.876428 0.5176580000000001 0.8746829999999999 0.517193 0.8723029999999999 0.517193 0.8713520000000001 0.51789 0.864848 0.555065 0.8638960000000001 0.555994 0.861675 0.555762 0.860406 0.557156
2 0.255393 0.500232 0.254442 0.5004649999999999 0.254283 0.501394 0.254918 0.502323 0.261104 0.502323 0.271891 0.500929 0.272049 0.5 0.271098 0.499535 0.270305 0.49767700000000004 0.268401 0.49698000000000003 0.266497 0.48327099999999995 0.26507000000000003 0.475372 0.263484 0.46840099999999996 0.26269 0.462128 0.259994 0.462128 0.257456 0.49698000000000003 0.25698 0.498374 0.25602800000000003 0.499071 0.255393 0.500232
0 0.26269 0.46189600000000003 0.263008 0.463058 0.267449 0.463058 0.267449 0.462361 0.266656 0.462361 0.266497 0.461431 0.265704 0.461431 0.265228 0.460967 0.26443500000000003 0.45538999999999996 0.26411799999999996 0.44888500000000003 0.263801 0.447955 0.26205599999999996 0.447723 0.26205599999999996 0.450511 0.261104 0.459572 0.261104 0.46189600000000003 0.26269 0.46189600000000003
2 0.03934 0.531366 0.03934 0.529972 0.037912 0.528113 0.036642999999999995 0.526952 0.035057 0.526952 0.034581 0.526487 0.032043 0.515567 0.02427 0.478857 0.022208 0.47862499999999997 0.022208 0.532993 0.024112 0.532993 0.028553000000000002 0.5320630000000001 0.03934 0.531366