1 0.121986 0.725372 0.11579900000000001 0.729322 0.112627 0.733736 0.112944 0.7404740000000001 0.11072299999999999 0.74605 0.11072299999999999 0.747677 0.111199 0.748838 0.114372 0.749071 0.148319 0.742797 0.16085 0.7400089999999999 0.163388 0.737686 0.164499 0.730483 0.164657 0.722119 0.162912 0.722119 0.161009 0.719331 0.15736 0.718169 0.153871 0.718401 0.153553 0.7179369999999999 0.138959 0.647072 0.138166 0.645911 0.132931 0.645911 0.130711 0.64684 0.128331 0.648467 0.121986 0.725372
1 0.286643 0.5576209999999999 0.286643 0.560177 0.28632599999999997 0.5606410000000001 0.285533 0.560874 0.285374 0.561338 0.287754 0.563197 0.28981599999999996 0.564126 0.293464 0.5643589999999999 0.311231 0.5606410000000001 0.311865 0.559712 0.311865 0.559015 0.30948600000000004 0.5580860000000001 0.308693 0.554833 0.30742400000000003 0.553903 0.305362 0.553903 0.304886 0.5527420000000001 0.297906 0.5176580000000001 0.294258 0.5176580000000001 0.293464 0.518355 0.290451 0.555762 0.29013300000000003 0.556227 0.286643 0.5576209999999999
1 0.289657 0.49605 0.28934000000000004 0.49698000000000003 0.30187200000000003 0.49698000000000003 0.304251 0.495586 0.304886 0.494888 0.304886 0.494424 0.303775 0.494424 0.30361699999999997 0.49279700000000004 0.30187200000000003 0.49256500000000003 0.301079 0.491868 0.300286 0.486059 0.297589 0.470725 0.295209 0.470725 0.294575 0.47119 0.292989 0.49302999999999997 0.290768 0.494191 0.290609 0.495586 0.289657 0.49605
1 0.245558 0.48350400000000004 0.2454 0.484898 0.25333100000000003 0.484898 0.256504 0.48373600000000005 0.256504 0.48280700000000004 0.255869 0.48280700000000004 0.255552 0.481645 0.254124 0.481413 0.253807 0.480948 0.250159 0.464452 0.24968300000000002 0.46398700000000004 0.248414 0.46421900000000005 0.24777900000000003 0.46909900000000004 0.246827 0.481877 0.246352 0.48303900000000005 0.245558 0.48350400000000004
0 0.33106 0.46375500000000003 0.33106 0.465381 0.337405 0.465381 0.339626 0.464916 0.339784 0.46421900000000005 0.33915 0.46421900000000005 0.33867400000000003 0.46282500000000004 0.337563 0.46259300000000003 0.337246 0.46189600000000003 0.33486699999999997 0.446329 0.332805 0.446329 0.33248700000000003 0.44679399999999997 0.33216999999999997 0.46189600000000003 0.331853 0.46282500000000004 0.33106 0.46375500000000003
3 0.406091 0.47026 0.414975 0.47026 0.416561 0.46956300000000006 0.41672000000000003 0.467007 0.416244 0.466543 0.415292 0.466543 0.414975 0.466078 0.411485 0.45004600000000006 0.40958100000000003 0.45004600000000006 0.408312 0.467472 0.406567 0.46793699999999994 0.406567 0.46956300000000006 0.406091 0.47026
1 0.497621 0.5 0.49730299999999994 0.502091 0.496193 0.502091 0.495876 0.502556 0.49777899999999997 0.503717 0.499841 0.5044139999999999 0.504442 0.5044139999999999 0.5150699999999999 0.502556 0.514911 0.501626 0.513642 0.500929 0.5134839999999999 0.499071 0.513166 0.498606 0.510945 0.49814100000000006 0.510628 0.49744400000000005 0.5061869999999999 0.471654 0.502855 0.471654 0.500635 0.49721200000000004 0.500159 0.498374 0.497938 0.499535 0.497621 0.5
0 0.44590699999999994 0.44981400000000005 0.445273 0.450743 0.45114200000000004 0.450743 0.453522 0.45004600000000006 0.453839 0.44958200000000004 0.45320400000000005 0.44934900000000005 0.452411 0.447955 0.451618 0.447955 0.45130100000000006 0.447258 0.449556 0.43355 0.44812799999999997 0.43355 0.447811 0.43401500000000004 0.446859 0.44818800000000003 0.44590699999999994 0.44888500000000003 0.44590699999999994 0.44981400000000005
3 0.507773 0.461431 0.507456 0.46189600000000003 0.50698 0.46189600000000003 0.506821 0.46259300000000003 0.516022 0.462361 0.51856 0.461431 0.51856 0.460967 0.517291 0.459572 0.516497 0.459572 0.5161800000000001 0.45910799999999996 0.513325 0.442612 0.511263 0.442612 0.509835 0.45887500000000003 0.509518 0.45980499999999996 0.507931 0.460037 0.507773 0.461431
3 0.529664 0.44911700000000004 0.529664 0.450279 0.537754 0.450511 0.538864 0.45004600000000006 0.538864 0.44934900000000005 0.538071 0.44818800000000003 0.536961 0.44818800000000003 0.536643 0.447723 0.5342640000000001 0.43424699999999994 0.533788 0.43378300000000003 0.532519 0.43401500000000004 0.531409 0.447026 0.530933 0.44818800000000003 0.530457 0.44818800000000003 0.529664 0.44911700000000004
0 0.548541 0.438197 0.5523480000000001 0.438197 0.554727 0.437732 0.554727 0.436338 0.5540930000000001 0.436106 0.553775 0.43540900000000005 0.5523480000000001 0.423327 0.550761 0.423327 0.5504439999999999 0.424721 0.54981 0.43564100000000006 0.548541 0.4375 0.548541 0.438197
1 0.529981 0.481645 0.5342640000000001 0.481645 0.542354 0.480716 0.5433060000000001 0.47932199999999997 0.543147 0.477463 0.542513 0.47699800000000003 0.540768 0.476766 0.540451 0.47630100000000003 0.537119 0.45422900000000005 0.534105 0.45422900000000005 0.5322020000000001 0.476533 0.531726 0.477463 0.5301400000000001 0.477928 0.529981 0.481645
0 0.8670690000000001 0.598513 0.859296 0.599442 0.859296 0.599907 0.8608819999999999 0.6013010000000001 0.8710340000000001 0.6059479999999999 0.8818210000000001 0.609201 0.89007 0.609201 0.8992699999999999 0.607807 0.912754 0.605019 0.912754 0.603392 0.907995 0.602928 0.9052979999999999 0.601766 0.903712 0.597119 0.900381 0.5945630000000001 0.898953 0.594331 0.898477 0.593866 0.890546 0.527184 0.8886419999999999 0.525558 0.8837249999999999 0.525558 0.881504 0.526255 0.873255 0.5915429999999999 0.8727790000000001 0.592472 0.8681789999999999 0.5945630000000001 0.8670690000000001 0.598513
0 0.852792 0.507435 0.8524749999999999 0.5079 0.849937 0.508829 0.849143 0.5097579999999999 0.852633 0.510455 0.8654820000000001 0.511385 0.870876 0.511385 0.8729380000000001 0.5099910000000001 0.8772209999999999 0.508132 0.8772209999999999 0.50697 0.8753170000000001 0.506506 0.875 0.506041 0.874841 0.5048790000000001 0.8743650000000001 0.504182 0.871669 0.50395 0.8713520000000001 0.5032530000000001 0.865799 0.46259300000000003 0.8650059999999999 0.462128 0.861199 0.462128 0.85993 0.46282500000000004 0.856282 0.503717 0.853426 0.505112 0.852633 0.505809 0.852792 0.507435
0 0.92703 0.46282500000000004 0.9263960000000001 0.46352200000000005 0.9263960000000001 0.46398700000000004 0.9281409999999999 0.464684 0.93639 0.464684 0.946383 0.46398700000000004 0.9460660000000001 0.46329000000000004 0.9444800000000001 0.462361 0.9443210000000001 0.46050199999999997 0.9414659999999999 0.45980499999999996 0.9384520000000001 0.43052999999999997 0.9354380000000001 0.43029700000000004 0.93401 0.430762 0.930044 0.459572 0.9294100000000001 0.46050199999999997 0.927348 0.460967 0.92703 0.46282500000000004
3 0.630869 0.436571 0.634201 0.436571 0.635311 0.43540900000000005 0.6370560000000001 0.43540900000000005 0.637373 0.43052999999999997 0.636104 0.429136 0.635628 0.42565099999999995 0.633725 0.42588299999999996 0.6316620000000001 0.427277 0.630869 0.43424699999999994 0.630869 0.436571
3 0.635311 0.44098499999999996 0.635311 0.442379 0.642925 0.442612 0.643401 0.442147 0.643401 0.44028799999999996 0.6424489999999999 0.44028799999999996 0.6421319999999999 0.43959099999999995 0.640387 0.427974 0.639753 0.42634800000000006 0.638166 0.42634800000000006 0.63769 0.428671 0.636739 0.44028799999999996 0.636421 0.44075300000000006 0.635311 0.44098499999999996
0 0.640228 0.42565099999999995 0.640228 0.427509 0.643718 0.427509 0.645305 0.427045 0.645305 0.42541799999999996 0.64467 0.424489 0.64356 0.41449800000000003 0.643242 0.41380100000000003 0.641973 0.41380100000000003 0.641497 0.41473000000000004 0.640863 0.42077099999999995 0.640704 0.42518599999999995 0.640228 0.42565099999999995
1 0.677824 0.467007 0.677665 0.46840099999999996 0.676555 0.46886599999999995 0.676396 0.469796 0.677982 0.47026 0.689086 0.47026 0.692259 0.46909900000000004 0.6925760000000001 0.46816899999999995 0.691307 0.46793699999999994 0.69099 0.46631 0.689086 0.466078 0.688769 0.465613 0.685438 0.444238 0.684962 0.443541 0.683376 0.443541 0.682741 0.444006 0.680203 0.46375500000000003 0.679727 0.465613 0.679251 0.46631 0.677824 0.467007
1 0.689404 0.44865199999999994 0.689404 0.451208 0.698763 0.451441 0.700032 0.450279 0.70019 0.44934900000000005 0.699714 0.44818800000000003 0.697811 0.447955 0.6974940000000001 0.447258 0.696859 0.44075300000000006 0.695431 0.43052999999999997 0.693052 0.43029700000000004 0.6925760000000001 0.430762 0.69099 0.447026 0.690355 0.44818800000000003 0.689404 0.44865199999999994
3 0.7025699999999999 0.432156 0.703046 0.431691 0.703046 0.430994 0.701777 0.429368 0.699873 0.417751 0.698128 0.417751 0.696859 0.429368 0.695749 0.430994 0.6959069999999999 0.432388 0.7025699999999999 0.432156
0 0.714308 0.41612499999999997 0.7136739999999999 0.414963 0.711294 0.40590099999999996 0.710184 0.40590099999999996 0.710025 0.418448 0.713198 0.418448 0.714308 0.417519 0.714308 0.41612499999999997
3 0.719067 0.423327 0.719067 0.424721 0.723192 0.424721 0.725571 0.424257 0.725571 0.42263 0.724619 0.422398 0.724143 0.42146800000000006 0.72335 0.415428 0.722398 0.41147799999999995 0.721129 0.41147799999999995 0.720812 0.411942 0.720019 0.422165 0.719543 0.423095 0.719067 0.423327
3 0.754442 0.42146800000000006 0.760945 0.42123600000000005 0.761263 0.42100400000000004 0.761263 0.42007399999999995 0.760311 0.41961000000000004 0.7599940000000001 0.418913 0.7584069999999999 0.40869 0.7571380000000001 0.40869 0.756821 0.409154 0.755711 0.419377 0.754442 0.42030700000000004 0.754442 0.42146800000000006
0 0.7674489999999999 0.404043 0.7671319999999999 0.403346 0.761897 0.403578 0.761897 0.41078099999999995 0.766973 0.41078099999999995 0.7674489999999999 0.410084 0.7674489999999999 0.404043
3 0.787754 0.41473000000000004 0.793464 0.41473000000000004 0.793782 0.41449800000000003 0.793782 0.413569 0.79283 0.41310399999999997 0.792513 0.41240699999999997 0.7914019999999999 0.40381 0.791085 0.403346 0.789816 0.403346 0.7893399999999999 0.404972 0.788706 0.41310399999999997 0.787754 0.414033 0.787754 0.41473000000000004
0 0.809327 0.403578 0.8134520000000001 0.403578 0.81361 0.402649 0.813293 0.402416 0.8129759999999999 0.40125500000000003 0.8125 0.395214 0.8120240000000001 0.39405199999999996 0.810755 0.39405199999999996 0.8102790000000001 0.396143 0.8098029999999999 0.40125500000000003 0.809327 0.402649 0.809327 0.403578
1 0.769036 0.43355 0.769036 0.43540900000000005 0.777602 0.43540900000000005 0.7782359999999999 0.43471200000000004 0.778077 0.433086 0.776808 0.432853 0.776491 0.432156 0.7745879999999999 0.41868 0.77427 0.417983 0.772525 0.417983 0.772049 0.419145 0.770622 0.431459 0.769829 0.433086 0.769036 0.43355
1 0.781885 0.445632 0.781726 0.446561 0.780933 0.447491 0.780933 0.447955 0.790292 0.447955 0.794575 0.447258 0.7947339999999999 0.446561 0.793623 0.44609699999999997 0.793147 0.44470299999999996 0.792037 0.44470299999999996 0.7912440000000001 0.444006 0.7896569999999999 0.432853 0.7883880000000001 0.42634800000000006 0.7863260000000001 0.42634800000000006 0.785692 0.427742 0.783788 0.44447000000000003 0.783154 0.44539999999999996 0.781885 0.445632
1 0.832963 0.41984199999999994 0.832963 0.42077099999999995 0.8397840000000001 0.42100400000000004 0.8416880000000001 0.42053900000000005 0.841846 0.41984199999999994 0.8408950000000001 0.418448 0.84026 0.418448 0.8399430000000001 0.417751 0.838039 0.40613400000000005 0.836294 0.40613400000000005 0.834708 0.417286 0.8343909999999999 0.418216 0.8337559999999999 0.418448 0.832963 0.41984199999999994
3 0.840577 0.40566899999999995 0.840577 0.40636599999999995 0.842164 0.40683100000000005 0.8464470000000001 0.40659900000000004 0.8464470000000001 0.40543699999999994 0.845495 0.404507 0.843909 0.39660799999999996 0.84264 0.39637500000000003 0.842322 0.39683999999999997 0.842322 0.39893100000000004 0.8415290000000001 0.40474 0.840577 0.40566899999999995
0 0.852633 0.39893100000000004 0.8524749999999999 0.39777 0.852157 0.39777 0.8518399999999999 0.397072 0.851047 0.390799 0.8504120000000001 0.38987 0.849143 0.390102 0.848668 0.39777 0.8481920000000001 0.39823400000000003 0.8481920000000001 0.39916399999999996 0.852633 0.39893100000000004
3 0.856916 0.40636599999999995 0.856916 0.407296 0.862627 0.407296 0.862786 0.40613400000000005 0.8621510000000001 0.40590099999999996 0.861675 0.404972 0.860247 0.39637500000000003 0.859296 0.39637500000000003 0.8589779999999999 0.39660799999999996 0.8580270000000001 0.405204 0.857551 0.40613400000000005 0.856916 0.40636599999999995
3 0.8953049999999999 0.399396 0.895463 0.398467 0.89467 0.397537 0.894511 0.39498099999999997 0.893718 0.390567 0.8921319999999999 0.390335 0.89118 0.397537 0.8902279999999999 0.39893100000000004 0.8902279999999999 0.399396 0.8953049999999999 0.399396
0 0.918782 0.395446 0.9244920000000001 0.395446 0.9246510000000001 0.394517 0.923699 0.39382 0.923065 0.392658 0.9221130000000001 0.38499099999999997 0.9205270000000001 0.38499099999999997 0.920051 0.386617 0.919416 0.393587 0.918782 0.394517 0.918782 0.395446
1 0.920051 0.410548 0.9279820000000001 0.410548 0.9281409999999999 0.409154 0.926713 0.407993 0.925127 0.397537 0.922906 0.397537 0.92132 0.408457 0.921003 0.409154 0.920051 0.409387 0.920051 0.410548
1 0.9262370000000001 0.417519 0.9263960000000001 0.418913 0.9330579999999999 0.419145 0.935755 0.41868 0.935755 0.417054 0.935121 0.416357 0.93401 0.41612499999999997 0.9336930000000001 0.415428 0.931948 0.402649 0.929727 0.402649 0.9279820000000001 0.41589200000000004 0.927665 0.416589 0.926713 0.41682199999999997 0.9262370000000001 0.417519
0 0.95828 0.40009300000000003 0.957963 0.40102200000000005 0.957011 0.40102200000000005 0.9568530000000001 0.40148700000000004 0.96526 0.40125500000000003 0.96526 0.40009300000000003 0.9643079999999999 0.39916399999999996 0.9636739999999999 0.390335 0.963198 0.388243 0.960977 0.388476 0.959549 0.39893100000000004 0.959074 0.399861 0.95828 0.40009300000000003
1 0.860565 0.43122699999999997 0.860565 0.431691 0.8711930000000001 0.431691 0.872621 0.43122699999999997 0.8727790000000001 0.430762 0.871669 0.43052999999999997 0.87151 0.429136 0.8697649999999999 0.429136 0.869448 0.428439 0.867703 0.41380100000000003 0.865165 0.413569 0.8631030000000001 0.428671 0.862468 0.42960000000000004 0.8613580000000001 0.429833 0.860565 0.43122699999999997