1 0.110565 0.575743 0.10866100000000001 0.576208 0.10866100000000001 0.579229 0.115165 0.5817840000000001 0.11976500000000001 0.5817840000000001 0.127062 0.58039 0.13308999999999999 0.5801580000000001 0.13769 0.579461 0.139911 0.577602 0.140228 0.576905 0.136421 0.576441 0.136104 0.575743 0.135787 0.572955 0.13198000000000001 0.5724910000000001 0.131662 0.5717939999999999 0.126586 0.534387 0.12214499999999999 0.534387 0.115958 0.571561 0.115482 0.5724910000000001 0.111675 0.5736519999999999 0.110565 0.575743
3 0.389911 0.583875 0.389594 0.58434 0.387214 0.58527 0.38705599999999996 0.585734 0.40085699999999996 0.588755 0.403871 0.588755 0.419258 0.58434 0.41878200000000004 0.583875 0.413706 0.582946 0.41338800000000003 0.579461 0.409423 0.578067 0.409105 0.577602 0.40894700000000006 0.5724910000000001 0.408312 0.565056 0.406567 0.55855 0.405933 0.550418 0.40482199999999996 0.54461 0.40482199999999996 0.540195 0.404346 0.537407 0.40149100000000004 0.537407 0.39927 0.5388010000000001 0.394511 0.578067 0.393877 0.578764 0.390546 0.58039 0.389911 0.583875
1 0.412119 0.45353199999999994 0.416402 0.45353199999999994 0.418306 0.453067 0.418306 0.451208 0.417671 0.450511 0.417354 0.447723 0.416402 0.44539999999999996 0.416085 0.443541 0.41481599999999996 0.443309 0.41434 0.44493499999999997 0.413547 0.450976 0.412119 0.45237 0.412119 0.45353199999999994
1 0.428458 0.45376399999999995 0.428141 0.455623 0.427189 0.456784 0.427189 0.45817800000000003 0.431313 0.458411 0.43400999999999995 0.457481 0.43416899999999997 0.455855 0.433376 0.45492600000000005 0.43274100000000004 0.453067 0.431631 0.447723 0.43115500000000007 0.447026 0.42988600000000005 0.447026 0.42909300000000006 0.44818800000000003 0.428775 0.45004600000000006 0.42909300000000006 0.45237 0.428458 0.45376399999999995
3 0.49666899999999997 0.453067 0.496193 0.45422900000000005 0.49555800000000005 0.45446099999999995 0.49555800000000005 0.455623 0.500793 0.455623 0.501586 0.45492600000000005 0.501586 0.45376399999999995 0.500635 0.452835 0.500476 0.450743 0.499048 0.44470299999999996 0.49857199999999996 0.44470299999999996 0.49777899999999997 0.445632 0.496827 0.450279 0.49666899999999997 0.453067
3 0.5050760000000001 0.44888500000000003 0.509518 0.44911700000000004 0.5099940000000001 0.44842000000000004 0.5099940000000001 0.447491 0.508883 0.44609699999999997 0.508566 0.44075300000000006 0.507297 0.44075300000000006 0.506504 0.441914 0.505869 0.447258 0.5050760000000001 0.44818800000000003 0.5050760000000001 0.44888500000000003
1 0.5039659999999999 0.5048790000000001 0.501904 0.505809 0.501904 0.5079 0.501269 0.508829 0.501269 0.5097579999999999 0.512849 0.5097579999999999 0.5141180000000001 0.5095259999999999 0.5161800000000001 0.507667 0.516022 0.505344 0.515387 0.5046470000000001 0.5141180000000001 0.5046470000000001 0.5134839999999999 0.503717 0.513166 0.5004649999999999 0.512214 0.49605 0.511897 0.490474 0.511421 0.48791799999999996 0.510945 0.48257399999999995 0.507931 0.48257399999999995 0.507297 0.48327099999999995 0.504442 0.50395 0.5039659999999999 0.5048790000000001
1 0.540133 0.462361 0.540133 0.460734 0.539499 0.459572 0.5383880000000001 0.45910799999999996 0.5379120000000001 0.453299 0.5372779999999999 0.44981400000000005 0.535692 0.44981400000000005 0.535057 0.450279 0.533629 0.460037 0.532043 0.461431 0.532043 0.46259300000000003 0.540133 0.462361
1 0.5490160000000001 0.445632 0.5490160000000001 0.446329 0.552982 0.446329 0.553775 0.445864 0.553775 0.44470299999999996 0.552982 0.443076 0.552824 0.43959099999999995 0.5525059999999999 0.438197 0.551396 0.438197 0.550603 0.43935899999999994 0.550286 0.443076 0.5490160000000001 0.445632
3 0.569004 0.44609699999999997 0.5685279999999999 0.44679399999999997 0.5685279999999999 0.447723 0.571225 0.447491 0.573128 0.446561 0.573128 0.44609699999999997 0.572176 0.44470299999999996 0.572018 0.44075300000000006 0.571542 0.43935899999999994 0.5705899999999999 0.43935899999999994 0.569956 0.44005599999999995 0.56948 0.444238 0.569004 0.44609699999999997
3 0.577728 0.457249 0.5766180000000001 0.457946 0.576142 0.458643 0.5763010000000001 0.459572 0.580901 0.45933999999999997 0.58217 0.45887500000000003 0.5835980000000001 0.457481 0.5835980000000001 0.45632 0.582646 0.455623 0.582329 0.45492600000000005 0.581853 0.45237 0.581536 0.44818800000000003 0.581218 0.447491 0.5796319999999999 0.447491 0.578522 0.44888500000000003 0.578046 0.456552 0.577728 0.457249
0 0.617227 0.445167 0.616117 0.446561 0.616275 0.447258 0.6199239999999999 0.447258 0.620717 0.44679399999999997 0.620717 0.445632 0.620082 0.44539999999999996 0.619765 0.44470299999999996 0.619448 0.437732 0.6186550000000001 0.437732 0.617544 0.43959099999999995 0.617227 0.442147 0.617227 0.445167
0 0.622621 0.443076 0.621827 0.44447000000000003 0.621827 0.445167 0.625635 0.445167 0.626428 0.44447000000000003 0.626428 0.44377300000000003 0.625635 0.441914 0.625159 0.437035 0.624683 0.436338 0.624207 0.436338 0.623731 0.437268 0.622779 0.44121699999999997 0.622621 0.443076
1 0.640704 0.46259300000000003 0.640387 0.46329000000000004 0.6391180000000001 0.46375500000000003 0.6391180000000001 0.465381 0.642291 0.465381 0.6460980000000001 0.464916 0.647049 0.464452 0.647049 0.46282500000000004 0.646415 0.462128 0.645939 0.460967 0.645622 0.45817800000000003 0.644829 0.455623 0.644511 0.45237 0.644036 0.450976 0.643084 0.450976 0.641815 0.452835 0.641497 0.457249 0.640704 0.46259300000000003
1 0.669099 0.489545 0.668464 0.490939 0.667513 0.491171 0.667354 0.49210000000000004 0.6683060000000001 0.49279700000000004 0.676237 0.49279700000000004 0.6773480000000001 0.492333 0.681789 0.49210000000000004 0.681789 0.490939 0.6803619999999999 0.490474 0.679886 0.489777 0.679727 0.48884800000000006 0.678299 0.48884800000000006 0.677665 0.48768599999999995 0.677665 0.484898 0.67703 0.48118 0.67703 0.477928 0.676555 0.476766 0.676237 0.47467499999999996 0.676237 0.471422 0.675761 0.470725 0.673858 0.470725 0.673065 0.47119 0.6724300000000001 0.47839200000000004 0.670685 0.48815099999999995 0.6703680000000001 0.48884800000000006 0.669099 0.489545
3 0.696383 0.45817800000000003 0.695749 0.459572 0.69448 0.46026999999999996 0.694797 0.461664 0.700508 0.461664 0.7016180000000001 0.46119899999999997 0.702411 0.45980499999999996 0.702411 0.45887500000000003 0.7016180000000001 0.45887500000000003 0.7009839999999999 0.457481 0.700349 0.45469299999999996 0.70019 0.450743 0.699873 0.44911700000000004 0.698445 0.44911700000000004 0.6976519999999999 0.44981400000000005 0.6976519999999999 0.451208 0.696383 0.45817800000000003
1 0.7197020000000001 0.46189600000000003 0.719543 0.465613 0.719067 0.46631 0.717164 0.467472 0.717322 0.46863400000000005 0.726523 0.46840099999999996 0.726364 0.467472 0.724461 0.465381 0.723985 0.455855 0.72335 0.45353199999999994 0.722874 0.452835 0.722081 0.452835 0.720812 0.45422900000000005 0.720336 0.45910799999999996 0.7197020000000001 0.46189600000000003
1 0.743179 0.476766 0.742386 0.479554 0.740641 0.48118 0.740799 0.48257399999999995 0.744765 0.48280700000000004 0.746193 0.48234199999999994 0.750635 0.481877 0.751428 0.480948 0.7511099999999999 0.480019 0.749365 0.478857 0.7490479999999999 0.47397799999999995 0.748572 0.472351 0.748096 0.46863400000000005 0.748096 0.465846 0.747621 0.46398700000000004 0.745876 0.46398700000000004 0.744607 0.465149 0.744131 0.470957 0.743179 0.476766
1 0.76269 0.46398700000000004 0.7620560000000001 0.470725 0.761739 0.471422 0.76047 0.472119 0.759359 0.47397799999999995 0.759359 0.47467499999999996 0.76856 0.47490699999999997 0.76967 0.472584 0.76967 0.471654 0.76856 0.471654 0.767925 0.470957 0.767925 0.46724 0.7674489999999999 0.464452 0.766497 0.460734 0.7661800000000001 0.458411 0.765546 0.457714 0.764594 0.457714 0.7638010000000001 0.458411 0.7634839999999999 0.461431 0.76269 0.46398700000000004
3 0.8088520000000001 0.466543 0.815673 0.466543 0.817893 0.465613 0.818052 0.46398700000000004 0.817418 0.46329000000000004 0.8164659999999999 0.463058 0.8161479999999999 0.462361 0.815831 0.457249 0.8145619999999999 0.45237 0.8121829999999999 0.452138 0.8104380000000001 0.462128 0.8085340000000001 0.465381 0.8085340000000001 0.466078 0.8088520000000001 0.466543
3 0.858344 0.494191 0.857551 0.494424 0.857551 0.49605 0.859296 0.49651500000000004 0.873255 0.49674699999999994 0.873731 0.495818 0.873731 0.494888 0.871827 0.49372699999999997 0.871669 0.49302999999999997 0.869607 0.49210000000000004 0.869289 0.491636 0.869289 0.486757 0.868972 0.48350400000000004 0.8683379999999999 0.48118 0.8680199999999999 0.47769500000000004 0.8670690000000001 0.47351299999999996 0.865165 0.47328099999999995 0.86453 0.47374499999999997 0.863261 0.475372 0.861041 0.491171 0.8597720000000001 0.49302999999999997 0.858344 0.494191
3 0.893877 0.476533 0.89578 0.47839200000000004 0.901332 0.477928 0.901332 0.470493 0.900539 0.466078 0.8981600000000001 0.464916 0.892925 0.464916 0.8926080000000001 0.46909900000000004 0.8861039999999999 0.47467499999999996 0.885787 0.475372 0.885787 0.476766 0.8862629999999999 0.47723000000000004 0.891656 0.47723000000000004 0.893877 0.476533
3 0.670685 0.522305 0.670685 0.523234 0.678617 0.5239309999999999 0.684645 0.5239309999999999 0.689086 0.522305 0.687183 0.52184 0.687024 0.520678 0.6863900000000001 0.519749 0.684645 0.5190520000000001 0.684327 0.518587 0.680679 0.493494 0.680203 0.49302999999999997 0.677982 0.49302999999999997 0.6740160000000001 0.51789 0.673541 0.5188200000000001 0.671478 0.519981 0.670685 0.522305
1 0.47414300000000004 0.443309 0.47509499999999993 0.443309 0.47541200000000006 0.44377300000000003 0.47573 0.44539999999999996 0.47588800000000003 0.44818800000000003 0.476681 0.44934900000000005 0.477633 0.44934900000000005 0.47731599999999996 0.446561 0.476047 0.442612 0.476047 0.43959099999999995 0.474778 0.43935899999999994 0.472874 0.443076 0.472874 0.44493499999999997 0.47319199999999995 0.44493499999999997 0.47414300000000004 0.443309
3 0.472398 0.451208 0.471923 0.451673 0.471923 0.45237 0.47557099999999997 0.45237 0.476523 0.452138 0.47715699999999994 0.451441 0.47715699999999994 0.450279 0.47573 0.44818800000000003 0.47557099999999997 0.44539999999999996 0.47509499999999993 0.443541 0.47414300000000004 0.443541 0.47350899999999996 0.44470299999999996 0.472874 0.447491 0.472398 0.451208