2 0.48841999999999997 0.6205860000000001 0.509359 0.6217469999999999 0.51269 0.622212 0.518084 0.622212 0.5210980000000001 0.620818 0.523636 0.616868 0.523636 0.616171 0.520305 0.613383 0.5177660000000001 0.611757 0.517291 0.610595 0.509676 0.540428 0.503807 0.540428 0.496352 0.611059 0.49238600000000005 0.614545 0.48841999999999997 0.6201209999999999 0.48841999999999997 0.6205860000000001
2 0.8776970000000001 0.631041 0.8776970000000001 0.633829 0.882456 0.638708 0.884042 0.639173 0.8921319999999999 0.640335 0.903712 0.640799 0.9171950000000001 0.6426580000000001 0.921161 0.6426580000000001 0.923065 0.641961 0.922747 0.640799 0.9203680000000001 0.637314 0.918623 0.633597 0.9143399999999999 0.630344 0.914023 0.6294139999999999 0.904505 0.552045 0.900698 0.5513480000000001 0.8983190000000001 0.5513480000000001 0.885628 0.627091 0.885152 0.62802 0.881028 0.630112 0.8776970000000001 0.631041
1 0.9501899999999999 0.489545 0.9568530000000001 0.489545 0.9568530000000001 0.48791799999999996 0.956536 0.48791799999999996 0.9560600000000001 0.486989 0.9546319999999999 0.477928 0.95257 0.477928 0.9516180000000001 0.487221 0.951301 0.48815099999999995 0.9501899999999999 0.48838299999999996 0.9501899999999999 0.489545
0 0.9484450000000001 0.48118 0.9484450000000001 0.48211000000000004 0.951935 0.48211000000000004 0.952253 0.480019 0.952253 0.47630100000000003 0.9517770000000001 0.472351 0.9501899999999999 0.472351 0.949556 0.479786 0.94908 0.480948 0.9484450000000001 0.48118
0 0.910533 0.479786 0.914657 0.479786 0.9156090000000001 0.47932199999999997 0.9156090000000001 0.47862499999999997 0.9149749999999999 0.476766 0.9143399999999999 0.470028 0.912754 0.47026 0.9114850000000001 0.477928 0.910533 0.479089 0.910533 0.479786
1 0.897208 0.484898 0.903236 0.48513 0.903236 0.48396800000000006 0.9022840000000001 0.48280700000000004 0.9011739999999999 0.475139 0.8995879999999999 0.475139 0.8983190000000001 0.48280700000000004 0.898001 0.48350400000000004 0.897208 0.48396800000000006 0.897208 0.484898
0 0.872462 0.476069 0.872462 0.475139 0.871986 0.474442 0.871669 0.46816899999999995 0.870241 0.46816899999999995 0.869448 0.47420999999999996 0.8686550000000001 0.475372 0.8686550000000001 0.476069 0.872462 0.476069
1 0.853902 0.481645 0.8591369999999999 0.481645 0.8591369999999999 0.480251 0.858185 0.479554 0.857709 0.47862499999999997 0.857551 0.472584 0.855806 0.472584 0.8550129999999999 0.47862499999999997 0.854537 0.479786 0.853902 0.480019 0.853902 0.481645
0 0.8243969999999999 0.47816000000000003 0.824556 0.476766 0.8237629999999999 0.47630100000000003 0.8234450000000001 0.475372 0.822811 0.46956300000000006 0.821701 0.46933100000000005 0.820907 0.476069 0.820273 0.476766 0.820273 0.47816000000000003 0.8243969999999999 0.47816000000000003
0 0.826301 0.47374499999999997 0.826301 0.471654 0.825825 0.47026 0.8253489999999999 0.467007 0.8243969999999999 0.466775 0.823921 0.470725 0.8234450000000001 0.472119 0.8234450000000001 0.47374499999999997 0.826301 0.47374499999999997
0 0.794258 0.47374499999999997 0.794258 0.47490699999999997 0.797747 0.47490699999999997 0.797747 0.47374499999999997 0.797272 0.472351 0.797113 0.46909900000000004 0.796637 0.46724 0.796003 0.46724 0.7953680000000001 0.472351 0.794892 0.47328099999999995 0.794258 0.47374499999999997
0 0.7745879999999999 0.472584 0.7745879999999999 0.470725 0.7741119999999999 0.46933100000000005 0.773636 0.465613 0.772684 0.465613 0.772208 0.470493 0.771732 0.47119 0.771732 0.472584 0.7745879999999999 0.472584
0 0.7530140000000001 0.47351299999999996 0.7561869999999999 0.47328099999999995 0.755711 0.470957 0.755235 0.46631 0.754283 0.46631 0.7539659999999999 0.46724 0.753648 0.47119 0.7530140000000001 0.472584 0.7530140000000001 0.47351299999999996
0 0.648001 0.471887 0.6511739999999999 0.471887 0.651332 0.470957 0.650539 0.46933100000000005 0.650381 0.465381 0.6491119999999999 0.465149 0.648636 0.467007 0.648477 0.470028 0.648001 0.470493 0.648001 0.471887
0 0.5997779999999999 0.472584 0.5988260000000001 0.465846 0.598192 0.465846 0.597874 0.46631 0.5977159999999999 0.469796 0.59724 0.472584 0.5997779999999999 0.472584
0 0.591212 0.471422 0.591212 0.470493 0.590895 0.47026 0.590577 0.466078 0.59026 0.465149 0.589467 0.465149 0.588991 0.469796 0.588357 0.470725 0.588357 0.471422 0.591212 0.471422
0 0.5675760000000001 0.47374499999999997 0.571066 0.47397799999999995 0.571066 0.473048 0.570114 0.470957 0.569956 0.467704 0.5696380000000001 0.467007 0.5688449999999999 0.467007 0.5685279999999999 0.46840099999999996 0.568369 0.472351 0.5675760000000001 0.472816 0.5675760000000001 0.47374499999999997
0 0.540133 0.472351 0.542989 0.472584 0.542989 0.471654 0.542671 0.471422 0.542195 0.46631 0.5412440000000001 0.466078 0.540768 0.46840099999999996 0.540768 0.470725 0.540133 0.471422 0.540133 0.472351
0 0.522367 0.47397799999999995 0.522367 0.472816 0.522049 0.472584 0.521732 0.471422 0.5212559999999999 0.46724 0.520146 0.46724 0.519829 0.471654 0.5191939999999999 0.473048 0.5191939999999999 0.47397799999999995 0.522367 0.47397799999999995
0 0.7120879999999999 0.470725 0.7116119999999999 0.469796 0.711294 0.46793699999999994 0.711294 0.465613 0.710977 0.464916 0.7103430000000001 0.464916 0.709391 0.46956300000000006 0.709391 0.471654 0.7120879999999999 0.471654 0.7120879999999999 0.470725
0 0.705901 0.472351 0.709391 0.472584 0.7087559999999999 0.46886599999999995 0.7087559999999999 0.465846 0.707487 0.465613 0.707011 0.46956300000000006 0.7066939999999999 0.470725 0.705901 0.471654 0.705901 0.472351
1 0.946701 0.8143589999999999 0.9493969999999999 0.833643 0.976206 0.842704 0.9773160000000001 0.842704 0.977633 0.797165 0.977633 0.721654 0.961453 0.806227 0.9608190000000001 0.8069240000000001 0.946542 0.811106 0.946701 0.8143589999999999