1 0.934327 0.674721 0.9336930000000001 0.680994 0.933217 0.682156 0.926872 0.684712 0.9248100000000001 0.685874 0.9246510000000001 0.686571 0.9289339999999999 0.690056 0.9528869999999999 0.6972579999999999 0.971288 0.704229 0.977633 0.703996 0.977633 0.652649 0.9708119999999999 0.597119 0.959074 0.597119 0.944638 0.671933 0.9438449999999999 0.6726300000000001 0.9403549999999999 0.673095 0.934327 0.674721
1 0.8134520000000001 0.507203 0.811707 0.5079 0.8115479999999999 0.508364 0.8177350000000001 0.511385 0.825032 0.511385 0.837881 0.510455 0.837722 0.5097579999999999 0.835501 0.507435 0.835501 0.505809 0.8351839999999999 0.505344 0.8343909999999999 0.5048790000000001 0.8326460000000001 0.5046470000000001 0.832011 0.503717 0.826935 0.470028 0.82297 0.470028 0.817893 0.502556 0.817418 0.503485 0.814245 0.5048790000000001 0.8134520000000001 0.507203
1 0.897843 0.42565099999999995 0.9083119999999999 0.42565099999999995 0.907995 0.424024 0.9065670000000001 0.423559 0.906091 0.42263 0.904346 0.40869 0.902126 0.40869 0.899746 0.422862 0.8992699999999999 0.423792 0.898001 0.424257 0.897843 0.42565099999999995
2 0.962881 0.43378300000000003 0.962722 0.43424699999999994 0.9774749999999999 0.43424699999999994 0.9774749999999999 0.418216 0.9754120000000001 0.40171900000000005 0.972874 0.40171900000000005 0.967005 0.430994 0.9651020000000001 0.432853 0.962881 0.43378300000000003
3 0.866751 0.41380100000000003 0.866751 0.41240699999999997 0.865958 0.41217499999999996 0.8654820000000001 0.41101299999999996 0.864372 0.40102200000000005 0.862468 0.40102200000000005 0.8608819999999999 0.41170999999999996 0.8596130000000001 0.412639 0.8596130000000001 0.41380100000000003 0.866751 0.41380100000000003
1 0.810755 0.41868 0.810755 0.41961000000000004 0.817418 0.41984199999999994 0.8194800000000001 0.419377 0.8191620000000001 0.417519 0.818052 0.417286 0.8177350000000001 0.416589 0.8163069999999999 0.405204 0.814404 0.405204 0.812659 0.417054 0.812341 0.417751 0.811072 0.418216 0.810755 0.41868
1 0.639594 0.46909900000000004 0.639594 0.470028 0.641656 0.47119 0.650539 0.47119 0.654346 0.470725 0.654346 0.469796 0.6535529999999999 0.46724 0.6522840000000001 0.466543 0.651808 0.465613 0.6481600000000001 0.444238 0.645622 0.444238 0.642925 0.466543 0.6424489999999999 0.467472 0.640228 0.46816899999999995 0.639594 0.46909900000000004
3 0.7198599999999999 0.414033 0.7198599999999999 0.412639 0.719067 0.41240699999999997 0.71875 0.41170999999999996 0.7176400000000001 0.403113 0.716212 0.403113 0.714943 0.412639 0.714308 0.41310399999999997 0.714308 0.414033 0.7198599999999999 0.414033
1 0.69448 0.418216 0.7009839999999999 0.418448 0.7009839999999999 0.416589 0.700032 0.41589200000000004 0.698445 0.40590099999999996 0.696701 0.40590099999999996 0.695273 0.41612499999999997 0.694956 0.41682199999999997 0.69448 0.417054 0.69448 0.418216
3 0.590419 0.41612499999999997 0.596288 0.41589200000000004 0.596288 0.414266 0.595495 0.414033 0.595178 0.413336 0.593909 0.40566899999999995 0.5926400000000001 0.40566899999999995 0.591688 0.413569 0.591212 0.41449800000000003 0.590577 0.414963 0.590419 0.41612499999999997
1 0.577411 0.42053900000000005 0.5837559999999999 0.42077099999999995 0.583439 0.41868 0.582646 0.41868 0.582329 0.417983 0.58106 0.408922 0.579473 0.408922 0.578522 0.417983 0.578204 0.418913 0.577411 0.418913 0.577411 0.42053900000000005
3 0.380869 0.5773699999999999 0.380235 0.578299 0.378173 0.579926 0.378173 0.580623 0.386421 0.585502 0.390387 0.585502 0.41323 0.58039 0.41323 0.579926 0.40974000000000005 0.5773699999999999 0.40974000000000005 0.574117 0.40878800000000004 0.572723 0.407995 0.5722579999999999 0.405457 0.5717939999999999 0.40482199999999996 0.570864 0.396732 0.525093 0.391656 0.525093 0.385945 0.5722579999999999 0.38547 0.573188 0.381345 0.574814 0.380869 0.5773699999999999
3 0.49666899999999997 0.494191 0.495876 0.494424 0.495876 0.494888 0.498096 0.49674699999999994 0.505393 0.49674699999999994 0.514277 0.49605 0.514594 0.495586 0.514594 0.494656 0.5138010000000001 0.494424 0.5134839999999999 0.493959 0.513166 0.491868 0.51047 0.491171 0.5101519999999999 0.490474 0.5061869999999999 0.46282500000000004 0.503173 0.46282500000000004 0.499683 0.490939 0.499207 0.491868 0.496827 0.49256500000000003 0.49666899999999997 0.494191
1 0.46399100000000004 0.427277 0.47017800000000004 0.427277 0.47017800000000004 0.42495399999999994 0.46938500000000005 0.42495399999999994 0.469067 0.424489 0.467481 0.414963 0.465736 0.414963 0.464943 0.42518599999999995 0.463832 0.42541799999999996 0.463674 0.42681199999999997 0.46399100000000004 0.427277
3 0.44083100000000003 0.424024 0.446383 0.424024 0.446383 0.42263 0.44590699999999994 0.42263 0.44559 0.422165 0.44416200000000006 0.413569 0.44305199999999995 0.413569 0.44194199999999995 0.421933 0.44146599999999997 0.422862 0.44083100000000003 0.423095 0.44083100000000003 0.424024
1 0.398319 0.46119899999999997 0.396891 0.461431 0.396891 0.462128 0.401332 0.46282500000000004 0.408154 0.46282500000000004 0.41085000000000005 0.462361 0.41100899999999996 0.460967 0.41021599999999997 0.46050199999999997 0.40958100000000003 0.45933999999999997 0.408312 0.45887500000000003 0.407995 0.45817800000000003 0.40482199999999996 0.44005599999999995 0.402126 0.43982299999999996 0.40069800000000005 0.458643 0.400381 0.45910799999999996 0.399112 0.459572 0.398319 0.46119899999999997
1 0.361992 0.436338 0.361516 0.437035 0.36897199999999997 0.437268 0.369289 0.437035 0.369289 0.43540900000000005 0.368496 0.43517700000000004 0.36802 0.43424699999999994 0.36643400000000004 0.423095 0.36437200000000003 0.423095 0.363579 0.43494400000000005 0.363103 0.43540900000000005 0.361992 0.43564100000000006 0.361992 0.436338
1 0.32059000000000004 0.45004600000000006 0.329473 0.45004600000000006 0.329949 0.44934900000000005 0.329949 0.44842000000000004 0.329473 0.447258 0.328204 0.447026 0.327887 0.446561 0.325508 0.432853 0.323287 0.432621 0.322018 0.446329 0.321542 0.447491 0.32059000000000004 0.447955 0.32059000000000004 0.45004600000000006
3 0.300603 0.437268 0.30742400000000003 0.437035 0.307741 0.436571 0.307741 0.43494400000000005 0.306631 0.43471200000000004 0.306313 0.43424699999999994 0.304251 0.424489 0.302824 0.424257 0.301713 0.43448000000000003 0.30123700000000003 0.43540900000000005 0.300603 0.43564100000000006 0.300603 0.437268
3 0.221447 0.475836 0.221129 0.47630100000000003 0.220336 0.47630100000000003 0.22001900000000002 0.47723000000000004 0.231916 0.47723000000000004 0.23397800000000002 0.476766 0.23556499999999997 0.475836 0.235723 0.475372 0.234454 0.475139 0.23382 0.47374499999999997 0.231916 0.47328099999999995 0.23159900000000003 0.472584 0.228744 0.45446099999999995 0.22557100000000002 0.45446099999999995 0.22335 0.47397799999999995 0.22287400000000002 0.474442 0.221764 0.47467499999999996 0.221447 0.475836
3 0.21351499999999998 0.45422900000000005 0.219385 0.45446099999999995 0.22255699999999998 0.45399599999999996 0.22255699999999998 0.452138 0.221288 0.451673 0.220812 0.450976 0.21859099999999998 0.437732 0.216212 0.4375 0.215102 0.450743 0.21462599999999998 0.451905 0.21351499999999998 0.45237 0.21351499999999998 0.45422900000000005