1 0.442735 0.495586 0.44400399999999995 0.49674699999999994 0.446859 0.49674699999999994 0.44923900000000005 0.49628300000000003 0.44908000000000003 0.494191 0.448287 0.493959 0.447811 0.49302999999999997 0.446542 0.484665 0.44463800000000003 0.484665 0.44384499999999993 0.49302999999999997 0.443528 0.493959 0.442735 0.494424 0.442735 0.495586
1 0.468591 0.501394 0.468591 0.502556 0.470019 0.503485 0.476047 0.5032530000000001 0.476047 0.501162 0.474778 0.499535 0.47303300000000004 0.48931199999999997 0.471129 0.48931199999999997 0.46986 0.5 0.469543 0.500697 0.468909 0.500697 0.468591 0.501394
1 0.5099940000000001 0.48931199999999997 0.513959 0.48931199999999997 0.513959 0.486524 0.513325 0.485827 0.511739 0.47862499999999997 0.5101519999999999 0.47839200000000004 0.509359 0.486292 0.508883 0.486757 0.508883 0.48815099999999995 0.5099940000000001 0.48931199999999997
3 0.517291 0.49372699999999997 0.522367 0.493494 0.522367 0.492333 0.521732 0.491868 0.521415 0.491171 0.51967 0.48280700000000004 0.5177660000000001 0.48257399999999995 0.516973 0.491636 0.516339 0.491868 0.516339 0.493262 0.517291 0.49372699999999997
3 0.5523480000000001 0.48884800000000006 0.554251 0.48884800000000006 0.5553619999999999 0.48838299999999996 0.555679 0.486292 0.554251 0.47862499999999997 0.552665 0.47839200000000004 0.551555 0.486524 0.551079 0.486989 0.551237 0.48838299999999996 0.5523480000000001 0.48884800000000006
3 0.553458 0.498374 0.560755 0.498374 0.560596 0.49744400000000005 0.5594859999999999 0.495121 0.558058 0.485595 0.5558379999999999 0.485595 0.555044 0.495353 0.554569 0.49651500000000004 0.553458 0.49698000000000003 0.553458 0.498374
1 0.596923 0.484433 0.6008880000000001 0.484433 0.601047 0.48303900000000005 0.6000949999999999 0.48211000000000004 0.599461 0.47490699999999997 0.599143 0.474442 0.597557 0.474442 0.596923 0.481645 0.595812 0.48280700000000004 0.595812 0.48327099999999995 0.596923 0.484433
3 0.623255 0.484898 0.623572 0.485362 0.629283 0.485362 0.629283 0.48396800000000006 0.628173 0.48257399999999995 0.626904 0.475139 0.625159 0.475139 0.6240479999999999 0.48280700000000004 0.623572 0.48373600000000005 0.623096 0.48396800000000006 0.623255 0.484898
1 0.620241 0.507435 0.620241 0.508597 0.621352 0.5092939999999999 0.624841 0.5092939999999999 0.626745 0.508829 0.6300760000000001 0.509061 0.630552 0.508597 0.630552 0.5079 0.628331 0.505576 0.6259520000000001 0.491868 0.6238900000000001 0.491868 0.6223029999999999 0.505112 0.621827 0.506041 0.6210340000000001 0.506273 0.620241 0.507435
3 0.668464 0.500929 0.669575 0.5018589999999999 0.676713 0.5018589999999999 0.676713 0.500697 0.67592 0.499071 0.675603 0.499071 0.675127 0.49814100000000006 0.6736989999999999 0.48768599999999995 0.672906 0.486757 0.671796 0.486757 0.671003 0.487221 0.6700510000000001 0.49814100000000006 0.6697339999999999 0.499071 0.668464 0.499303 0.668464 0.500929
0 0.68052 0.48303900000000005 0.6811550000000001 0.48327099999999995 0.682107 0.484433 0.6835340000000001 0.484433 0.684169 0.48396800000000006 0.6863900000000001 0.48396800000000006 0.686231 0.48280700000000004 0.684962 0.480251 0.6844859999999999 0.47420999999999996 0.683693 0.472584 0.683058 0.472584 0.682582 0.473048 0.681631 0.480948 0.68052 0.48234199999999994 0.68052 0.48303900000000005
0 0.685121 0.480251 0.685438 0.480948 0.686865 0.480948 0.687024 0.480019 0.685914 0.47862499999999997 0.685438 0.475139 0.685596 0.471654 0.6848029999999999 0.47026 0.684169 0.47026 0.6835340000000001 0.471422 0.6835340000000001 0.472351 0.684645 0.47420999999999996 0.685121 0.480251
1 0.7772840000000001 0.6329 0.775857 0.6345259999999999 0.776015 0.635688 0.778077 0.638941 0.7801400000000001 0.641496 0.783788 0.642426 0.798065 0.641961 0.802665 0.6426580000000001 0.806948 0.6426580000000001 0.810121 0.641264 0.8102790000000001 0.640567 0.807741 0.636849 0.807741 0.633364 0.8061550000000001 0.63197 0.802665 0.631041 0.802189 0.630576 0.80203 0.621515 0.8006030000000001 0.613151 0.799334 0.607807 0.797906 0.599907 0.797113 0.593401 0.796796 0.584805 0.795685 0.582017 0.794892 0.5817840000000001 0.791878 0.5817840000000001 0.789975 0.582946 0.782995 0.6282530000000001 0.7823599999999999 0.629182 0.7782359999999999 0.630112 0.7772840000000001 0.6329
1 0.7745879999999999 0.508132 0.773636 0.508829 0.773636 0.510688 0.781409 0.51092 0.784423 0.5097579999999999 0.784581 0.5079 0.783471 0.507203 0.782995 0.506273 0.781091 0.49210000000000004 0.778077 0.49210000000000004 0.7761739999999999 0.506273 0.775857 0.50697 0.774746 0.50697 0.7745879999999999 0.508132
3 0.8350250000000001 0.501162 0.833598 0.501626 0.8337559999999999 0.502788 0.8443849999999999 0.50302 0.8447020000000001 0.502556 0.8447020000000001 0.501626 0.84264 0.498838 0.842164 0.494888 0.840736 0.48768599999999995 0.8401020000000001 0.486524 0.838357 0.486524 0.837722 0.48768599999999995 0.8374050000000001 0.48907999999999996 0.836294 0.499768 0.8350250000000001 0.501162
1 0.9035529999999999 0.5111519999999999 0.903236 0.512314 0.903236 0.513941 0.9040290000000001 0.5146379999999999 0.904981 0.5148699999999999 0.9157679999999999 0.5148699999999999 0.9157679999999999 0.5111519999999999 0.914499 0.510688 0.9141809999999999 0.510223 0.913864 0.507667 0.9125949999999999 0.503717 0.9113260000000001 0.493959 0.910374 0.493262 0.9091049999999999 0.493262 0.9083119999999999 0.49372699999999997 0.907519 0.49698000000000003 0.9056150000000001 0.510455 0.9052979999999999 0.5111519999999999 0.9035529999999999 0.5111519999999999