3 0.8442259999999999 0.6101300000000001 0.8431150000000001 0.614777 0.842957 0.6171 0.842164 0.6205860000000001 0.841846 0.623838 0.840736 0.628485 0.840419 0.632667 0.8386739999999999 0.639173 0.838357 0.642193 0.8374050000000001 0.646375 0.836136 0.6584570000000001 0.835343 0.660548 0.831377 0.678439 0.830584 0.6796 0.829791 0.680065 0.824239 0.681691 0.823128 0.682388 0.8218590000000001 0.684015 0.8212249999999999 0.688894 0.8205899999999999 0.69145 0.8175760000000001 0.6972579999999999 0.8170999999999999 0.698885 0.8170999999999999 0.700511 0.817893 0.701673 0.826935 0.704461 0.830425 0.7051580000000001 0.8342320000000001 0.7067840000000001 0.835977 0.7067840000000001 0.8385149999999999 0.707249 0.8391500000000001 0.707714 0.842322 0.707946 0.846764 0.70934 0.847874 0.710037 0.8516809999999999 0.710502 0.853585 0.7114309999999999 0.855171 0.7114309999999999 0.858185 0.712593 0.861199 0.713058 0.8621510000000001 0.713522 0.863579 0.713522 0.864372 0.713987 0.871669 0.714219 0.873414 0.712825 0.87611 0.707017 0.87611 0.7065520000000001 0.87849 0.703067 0.8800760000000001 0.698188 0.8800760000000001 0.695864 0.8788069999999999 0.694238 0.876904 0.693076 0.8746829999999999 0.689591 0.873414 0.688197 0.867227 0.684015 0.8664339999999999 0.682156 0.864689 0.670074 0.862944 0.661013 0.862786 0.657296 0.861675 0.6493960000000001 0.861675 0.647072 0.8608819999999999 0.640799 0.860565 0.6398699999999999 0.85993 0.631738 0.859454 0.6296470000000001 0.857551 0.60711 0.856916 0.602695 0.8556469999999999 0.6013010000000001 0.85422 0.6008359999999999 0.851047 0.600372 0.847081 0.6006039999999999 0.8459709999999999 0.6013010000000001 0.845495 0.601998 0.8442259999999999 0.6089680000000001 0.8442259999999999 0.6101300000000001
3 0.567893 0.46956300000000006 0.567735 0.473048 0.565355 0.49070600000000003 0.564721 0.491868 0.562183 0.49279700000000004 0.561231 0.494888 0.560121 0.495586 0.55901 0.495586 0.558693 0.49605 0.558693 0.49744400000000005 0.5598029999999999 0.498374 0.560914 0.49790900000000005 0.564245 0.49790900000000005 0.5696380000000001 0.498606 0.5726519999999999 0.498374 0.574239 0.499071 0.576459 0.499071 0.578204 0.498374 0.579791 0.49721200000000004 0.580901 0.49721200000000004 0.582329 0.49790900000000005 0.5835980000000001 0.49767700000000004 0.584867 0.49628300000000003 0.584549 0.495121 0.582646 0.494888 0.58217 0.494191 0.581853 0.49279700000000004 0.581218 0.491868 0.579156 0.49140300000000003 0.578363 0.489777 0.576935 0.480948 0.576935 0.479089 0.5763010000000001 0.476069 0.575508 0.467704 0.5745560000000001 0.46329000000000004 0.573763 0.457481 0.573445 0.456784 0.572811 0.45632 0.570431 0.456552 0.5696380000000001 0.457714 0.5691620000000001 0.46189600000000003 0.5685279999999999 0.464916 0.567893 0.46956300000000006
0 0.411168 0.424024 0.411168 0.427277 0.41069199999999995 0.42960000000000004 0.41069199999999995 0.43494400000000005 0.410374 0.43982299999999996 0.40958100000000003 0.447026 0.409105 0.447723 0.407836 0.44818800000000003 0.407202 0.44888500000000003 0.40672600000000003 0.45004600000000006 0.40672600000000003 0.451441 0.407043 0.451905 0.408629 0.452138 0.41672000000000003 0.451673 0.418464 0.450976 0.41973399999999994 0.44911700000000004 0.41957500000000003 0.447955 0.418306 0.447723 0.41783000000000003 0.447026 0.41783000000000003 0.44539999999999996 0.41672000000000003 0.43935899999999994 0.41672000000000003 0.4375 0.416402 0.436571 0.416244 0.433086 0.41592599999999996 0.431924 0.416085 0.431459 0.415451 0.427974 0.415292 0.42541799999999996 0.41465699999999994 0.422165 0.41434 0.421701 0.41307099999999997 0.42146800000000006 0.41196099999999997 0.421701 0.411485 0.422165 0.411168 0.424024
0 0.326777 0.424024 0.325825 0.424257 0.324873 0.42565099999999995 0.324873 0.42657999999999996 0.325508 0.427045 0.33328 0.42634800000000006 0.334708 0.42681199999999997 0.335343 0.42611499999999997 0.335343 0.42565099999999995 0.33486699999999997 0.424721 0.334074 0.424489 0.333598 0.423792 0.33312200000000003 0.42100400000000004 0.33312200000000003 0.419377 0.33248700000000003 0.417054 0.332329 0.414033 0.332011 0.41310399999999997 0.331853 0.410316 0.331218 0.40636599999999995 0.330584 0.405204 0.328839 0.405204 0.328204 0.40683100000000005 0.327887 0.416357 0.327253 0.423095 0.326777 0.424024
0 0.284898 0.414963 0.284898 0.41682199999999997 0.285533 0.417286 0.286009 0.41682199999999997 0.287119 0.416589 0.292989 0.416589 0.293147 0.41589200000000004 0.29283000000000003 0.41473000000000004 0.292037 0.41449800000000003 0.290768 0.411942 0.289499 0.40474 0.289499 0.403346 0.288547 0.399628 0.287912 0.39916399999999996 0.286802 0.399396 0.28632599999999997 0.40102200000000005 0.28632599999999997 0.41217499999999996 0.286009 0.414033 0.284898 0.414963
0 0.265704 0.409851 0.272525 0.409851 0.271415 0.408225 0.269511 0.395446 0.268718 0.394749 0.26760799999999996 0.394749 0.267291 0.39637500000000003 0.266656 0.407528 0.265704 0.408457 0.265704 0.409851
0 0.247145 0.402881 0.248414 0.402416 0.248414 0.40148700000000004 0.247303 0.40148700000000004 0.246986 0.40079000000000004 0.24587599999999998 0.39289 0.246034 0.391729 0.245558 0.390335 0.243813 0.390335 0.243338 0.40102200000000005 0.24270299999999997 0.40171900000000005 0.24270299999999997 0.402649 0.247145 0.402881
0 0.210819 0.39916399999999996 0.210819 0.398467 0.210184 0.39823400000000003 0.209708 0.397305 0.208598 0.388941 0.20717 0.388941 0.20637699999999998 0.39777 0.205584 0.398699 0.205584 0.399396 0.210819 0.39916399999999996
0 0.15323599999999998 0.397537 0.152443 0.39637500000000003 0.151174 0.388708 0.14942899999999998 0.388476 0.149112 0.397072 0.148319 0.39823400000000003 0.15323599999999998 0.39823400000000003 0.15323599999999998 0.397537
0 0.141022 0.404507 0.144353 0.404507 0.145146 0.404043 0.14467000000000002 0.402649 0.144829 0.398467 0.145463 0.39823400000000003 0.145463 0.39660799999999996 0.144511 0.392426 0.142766 0.392426 0.141815 0.402881 0.141022 0.404043 0.141022 0.404507
0 0.144829 0.402649 0.145305 0.404043 0.144987 0.409387 0.144194 0.410084 0.143877 0.41124499999999997 0.145146 0.41124499999999997 0.14816000000000001 0.410316 0.148636 0.403578 0.147525 0.397305 0.145622 0.397305 0.145622 0.39823400000000003 0.144987 0.398467 0.144829 0.402649
1 0.146098 0.42007399999999995 0.154505 0.41984199999999994 0.154505 0.418216 0.15371200000000002 0.417983 0.153395 0.417519 0.150857 0.405204 0.148794 0.404972 0.14768399999999998 0.418216 0.146574 0.418448 0.146098 0.419377 0.146098 0.42007399999999995
1 0.152284 0.430994 0.15196700000000002 0.431459 0.151174 0.431691 0.151015 0.432156 0.161961 0.432156 0.163706 0.431691 0.163864 0.43122699999999997 0.16323000000000001 0.430994 0.162595 0.42960000000000004 0.161168 0.42960000000000004 0.16085 0.429136 0.157836 0.413336 0.155457 0.413569 0.154029 0.429136 0.153553 0.42960000000000004 0.152443 0.429833 0.152284 0.430994
1 0.16323000000000001 0.44911700000000004 0.162437 0.45004600000000006 0.174651 0.44981400000000005 0.176396 0.44865199999999994 0.176555 0.44818800000000003 0.175444 0.447723 0.175286 0.446561 0.173541 0.446561 0.173223 0.44609699999999997 0.16894 0.42588299999999996 0.166402 0.42565099999999995 0.164975 0.445864 0.164499 0.447258 0.163388 0.447723 0.16323000000000001 0.44911700000000004
1 0.17592000000000002 0.48118 0.17481 0.48234199999999994 0.17481 0.48280700000000004 0.17718899999999999 0.484665 0.18067899999999998 0.484665 0.19558999999999999 0.48280700000000004 0.194162 0.48118 0.193211 0.47839200000000004 0.190831 0.47862499999999997 0.19051400000000002 0.47816000000000003 0.185438 0.44934900000000005 0.18163100000000001 0.44911700000000004 0.179251 0.47839200000000004 0.17893399999999998 0.478857 0.176713 0.479786 0.17592000000000002 0.48118
0 0.066942 0.399396 0.066942 0.398699 0.066466 0.398699 0.066148 0.398002 0.065038 0.38987 0.063293 0.38987 0.0625 0.397537 0.062024 0.398002 0.062024 0.399396 0.066942 0.399396
1 0.212722 0.523002 0.212563 0.5243960000000001 0.212246 0.524861 0.212246 0.528113 0.212563 0.530901 0.212088 0.531599 0.212246 0.536013 0.212722 0.536478 0.212563 0.539033 0.211612 0.541125 0.21145299999999997 0.544377 0.210343 0.550418 0.20954899999999999 0.558318 0.208756 0.5625 0.20796299999999998 0.563894 0.204632 0.56552 0.20368 0.566682 0.203046 0.569935 0.203046 0.573885 0.20352199999999998 0.575743 0.204632 0.576673 0.210184 0.575976 0.210343 0.576208 0.21303899999999998 0.575279 0.213991 0.574582 0.216688 0.573885 0.219543 0.573885 0.22097099999999997 0.57342 0.221764 0.5736519999999999 0.22461899999999999 0.572955 0.234454 0.572955 0.235406 0.571329 0.235723 0.569006 0.23524699999999998 0.565288 0.23477199999999998 0.563894 0.23413699999999998 0.563197 0.230647 0.562268 0.229378 0.561338 0.229378 0.5606410000000001 0.228268 0.5576209999999999 0.227475 0.554136 0.227316 0.552277 0.226999 0.551812 0.226681 0.549257 0.22573 0.546004 0.22335 0.532528 0.222716 0.530901 0.222716 0.529972 0.221764 0.526022 0.221447 0.523002 0.22017799999999998 0.51789 0.219385 0.513011 0.21700499999999998 0.512082 0.215895 0.512082 0.21351499999999998 0.513011 0.21288100000000001 0.515567 0.21288100000000001 0.517193 0.212563 0.518587 0.212722 0.523002
0 0.102316 0.402184 0.107075 0.402416 0.107075 0.40125500000000003 0.106599 0.40032500000000004 0.10517099999999999 0.391264 0.10390200000000001 0.391264 0.103585 0.391496 0.103109 0.400558 0.102316 0.40125500000000003 0.102316 0.402184
0 0.042354 0.402184 0.042513 0.40148700000000004 0.042037000000000005 0.40079000000000004 0.040609 0.391961 0.038547 0.391961 0.038071 0.40102200000000005 0.037437 0.40148700000000004 0.037437 0.402416 0.042354 0.402184