0 0.474778 0.559015 0.474778 0.559712 0.47636399999999995 0.560874 0.48128200000000004 0.561571 0.501904 0.561571 0.503648 0.557156 0.503807 0.554136 0.501904 0.5529740000000001 0.5009520000000001 0.551812 0.498414 0.551115 0.49777899999999997 0.550186 0.49191 0.499071 0.491275 0.498606 0.487151 0.498606 0.486041 0.499071 0.481123 0.550651 0.479537 0.552045 0.477475 0.5529740000000001 0.474778 0.559015
0 0.651808 0.471422 0.651332 0.472351 0.649429 0.472816 0.6491119999999999 0.47328099999999995 0.655933 0.47420999999999996 0.6629120000000001 0.47420999999999996 0.667513 0.47374499999999997 0.667989 0.47328099999999995 0.669099 0.473048 0.669258 0.472584 0.666878 0.471887 0.665926 0.469796 0.664499 0.46909900000000004 0.664023 0.46816899999999995 0.6602159999999999 0.439126 0.656885 0.43935899999999994 0.654029 0.46909900000000004 0.6532359999999999 0.469796 0.651967 0.47026 0.651808 0.471422
0 0.714308 0.441914 0.713991 0.443309 0.712881 0.443541 0.7124050000000001 0.444006 0.713357 0.44493499999999997 0.7157359999999999 0.44539999999999996 0.722398 0.44539999999999996 0.727792 0.44447000000000003 0.727951 0.44377300000000003 0.7258880000000001 0.443309 0.725254 0.441914 0.724143 0.44145 0.7238260000000001 0.44098499999999996 0.72224 0.41868 0.7197020000000001 0.418913 0.719385 0.419145 0.716212 0.44075300000000006 0.715577 0.441682 0.714308 0.441914
0 0.7488900000000001 0.42495399999999994 0.7571380000000001 0.42495399999999994 0.757931 0.424257 0.7580899999999999 0.423559 0.7571380000000001 0.423327 0.756821 0.422398 0.7560279999999999 0.422165 0.755552 0.42123600000000005 0.753648 0.404507 0.752062 0.404507 0.751586 0.40543699999999994 0.749683 0.422165 0.7488900000000001 0.424257 0.7488900000000001 0.42495399999999994
0 0.7872779999999999 0.410548 0.7883880000000001 0.409619 0.7883880000000001 0.409154 0.787754 0.409154 0.7874369999999999 0.408225 0.786485 0.408225 0.786168 0.407528 0.784423 0.39428399999999997 0.782836 0.39428399999999997 0.780933 0.407993 0.779505 0.409851 0.779505 0.410548 0.7872779999999999 0.410548
3 0.799651 0.40102200000000005 0.805362 0.40102200000000005 0.8056789999999999 0.40079000000000004 0.8056789999999999 0.40009300000000003 0.805362 0.399628 0.8045690000000001 0.399396 0.804251 0.398467 0.803299 0.389405 0.801713 0.389405 0.8006030000000001 0.39893100000000004 0.800286 0.399628 0.799651 0.399861 0.799651 0.40102200000000005
3 0.8489850000000001 0.39382 0.855489 0.39382 0.85533 0.392658 0.854537 0.392426 0.85422 0.391729 0.8532679999999999 0.384061 0.851999 0.38382900000000003 0.8507300000000001 0.391729 0.8504120000000001 0.392426 0.849461 0.39289 0.8489850000000001 0.39382
3 0.8489850000000001 0.38452600000000003 0.8516809999999999 0.38452600000000003 0.8516809999999999 0.384061 0.8523160000000001 0.383597 0.8523160000000001 0.381506 0.851523 0.37732299999999996 0.8505710000000001 0.37732299999999996 0.849778 0.382667 0.8489850000000001 0.38382900000000003 0.8489850000000001 0.38452600000000003
3 0.841212 0.380344 0.840577 0.375465 0.839467 0.375465 0.838198 0.38220299999999996 0.8416880000000001 0.38220299999999996 0.8416880000000001 0.38127300000000003 0.841212 0.380344
3 0.8788069999999999 0.378253 0.879124 0.37801999999999997 0.879124 0.37732299999999996 0.878331 0.376162 0.8778549999999999 0.37198000000000003 0.876904 0.37198000000000003 0.876428 0.376626 0.875793 0.377556 0.875793 0.378253 0.8788069999999999 0.378253
1 0.885311 0.380112 0.8892770000000001 0.380112 0.889435 0.37941400000000003 0.888801 0.378717 0.888166 0.374303 0.887373 0.37267700000000004 0.8868969999999999 0.37267700000000004 0.886421 0.373374 0.8859450000000001 0.378253 0.885311 0.379182 0.885311 0.380112
3 0.8926080000000001 0.388011 0.8967320000000001 0.388243 0.8981600000000001 0.387779 0.8981600000000001 0.386849 0.8976839999999999 0.386617 0.897208 0.385455 0.896415 0.378717 0.896098 0.378253 0.894829 0.378253 0.893718 0.38592 0.8934010000000001 0.386617 0.892925 0.386617 0.8926080000000001 0.388011
1 0.907678 0.377091 0.911802 0.377091 0.911802 0.376394 0.911009 0.375465 0.910533 0.37105 0.9100569999999999 0.37035300000000004 0.909264 0.37035300000000004 0.9084709999999999 0.375232 0.907995 0.376162 0.907678 0.376162 0.907678 0.377091
1 0.915292 0.381041 0.919575 0.380809 0.919575 0.37964699999999996 0.9190989999999999 0.379182 0.918782 0.373606 0.918464 0.372909 0.9171950000000001 0.373141 0.916085 0.37941400000000003 0.915292 0.380344 0.915292 0.381041
1 0.9102159999999999 0.39405199999999996 0.9102159999999999 0.39498099999999997 0.9132300000000001 0.394749 0.9141809999999999 0.389173 0.914499 0.388476 0.9149749999999999 0.388476 0.9148160000000001 0.383132 0.9130710000000001 0.383132 0.911168 0.39289 0.9108499999999999 0.393587 0.9102159999999999 0.39405199999999996
1 0.9108499999999999 0.40125500000000003 0.9106920000000001 0.402184 0.9102159999999999 0.402881 0.915451 0.402881 0.916878 0.402416 0.9175129999999999 0.398467 0.9162440000000001 0.388708 0.914499 0.388708 0.912437 0.40009300000000003 0.911802 0.40102200000000005 0.9108499999999999 0.40125500000000003
1 0.914023 0.41217499999999996 0.913547 0.412872 0.922589 0.41310399999999997 0.924968 0.412639 0.9248100000000001 0.41217499999999996 0.924334 0.41217499999999996 0.9238580000000001 0.41147799999999995 0.9238580000000001 0.41101299999999996 0.92243 0.410316 0.920844 0.395446 0.918306 0.395446 0.9156090000000001 0.410084 0.915133 0.41078099999999995 0.9141809999999999 0.41101299999999996 0.914023 0.41217499999999996
1 0.922747 0.42634800000000006 0.9216369999999999 0.42657999999999996 0.9216369999999999 0.427277 0.9306789999999999 0.427509 0.937341 0.42681199999999997 0.937341 0.42588299999999996 0.935755 0.42541799999999996 0.9354380000000001 0.424257 0.9335340000000001 0.424024 0.933217 0.423327 0.9306789999999999 0.40566899999999995 0.927824 0.40543699999999994 0.925127 0.423559 0.9246510000000001 0.424489 0.9232229999999999 0.42495399999999994 0.922747 0.42634800000000006
1 0.940514 0.450976 0.9401970000000001 0.451441 0.938769 0.451441 0.9371829999999999 0.45237 0.9371829999999999 0.45469299999999996 0.9368650000000001 0.45515800000000006 0.9368650000000001 0.45632 0.954949 0.455855 0.9559010000000001 0.45492600000000005 0.955266 0.452835 0.9544729999999999 0.452138 0.952253 0.451673 0.951935 0.450976 0.9486039999999999 0.42541799999999996 0.947652 0.42495399999999994 0.945907 0.42495399999999994 0.944956 0.42565099999999995 0.940514 0.450976
3 0.9413069999999999 0.383364 0.9414659999999999 0.38197000000000003 0.940673 0.38127300000000003 0.9395619999999999 0.374071 0.9381349999999999 0.374071 0.9368650000000001 0.38127300000000003 0.935755 0.382667 0.935755 0.383132 0.9413069999999999 0.383364
1 0.956694 0.388011 0.9620879999999999 0.388011 0.9635149999999999 0.387546 0.9635149999999999 0.386617 0.962563 0.385688 0.960977 0.37732299999999996 0.959708 0.377091 0.958122 0.38592 0.9574870000000001 0.386617 0.957011 0.386617 0.956694 0.388011
3 0.9658950000000001 0.372212 0.966846 0.371747 0.966846 0.371283 0.966371 0.370818 0.9660529999999999 0.366868 0.965736 0.365939 0.964467 0.365706 0.963991 0.369888 0.963039 0.371747 0.963039 0.372212 0.9658950000000001 0.372212
1 0.976999 0.37267700000000004 0.9773160000000001 0.372444 0.9773160000000001 0.371283 0.976999 0.371283 0.976523 0.37012100000000003 0.975888 0.36617099999999997 0.974937 0.365939 0.9739850000000001 0.37012100000000003 0.973033 0.371747 0.973033 0.372444 0.976999 0.37267700000000004
0 0.966846 0.519981 0.9617699999999999 0.520911 0.9619289999999999 0.521375 0.967322 0.5241640000000001 0.9738260000000001 0.524861 0.977633 0.524861 0.977633 0.47932199999999997 0.97224 0.515102 0.971923 0.515567 0.967957 0.517193 0.966846 0.519981