1 0.290926 0.614545 0.289023 0.6150089999999999 0.289023 0.61803 0.295209 0.622909 0.302824 0.622909 0.321225 0.6203529999999999 0.321859 0.619424 0.321859 0.618494 0.319797 0.6171 0.319004 0.616171 0.318845 0.6124539999999999 0.314879 0.610595 0.314562 0.6101300000000001 0.308852 0.565985 0.30393400000000004 0.565985 0.296954 0.6101300000000001 0.29632000000000003 0.611059 0.292354 0.612221 0.290926 0.614545
3 0.629124 0.653578 0.628807 0.6540429999999999 0.626269 0.655204 0.624841 0.6554369999999999 0.623731 0.656366 0.6238900000000001 0.6570630000000001 0.625476 0.6582250000000001 0.64467 0.664033 0.648001 0.664033 0.650698 0.6631039999999999 0.656409 0.662175 0.663706 0.660084 0.66672 0.6584570000000001 0.667037 0.657993 0.666878 0.6570630000000001 0.6622779999999999 0.6554369999999999 0.661961 0.651952 0.659898 0.650093 0.656726 0.6491640000000001 0.65625 0.6486989999999999 0.655457 0.640799 0.654822 0.637314 0.64927 0.5945630000000001 0.648319 0.593634 0.647367 0.593401 0.6441939999999999 0.593401 0.642925 0.594099 0.63547 0.64684 0.6349940000000001 0.64777 0.629759 0.650093 0.629124 0.653578
1 0.636897 0.465613 0.636897 0.466543 0.637214 0.467007 0.6421319999999999 0.467007 0.6421319999999999 0.465846 0.641339 0.465149 0.641022 0.46421900000000005 0.6400699999999999 0.457017 0.6388010000000001 0.457017 0.638008 0.46421900000000005 0.63769 0.465149 0.637214 0.465149 0.636897 0.465613
1 0.6532359999999999 0.472584 0.659581 0.472584 0.659581 0.470957 0.658471 0.470725 0.658154 0.469796 0.6572020000000001 0.460734 0.655774 0.460734 0.654664 0.470028 0.654188 0.470957 0.6535529999999999 0.47119 0.6532359999999999 0.472584
3 0.7289019999999999 0.471422 0.731758 0.471887 0.7349300000000001 0.471887 0.735089 0.470028 0.734137 0.46886599999999995 0.733661 0.467704 0.733344 0.463058 0.7328680000000001 0.46026999999999996 0.731282 0.46026999999999996 0.73033 0.467704 0.729854 0.46933100000000005 0.7289019999999999 0.47026 0.7289019999999999 0.471422
3 0.738103 0.464452 0.741751 0.464452 0.742703 0.46398700000000004 0.742703 0.46282500000000004 0.742227 0.46259300000000003 0.741751 0.461664 0.740799 0.45538999999999996 0.73953 0.45538999999999996 0.738579 0.46189600000000003 0.737786 0.46259300000000003 0.737786 0.46398700000000004 0.738103 0.464452
1 0.7560279999999999 0.537175 0.7560279999999999 0.539033 0.755393 0.53973 0.755393 0.54066 0.755869 0.541357 0.756504 0.541589 0.763642 0.541589 0.771891 0.542286 0.773477 0.540195 0.773794 0.539033 0.773001 0.539033 0.772684 0.5385690000000001 0.772525 0.537407 0.770463 0.536942 0.769829 0.536013 0.7691939999999999 0.5292749999999999 0.768401 0.52579 0.7674489999999999 0.5176580000000001 0.766815 0.5092939999999999 0.763166 0.5092939999999999 0.759201 0.535316 0.758566 0.536245 0.7563449999999999 0.536478 0.7560279999999999 0.537175
1 0.7745879999999999 0.47932199999999997 0.773953 0.479554 0.773953 0.480483 0.783312 0.480716 0.782995 0.47932199999999997 0.780933 0.477928 0.779664 0.466543 0.777919 0.466543 0.7761739999999999 0.47769500000000004 0.775857 0.47839200000000004 0.7749050000000001 0.47862499999999997 0.7745879999999999 0.47932199999999997
1 0.7872779999999999 0.461431 0.791561 0.46119899999999997 0.791561 0.45980499999999996 0.791085 0.459572 0.790768 0.45887500000000003 0.790133 0.453299 0.788864 0.453299 0.78823 0.45910799999999996 0.7879120000000001 0.460037 0.7872779999999999 0.46026999999999996 0.7872779999999999 0.461431
3 0.815673 0.46352200000000005 0.815673 0.462128 0.815038 0.46189600000000003 0.8147209999999999 0.46119899999999997 0.813769 0.45446099999999995 0.8125 0.45446099999999995 0.811707 0.461431 0.810755 0.462361 0.810755 0.46352200000000005 0.815673 0.46352200000000005
3 0.834074 0.47699800000000003 0.833915 0.475372 0.832963 0.475139 0.8326460000000001 0.474442 0.831377 0.46421900000000005 0.8294729999999999 0.46421900000000005 0.8277279999999999 0.47420999999999996 0.826301 0.47560399999999997 0.826301 0.476766 0.834074 0.47699800000000003
0 0.869289 0.46375500000000003 0.8745240000000001 0.46375500000000003 0.8745240000000001 0.463058 0.873572 0.461664 0.8729380000000001 0.453299 0.87151 0.453299 0.8704000000000001 0.460967 0.870082 0.46189600000000003 0.869289 0.462361 0.869289 0.46375500000000003
0 0.879759 0.460967 0.879759 0.45980499999999996 0.8789659999999999 0.45910799999999996 0.87849 0.451441 0.877379 0.451441 0.8759520000000001 0.459572 0.8753170000000001 0.460037 0.8753170000000001 0.460967 0.879759 0.460967
1 0.9108499999999999 0.484665 0.9100569999999999 0.484898 0.9100569999999999 0.486059 0.921954 0.485827 0.921796 0.485362 0.920685 0.484665 0.920209 0.48350400000000004 0.919416 0.48327099999999995 0.9190989999999999 0.48280700000000004 0.9189399999999999 0.480948 0.9181469999999999 0.479089 0.917989 0.475139 0.917037 0.47026 0.9148160000000001 0.47026 0.912754 0.48280700000000004 0.912437 0.48350400000000004 0.9113260000000001 0.48350400000000004 0.9108499999999999 0.484665
3 0.701459 0.46724 0.707011 0.46724 0.707011 0.465846 0.70606 0.465381 0.705742 0.464684 0.7046319999999999 0.457714 0.703522 0.457946 0.702728 0.46189600000000003 0.702728 0.46421900000000005 0.701459 0.465846 0.701459 0.46724
1 0.701459 0.462128 0.7016180000000001 0.463058 0.702411 0.463058 0.703204 0.458411 0.703522 0.457714 0.704315 0.457481 0.704315 0.456087 0.703839 0.45399599999999996 0.702728 0.45399599999999996 0.7025699999999999 0.457714 0.701935 0.461664 0.701459 0.462128