0 0.174651 0.419145 0.174651 0.42053900000000005 0.179886 0.42077099999999995 0.179886 0.41961000000000004 0.179093 0.417286 0.178141 0.410084 0.177824 0.409154 0.176555 0.409154 0.176237 0.409387 0.175761 0.417054 0.175444 0.418448 0.174651 0.419145
0 0.200984 0.417983 0.20590099999999997 0.417983 0.20590099999999997 0.416589 0.204949 0.41566000000000003 0.204156 0.407296 0.20288699999999998 0.407296 0.201777 0.414033 0.201777 0.41519500000000004 0.200984 0.416589 0.200984 0.417983
0 0.231916 0.422165 0.238103 0.422165 0.238103 0.421701 0.236834 0.41961000000000004 0.236834 0.418216 0.235406 0.410084 0.23350300000000002 0.409851 0.232709 0.41682199999999997 0.232709 0.41961000000000004 0.231916 0.42146800000000006 0.231916 0.422165
0 0.256662 0.43517700000000004 0.25698 0.43564100000000006 0.26507000000000003 0.43564100000000006 0.264753 0.43448000000000003 0.263484 0.432621 0.26126299999999997 0.418913 0.259518 0.418913 0.258249 0.430762 0.258249 0.432621 0.256662 0.43424699999999994 0.256662 0.43517700000000004
0 0.26364200000000004 0.42681199999999997 0.26617999999999997 0.42681199999999997 0.266973 0.42634800000000006 0.26966999999999997 0.42657999999999996 0.269511 0.424257 0.269036 0.424024 0.268877 0.419145 0.268084 0.41449800000000003 0.268084 0.41310399999999997 0.267766 0.412639 0.26617999999999997 0.412639 0.264594 0.422165 0.264594 0.424024 0.26364200000000004 0.42541799999999996 0.26364200000000004 0.42681199999999997
0 0.280615 0.41868 0.281091 0.419377 0.286009 0.419377 0.286009 0.418448 0.285057 0.41682199999999997 0.285057 0.414963 0.284105 0.40776 0.28236 0.40776 0.28172600000000003 0.414266 0.28172600000000003 0.416589 0.280615 0.417983 0.280615 0.41868
0 0.335501 0.422398 0.34121199999999996 0.422398 0.34121199999999996 0.421701 0.34073600000000004 0.42053900000000005 0.339943 0.419377 0.339943 0.417751 0.338991 0.409851 0.337563 0.409851 0.336612 0.416589 0.336453 0.419377 0.335501 0.421701 0.335501 0.422398
0 0.369607 0.42820600000000003 0.376269 0.428439 0.376745 0.427742 0.375 0.42588299999999996 0.375 0.424721 0.373255 0.414266 0.371193 0.414033 0.370558 0.42263 0.370558 0.42588299999999996 0.369607 0.427509 0.369607 0.42820600000000003
0 0.396256 0.43959099999999995 0.396256 0.438894 0.39562200000000003 0.437035 0.39466999999999997 0.436571 0.39466999999999997 0.43517700000000004 0.393877 0.430762 0.392766 0.421701 0.390546 0.42146800000000006 0.38911799999999996 0.436338 0.387214 0.439126 0.387214 0.43959099999999995 0.396256 0.43959099999999995
0 0.5490160000000001 0.532993 0.547906 0.536245 0.547906 0.537407 0.54981 0.539033 0.558852 0.54066 0.571701 0.540428 0.5724940000000001 0.539498 0.5724940000000001 0.5385690000000001 0.571225 0.535781 0.570749 0.53276 0.5671 0.530669 0.5671 0.528346 0.562976 0.48838299999999996 0.557582 0.48884800000000006 0.553617 0.520446 0.553141 0.52277 0.5523480000000001 0.530901 0.5490160000000001 0.532993
0 0.107551 0.417751 0.11326099999999999 0.417983 0.11326099999999999 0.41682199999999997 0.112151 0.416357 0.112151 0.41449800000000003 0.111358 0.407993 0.109613 0.407993 0.10866100000000001 0.413336 0.10850299999999999 0.41589200000000004 0.107551 0.417054 0.107551 0.417751
0 0.08391499999999999 0.42030700000000004 0.089943 0.42053900000000005 0.089943 0.41984199999999994 0.088674 0.418448 0.088515 0.41566000000000003 0.087563 0.409387 0.08550100000000001 0.409387 0.084867 0.417983 0.08439100000000001 0.418448 0.08391499999999999 0.41961000000000004 0.08391499999999999 0.42030700000000004
1 0.11151599999999999 0.59619 0.10517099999999999 0.6008359999999999 0.10453699999999999 0.607807 0.10453699999999999 0.610595 0.107392 0.610595 0.125159 0.608271 0.141022 0.606645 0.141497 0.601533 0.141497 0.598048 0.139753 0.5945630000000001 0.134994 0.594331 0.13483499999999998 0.592472 0.133249 0.58527 0.132614 0.581087 0.124524 0.540195 0.122779 0.540195 0.11754400000000001 0.541357 0.11151599999999999 0.594331 0.11151599999999999 0.59619
1 0.198287 0.501162 0.196383 0.504182 0.195749 0.506041 0.19781100000000001 0.506506 0.211612 0.506506 0.21526 0.505576 0.21764 0.50395 0.217957 0.50302 0.216212 0.5004649999999999 0.213674 0.500232 0.21288100000000001 0.499768 0.20780500000000002 0.470493 0.20383900000000002 0.470493 0.200984 0.49674699999999994 0.200984 0.498374 0.20034900000000003 0.498606 0.198287 0.501162
1 0.22461899999999999 0.46724 0.22446100000000002 0.46956300000000006 0.23508900000000002 0.469796 0.239848 0.46909900000000004 0.239848 0.46840099999999996 0.23905500000000002 0.466775 0.236992 0.465613 0.23667500000000002 0.462361 0.23366099999999998 0.44470299999999996 0.230647 0.44470299999999996 0.22842600000000002 0.46259300000000003 0.228268 0.465613 0.227157 0.465846 0.22461899999999999 0.46724
1 0.243972 0.44888500000000003 0.253807 0.44865199999999994 0.253966 0.447723 0.25301399999999996 0.446329 0.25111 0.44609699999999997 0.251745 0.445864 0.251745 0.444006 0.25 0.43052999999999997 0.247145 0.43052999999999997 0.24619300000000002 0.442844 0.24619300000000002 0.445864 0.24413100000000001 0.44679399999999997 0.243972 0.44888500000000003
0 0.404188 0.447955 0.40275999999999995 0.44911700000000004 0.40275999999999995 0.450279 0.40228400000000003 0.451673 0.403236 0.451673 0.403395 0.452138 0.408629 0.451905 0.411168 0.451208 0.41196099999999997 0.44981400000000005 0.41196099999999997 0.44888500000000003 0.41100899999999996 0.447491 0.41021599999999997 0.447258 0.407995 0.429368 0.406409 0.429368 0.404981 0.429833 0.404664 0.44098499999999996 0.404188 0.447955
0 0.44559 0.472816 0.45621799999999996 0.472816 0.45621799999999996 0.471422 0.455742 0.46933100000000005 0.45415599999999995 0.46793699999999994 0.450666 0.443309 0.447494 0.443309 0.44559 0.467472 0.44210000000000005 0.470493 0.44210000000000005 0.470957 0.44559 0.472816