3 0.525381 0.6103620000000001 0.523001 0.611059 0.520622 0.612686 0.520305 0.614777 0.5177660000000001 0.6150089999999999 0.5177660000000001 0.616403 0.518877 0.617333 0.519511 0.618959 0.525381 0.622677 0.5301400000000001 0.622677 0.543147 0.621283 0.549175 0.621283 0.5523480000000001 0.6205860000000001 0.552189 0.618727 0.55092 0.617797 0.549651 0.6154740000000001 0.549651 0.61408 0.5486989999999999 0.611059 0.547113 0.6103620000000001 0.544575 0.6103620000000001 0.544575 0.608736 0.543464 0.604322 0.5433060000000001 0.600139 0.542513 0.596654 0.542354 0.5929369999999999 0.541085 0.588058 0.540926 0.583875 0.5396569999999999 0.578764 0.538547 0.571097 0.537754 0.567612 0.537754 0.564126 0.537119 0.5620350000000001 0.536643 0.561803 0.532519 0.561803 0.531726 0.5625 0.5301400000000001 0.576905 0.525857 0.609433 0.525381 0.6103620000000001
3 0.854061 0.49140300000000003 0.8664339999999999 0.491868 0.8670690000000001 0.490939 0.8670690000000001 0.489777 0.866593 0.48861499999999997 0.864372 0.48815099999999995 0.8638960000000001 0.48211000000000004 0.861675 0.46909900000000004 0.859454 0.46909900000000004 0.855964 0.48815099999999995 0.8556469999999999 0.48861499999999997 0.854061 0.48861499999999997 0.854061 0.49140300000000003
3 0.8012370000000001 0.523002 0.800761 0.523467 0.8006030000000001 0.527416 0.818211 0.527416 0.818211 0.523234 0.8161479999999999 0.522305 0.8151970000000001 0.520911 0.8145619999999999 0.513243 0.813928 0.5095259999999999 0.8134520000000001 0.5044139999999999 0.811707 0.494424 0.8086930000000001 0.494424 0.805996 0.507435 0.8044100000000001 0.52184 0.803458 0.52277 0.8012370000000001 0.523002
3 0.635311 0.475372 0.634359 0.475836 0.634359 0.47723000000000004 0.643401 0.47723000000000004 0.642925 0.475139 0.641497 0.475139 0.6411800000000001 0.474442 0.639277 0.460734 0.638959 0.46026999999999996 0.63769 0.46026999999999996 0.637214 0.461664 0.6370560000000001 0.466078 0.635787 0.47467499999999996 0.635311 0.475372
1 0.809327 0.475372 0.818052 0.475372 0.818052 0.47351299999999996 0.816783 0.473048 0.8164659999999999 0.472119 0.8161479999999999 0.467704 0.815673 0.466078 0.814404 0.45817800000000003 0.8128170000000001 0.45817800000000003 0.810596 0.472584 0.810121 0.47351299999999996 0.809327 0.47397799999999995 0.809327 0.475372
1 0.711453 0.464916 0.711294 0.466543 0.719067 0.466775 0.719067 0.464684 0.718115 0.464684 0.717481 0.46421900000000005 0.717164 0.459572 0.715895 0.451905 0.714467 0.451673 0.7136739999999999 0.45910799999999996 0.7127220000000001 0.464452 0.7124050000000001 0.464916 0.711453 0.464916
1 0.700349 0.457017 0.70019 0.45817800000000003 0.707487 0.458411 0.707487 0.457249 0.706377 0.457017 0.705901 0.456552 0.7049489999999999 0.44679399999999997 0.7046319999999999 0.446329 0.703522 0.446329 0.702887 0.44888500000000003 0.702253 0.45632 0.701935 0.457017 0.700349 0.457017
2 0.578997 0.48234199999999994 0.578046 0.48373600000000005 0.5763010000000001 0.484433 0.576142 0.48513 0.576459 0.485595 0.589626 0.485362 0.59026 0.484665 0.59026 0.48396800000000006 0.589467 0.48373600000000005 0.588832 0.48303900000000005 0.5875630000000001 0.48280700000000004 0.5870879999999999 0.48211000000000004 0.5866119999999999 0.475372 0.584391 0.464452 0.583439 0.45469299999999996 0.581218 0.45446099999999995 0.58106 0.457481 0.580425 0.461664 0.5799489999999999 0.472816 0.578997 0.48234199999999994
0 0.571066 0.458411 0.576459 0.458411 0.5763010000000001 0.457714 0.574873 0.45632 0.574397 0.445864 0.573128 0.445632 0.572335 0.44958200000000004 0.571701 0.45632 0.571066 0.457249 0.571066 0.458411
0 0.523794 0.45446099999999995 0.528077 0.45446099999999995 0.528077 0.453299 0.527443 0.452602 0.5272840000000001 0.450976 0.526332 0.447723 0.526332 0.445632 0.525698 0.443309 0.5249050000000001 0.443309 0.52427 0.450279 0.52427 0.452835 0.523794 0.453299 0.523794 0.45446099999999995
0 0.45130100000000006 0.460734 0.45019 0.459572 0.449714 0.457946 0.449294453125 0.4499428046875 0.447652 0.44865199999999994 0.447335 0.450279 0.446859 0.45933999999999997 0.445749 0.46050199999999997 0.445749 0.46119899999999997 0.45130100000000006 0.46119899999999997 0.45130100000000006 0.460734
0 0.463515 0.47699800000000003 0.46399100000000004 0.476533 0.46399100000000004 0.475139 0.46240500000000007 0.47397799999999995 0.46208799999999994 0.46933100000000005 0.461294 0.466078 0.461294 0.463058 0.46066 0.45887500000000003 0.4536513765625 0.45336691562500003 0.45907400000000004 0.45887500000000003 0.458756 0.46329000000000004 0.457963 0.46886599999999995 0.457805 0.47420999999999996 0.45716999999999997 0.475139 0.45621799999999996 0.475372 0.45606 0.476766 0.463515 0.47699800000000003
2 0.42576099999999995 0.49767700000000004 0.425286 0.498374 0.425286 0.499071 0.426079 0.499535 0.429569 0.499535 0.434486 0.498606 0.437817 0.499071 0.440673 0.498374 0.440514 0.49767700000000004 0.439086 0.49651500000000004 0.43797600000000003 0.49628300000000003 0.4375 0.495586 0.43480299999999994 0.480716 0.43210699999999996 0.46282500000000004 0.430044 0.46282500000000004 0.427348 0.49372699999999997 0.427348 0.49674699999999994 0.42702999999999997 0.49721200000000004 0.42576099999999995 0.49767700000000004
0 0.418623 0.457714 0.42385799999999996 0.457714 0.42385799999999996 0.45632 0.423382 0.45632 0.42290599999999995 0.45515800000000006 0.422589 0.450511 0.42195400000000005 0.447258 0.42132 0.44609699999999997 0.42068500000000003 0.44609699999999997 0.420209 0.44911700000000004 0.41973399999999994 0.456087 0.41878200000000004 0.456552 0.418623 0.457714
0 0.35818500000000003 0.487221 0.357234 0.48791799999999996 0.356599 0.489545 0.357234 0.490009 0.367862 0.489777 0.36802 0.48907999999999996 0.36690999999999996 0.48861499999999997 0.364689 0.486524 0.364055 0.48280700000000004 0.363261 0.47397799999999995 0.36231 0.46863400000000005 0.360406 0.46840099999999996 0.360406 0.472119 0.359613 0.47630100000000003 0.358661 0.486292 0.35818500000000003 0.487221
0 0.346447 0.464916 0.35184000000000004 0.464916 0.35184000000000004 0.46421900000000005 0.350888 0.46352200000000005 0.350095 0.461664 0.34977800000000003 0.45469299999999996 0.34882599999999997 0.452138 0.348033 0.452138 0.34724 0.45887500000000003 0.34724 0.46398700000000004 0.346447 0.46421900000000005 0.346447 0.464916
0 0.326301 0.476069 0.325825 0.476069 0.325349 0.476766 0.325349 0.477463 0.332646 0.477463 0.332646 0.476069 0.331377 0.47467499999999996 0.331218 0.472119 0.329949 0.465613 0.32963200000000004 0.46119899999999997 0.329156 0.46026999999999996 0.328046 0.46026999999999996 0.327728 0.462361 0.32757000000000003 0.46724 0.32661799999999996 0.475372 0.326301 0.476069
0 0.312817 0.46026999999999996 0.312817 0.46119899999999997 0.31757599999999997 0.461431 0.31757599999999997 0.45980499999999996 0.3171 0.45933999999999997 0.3171 0.457481 0.316148 0.450743 0.315673 0.44981400000000005 0.314721 0.44981400000000005 0.314404 0.450976 0.313769 0.459572 0.313452 0.46026999999999996 0.312817 0.46026999999999996
0 0.243813 0.48513 0.242862 0.486524 0.240482 0.48861499999999997 0.240482 0.48907999999999996 0.241275 0.489777 0.24476499999999998 0.489777 0.246986 0.48907999999999996 0.251428 0.48907999999999996 0.25301399999999996 0.48838299999999996 0.252855 0.48791799999999996 0.251745 0.48768599999999995 0.251269 0.486292 0.250317 0.486059 0.249207 0.484665 0.246986 0.46886599999999995 0.246034 0.46793699999999994 0.245241 0.46793699999999994 0.24476499999999998 0.47026 0.24460700000000002 0.47351299999999996 0.24413100000000001 0.476533 0.243813 0.48513
0 0.195907 0.466078 0.201618 0.466078 0.201459 0.465149 0.200984 0.464452 0.20019 0.464452 0.199873 0.46375500000000003 0.199239 0.458411 0.19907999999999998 0.45376399999999995 0.19797 0.45376399999999995 0.19733499999999998 0.456552 0.197176 0.46398700000000004 0.196225 0.464684 0.195907 0.466078
0 0.185755 0.467472 0.186548 0.472816 0.190197 0.472816 0.190355 0.47119 0.188928 0.470028 0.188928 0.46724 0.1875 0.458643 0.186548 0.458411 0.18623099999999998 0.458643 0.18623099999999998 0.46050199999999997 0.185755 0.46352200000000005 0.185755 0.467472
0 0.181155 0.479089 0.181155 0.480251 0.18876900000000002 0.480251 0.18876900000000002 0.479554 0.188135 0.477928 0.1875 0.47816000000000003 0.186865 0.476533 0.18639 0.472584 0.185596 0.46909900000000004 0.185279 0.464684 0.184645 0.46352200000000005 0.183852 0.46352200000000005 0.183376 0.46398700000000004 0.183058 0.466078 0.182424 0.47769500000000004 0.181155 0.479089
0 0.098985 0.470725 0.097716 0.471887 0.097716 0.472584 0.104061 0.472584 0.10422000000000001 0.471422 0.103109 0.470493 0.103109 0.46793699999999994 0.102633 0.46631 0.10247500000000001 0.46329000000000004 0.10184 0.46119899999999997 0.101523 0.45910799999999996 0.100254 0.45910799999999996 0.099778 0.46026999999999996 0.099937 0.46259300000000003 0.099302 0.465381 0.098985 0.470725
0 0.091053 0.48327099999999995 0.09057699999999999 0.486989 0.090102 0.48791799999999996 0.089626 0.48815099999999995 0.089626 0.490474 0.097557 0.490242 0.09835 0.489545 0.09835 0.48861499999999997 0.09803300000000001 0.48768599999999995 0.09676399999999999 0.486989 0.096447 0.48373600000000005 0.095336 0.478857 0.094385 0.472119 0.093433 0.47119 0.09264 0.47119 0.092005 0.471654 0.092005 0.47420999999999996 0.09137100000000001 0.47839200000000004 0.091053 0.48327099999999995
0 0.023794000000000003 0.480483 0.023477 0.481877 0.022525 0.48211000000000004 0.022525 0.48280700000000004 0.029981 0.48303900000000005 0.030457 0.48257399999999995 0.030457 0.48211000000000004 0.029821999999999998 0.481877 0.029346 0.480948 0.028236 0.47397799999999995 0.026808 0.470493 0.02665 0.46816899999999995 0.026015 0.466775 0.025063000000000002 0.46631 0.024588 0.46724 0.024588 0.469796 0.023953 0.475139 0.023794000000000003 0.480483
1 0.6188130000000001 0.452602 0.6186550000000001 0.450743 0.6183379999999999 0.45004600000000006 0.6183379999999999 0.44842000000000004 0.61802 0.44818800000000003 0.617544 0.44679399999999997 0.617386 0.44539999999999996 0.616275 0.445167 0.616275 0.45515800000000006 0.6204 0.45515800000000006 0.620241 0.45446099999999995 0.6188130000000001 0.452602
0 0.6183379999999999 0.466078 0.6183379999999999 0.464684 0.617544 0.464684 0.617227 0.46421900000000005 0.617069 0.46119899999999997 0.616117 0.45538999999999996 0.615799 0.450743 0.615641 0.450279 0.614213 0.450279 0.612786 0.46421900000000005 0.611834 0.464916 0.611834 0.466078 0.6183379999999999 0.466078