1 0.056472 0.555994 0.056313 0.559944 0.055996000000000004 0.5606410000000001 0.055996000000000004 0.5673790000000001 0.054727000000000005 0.5785319999999999 0.05425100000000001 0.579461 0.052981999999999994 0.58039 0.051079 0.581087 0.04981 0.582017 0.049016 0.584108 0.047906 0.584805 0.045527 0.585502 0.044892 0.5864309999999999 0.044892 0.5868960000000001 0.046796 0.587593 0.05425100000000001 0.588058 0.056789 0.588987 0.059169000000000006 0.588987 0.059486000000000004 0.588522 0.060121 0.588755 0.060755 0.58829 0.062817 0.588058 0.063293 0.587593 0.065831 0.587128 0.067259 0.5864309999999999 0.06995599999999999 0.5861989999999999 0.076459 0.584805 0.07868 0.584805 0.07963200000000001 0.58434 0.081853 0.584108 0.082963 0.583411 0.08327999999999999 0.582946 0.082963 0.582249 0.080266 0.5813200000000001 0.079473 0.5801580000000001 0.07868 0.578067 0.077411 0.5773699999999999 0.074397 0.5771379999999999 0.073604 0.576208 0.07074899999999999 0.5643589999999999 0.070273 0.561106 0.069004 0.556227 0.068052 0.551115 0.067259 0.548792 0.066942 0.546933 0.066624 0.5464680000000001 0.06567300000000001 0.541125 0.064245 0.535781 0.063452 0.534851 0.062817 0.534619 0.059327 0.534851 0.058217 0.535548 0.05789999999999999 0.536478 0.057264999999999996 0.5448419999999999 0.057107 0.5529740000000001 0.056472 0.555994
1 0.024588 0.5097579999999999 0.024112 0.510455 0.023953 0.5125460000000001 0.023477 0.514405 0.023319 0.517193 0.022367 0.5188200000000001 0.022367 0.52277 0.023319 0.523002 0.024746 0.522537 0.034898 0.522072 0.036009 0.521608 0.037753999999999996 0.521608 0.038547 0.521143 0.040609 0.520911 0.041084999999999997 0.520214 0.040926000000000004 0.519517 0.03934 0.5188200000000001 0.037753999999999996 0.517426 0.036168 0.517426 0.035374 0.516496 0.034422999999999995 0.512082 0.033154 0.508597 0.032519 0.503717 0.032043 0.501394 0.031091 0.498606 0.029821999999999998 0.49210000000000004 0.029029 0.491171 0.025539 0.49140300000000003 0.024905 0.493262 0.024905 0.5032530000000001 0.024588 0.506273 0.024588 0.5097579999999999
3 0.082646 0.48211000000000004 0.086929 0.48211000000000004 0.094226 0.481413 0.094226 0.47932199999999997 0.091688 0.478857 0.09137100000000001 0.47351299999999996 0.088674 0.46259300000000003 0.085977 0.46259300000000003 0.08439100000000001 0.478857 0.08407400000000001 0.479786 0.082646 0.480019 0.082646 0.48211000000000004
1 0.162595 0.48513 0.174651 0.484898 0.174651 0.48257399999999995 0.172906 0.48234199999999994 0.172589 0.481877 0.169099 0.46352200000000005 0.166402 0.46352200000000005 0.164657 0.481645 0.16433999999999999 0.48257399999999995 0.162754 0.48303900000000005 0.162595 0.48513
3 0.32059000000000004 0.45632 0.32867999999999997 0.45632 0.32867999999999997 0.45492600000000005 0.327411 0.45469299999999996 0.327094 0.45399599999999996 0.325349 0.441682 0.323445 0.44145 0.322018 0.45353199999999994 0.321701 0.45446099999999995 0.32059000000000004 0.45469299999999996 0.32059000000000004 0.45632
1 0.632773 0.616403 0.631504 0.623606 0.6313449999999999 0.626394 0.630869 0.62802 0.630393 0.633829 0.6296 0.637779 0.629442 0.640335 0.628648 0.6440520000000001 0.628173 0.647537 0.628331 0.6486989999999999 0.6276970000000001 0.651022 0.626428 0.6633359999999999 0.625635 0.666822 0.624841 0.6686799999999999 0.620558 0.670771 0.6189720000000001 0.671933 0.617544 0.673792 0.616275 0.674721 0.615641 0.676115 0.615799 0.678671 0.620717 0.689126 0.622938 0.690288 0.626745 0.690056 0.6296 0.690985 0.6313449999999999 0.690985 0.636104 0.690288 0.637849 0.689591 0.642291 0.689591 0.644987 0.689126 0.651491 0.689823 0.661009 0.689823 0.6622779999999999 0.6893589999999999 0.6629120000000001 0.688429 0.663071 0.686803 0.662754 0.684944 0.661168 0.68053 0.66085 0.676115 0.660533 0.674721 0.659898 0.673327 0.657995 0.6714680000000001 0.654346 0.6698419999999999 0.653395 0.6686799999999999 0.653077 0.667751 0.651967 0.656599 0.650698 0.650093 0.650698 0.64777 0.6502220000000001 0.646143 0.6500630000000001 0.643587 0.649746 0.64289 0.648794 0.635688 0.6481600000000001 0.6329 0.6481600000000001 0.631738 0.646891 0.626162 0.646891 0.624303 0.645463 0.6157060000000001 0.645146 0.611757 0.64467 0.609898 0.643718 0.601766 0.643401 0.6008359999999999 0.6424489999999999 0.599675 0.640546 0.598978 0.636421 0.59921 0.635628 0.599675 0.634835 0.6010690000000001 0.634201 0.6057159999999999 0.6334069999999999 0.609201 0.632773 0.616403
1 0.342322 0.46282500000000004 0.351364 0.46282500000000004 0.351364 0.460967 0.350095 0.460967 0.34977800000000003 0.46026999999999996 0.347398 0.445632 0.345178 0.445632 0.343909 0.459572 0.343591 0.460734 0.342322 0.460734 0.342322 0.46282500000000004
3 0.530615 0.443076 0.5379120000000001 0.443076 0.5375949999999999 0.44145 0.536485 0.44145 0.536168 0.44075300000000006 0.534581 0.42890300000000003 0.533154 0.42890300000000003 0.531885 0.44051999999999997 0.531567 0.44145 0.530615 0.441682 0.530615 0.443076
1 0.509201 0.451673 0.518084 0.451905 0.518084 0.44981400000000005 0.516973 0.44958200000000004 0.516339 0.44865199999999994 0.514435 0.43540900000000005 0.512373 0.43540900000000005 0.510787 0.44934900000000005 0.51047 0.45004600000000006 0.509201 0.450279 0.509201 0.451673
3 0.69908 0.44121699999999997 0.7066939999999999 0.44121699999999997 0.7066939999999999 0.43982299999999996 0.705901 0.43959099999999995 0.705425 0.438662 0.703997 0.42611499999999997 0.701935 0.42611499999999997 0.700508 0.438662 0.70019 0.43959099999999995 0.69908 0.43982299999999996 0.69908 0.44121699999999997
1 0.675761 0.44911700000000004 0.685438 0.44911700000000004 0.685279 0.447491 0.683852 0.447258 0.6835340000000001 0.446561 0.681631 0.431924 0.6794100000000001 0.431924 0.677824 0.445864 0.6775059999999999 0.44679399999999997 0.676079 0.447026 0.675761 0.44911700000000004
1 0.856282 0.453299 0.856282 0.45399599999999996 0.868972 0.45399599999999996 0.8683379999999999 0.452138 0.867227 0.451905 0.866593 0.450976 0.8640549999999999 0.43355 0.861516 0.43355 0.85882 0.450743 0.858503 0.451441 0.856916 0.451673 0.856282 0.453299
3 0.913706 0.443309 0.9248100000000001 0.443076 0.9244920000000001 0.44121699999999997 0.922906 0.44075300000000006 0.92243 0.44028799999999996 0.920685 0.42518599999999995 0.917989 0.42518599999999995 0.9156090000000001 0.44051999999999997 0.915292 0.44121699999999997 0.913706 0.44145 0.913706 0.443309