1 0.8505710000000001 0.834108 0.848668 0.838058 0.848509 0.8406129999999999 0.8481920000000001 0.8417749999999999 0.843909 0.842704 0.8386739999999999 0.843169 0.838039 0.8454929999999999 0.838039 0.8468870000000001 0.8415290000000001 0.8508359999999999 0.8704000000000001 0.8752319999999999 0.878173 0.879647 0.887056 0.879647 0.931313 0.87198 0.931313 0.8715149999999999 0.927189 0.865939 0.9173539999999999 0.8585039999999999 0.917037 0.858039 0.916878 0.8531599999999999 0.911168 0.84619 0.9065670000000001 0.843169 0.9040290000000001 0.8410780000000001 0.8903869999999999 0.746283 0.89118 0.742797 0.889435 0.7402420000000001 0.884835 0.737918 0.878331 0.737686 0.87611 0.7388480000000001 0.860406 0.8317840000000001 0.8596130000000001 0.832249 0.8537440000000001 0.832946 0.8505710000000001 0.834108
1 0.143401 0.551812 0.143401 0.5546 0.142608 0.555297 0.142449 0.555994 0.15926400000000002 0.555994 0.161643 0.553671 0.161802 0.5529740000000001 0.161009 0.552277 0.161009 0.550883 0.158154 0.550418 0.157836 0.549721 0.153395 0.5236989999999999 0.14926999999999999 0.5239309999999999 0.148794 0.5388010000000001 0.14641500000000002 0.550883 0.145463 0.55158 0.143401 0.551812
1 0.124207 0.531366 0.124207 0.53276 0.12293799999999999 0.5332250000000001 0.12293799999999999 0.53369 0.123414 0.534387 0.125476 0.535084 0.130235 0.535084 0.138801 0.534154 0.139435 0.5334570000000001 0.139435 0.532993 0.138484 0.532296 0.138642 0.530901 0.13769 0.529972 0.136263 0.530204 0.135945 0.529507 0.132456 0.508829 0.128966 0.508829 0.12801400000000002 0.521143 0.126745 0.529507 0.12626900000000002 0.5304369999999999 0.124207 0.531366
3 0.148319 0.505576 0.14942899999999998 0.507203 0.14926999999999999 0.5092939999999999 0.149746 0.5097579999999999 0.153871 0.5097579999999999 0.158947 0.507203 0.15878799999999998 0.505576 0.155774 0.495586 0.154188 0.495586 0.147208 0.49744400000000005 0.147208 0.499071 0.148319 0.505576
1 0.196701 0.516961 0.196542 0.5190520000000001 0.196859 0.519981 0.20907399999999998 0.519981 0.20907399999999998 0.5188200000000001 0.208122 0.518123 0.20796299999999998 0.516496 0.206536 0.516496 0.206218 0.5160319999999999 0.20336300000000002 0.498606 0.200666 0.498606 0.198921 0.514405 0.198921 0.516264 0.198287 0.516729 0.196701 0.516961
1 0.324873 0.583178 0.324873 0.5868960000000001 0.32519 0.587593 0.345178 0.587128 0.34628800000000004 0.5861989999999999 0.34628800000000004 0.580623 0.345495 0.579926 0.342957 0.579461 0.34264 0.578764 0.337246 0.5448419999999999 0.332963 0.5448419999999999 0.328997 0.579926 0.328522 0.58039 0.32519 0.581087 0.324873 0.583178
1 0.322494 0.50697 0.321859 0.507667 0.321225 0.507667 0.32106599999999996 0.508364 0.32059000000000004 0.508829 0.319321 0.509061 0.319321 0.510223 0.32963200000000004 0.510455 0.331536 0.5095259999999999 0.331536 0.508829 0.330584 0.508597 0.330425 0.507435 0.328997 0.507203 0.32867999999999997 0.506506 0.32693500000000003 0.49210000000000004 0.326459 0.491171 0.325032 0.491171 0.324714 0.491636 0.322652 0.5044139999999999 0.322494 0.50697
3 0.330742 0.49814100000000006 0.329949 0.49814100000000006 0.329791 0.500232 0.337405 0.5 0.337881 0.499535 0.33772199999999997 0.49814100000000006 0.336453 0.49790900000000005 0.336136 0.49744400000000005 0.335343 0.493959 0.334549 0.48791799999999996 0.334549 0.48513 0.332646 0.484898 0.332646 0.487221 0.33169400000000004 0.494656 0.33106 0.49767700000000004 0.330742 0.49814100000000006
0 0.284898 0.475372 0.28981599999999996 0.47560399999999997 0.28981599999999996 0.47467499999999996 0.28823 0.47351299999999996 0.288071 0.470725 0.28727800000000003 0.466078 0.286168 0.466078 0.28585 0.46863400000000005 0.285692 0.47397799999999995 0.284898 0.474442 0.284898 0.475372
0 0.30393400000000004 0.477928 0.308693 0.477928 0.308693 0.47723000000000004 0.308217 0.47699800000000003 0.3079 0.47630100000000003 0.306789 0.46863400000000005 0.306313 0.46793699999999994 0.30552 0.46793699999999994 0.305044 0.475836 0.304727 0.476766 0.30393400000000004 0.476766 0.30393400000000004 0.477928
0 0.33106 0.472119 0.33106 0.471422 0.330266 0.470725 0.32963200000000004 0.464916 0.328839 0.464684 0.328204 0.470957 0.32757000000000003 0.471422 0.32757000000000003 0.472119 0.33106 0.472119
0 0.354695 0.476069 0.359772 0.47630100000000003 0.359772 0.475372 0.358661 0.475372 0.35818500000000003 0.474442 0.357551 0.46724 0.35644 0.467007 0.355647 0.474442 0.35533000000000003 0.475139 0.354695 0.475372 0.354695 0.476069
0 0.388959 0.471422 0.388959 0.470725 0.388484 0.469796 0.388008 0.46375500000000003 0.386897 0.46352200000000005 0.386421 0.46956300000000006 0.385787 0.47026 0.385787 0.471422 0.388959 0.471422
0 0.41481599999999996 0.481413 0.419258 0.481413 0.419258 0.480483 0.418623 0.479786 0.418464 0.476069 0.41783000000000003 0.47119 0.417513 0.470725 0.41672000000000003 0.470725 0.416402 0.471654 0.415609 0.47932199999999997 0.41481599999999996 0.480483 0.41481599999999996 0.481413
0 0.45621799999999996 0.471422 0.459549 0.471422 0.45907400000000004 0.46956300000000006 0.458756 0.464452 0.458439 0.46398700000000004 0.457646 0.46398700000000004 0.45701099999999995 0.46956300000000006 0.456694 0.47026 0.45621799999999996 0.470493 0.45621799999999996 0.471422
0 0.46399100000000004 0.47328099999999995 0.46732199999999996 0.47328099999999995 0.46732199999999996 0.472584 0.466846 0.472584 0.46652899999999997 0.472119 0.46652899999999997 0.469796 0.465895 0.465613 0.464943 0.465381 0.464626 0.46724 0.464626 0.471887 0.46399100000000004 0.472816 0.46399100000000004 0.47328099999999995
0 0.48952999999999997 0.47932199999999997 0.48952999999999997 0.47862499999999997 0.488896 0.47839200000000004 0.488737 0.47374499999999997 0.48826099999999995 0.47026 0.487627 0.46886599999999995 0.486992 0.46886599999999995 0.486041 0.477928 0.48540599999999995 0.47839200000000004 0.48540599999999995 0.47932199999999997 0.48952999999999997 0.47932199999999997
3 0.5080899999999999 0.494656 0.514435 0.494424 0.514594 0.49302999999999997 0.513959 0.49302999999999997 0.5134839999999999 0.492333 0.512214 0.481413 0.510945 0.481413 0.509518 0.492333 0.509201 0.49302999999999997 0.5080899999999999 0.493262 0.5080899999999999 0.494656
2 0.518401 0.48257399999999995 0.5174489999999999 0.48327099999999995 0.5174489999999999 0.48396800000000006 0.523477 0.48396800000000006 0.524746 0.48350400000000004 0.5249050000000001 0.48280700000000004 0.524429 0.48211000000000004 0.523477 0.481877 0.5228430000000001 0.480019 0.522049 0.475372 0.521732 0.47026 0.5212559999999999 0.46724 0.519987 0.467007 0.519987 0.470957 0.519353 0.47490699999999997 0.518877 0.481413 0.518401 0.48257399999999995
0 0.527602 0.471422 0.527602 0.467472 0.5272840000000001 0.464916 0.526967 0.46421900000000005 0.526015 0.46421900000000005 0.525857 0.470028 0.525381 0.470725 0.525381 0.471422 0.527602 0.471422
0 0.530615 0.47374499999999997 0.530615 0.47328099999999995 0.529981 0.472351 0.529822 0.469796 0.529346 0.467704 0.529346 0.466078 0.529029 0.465381 0.5282359999999999 0.465381 0.527602 0.472351 0.527126 0.472816 0.527126 0.47374499999999997 0.530615 0.47374499999999997
3 0.568211 0.48118 0.5675760000000001 0.48118 0.567418 0.48211000000000004 0.572335 0.48211000000000004 0.572335 0.48118 0.571383 0.480483 0.570431 0.472584 0.569321 0.472584 0.5691620000000001 0.476069 0.5688449999999999 0.47769500000000004 0.5688449999999999 0.480483 0.568211 0.48118
1 0.5775699999999999 0.49767700000000004 0.577094 0.498374 0.577094 0.499768 0.585501 0.499768 0.5856600000000001 0.49790900000000005 0.585184 0.49721200000000004 0.584074 0.49744400000000005 0.583439 0.49651500000000004 0.582805 0.48838299999999996 0.582329 0.485827 0.581853 0.484898 0.580425 0.484898 0.580425 0.48745399999999994 0.578997 0.49651500000000004 0.578522 0.49744400000000005 0.5775699999999999 0.49767700000000004
0 0.607075 0.47467499999999996 0.607075 0.47397799999999995 0.60644 0.47351299999999996 0.60644 0.471654 0.605964 0.46933100000000005 0.6058060000000001 0.46631 0.604854 0.466078 0.604061 0.47351299999999996 0.603268 0.47397799999999995 0.603268 0.47467499999999996 0.607075 0.47467499999999996
3 0.624683 0.48838299999999996 0.624524 0.48931199999999997 0.630711 0.48931199999999997 0.630711 0.48861499999999997 0.6300760000000001 0.48838299999999996 0.629442 0.487221 0.629283 0.484898 0.628648 0.48234199999999994 0.628173 0.47816000000000003 0.627379 0.477928 0.626904 0.47932199999999997 0.625793 0.48745399999999994 0.625317 0.48838299999999996 0.624683 0.48838299999999996
1 0.664023 0.48396800000000006 0.664023 0.484898 0.669099 0.484665 0.669099 0.48350400000000004 0.668464 0.48350400000000004 0.667989 0.48280700000000004 0.66783 0.47862499999999997 0.667354 0.47560399999999997 0.666878 0.474442 0.666085 0.474442 0.665609 0.476069 0.665292 0.480251 0.664816 0.48280700000000004 0.664023 0.48396800000000006
1 0.680203 0.476766 0.6848029999999999 0.476766 0.6848029999999999 0.475836 0.683852 0.475139 0.683217 0.47351299999999996 0.682582 0.46909900000000004 0.681631 0.46886599999999995 0.680996 0.475372 0.680679 0.476069 0.680203 0.47630100000000003 0.680203 0.476766
1 0.703363 0.489545 0.703363 0.490474 0.710184 0.490939 0.710184 0.490009 0.70828 0.48815099999999995 0.706853 0.47932199999999997 0.706377 0.47839200000000004 0.705584 0.47839200000000004 0.705108 0.480251 0.7046319999999999 0.48815099999999995 0.704156 0.48931199999999997 0.703363 0.489545
0 0.367069 0.47839200000000004 0.36690999999999996 0.47932199999999997 0.367069 0.479786 0.372145 0.479786 0.372303 0.47816000000000003 0.371193 0.47723000000000004 0.371193 0.475372 0.3704 0.470028 0.370082 0.46933100000000005 0.369289 0.46933100000000005 0.36897199999999997 0.47397799999999995 0.368496 0.47699800000000003 0.36802 0.477928 0.367069 0.47839200000000004
2 0.424492 0.484665 0.431472 0.484665 0.431472 0.48373600000000005 0.430203 0.48327099999999995 0.429727 0.48211000000000004 0.427982 0.46793699999999994 0.427665 0.467472 0.426555 0.467472 0.426237 0.46909900000000004 0.425286 0.48327099999999995 0.424492 0.48373600000000005 0.424492 0.484665
0 0.598985 0.47816000000000003 0.598985 0.477463 0.598033 0.476766 0.598033 0.47374499999999997 0.59724 0.46816899999999995 0.5964470000000001 0.46816899999999995 0.595654 0.476533 0.5948599999999999 0.477463 0.5948599999999999 0.47816000000000003 0.598985 0.47816000000000003
1 0.651967 0.47420999999999996 0.651967 0.47351299999999996 0.651332 0.472584 0.651332 0.470725 0.650857 0.469796 0.650539 0.46724 0.6499050000000001 0.467007 0.649429 0.469796 0.650381 0.47119 0.650698 0.47420999999999996 0.651967 0.47420999999999996
0 0.367386 0.472816 0.367386 0.47351299999999996 0.368813 0.47351299999999996 0.369131 0.46933100000000005 0.36992400000000003 0.46909900000000004 0.36992400000000003 0.466543 0.369607 0.465381 0.368496 0.465613 0.368338 0.470957 0.36802 0.472119 0.367386 0.472816
0 0.42496799999999996 0.47630100000000003 0.42417499999999997 0.476766 0.42417499999999997 0.477463 0.425603 0.477463 0.426237 0.46793699999999994 0.425603 0.46793699999999994 0.425444 0.470725 0.42496799999999996 0.472816 0.42496799999999996 0.47630100000000003
0 0.600254 0.472119 0.600254 0.471422 0.599619 0.470725 0.598668 0.464684 0.597874 0.464452 0.597557 0.465381 0.597557 0.470028 0.597874 0.471887 0.600254 0.472119
1 0.647049 0.47932199999999997 0.647049 0.480251 0.652126 0.480251 0.652126 0.47932199999999997 0.651332 0.479089 0.650698 0.47769500000000004 0.650539 0.472816 0.6500630000000001 0.470725 0.648953 0.470725 0.648636 0.471887 0.648001 0.478857 0.647684 0.47932199999999997 0.647049 0.47932199999999997
1 0.43274100000000004 0.50302 0.43274100000000004 0.505112 0.44099000000000005 0.505112 0.44099000000000005 0.50302 0.439879 0.502788 0.439562 0.502091 0.437817 0.48861499999999997 0.436231 0.48838299999999996 0.435755 0.490242 0.43400999999999995 0.502091 0.433693 0.502788 0.43274100000000004 0.50302