0 0.790768 0.479786 0.790609 0.480716 0.799492 0.480948 0.7974300000000001 0.477928 0.795685 0.464684 0.794258 0.464684 0.793782 0.465613 0.792195 0.47862499999999997 0.791878 0.47932199999999997 0.790768 0.479786
0 0.685279 0.47420999999999996 0.68401 0.47490699999999997 0.68401 0.47560399999999997 0.691148 0.47560399999999997 0.691148 0.47420999999999996 0.690355 0.47328099999999995 0.689562 0.461431 0.688135 0.46119899999999997 0.6875 0.461664 0.685755 0.47328099999999995 0.685279 0.47420999999999996
0 0.629283 0.464452 0.635311 0.464684 0.6351519999999999 0.46375500000000003 0.633883 0.46329000000000004 0.633566 0.46282500000000004 0.632773 0.45399599999999996 0.631504 0.45376399999999995 0.630869 0.45515800000000006 0.6300760000000001 0.463058 0.629283 0.46398700000000004 0.629283 0.464452
0 0.5613900000000001 0.46421900000000005 0.565673 0.46421900000000005 0.565673 0.46259300000000003 0.5651970000000001 0.462361 0.564879 0.461664 0.563769 0.45422900000000005 0.562659 0.45422900000000005 0.562341 0.45469299999999996 0.561865 0.46189600000000003 0.5613900000000001 0.46329000000000004 0.5613900000000001 0.46421900000000005
0 0.525539 0.467472 0.5302979999999999 0.46724 0.5301400000000001 0.466078 0.529505 0.465613 0.528871 0.456784 0.527602 0.456784 0.527126 0.457714 0.526332 0.465613 0.525539 0.466543 0.525539 0.467472
0 0.486041 0.47397799999999995 0.485882 0.466078 0.48540599999999995 0.465613 0.480013 0.465846 0.479695 0.466543 0.479695 0.46933100000000005 0.48033000000000003 0.47397799999999995 0.486041 0.47397799999999995
0 0.426555 0.481413 0.429569 0.480019 0.429569 0.479554 0.428299 0.478857 0.427665 0.477463 0.425286 0.466543 0.42369899999999994 0.466543 0.423541 0.479786 0.42274700000000004 0.480716 0.42274700000000004 0.481413 0.426555 0.481413
0 0.337405 0.490242 0.336453 0.490474 0.336453 0.490939 0.345336 0.491171 0.345336 0.489545 0.34486 0.48884800000000006 0.34422600000000003 0.48884800000000006 0.34375 0.48815099999999995 0.34264 0.475372 0.342005 0.47351299999999996 0.340577 0.47351299999999996 0.339943 0.475372 0.338991 0.48884800000000006 0.338039 0.48907999999999996 0.337405 0.490242
0 0.205584 0.503485 0.20542500000000002 0.5046470000000001 0.21494300000000002 0.5048790000000001 0.21541899999999997 0.5044139999999999 0.21541899999999997 0.503485 0.21494300000000002 0.502556 0.213991 0.502323 0.213674 0.501394 0.211612 0.484665 0.21097700000000003 0.48327099999999995 0.20939100000000002 0.48327099999999995 0.208598 0.48513 0.20717 0.502556 0.206853 0.50302 0.205584 0.503485
0 0.029188 0.523467 0.027919 0.523234 0.026490999999999997 0.521375 0.025063000000000002 0.521143 0.023953 0.520446 0.022208 0.50697 0.022208 0.524628 0.025063000000000002 0.524628 0.029504999999999997 0.5239309999999999 0.029188 0.523467
1 0.09803300000000001 0.642426 0.095495 0.64289 0.09248100000000001 0.644749 0.092005 0.64684 0.092005 0.650325 0.088991 0.6540429999999999 0.088991 0.654507 0.09501899999999999 0.654507 0.11976500000000001 0.652649 0.125952 0.650558 0.130235 0.643123 0.130235 0.642426 0.127697 0.642426 0.12753799999999998 0.640567 0.12468300000000002 0.639173 0.12135199999999999 0.638708 0.121034 0.638243 0.120241 0.633132 0.119924 0.632435 0.11817899999999999 0.622212 0.111358 0.5866640000000001 0.10691600000000001 0.5866640000000001 0.10422000000000001 0.587593 0.098509 0.641961 0.09803300000000001 0.642426
3 0.099619 0.560409 0.09914300000000001 0.561338 0.09612899999999999 0.563197 0.09565399999999999 0.564823 0.09501899999999999 0.5657530000000001 0.092798 0.5671470000000001 0.111675 0.5671470000000001 0.12055800000000001 0.564591 0.12055800000000001 0.563662 0.117703 0.563662 0.11738599999999999 0.563197 0.117069 0.560874 0.114689 0.560409 0.11405499999999999 0.559944 0.108344 0.5290429999999999 0.10723400000000001 0.528578 0.10533 0.528578 0.10390200000000001 0.5292749999999999 0.099619 0.560409
3 0.158947 0.532993 0.158471 0.53369 0.172747 0.53369 0.17592000000000002 0.532528 0.176079 0.531831 0.174651 0.529972 0.172272 0.5292749999999999 0.171954 0.528578 0.167989 0.506506 0.164499 0.506273 0.161802 0.530204 0.161326 0.530669 0.159105 0.531134 0.158947 0.532993
1 0.433852 0.610827 0.43321699999999996 0.611524 0.431313 0.6124539999999999 0.43115500000000007 0.612918 0.432424 0.614312 0.449714 0.6157060000000001 0.45606 0.6154740000000001 0.463832 0.610595 0.46399100000000004 0.6101300000000001 0.46303900000000003 0.609201 0.46113600000000005 0.609201 0.460977 0.607574 0.459549 0.6059479999999999 0.456377 0.604554 0.45606 0.604089 0.45019 0.5606410000000001 0.44463800000000003 0.5606410000000001 0.439086 0.604322 0.43861 0.605251 0.434327 0.60711 0.433852 0.610827
1 0.42893400000000004 0.548095 0.427982 0.549489 0.427982 0.5499539999999999 0.44400399999999995 0.550186 0.446859 0.547165 0.447018 0.546236 0.44590699999999994 0.545771 0.444956 0.544145 0.44289300000000004 0.5436799999999999 0.442576 0.542983 0.43861 0.5160319999999999 0.43527899999999997 0.5160319999999999 0.431631 0.5436799999999999 0.43115500000000007 0.54461 0.429251 0.545539 0.42893400000000004 0.548095
3 0.484772 0.490009 0.492703 0.490009 0.49286199999999997 0.48791799999999996 0.491751 0.48791799999999996 0.49143400000000004 0.48745399999999994 0.48952999999999997 0.47420999999999996 0.487944 0.47420999999999996 0.48635799999999996 0.487221 0.485882 0.48815099999999995 0.48493 0.48838299999999996 0.484772 0.490009
3 0.516815 0.481645 0.5241119999999999 0.481877 0.5241119999999999 0.480716 0.523794 0.479786 0.522684 0.479786 0.522367 0.479089 0.52078 0.46816899999999995 0.5191939999999999 0.46816899999999995 0.517925 0.47932199999999997 0.5174489999999999 0.480251 0.516815 0.480716 0.516815 0.481645
3 0.566942 0.47397799999999995 0.57297 0.47374499999999997 0.5726519999999999 0.472119 0.571859 0.471887 0.571383 0.470725 0.569956 0.462361 0.5686869999999999 0.462128 0.5675760000000001 0.471654 0.567259 0.472351 0.566942 0.472351 0.566942 0.47397799999999995
3 0.586136 0.475836 0.593115 0.475836 0.593115 0.475139 0.592322 0.47397799999999995 0.591212 0.47374499999999997 0.590895 0.473048 0.589626 0.46352200000000005 0.588198 0.46352200000000005 0.5870879999999999 0.47328099999999995 0.5866119999999999 0.47420999999999996 0.586136 0.474442 0.586136 0.475836
3 0.608978 0.46793699999999994 0.613579 0.46793699999999994 0.613737 0.467007 0.612468 0.465613 0.6115160000000001 0.457946 0.610247 0.457714 0.609613 0.460037 0.609296 0.465149 0.608661 0.467007 0.608978 0.46793699999999994
1 0.525698 0.515335 0.525698 0.517426 0.5375949999999999 0.5176580000000001 0.538706 0.5160319999999999 0.538706 0.515335 0.5383880000000001 0.515335 0.5375949999999999 0.513941 0.5363260000000001 0.513476 0.53585 0.5125460000000001 0.533154 0.493262 0.5302979999999999 0.493262 0.528077 0.512779 0.527602 0.513708 0.526015 0.514173 0.525698 0.515335
1 0.57408 0.544377 0.573763 0.546236 0.571383 0.546933 0.571383 0.547398 0.572811 0.548095 0.581377 0.549257 0.587246 0.549257 0.593433 0.548095 0.593433 0.5464680000000001 0.5910529999999999 0.546236 0.5907359999999999 0.543913 0.5886739999999999 0.5434479999999999 0.587881 0.542751 0.584074 0.5148699999999999 0.5802660000000001 0.5148699999999999 0.576777 0.542519 0.576459 0.5432159999999999 0.575349 0.5434479999999999 0.57408 0.544377
1 0.584708 0.495121 0.594067 0.495121 0.595019 0.494656 0.595178 0.494191 0.5947020000000001 0.493959 0.594385 0.49302999999999997 0.593115 0.49256500000000003 0.5926400000000001 0.491636 0.590895 0.476766 0.588832 0.476766 0.5866119999999999 0.491636 0.585977 0.49302999999999997 0.584708 0.494191 0.584708 0.495121
1 0.64578 0.5148699999999999 0.645622 0.516264 0.6441939999999999 0.516264 0.644353 0.517426 0.650539 0.518123 0.656567 0.518123 0.65974 0.516729 0.659898 0.516264 0.658312 0.515799 0.658312 0.513941 0.656409 0.513476 0.653712 0.49302999999999997 0.650857 0.49302999999999997 0.6481600000000001 0.513243 0.6478430000000001 0.513941 0.647208 0.514405 0.64578 0.5148699999999999
1 0.6646569999999999 0.485827 0.673223 0.485827 0.673223 0.484898 0.672747 0.48350400000000004 0.671637 0.48303900000000005 0.6713199999999999 0.48211000000000004 0.669892 0.470028 0.667989 0.470028 0.666561 0.48280700000000004 0.6662440000000001 0.48350400000000004 0.6646569999999999 0.48350400000000004 0.6646569999999999 0.485827
1 0.692735 0.498374 0.694004 0.499303 0.704791 0.499303 0.704791 0.498606 0.703997 0.49790900000000005 0.7036800000000001 0.49651500000000004 0.702411 0.49628300000000003 0.702094 0.495586 0.700032 0.479554 0.697811 0.479554 0.695749 0.495586 0.695273 0.49651500000000004 0.6936869999999999 0.49698000000000003 0.692735 0.498374
1 0.7563449999999999 0.486059 0.755711 0.486059 0.755711 0.486989 0.758566 0.48745399999999994 0.766497 0.487221 0.766497 0.486059 0.765546 0.485827 0.7650699999999999 0.484898 0.763642 0.484201 0.762373 0.470725 0.7601519999999999 0.470725 0.7584069999999999 0.48396800000000006 0.7580899999999999 0.484665 0.756821 0.484898 0.7563449999999999 0.486059
3 0.417354 0.5048790000000001 0.418464 0.505576 0.424334 0.505576 0.428299 0.505112 0.428299 0.5044139999999999 0.427665 0.502788 0.426555 0.502323 0.426237 0.5018589999999999 0.423541 0.485595 0.421478 0.485595 0.419416 0.501394 0.41894 0.502323 0.417513 0.5032530000000001 0.417354 0.5048790000000001
3 0.44210000000000005 0.491868 0.44210000000000005 0.49302999999999997 0.448604 0.49302999999999997 0.451459 0.492333 0.451459 0.491636 0.450666 0.490242 0.449556 0.490242 0.44923900000000005 0.489777 0.446859 0.47630100000000003 0.44511399999999995 0.476069 0.443528 0.490242 0.44321099999999997 0.490939 0.442735 0.490939 0.44210000000000005 0.491868
0 0.8932420000000001 0.6101300000000001 0.892925 0.610595 0.8876899999999999 0.611524 0.8876899999999999 0.612918 0.9059329999999999 0.618959 0.915292 0.618959 0.930996 0.617797 0.9308379999999999 0.616636 0.930203 0.6157060000000001 0.924334 0.613615 0.923699 0.612686 0.922906 0.6103620000000001 0.9205270000000001 0.6089680000000001 0.9192579999999999 0.607807 0.913547 0.553903 0.90625 0.553439 0.898477 0.6059479999999999 0.8981600000000001 0.606645 0.893877 0.6073419999999999 0.8932420000000001 0.6101300000000001
0 0.884201 0.545771 0.8813449999999999 0.5464680000000001 0.881028 0.546933 0.883407 0.5478620000000001 0.889753 0.548792 0.896574 0.549257 0.900857 0.549257 0.9068849999999999 0.548095 0.9068849999999999 0.5464680000000001 0.9041880000000001 0.546701 0.9035529999999999 0.545074 0.900857 0.5436799999999999 0.900539 0.5432159999999999 0.897208 0.509061 0.892449 0.508597 0.887532 0.541357 0.8868969999999999 0.542286 0.8845179999999999 0.5432159999999999 0.884201 0.545771
0 0.898636 0.502323 0.898794 0.502788 0.8995879999999999 0.50302 0.911168 0.5032530000000001 0.911961 0.502323 0.911009 0.501626 0.9100569999999999 0.499768 0.9089470000000001 0.499071 0.9084709999999999 0.49814100000000006 0.906409 0.478857 0.903236 0.478857 0.900222 0.499071 0.8999050000000001 0.499768 0.898636 0.500232 0.898636 0.502323
3 0.327253 0.509061 0.331536 0.509061 0.332805 0.507667 0.338515 0.508829 0.33915 0.502556 0.33518400000000004 0.49790900000000005 0.334232 0.493262 0.332646 0.49372699999999997 0.328839 0.49605 0.327253 0.507435 0.327253 0.509061
0 0.878014 0.515102 0.87849 0.516496 0.8910220000000001 0.516496 0.891339 0.515102 0.891339 0.513476 0.890704 0.513011 0.8902279999999999 0.512082 0.8876899999999999 0.48815099999999995 0.883883 0.48815099999999995 0.881028 0.511849 0.880393 0.512779 0.878173 0.513708 0.878014 0.515102
0 0.89118 0.489545 0.8921319999999999 0.489545 0.892766 0.490009 0.901332 0.490009 0.901491 0.48745399999999994 0.899746 0.486989 0.8994289999999999 0.486059 0.897843 0.47026 0.894829 0.47026 0.892449 0.486059 0.8921319999999999 0.486757 0.89118 0.486989 0.89118 0.489545
3 0.335025 0.52184 0.335977 0.522537 0.344702 0.522537 0.348509 0.522072 0.348509 0.520911 0.348033 0.5190520000000001 0.345971 0.518587 0.345654 0.51789 0.342322 0.49744400000000005 0.339943 0.49744400000000005 0.337563 0.518587 0.337246 0.5192840000000001 0.33518400000000004 0.519749 0.335025 0.52184