0 0.20590099999999997 0.6582250000000001 0.205584 0.65869 0.20241099999999998 0.660084 0.201459 0.6631039999999999 0.198128 0.6635690000000001 0.196859 0.664498 0.196859 0.665195 0.20225300000000002 0.667286 0.21351499999999998 0.667519 0.21764 0.666822 0.22001900000000002 0.665195 0.22557100000000002 0.662639 0.230171 0.66171 0.231758 0.660548 0.231758 0.660084 0.227792 0.660084 0.226681 0.659387 0.226206 0.65869 0.22573 0.656366 0.223192 0.655669 0.222716 0.655204 0.220812 0.6440520000000001 0.21415 0.609433 0.211136 0.609433 0.209232 0.609898 0.208598 0.611757 0.20590099999999997 0.6582250000000001
0 0.259042 0.599675 0.258249 0.599675 0.257614 0.600139 0.257456 0.6008359999999999 0.26047 0.6013010000000001 0.265546 0.6013010000000001 0.27776 0.598745 0.277126 0.597816 0.27522199999999997 0.597351 0.274905 0.596887 0.274746 0.5957250000000001 0.272843 0.594796 0.272525 0.594331 0.269036 0.5720259999999999 0.26760799999999996 0.565056 0.26443500000000003 0.565056 0.263484 0.56645 0.261739 0.59619 0.259835 0.597584 0.259042 0.599675
0 0.247145 0.573188 0.247145 0.574117 0.255393 0.574117 0.259201 0.572723 0.259201 0.571329 0.257773 0.570632 0.25698 0.569006 0.254283 0.548095 0.25111 0.548327 0.249524 0.56947 0.249048 0.570864 0.247621 0.571561 0.247145 0.573188
0 0.200984 0.5669139999999999 0.207329 0.5669139999999999 0.21288100000000001 0.56552 0.212722 0.565056 0.210501 0.564126 0.20954899999999999 0.562732 0.20669400000000002 0.545539 0.20510799999999998 0.545307 0.20431499999999997 0.545771 0.20368 0.549489 0.20257 0.5643589999999999 0.201301 0.56552 0.200984 0.5669139999999999
1 0.207329 0.549024 0.212246 0.549257 0.21415 0.548792 0.214308 0.547398 0.21335700000000002 0.547165 0.21303899999999998 0.546701 0.21288100000000001 0.544145 0.211136 0.536942 0.21097700000000003 0.535316 0.20891500000000002 0.535084 0.208122 0.542751 0.20796299999999998 0.546236 0.207329 0.547398 0.207329 0.549024
0 0.141656 0.564126 0.14641500000000002 0.5643589999999999 0.14768399999999998 0.563894 0.152919 0.563197 0.152126 0.5620350000000001 0.152126 0.561338 0.150698 0.560874 0.15022200000000002 0.559944 0.148001 0.545771 0.147208 0.545074 0.14593899999999999 0.545074 0.145146 0.545539 0.144036 0.561571 0.142925 0.5620350000000001 0.142608 0.5629649999999999 0.141656 0.564126
2 0.106599 0.555994 0.108185 0.555065 0.108344 0.5546 0.107868 0.5546 0.107392 0.553671 0.106599 0.553439 0.105806 0.551812 0.10295099999999999 0.535781 0.10247500000000001 0.534851 0.101047 0.535084 0.10041199999999999 0.536245 0.099302 0.553671 0.097398 0.556227 0.106599 0.555994
2 0.042194999999999996 0.567844 0.042194999999999996 0.568309 0.04283 0.568773 0.045684999999999996 0.568773 0.048541 0.568076 0.055838 0.5671470000000001 0.056155 0.566682 0.056155 0.565985 0.054727000000000005 0.5657530000000001 0.053617000000000005 0.564823 0.053299 0.564126 0.049016 0.542983 0.047271999999999995 0.542751 0.046637 0.5432159999999999 0.044734 0.565056 0.044258 0.566217 0.042671 0.5671470000000001 0.042194999999999996 0.567844
1 0.297272 0.5464680000000001 0.296637 0.547165 0.296637 0.5476300000000001 0.301396 0.5476300000000001 0.304569 0.546933 0.30552 0.546004 0.30552 0.545307 0.304251 0.5448419999999999 0.30393400000000004 0.544377 0.30203 0.5320630000000001 0.29981 0.531831 0.298699 0.544377 0.29838200000000004 0.545307 0.29742999999999997 0.545539 0.297272 0.5464680000000001
1 0.411326 0.539033 0.410374 0.539266 0.409898 0.541357 0.417513 0.541125 0.41878200000000004 0.539963 0.418623 0.539033 0.417354 0.5381039999999999 0.414975 0.524628 0.413547 0.524628 0.41291200000000006 0.525093 0.41164300000000004 0.5381039999999999 0.411326 0.539033
1 0.46177 0.545539 0.461294 0.5478620000000001 0.470495 0.548095 0.47208100000000003 0.546701 0.47208100000000003 0.545539 0.47144700000000006 0.5448419999999999 0.470495 0.54461 0.470019 0.543913 0.46732199999999996 0.527881 0.46541899999999997 0.527649 0.465102 0.527881 0.463515 0.544145 0.46319800000000005 0.545074 0.46177 0.545539
1 0.48207500000000003 0.563197 0.48207500000000003 0.564823 0.48128200000000004 0.565056 0.480964 0.565985 0.48255100000000006 0.5671470000000001 0.48635799999999996 0.5671470000000001 0.49603400000000003 0.5657530000000001 0.49603400000000003 0.564823 0.49539999999999995 0.564591 0.494924 0.563894 0.494765 0.5625 0.49444800000000005 0.5620350000000001 0.49302 0.5620350000000001 0.492703 0.561338 0.48952999999999997 0.5432159999999999 0.488737 0.540195 0.48651600000000006 0.539963 0.485882 0.540892 0.483978 0.561803 0.483661 0.562732 0.48207500000000003 0.563197
1 0.5540930000000001 0.594331 0.553458 0.597119 0.553458 0.59921 0.555203 0.599675 0.560755 0.599675 0.572176 0.598281 0.572335 0.593401 0.571383 0.592472 0.569321 0.59224 0.5688449999999999 0.590846 0.564245 0.5620350000000001 0.563293 0.561338 0.5615479999999999 0.561338 0.560279 0.561803 0.557107 0.592007 0.556631 0.593169 0.55552 0.593401 0.5540930000000001 0.594331
1 0.544416 0.546701 0.54283 0.5476300000000001 0.5525059999999999 0.5476300000000001 0.557107 0.5464680000000001 0.55552 0.544377 0.553934 0.544145 0.553617 0.5436799999999999 0.550603 0.525093 0.548065 0.525093 0.546637 0.544377 0.546161 0.5448419999999999 0.544416 0.545307 0.544416 0.546701
1 0.6572020000000001 0.5722579999999999 0.656726 0.572723 0.6552979999999999 0.572955 0.654822 0.5736519999999999 0.654822 0.574349 0.661168 0.574814 0.669416 0.574814 0.676237 0.57342 0.676555 0.572955 0.676555 0.5722579999999999 0.674968 0.5717939999999999 0.673541 0.569006 0.6713199999999999 0.568773 0.671003 0.568309 0.6662440000000001 0.541822 0.6625949999999999 0.541589 0.659898 0.569703 0.6592640000000001 0.570167 0.657519 0.5704 0.6572020000000001 0.5722579999999999
1 0.6289659999999999 0.52579 0.628648 0.526719 0.637532 0.526719 0.639594 0.525558 0.639753 0.525093 0.6388010000000001 0.5239309999999999 0.6370560000000001 0.523467 0.636739 0.523002 0.634201 0.508132 0.632456 0.508364 0.6311869999999999 0.5236989999999999 0.6296 0.5241640000000001 0.6296 0.525558 0.6289659999999999 0.52579
1 0.726681 0.6749539999999999 0.725571 0.6775089999999999 0.723985 0.6779740000000001 0.723985 0.679833 0.730489 0.6879649999999999 0.7358819999999999 0.6879649999999999 0.749207 0.686803 0.76269 0.686106 0.7634839999999999 0.684944 0.7634839999999999 0.684015 0.760945 0.680065 0.760311 0.677277 0.759201 0.6749539999999999 0.758566 0.674257 0.754442 0.6728620000000001 0.7539659999999999 0.671933 0.745082 0.618262 0.7436550000000001 0.617333 0.73953 0.617333 0.73842 0.618262 0.7322339999999999 0.671236 0.731758 0.672165 0.726681 0.6749539999999999
1 0.9129120000000001 0.6231410000000001 0.9125949999999999 0.624303 0.90974 0.6245350000000001 0.9084709999999999 0.625929 0.908154 0.6268589999999999 0.929251 0.631041 0.9322649999999999 0.631041 0.9368650000000001 0.6294139999999999 0.9460660000000001 0.627323 0.949239 0.625929 0.9493969999999999 0.6254649999999999 0.944797 0.624768 0.944638 0.622677 0.943369 0.6205860000000001 0.938769 0.619191 0.9381349999999999 0.618494 0.930362 0.574117 0.9287750000000001 0.5736519999999999 0.923699 0.573885 0.917671 0.61803 0.917037 0.618959 0.9130710000000001 0.6201209999999999 0.9129120000000001 0.6231410000000001
3 0.749524 0.5383359999999999 0.748096 0.5388010000000001 0.747938 0.539266 0.752538 0.539963 0.760311 0.539963 0.7641180000000001 0.5385690000000001 0.763959 0.5381039999999999 0.763008 0.537872 0.7620560000000001 0.536478 0.760787 0.536013 0.760311 0.535084 0.75698 0.5146379999999999 0.754442 0.5148699999999999 0.752062 0.535316 0.751586 0.536245 0.749841 0.536942 0.749524 0.5383359999999999
3 0.7620560000000001 0.526022 0.76158 0.526487 0.76158 0.526952 0.770463 0.527184 0.773636 0.526487 0.773477 0.5241640000000001 0.771891 0.5236989999999999 0.7712559999999999 0.523002 0.768401 0.505576 0.765863 0.505576 0.764277 0.523234 0.763959 0.5241640000000001 0.762214 0.5243960000000001 0.7620560000000001 0.526022
1 0.772525 0.512314 0.771732 0.5146379999999999 0.779029 0.5148699999999999 0.781409 0.513941 0.781409 0.513011 0.781091 0.512082 0.7802979999999999 0.512082 0.779822 0.51092 0.7772840000000001 0.49698000000000003 0.776808 0.49628300000000003 0.775698 0.49628300000000003 0.7752220000000001 0.49767700000000004 0.773953 0.51092 0.773477 0.512082 0.772525 0.512314
3 0.9403549999999999 0.534619 0.9397209999999999 0.537872 0.945273 0.5383359999999999 0.954315 0.5383359999999999 0.959549 0.537639 0.9593909999999999 0.536942 0.95828 0.536013 0.958122 0.534851 0.957011 0.533922 0.9551080000000001 0.5334570000000001 0.9544729999999999 0.53276 0.950825 0.510688 0.949873 0.508829 0.947652 0.508829 0.946542 0.5111519999999999 0.943369 0.532993 0.9427350000000001 0.533922 0.9403549999999999 0.534619
0 0.9503489999999999 0.507667 0.950032 0.508132 0.950032 0.508829 0.950666 0.5099910000000001 0.960977 0.5099910000000001 0.9617699999999999 0.508829 0.9617699999999999 0.507435 0.961612 0.50697 0.960343 0.506506 0.959867 0.505809 0.9587559999999999 0.49767700000000004 0.9568530000000001 0.486757 0.9546319999999999 0.486524 0.953839 0.48745399999999994 0.952094 0.506506 0.9517770000000001 0.507435 0.9503489999999999 0.507667
0 0.029664000000000003 0.919842 0.034422999999999995 0.916357 0.042989 0.9017189999999999 0.047906 0.897537 0.051079 0.8901020000000001 0.051237 0.886152 0.041402 0.8905670000000001 0.036802 0.8877789999999999 0.032043 0.8873139999999999 0.031091 0.886849 0.022208 0.820864 0.022208 0.9237920000000001 0.022684000000000003 0.9237920000000001 0.028394999999999997 0.920307 0.029664000000000003 0.919842