3 0.696859 0.588987 0.692735 0.592472 0.692735 0.5929369999999999 0.7016180000000001 0.59619 0.715419 0.597816 0.7198599999999999 0.597816 0.726999 0.5959570000000001 0.731123 0.59224 0.73144 0.589219 0.7254120000000001 0.584108 0.722874 0.582481 0.716688 0.53276 0.709549 0.53276 0.702887 0.5750460000000001 0.701935 0.582481 0.697018 0.58434 0.696859 0.588987
3 0.553458 0.49302999999999997 0.553458 0.493494 0.555044 0.494656 0.5636099999999999 0.495586 0.568211 0.495586 0.574239 0.493494 0.57408 0.49302999999999997 0.572811 0.492333 0.571859 0.490242 0.5691620000000001 0.48931199999999997 0.565355 0.46189600000000003 0.562183 0.46189600000000003 0.558217 0.48768599999999995 0.558217 0.48931199999999997 0.5553619999999999 0.490474 0.553458 0.49302999999999997
1 0.044258 0.772305 0.038071 0.778346 0.025857 0.791125 0.025857 0.792286 0.028711999999999998 0.799489 0.030774000000000003 0.8055300000000001 0.036168 0.8129649999999999 0.039023 0.813429 0.042671 0.813429 0.049492 0.8106410000000001 0.05900999999999999 0.8073880000000001 0.064562 0.8050649999999999 0.069004 0.8036709999999999 0.107392 0.789266 0.107392 0.7883359999999999 0.10390200000000001 0.778113 0.10215700000000001 0.776952 0.101681 0.776255 0.099302 0.766961 0.09359100000000001 0.762779 0.091212 0.762779 0.088039 0.763476 0.087722 0.763011 0.069638 0.673559 0.068369 0.673559 0.056313 0.677277 0.044099 0.770446 0.044258 0.772305
1 0.291402 0.532993 0.291402 0.535548 0.292354 0.537175 0.29981 0.537175 0.314879 0.535548 0.314879 0.533922 0.314086 0.52974 0.311707 0.52974 0.309803 0.5292749999999999 0.30948600000000004 0.526255 0.30901 0.524628 0.308376 0.520214 0.308058 0.519517 0.302982 0.491868 0.300761 0.491868 0.298699 0.492333 0.29536799999999996 0.52881 0.294258 0.5290429999999999 0.29172 0.530669 0.291402 0.532993
1 0.243496 0.480948 0.242862 0.48118 0.242862 0.48257399999999995 0.243338 0.484433 0.246986 0.484665 0.249365 0.484201 0.25856599999999996 0.48373600000000005 0.25856599999999996 0.48303900000000005 0.257456 0.480483 0.2546 0.480019 0.254442 0.477463 0.250952 0.455623 0.248096 0.455623 0.24587599999999998 0.47699800000000003 0.24587599999999998 0.47932199999999997 0.244924 0.479554 0.243496 0.480948
1 0.21859099999999998 0.460734 0.229378 0.460037 0.230171 0.45933999999999997 0.230171 0.457714 0.23001299999999997 0.457249 0.22795100000000001 0.457017 0.227792 0.45492600000000005 0.227316 0.45353199999999994 0.22446100000000002 0.43959099999999995 0.22208100000000003 0.43935899999999994 0.220812 0.45446099999999995 0.220812 0.457017 0.21890900000000002 0.458411 0.21859099999999998 0.460734
1 0.21145299999999997 0.44679399999999997 0.211612 0.445632 0.211294 0.445167 0.20939100000000002 0.44447000000000003 0.20954899999999999 0.443076 0.207329 0.43052999999999997 0.204949 0.43029700000000004 0.20368 0.441682 0.20368 0.444006 0.20114200000000002 0.44679399999999997 0.21145299999999997 0.44679399999999997
1 0.19099 0.437732 0.194638 0.437732 0.198763 0.437035 0.198921 0.43540900000000005 0.197494 0.43517700000000004 0.197176 0.432156 0.196859 0.431459 0.195431 0.423559 0.193052 0.423559 0.191942 0.432853 0.191942 0.43517700000000004 0.19099 0.43564100000000006 0.19099 0.437732
0 0.081853 0.422165 0.087246 0.421933 0.087246 0.42146800000000006 0.086453 0.42030700000000004 0.086453 0.418913 0.085343 0.41240699999999997 0.083122 0.41217499999999996 0.082329 0.418448 0.082329 0.42030700000000004 0.081853 0.42100400000000004 0.081853 0.422165
0 0.107075 0.41961000000000004 0.107075 0.418913 0.10644 0.417983 0.10644 0.41682199999999997 0.10533 0.410316 0.10342599999999999 0.410084 0.10295099999999999 0.414963 0.10295099999999999 0.417751 0.10199899999999999 0.41961000000000004 0.107075 0.41961000000000004
0 0.141497 0.422165 0.14593899999999999 0.422165 0.146098 0.421701 0.14641500000000002 0.421701 0.14641500000000002 0.42100400000000004 0.14578 0.42007399999999995 0.14578 0.418913 0.14467000000000002 0.41240699999999997 0.143877 0.41147799999999995 0.142766 0.41147799999999995 0.142291 0.411942 0.14213199999999998 0.42007399999999995 0.141497 0.42123600000000005 0.141497 0.422165
0 0.183693 0.429833 0.189879 0.429833 0.190197 0.429368 0.190197 0.427742 0.189721 0.427509 0.189721 0.42611499999999997 0.188135 0.41682199999999997 0.18623099999999998 0.416589 0.185121 0.42541799999999996 0.185121 0.427277 0.183693 0.429136 0.183693 0.429833
0 0.178617 0.424257 0.18401 0.424257 0.18401 0.423327 0.183058 0.421701 0.182424 0.413569 0.182265 0.41310399999999997 0.180362 0.41310399999999997 0.17941000000000001 0.41984199999999994 0.17941000000000001 0.421701 0.178617 0.423559 0.178617 0.424257
0 0.186072 0.414963 0.185121 0.409619 0.183376 0.409387 0.183058 0.418913 0.185755 0.418913 0.186072 0.417286 0.186072 0.414963
0 0.24111699999999997 0.419377 0.24016500000000002 0.417983 0.24016500000000002 0.41589200000000004 0.239372 0.409851 0.238261 0.409851 0.237786 0.41078099999999995 0.236834 0.42007399999999995 0.24111699999999997 0.42007399999999995 0.24111699999999997 0.419377
0 0.27236699999999997 0.422862 0.274588 0.423559 0.276808 0.423559 0.27791899999999997 0.423095 0.278077 0.422398 0.277126 0.42123600000000005 0.277126 0.42030700000000004 0.276332 0.417751 0.275539 0.41147799999999995 0.273477 0.41147799999999995 0.273319 0.418913 0.273001 0.42123600000000005 0.27236699999999997 0.422165 0.27236699999999997 0.422862
0 0.295844 0.429833 0.302665 0.429833 0.302665 0.429136 0.302189 0.427974 0.30123700000000003 0.427509 0.30123700000000003 0.42611499999999997 0.299651 0.41589200000000004 0.297747 0.41589200000000004 0.296954 0.424489 0.296954 0.427045 0.295844 0.427742 0.295844 0.429833
0 0.315673 0.43540900000000005 0.322652 0.43540900000000005 0.322652 0.433318 0.321701 0.433086 0.321701 0.431691 0.31948 0.419145 0.318369 0.418913 0.3171 0.41961000000000004 0.316783 0.432853 0.31551399999999996 0.43378300000000003 0.315355 0.43494400000000005 0.315673 0.43540900000000005
0 0.35422 0.442612 0.354695 0.443309 0.363579 0.443309 0.363579 0.442379 0.363103 0.44075300000000006 0.362468 0.44051999999999997 0.362468 0.43935899999999994 0.361675 0.43564100000000006 0.35992999999999997 0.424257 0.357551 0.424257 0.356282 0.437732 0.356282 0.44028799999999996 0.35422 0.441682 0.35422 0.442612
0 0.429727 0.46282500000000004 0.438452 0.46282500000000004 0.440355 0.462361 0.440673 0.45910799999999996 0.439404 0.45887500000000003 0.439404 0.457714 0.436231 0.437268 0.433376 0.437268 0.431631 0.456552 0.431631 0.45887500000000003 0.429727 0.460037 0.429727 0.46282500000000004