3 0.074556 0.695632 0.074239 0.696097 0.07106599999999999 0.6972579999999999 0.066942 0.700279 0.066466 0.701208 0.066148 0.704229 0.06567300000000001 0.7051580000000001 0.060914 0.7065520000000001 0.058533999999999996 0.707714 0.058376 0.71027 0.061548000000000005 0.71027 0.085977 0.712593 0.09057699999999999 0.712593 0.118655 0.7000460000000001 0.118655 0.699582 0.117862 0.69842 0.114689 0.698188 0.110882 0.6967939999999999 0.11072299999999999 0.693541 0.10945400000000001 0.6921470000000001 0.107868 0.691217 0.104378 0.6907530000000001 0.103585 0.690288 0.092164 0.628717 0.087563 0.628485 0.086136 0.628717 0.083122 0.630112 0.074556 0.695632
3 0.052506 0.576673 0.050444 0.578299 0.050127 0.578996 0.050602999999999995 0.579461 0.050602999999999995 0.5801580000000001 0.049016 0.582017 0.049016 0.582946 0.071542 0.582249 0.072494 0.5813200000000001 0.076301 0.579693 0.076935 0.578764 0.076935 0.578067 0.07519 0.578067 0.074873 0.5773699999999999 0.075032 0.575976 0.074714 0.575511 0.070907 0.5750460000000001 0.07059 0.574582 0.064245 0.542519 0.059327 0.542286 0.056948 0.564126 0.054886000000000004 0.575743 0.054569 0.576441 0.052506 0.576673
3 0.187024 0.528346 0.187024 0.530669 0.187341 0.531366 0.200984 0.531134 0.201301 0.530669 0.201301 0.528113 0.200508 0.527184 0.198604 0.527184 0.198287 0.526487 0.195114 0.505344 0.192259 0.505344 0.189879 0.526255 0.189562 0.527184 0.1875 0.527184 0.187024 0.528346
3 0.37389 0.503485 0.374365 0.5044139999999999 0.37389 0.508132 0.374365 0.509061 0.376428 0.509061 0.377221 0.5079 0.3796 0.5079 0.384042 0.506273 0.384042 0.5046470000000001 0.383407 0.500232 0.381662 0.49372699999999997 0.378966 0.49372699999999997 0.373255 0.495121 0.373572 0.501626 0.37389 0.503485
1 0.418623 0.5192840000000001 0.417195 0.519517 0.417037 0.522537 0.418147 0.523234 0.42941 0.523002 0.42941 0.522305 0.428775 0.52184 0.428775 0.520214 0.428458 0.519749 0.42702999999999997 0.519517 0.426555 0.5190520000000001 0.426555 0.5176580000000001 0.424651 0.507203 0.42369899999999994 0.498838 0.421478 0.498838 0.421161 0.499071 0.42100299999999996 0.5032530000000001 0.41894 0.5188200000000001 0.418623 0.5192840000000001
1 0.546478 0.641496 0.546161 0.643123 0.546161 0.646375 0.5453680000000001 0.64684 0.5453680000000001 0.651487 0.549175 0.652416 0.5759839999999999 0.652416 0.576935 0.651255 0.577094 0.650558 0.577094 0.64289 0.576459 0.641496 0.571542 0.638708 0.571542 0.636385 0.56948 0.623838 0.564721 0.587825 0.558376 0.587825 0.55203 0.638708 0.551713 0.6396379999999999 0.548065 0.640335 0.546478 0.641496
1 0.950032 0.476766 0.949873 0.47816000000000003 0.957011 0.47816000000000003 0.9568530000000001 0.47699800000000003 0.9559010000000001 0.47699800000000003 0.955584 0.476533 0.954791 0.46933100000000005 0.954315 0.467007 0.9527279999999999 0.467007 0.952094 0.46909900000000004 0.951301 0.476069 0.950825 0.476766 0.950032 0.476766
1 0.9443210000000001 0.47026 0.9501899999999999 0.47026 0.9501899999999999 0.46933100000000005 0.948921 0.46863400000000005 0.948287 0.46329000000000004 0.947811 0.461431 0.946542 0.46119899999999997 0.9454309999999999 0.46886599999999995 0.945114 0.46956300000000006 0.9443210000000001 0.46956300000000006 0.9443210000000001 0.47026
3 0.926872 0.48931199999999997 0.926872 0.49070600000000003 0.9354380000000001 0.49070600000000003 0.9354380000000001 0.48931199999999997 0.93401 0.48907999999999996 0.933376 0.480948 0.9324239999999999 0.47630100000000003 0.9305199999999999 0.47630100000000003 0.9295690000000001 0.479786 0.928458 0.48884800000000006 0.9279820000000001 0.48931199999999997 0.926872 0.48931199999999997
1 0.870717 0.502091 0.8697649999999999 0.50302 0.8697649999999999 0.5048790000000001 0.880869 0.505112 0.881187 0.5046470000000001 0.881028 0.502323 0.8794420000000001 0.502091 0.879124 0.501626 0.876586 0.485827 0.8745240000000001 0.485827 0.873255 0.494888 0.871986 0.501394 0.871669 0.502091 0.870717 0.502091
0 0.884042 0.470725 0.888959 0.470725 0.888959 0.469796 0.8880079999999999 0.46909900000000004 0.887214 0.460967 0.8861039999999999 0.460734 0.8849940000000001 0.46863400000000005 0.884676 0.46956300000000006 0.884042 0.469796 0.884042 0.470725
0 0.881028 0.475139 0.881028 0.47420999999999996 0.880552 0.474442 0.8800760000000001 0.47397799999999995 0.8800760000000001 0.46909900000000004 0.879283 0.46375500000000003 0.8778549999999999 0.46352200000000005 0.876745 0.47374499999999997 0.875793 0.47397799999999995 0.8756349999999999 0.475139 0.881028 0.475139
0 0.873255 0.466775 0.8729380000000001 0.466775 0.8729380000000001 0.467704 0.8770619999999999 0.467704 0.8770619999999999 0.466543 0.876428 0.465846 0.875793 0.45933999999999997 0.8754759999999999 0.458411 0.8743650000000001 0.458411 0.8740479999999999 0.45910799999999996 0.8740479999999999 0.461664 0.873572 0.466078 0.873255 0.466775
3 0.8432740000000001 0.47932199999999997 0.8431150000000001 0.480251 0.849619 0.480251 0.849619 0.479089 0.8483499999999999 0.478857 0.847874 0.47374499999999997 0.847081 0.46909900000000004 0.846764 0.46863400000000005 0.845654 0.46863400000000005 0.8443849999999999 0.476069 0.8443849999999999 0.47862499999999997 0.843909 0.47932199999999997 0.8432740000000001 0.47932199999999997
3 0.77665 0.494191 0.7749050000000001 0.494424 0.7750630000000001 0.49605 0.783471 0.49605 0.783471 0.494424 0.782043 0.493959 0.781726 0.49302999999999997 0.78125 0.486292 0.7802979999999999 0.480948 0.779822 0.480019 0.779029 0.480019 0.778712 0.480483 0.778712 0.481645 0.777443 0.48745399999999994 0.77665 0.494191
0 0.7872779999999999 0.46909900000000004 0.7914019999999999 0.46909900000000004 0.7914019999999999 0.46816899999999995 0.790926 0.46816899999999995 0.790451 0.467007 0.789975 0.46259300000000003 0.789975 0.460037 0.7896569999999999 0.459572 0.788864 0.459572 0.788547 0.46050199999999997 0.7879120000000001 0.46724 0.7872779999999999 0.46816899999999995 0.7872779999999999 0.46909900000000004
0 0.740324 0.475836 0.745558 0.475836 0.745558 0.47490699999999997 0.744765 0.47374499999999997 0.7433379999999999 0.46421900000000005 0.742227 0.46421900000000005 0.741117 0.47397799999999995 0.740641 0.47490699999999997 0.740324 0.47490699999999997 0.740324 0.475836
0 0.713515 0.467704 0.713515 0.46840099999999996 0.717164 0.46840099999999996 0.717164 0.467704 0.716529 0.466775 0.715895 0.45980499999999996 0.7147840000000001 0.459572 0.714467 0.465149 0.71415 0.467007 0.713832 0.467704 0.713515 0.467704
0 0.704473 0.465846 0.708122 0.465846 0.707487 0.46421900000000005 0.706853 0.45817800000000003 0.70606 0.45817800000000003 0.7052660000000001 0.461431 0.705108 0.464684 0.704473 0.465149 0.704473 0.465846
1 0.6886099999999999 0.500697 0.6875 0.505344 0.686231 0.506273 0.685438 0.507435 0.685438 0.508597 0.686231 0.5092939999999999 0.696066 0.5092939999999999 0.696066 0.506506 0.694321 0.506273 0.694321 0.505344 0.6935279999999999 0.502323 0.692259 0.491868 0.692259 0.489777 0.691942 0.48931199999999997 0.6901970000000001 0.48931199999999997 0.689879 0.489777 0.689721 0.49256500000000003 0.688928 0.49605 0.6886099999999999 0.500697
0 0.660057 0.47769500000000004 0.665133 0.47769500000000004 0.665133 0.476766 0.6643399999999999 0.475836 0.663547 0.46909900000000004 0.663547 0.466543 0.6633880000000001 0.466078 0.662119 0.466078 0.661009 0.476069 0.660692 0.476766 0.660057 0.47723000000000004 0.660057 0.47769500000000004
0 0.627221 0.464684 0.627221 0.465846 0.630711 0.465846 0.630711 0.465149 0.629918 0.46421900000000005 0.629918 0.462361 0.629442 0.46050199999999997 0.629283 0.457481 0.62849 0.457249 0.628648 0.457946 0.628173 0.45980499999999996 0.6276970000000001 0.46421900000000005 0.627221 0.464684
0 0.594385 0.47119 0.5999369999999999 0.470957 0.5999369999999999 0.470493 0.599302 0.470028 0.598509 0.470028 0.598192 0.46956300000000006 0.598192 0.467472 0.597398 0.46352200000000005 0.59724 0.46119899999999997 0.596288 0.46119899999999997 0.595495 0.46886599999999995 0.595019 0.469796 0.594385 0.470028 0.594385 0.47119
0 0.570114 0.46631 0.569321 0.46421900000000005 0.569321 0.461664 0.5688449999999999 0.46026999999999996 0.5688449999999999 0.458643 0.5685279999999999 0.45817800000000003 0.567893 0.45817800000000003 0.567893 0.460037 0.567259 0.46398700000000004 0.5664659999999999 0.466078 0.570114 0.46631
1 0.554886 0.511385 0.554569 0.511849 0.553458 0.511849 0.553458 0.512779 0.566783 0.512779 0.566942 0.511849 0.565673 0.511617 0.565355 0.510688 0.5636099999999999 0.5092939999999999 0.562659 0.503485 0.562659 0.502091 0.561865 0.498374 0.561072 0.491636 0.559169 0.491636 0.556631 0.509061 0.5563130000000001 0.5097579999999999 0.555044 0.510223 0.554886 0.511385
3 0.56599 0.49790900000000005 0.56599 0.5 0.575349 0.5 0.575349 0.498838 0.575032 0.498838 0.574397 0.49744400000000005 0.573445 0.49721200000000004 0.572811 0.49605 0.571859 0.490474 0.571542 0.486989 0.571066 0.485595 0.571066 0.48327099999999995 0.56948 0.48327099999999995 0.5688449999999999 0.486524 0.567735 0.49698000000000003 0.567418 0.49767700000000004 0.56599 0.49790900000000005
0 0.542037 0.472351 0.546003 0.472351 0.546003 0.471422 0.5453680000000001 0.470725 0.544575 0.462128 0.5433060000000001 0.462128 0.543147 0.46631 0.542513 0.47119 0.542037 0.471887 0.542037 0.472351
0 0.5272840000000001 0.46956300000000006 0.5272840000000001 0.46863400000000005 0.526332 0.46793699999999994 0.525539 0.46026999999999996 0.5245879999999999 0.46026999999999996 0.523794 0.467472 0.523319 0.46816899999999995 0.523319 0.46933100000000005 0.5272840000000001 0.46956300000000006
1 0.343433 0.542751 0.342481 0.5478620000000001 0.341688 0.5546 0.341371 0.55948 0.34026 0.5643589999999999 0.340102 0.568309 0.33915 0.569006 0.336612 0.569238 0.336453 0.5724910000000001 0.33565999999999996 0.572955 0.335343 0.5736519999999999 0.335343 0.574814 0.352951 0.5750460000000001 0.35501299999999997 0.57342 0.356282 0.572955 0.357551 0.5717939999999999 0.35739200000000004 0.570864 0.355964 0.5704 0.355647 0.568309 0.353744 0.568076 0.352475 0.5673790000000001 0.34977800000000003 0.5527420000000001 0.347716 0.535084 0.345178 0.535084 0.344702 0.535316 0.343909 0.536942 0.343433 0.542751
2 0.78125 0.481645 0.789181 0.481413 0.789181 0.480716 0.7879120000000001 0.479554 0.786168 0.464684 0.785374 0.46259300000000003 0.784423 0.46259300000000003 0.782678 0.47932199999999997 0.7822020000000001 0.480483 0.78125 0.480716 0.78125 0.481645
2 0.671478 0.481877 0.679251 0.481877 0.679251 0.480716 0.677982 0.480716 0.677665 0.480019 0.675761 0.466543 0.6754439999999999 0.462361 0.674175 0.462361 0.672747 0.479554 0.672272 0.480948 0.671478 0.48118 0.671478 0.481877
0 0.61342 0.475139 0.613579 0.47397799999999995 0.61231 0.472584 0.611041 0.46421900000000005 0.610089 0.46398700000000004 0.609137 0.473048 0.608027 0.47420999999999996 0.608027 0.475139 0.61342 0.475139
1 0.336612 0.527881 0.336453 0.5320630000000001 0.335977 0.532993 0.336136 0.535781 0.335501 0.536942 0.333439 0.536942 0.332805 0.5388010000000001 0.331853 0.539033 0.331853 0.539963 0.33216999999999997 0.540428 0.33312200000000003 0.540428 0.334074 0.541357 0.341688 0.541357 0.343433 0.540892 0.34375 0.536942 0.344702 0.535084 0.345336 0.534851 0.345336 0.533922 0.343433 0.5239309999999999 0.341846 0.511617 0.338991 0.511617 0.337563 0.519981 0.337563 0.52277 0.336612 0.527881
0 0.786485 0.466775 0.7874369999999999 0.466775 0.7874369999999999 0.465846 0.786961 0.464916 0.786802 0.46259300000000003 0.7863260000000001 0.46050199999999997 0.7863260000000001 0.45887500000000003 0.786009 0.45817800000000003 0.7852159999999999 0.45817800000000003 0.785057 0.462361 0.785692 0.46282500000000004 0.7863260000000001 0.464684 0.786485 0.466775
0 0.670209 0.472816 0.673065 0.472816 0.673223 0.472351 0.6733819999999999 0.46724 0.672906 0.465149 0.672747 0.46259300000000003 0.671637 0.46282500000000004 0.671003 0.47119 0.670209 0.472351 0.670209 0.472816
0 0.608027 0.467007 0.608027 0.46793699999999994 0.609454 0.46793699999999994 0.609772 0.46421900000000005 0.610089 0.46375500000000003 0.6108819999999999 0.46375500000000003 0.6108819999999999 0.462361 0.610247 0.45910799999999996 0.609296 0.45933999999999997 0.6088199999999999 0.462128 0.608661 0.466543 0.608027 0.467007