0 0.553458 0.5320630000000001 0.553458 0.534387 0.551713 0.550651 0.551079 0.552045 0.549492 0.552277 0.548541 0.553439 0.5474300000000001 0.554136 0.5474300000000001 0.55553 0.549651 0.557156 0.555679 0.557156 0.5563130000000001 0.556691 0.562341 0.556924 0.563928 0.557388 0.565831 0.557156 0.56599 0.55553 0.564879 0.555065 0.563769 0.5529740000000001 0.562659 0.552277 0.561707 0.550418 0.560596 0.540892 0.560596 0.539033 0.560121 0.536245 0.559645 0.529507 0.558376 0.520446 0.557582 0.519517 0.555203 0.519517 0.554727 0.520446 0.5540930000000001 0.525325 0.553934 0.52881 0.553458 0.5320630000000001
0 0.483027 0.498838 0.48239200000000004 0.501626 0.48239200000000004 0.5032530000000001 0.48144 0.5046470000000001 0.480964 0.5046470000000001 0.480171 0.506273 0.480171 0.50697 0.48826099999999995 0.50697 0.488896 0.506738 0.489055 0.505112 0.488103 0.50395 0.487786 0.502788 0.487786 0.501394 0.486992 0.49651500000000004 0.48651600000000006 0.48768599999999995 0.48619899999999994 0.486757 0.48429599999999995 0.486524 0.483978 0.487221 0.48350299999999996 0.49070600000000003 0.483027 0.498838
0 0.49952399999999997 0.519981 0.498731 0.520678 0.497938 0.520678 0.497938 0.52184 0.49746199999999996 0.522305 0.49746199999999996 0.523002 0.507456 0.523002 0.507931 0.522072 0.5080899999999999 0.520678 0.5071380000000001 0.520446 0.506504 0.5192840000000001 0.503648 0.49790900000000005 0.500793 0.49790900000000005 0.500476 0.501162 0.500317 0.509061 0.499841 0.512779 0.49952399999999997 0.519981
0 0.46177 0.49210000000000004 0.46811499999999995 0.49210000000000004 0.46811499999999995 0.49140300000000003 0.46732199999999996 0.491171 0.467005 0.490242 0.465577 0.476766 0.463674 0.476766 0.462881 0.48931199999999997 0.462563 0.490474 0.46177 0.49070600000000003 0.46177 0.49210000000000004
0 0.426396 0.48373600000000005 0.431472 0.48373600000000005 0.431472 0.48303900000000005 0.43099600000000005 0.48303900000000005 0.43067900000000003 0.48211000000000004 0.429727 0.471422 0.428299 0.471422 0.427189 0.481877 0.42687200000000003 0.48280700000000004 0.426396 0.48280700000000004 0.426396 0.48373600000000005
0 0.36992400000000003 0.477928 0.36992400000000003 0.47932199999999997 0.374683 0.47932199999999997 0.374683 0.47816000000000003 0.374207 0.47769500000000004 0.373096 0.46816899999999995 0.371827 0.46793699999999994 0.37151 0.46886599999999995 0.370876 0.476766 0.370558 0.47769500000000004 0.36992400000000003 0.477928
0 0.351364 0.47839200000000004 0.350571 0.48234199999999994 0.350412 0.484665 0.350095 0.485827 0.348985 0.486989 0.349143 0.48815099999999995 0.353268 0.48838299999999996 0.355171 0.48768599999999995 0.355171 0.486757 0.354537 0.486292 0.353585 0.47351299999999996 0.351999 0.47374499999999997 0.351999 0.47467499999999996 0.351523 0.475372 0.351364 0.47839200000000004
0 0.337881 0.49814100000000006 0.346129 0.49814100000000006 0.345971 0.49698000000000003 0.345178 0.49651500000000004 0.344702 0.495353 0.34327399999999997 0.480716 0.34121199999999996 0.480716 0.339626 0.495353 0.33915 0.49651500000000004 0.338198 0.49698000000000003 0.337881 0.49814100000000006
1 0.317735 0.5146379999999999 0.3171 0.515567 0.321542 0.515567 0.328997 0.5148699999999999 0.328997 0.514405 0.328204 0.513243 0.326777 0.512779 0.32614200000000004 0.511849 0.323921 0.494888 0.321859 0.494888 0.319797 0.511849 0.319162 0.512779 0.318052 0.513011 0.317735 0.5146379999999999
1 0.28426399999999996 0.542054 0.28378800000000004 0.542751 0.282043 0.5434479999999999 0.281885 0.543913 0.287595 0.54461 0.293623 0.54461 0.301396 0.5434479999999999 0.301079 0.542983 0.299016 0.542519 0.298699 0.54066 0.297113 0.540195 0.296637 0.53973 0.29330599999999996 0.515102 0.290451 0.515102 0.286802 0.539498 0.286485 0.540195 0.28458100000000003 0.54066 0.28426399999999996 0.542054
1 0.22335 0.598513 0.22287400000000002 0.598978 0.21859099999999998 0.599907 0.21875 0.602695 0.21732200000000002 0.603857 0.215736 0.604554 0.21494300000000002 0.605483 0.23842 0.6057159999999999 0.246827 0.601533 0.246034 0.6013010000000001 0.243813 0.601766 0.243496 0.6008359999999999 0.243338 0.598048 0.239848 0.597351 0.23905500000000002 0.596654 0.233027 0.557388 0.23207499999999998 0.556924 0.22953700000000002 0.556924 0.227792 0.557388 0.22335 0.598513
0 0.318687 0.480716 0.318687 0.481877 0.319321 0.48234199999999994 0.32376299999999997 0.481877 0.32376299999999997 0.480948 0.323287 0.479786 0.322494 0.470957 0.321701 0.46956300000000006 0.32059000000000004 0.469796 0.320114 0.470493 0.31948 0.480019 0.318687 0.480716
0 0.295209 0.47630100000000003 0.294416 0.475372 0.293623 0.466078 0.292037 0.466078 0.290768 0.47467499999999996 0.29013300000000003 0.475372 0.29013300000000003 0.47630100000000003 0.295209 0.47630100000000003
0 0.26269 0.47932199999999997 0.26760799999999996 0.479089 0.26760799999999996 0.47839200000000004 0.266973 0.477928 0.265863 0.46816899999999995 0.264277 0.46816899999999995 0.263484 0.476766 0.263166 0.47769500000000004 0.262532 0.477928 0.26269 0.47932199999999997
0 0.082329 0.477928 0.082011 0.477463 0.081377 0.477463 0.08106 0.476766 0.07963200000000001 0.467704 0.07772799999999999 0.467472 0.07757 0.47723000000000004 0.076459 0.47862499999999997 0.082329 0.47862499999999997 0.082329 0.477928
0 0.18163100000000001 0.47769500000000004 0.18163100000000001 0.47723000000000004 0.18067899999999998 0.476069 0.179569 0.466775 0.177824 0.466775 0.17718899999999999 0.476069 0.176237 0.47723000000000004 0.176237 0.47769500000000004 0.18163100000000001 0.47769500000000004
0 0.205266 0.475372 0.204632 0.474442 0.20368 0.465381 0.20193500000000003 0.465381 0.201459 0.47374499999999997 0.200508 0.47420999999999996 0.20034900000000003 0.475372 0.205266 0.475372
0 0.10215700000000001 0.474442 0.101047 0.465381 0.099302 0.465381 0.098826 0.47374499999999997 0.09724000000000001 0.475372 0.10295099999999999 0.475372 0.10215700000000001 0.474442
0 0.750793 0.638708 0.750476 0.643123 0.75 0.645214 0.749841 0.650093 0.7490479999999999 0.65474 0.7488900000000001 0.6582250000000001 0.748414 0.659619 0.748096 0.664033 0.747462 0.666589 0.7473029999999999 0.66961 0.746827 0.6714680000000001 0.746352 0.676115 0.745082 0.683783 0.744607 0.689126 0.743179 0.691217 0.740482 0.692612 0.738737 0.694006 0.738103 0.694935 0.73731 0.6954 0.734613 0.695864 0.734137 0.6972579999999999 0.734454 0.699117 0.735089 0.700511 0.737786 0.704461 0.73953 0.7065520000000001 0.741117 0.707481 0.750159 0.708875 0.753648 0.71027 0.759042 0.710502 0.759201 0.710967 0.758883 0.7114309999999999 0.7620560000000001 0.7114309999999999 0.761897 0.710967 0.762214 0.710502 0.7731600000000001 0.710502 0.7749050000000001 0.709805 0.776967 0.709805 0.77776 0.710502 0.779346 0.710502 0.779664 0.71027 0.7801400000000001 0.708875 0.779822 0.707481 0.776808 0.703764 0.775698 0.701905 0.774746 0.6972579999999999 0.773319 0.695632 0.769987 0.693773 0.769353 0.692844 0.769036 0.691682 0.7677660000000001 0.679368 0.7677660000000001 0.675651 0.7671319999999999 0.671701 0.766973 0.666125 0.7661800000000001 0.661245 0.765387 0.651022 0.764911 0.6491640000000001 0.764594 0.645214 0.764277 0.6442840000000001 0.763166 0.6345259999999999 0.76269 0.632203 0.7620560000000001 0.623374 0.761263 0.621515 0.7601519999999999 0.620818 0.754759 0.6205860000000001 0.753648 0.62105 0.7530140000000001 0.622212 0.752221 0.627091 0.751904 0.631273 0.750793 0.638708