1 0.171954 0.577835 0.170051 0.595493 0.170051 0.597351 0.169734 0.598281 0.169416 0.603392 0.16894 0.6057159999999999 0.16878200000000002 0.609433 0.168147 0.612918 0.167989 0.618959 0.166244 0.6329 0.165451 0.634061 0.16433999999999999 0.6342939999999999 0.161485 0.6361519999999999 0.161009 0.6361519999999999 0.15974 0.638243 0.159581 0.640567 0.158947 0.641729 0.153871 0.6438200000000001 0.15323599999999998 0.644981 0.15323599999999998 0.646375 0.15371200000000002 0.647072 0.155298 0.647537 0.158629 0.646608 0.162437 0.646608 0.167195 0.647305 0.17211300000000002 0.646143 0.177982 0.647305 0.18401 0.646608 0.18623099999999998 0.645214 0.188135 0.643355 0.192893 0.641496 0.195431 0.641264 0.197494 0.640567 0.200032 0.639173 0.200984 0.638243 0.200984 0.637314 0.20034900000000003 0.636385 0.198445 0.63592 0.196859 0.6342939999999999 0.19606600000000002 0.634061 0.194638 0.632435 0.192576 0.63197 0.189879 0.63197 0.18861 0.630576 0.186865 0.618959 0.185914 0.614312 0.185755 0.611989 0.18496200000000002 0.609201 0.18448599999999998 0.605483 0.183693 0.602463 0.183376 0.59921 0.182582 0.596422 0.182424 0.594331 0.182107 0.593634 0.182107 0.592472 0.181313 0.588755 0.181313 0.587593 0.180362 0.582017 0.179727 0.579926 0.17941000000000001 0.577602 0.178775 0.576208 0.177506 0.575511 0.174175 0.575743 0.172589 0.576441 0.171954 0.577835
1 0.287912 0.5148699999999999 0.28727800000000003 0.520446 0.286802 0.522537 0.286802 0.5239309999999999 0.286168 0.526022 0.28585 0.52974 0.285216 0.531366 0.282202 0.53276 0.28172600000000003 0.53369 0.281091 0.53369 0.280615 0.534619 0.279505 0.535316 0.279188 0.536013 0.279822 0.53671 0.28125 0.537175 0.28458100000000003 0.53671 0.28823 0.537639 0.293782 0.537175 0.294258 0.537407 0.297272 0.53671 0.301713 0.53671 0.302982 0.536245 0.303458 0.535316 0.303141 0.534851 0.301555 0.534154 0.300286 0.5320630000000001 0.29806499999999997 0.531366 0.297272 0.530204 0.296161 0.5236989999999999 0.296003 0.519981 0.295527 0.51789 0.295209 0.513941 0.294258 0.510455 0.292989 0.501626 0.292354 0.500929 0.28934000000000004 0.501162 0.288706 0.5032530000000001 0.288547 0.506738 0.287912 0.510223 0.287912 0.5148699999999999
1 0.33565999999999996 0.477928 0.33565999999999996 0.48234199999999994 0.33486699999999997 0.486059 0.334391 0.49140300000000003 0.334074 0.49210000000000004 0.33216999999999997 0.49279700000000004 0.331377 0.494424 0.331218 0.495353 0.345019 0.495353 0.345178 0.493262 0.344067 0.492333 0.342481 0.49210000000000004 0.341846 0.49070600000000003 0.34121199999999996 0.486757 0.34073600000000004 0.480716 0.339308 0.471887 0.338991 0.471422 0.33677 0.471422 0.336453 0.471887 0.335977 0.474442 0.335977 0.47630100000000003 0.33565999999999996 0.477928
0 0.360723 0.46840099999999996 0.360723 0.470493 0.359454 0.471654 0.358978 0.472816 0.358978 0.47351299999999996 0.36802 0.47328099999999995 0.368179 0.471887 0.367862 0.47119 0.367069 0.470957 0.366593 0.47026 0.36643400000000004 0.46724 0.365482 0.461431 0.365324 0.457017 0.364848 0.45446099999999995 0.36437200000000003 0.45376399999999995 0.36294400000000004 0.45376399999999995 0.362468 0.45422900000000005 0.361992 0.455855 0.361834 0.45933999999999997 0.360723 0.46840099999999996
0 0.612468 0.548327 0.610406 0.548559 0.610089 0.549257 0.610089 0.550418 0.613737 0.5532060000000001 0.624683 0.5532060000000001 0.6349940000000001 0.5527420000000001 0.6349940000000001 0.552277 0.6321380000000001 0.550418 0.6313449999999999 0.548327 0.630552 0.547165 0.629124 0.546933 0.628807 0.546236 0.624207 0.5048790000000001 0.619765 0.5048790000000001 0.615799 0.545307 0.615324 0.5464680000000001 0.613103 0.547165 0.612468 0.548327
0 0.541085 0.499768 0.540451 0.500697 0.540292 0.502323 0.5393399999999999 0.5032530000000001 0.551872 0.5032530000000001 0.553617 0.502091 0.554251 0.501162 0.553299 0.501162 0.552665 0.499535 0.55092 0.499071 0.550603 0.498374 0.546954 0.473048 0.544258 0.473048 0.54394 0.47328099999999995 0.542513 0.498838 0.542037 0.499535 0.541085 0.499768
0 0.518718 0.478857 0.51856 0.479786 0.518084 0.480483 0.5174489999999999 0.480716 0.5174489999999999 0.481413 0.529505 0.48118 0.529346 0.480483 0.5282359999999999 0.480483 0.527919 0.479089 0.527126 0.478857 0.52665 0.47769500000000004 0.5245879999999999 0.458643 0.522208 0.458643 0.521891 0.45980499999999996 0.520305 0.47769500000000004 0.519987 0.47862499999999997 0.518718 0.478857
0 0.495082 0.46421900000000005 0.504283 0.46398700000000004 0.504283 0.46352200000000005 0.503173 0.463058 0.502855 0.462128 0.501745 0.46189600000000003 0.5 0.44679399999999997 0.498096 0.44679399999999997 0.49650999999999995 0.462128 0.49571699999999996 0.46259300000000003 0.49555800000000005 0.46352200000000005 0.495082 0.46421900000000005
0 0.456694 0.45515800000000006 0.462563 0.45538999999999996 0.463515 0.45492600000000005 0.463674 0.45446099999999995 0.46319800000000005 0.45422900000000005 0.462881 0.45353199999999994 0.46208799999999994 0.453299 0.46177 0.45237 0.460501 0.44121699999999997 0.45907400000000004 0.44121699999999997 0.457805 0.45237 0.457487 0.453299 0.456853 0.45353199999999994 0.456694 0.45515800000000006
0 0.372303 0.460037 0.372145 0.46050199999999997 0.379759 0.46050199999999997 0.379759 0.45933999999999997 0.378966 0.458411 0.37801399999999996 0.44470299999999996 0.376269 0.44470299999999996 0.37452399999999997 0.457714 0.373096 0.45980499999999996 0.372303 0.460037
0 0.397049 0.45004600000000006 0.402443 0.45004600000000006 0.402443 0.44888500000000003 0.40196699999999996 0.44865199999999994 0.40164999999999995 0.447955 0.400381 0.438197 0.398794 0.438197 0.398001 0.447723 0.39768400000000004 0.44865199999999994 0.397049 0.44888500000000003 0.397049 0.45004600000000006
0 0.347557 0.45399599999999996 0.347557 0.452835 0.34708100000000003 0.452602 0.34676399999999996 0.451905 0.345336 0.44098499999999996 0.34375 0.44098499999999996 0.342798 0.452138 0.342005 0.452602 0.341529 0.45422900000000005 0.347557 0.45399599999999996
0 0.313452 0.447491 0.313452 0.44818800000000003 0.31852800000000003 0.44842000000000004 0.31852800000000003 0.447723 0.317893 0.447026 0.316942 0.437035 0.315355 0.437035 0.314562 0.44609699999999997 0.314245 0.447026 0.313769 0.447026 0.313452 0.447491
0 0.22573 0.44865199999999994 0.22573 0.447723 0.225095 0.447026 0.22414299999999998 0.438197 0.222398 0.438197 0.221288 0.447026 0.22017799999999998 0.44818800000000003 0.22017799999999998 0.44865199999999994 0.22573 0.44865199999999994
0 0.200032 0.451673 0.200032 0.450743 0.199556 0.450511 0.199239 0.44981400000000005 0.19781100000000001 0.44028799999999996 0.19606600000000002 0.44028799999999996 0.195114 0.45004600000000006 0.19448000000000001 0.450511 0.19448000000000001 0.451673 0.200032 0.451673
0 0.120082 0.450743 0.12087600000000001 0.450279 0.121034 0.44958200000000004 0.120082 0.44934900000000005 0.11976500000000001 0.44865199999999994 0.118655 0.44028799999999996 0.117069 0.44028799999999996 0.116117 0.44888500000000003 0.115165 0.45004600000000006 0.115165 0.450511 0.120082 0.450743
0 0.091053 0.45446099999999995 0.097874 0.45446099999999995 0.097874 0.45399599999999996 0.096605 0.452835 0.09612899999999999 0.451905 0.094543 0.442612 0.09248100000000001 0.442379 0.092164 0.452835 0.091529 0.453067 0.091053 0.45376399999999995 0.091053 0.45446099999999995
0 0.289023 0.451905 0.289023 0.450743 0.288706 0.450743 0.28823 0.44981400000000005 0.286961 0.43982299999999996 0.285374 0.43982299999999996 0.284423 0.45004600000000006 0.283312 0.450976 0.282995 0.451905 0.289023 0.451905