2 0.21303899999999998 0.6842469999999999 0.208122 0.689591 0.20288699999999998 0.69447 0.20288699999999998 0.695167 0.20510799999999998 0.6970259999999999 0.22001900000000002 0.6986519999999999 0.227316 0.698885 0.23033 0.699349 0.236834 0.699349 0.23905500000000002 0.698885 0.24191 0.697723 0.24857200000000002 0.693541 0.252062 0.689591 0.251904 0.688894 0.246034 0.686338 0.241593 0.683318 0.24111699999999997 0.682388 0.238896 0.6686799999999999 0.236992 0.651022 0.23461300000000002 0.637314 0.233027 0.619191 0.230171 0.597816 0.227792 0.597816 0.22398500000000002 0.598513 0.21335700000000002 0.683318 0.21303899999999998 0.6842469999999999
2 0.660374 0.698188 0.6572020000000001 0.698885 0.6572020000000001 0.699814 0.660057 0.708643 0.668623 0.710967 0.691307 0.712361 0.698287 0.712361 0.699714 0.710967 0.699714 0.709805 0.697811 0.704926 0.6955899999999999 0.700976 0.6925760000000001 0.699349 0.691783 0.69842 0.686707 0.644749 0.685121 0.625 0.6829 0.606645 0.676237 0.606645 0.676079 0.613151 0.664499 0.6954 0.664023 0.696329 0.660374 0.698188
3 0.6573599999999999 0.60711 0.6572020000000001 0.608504 0.656409 0.608736 0.656409 0.609433 0.657043 0.6101300000000001 0.660533 0.611757 0.6754439999999999 0.611757 0.6754439999999999 0.6103620000000001 0.674492 0.609201 0.673858 0.6073419999999999 0.671796 0.606645 0.6713199999999999 0.605483 0.6697339999999999 0.588522 0.668147 0.579926 0.667989 0.578299 0.666085 0.578299 0.665133 0.578764 0.6646569999999999 0.579461 0.660692 0.604322 0.65974 0.6057159999999999 0.6573599999999999 0.60711
3 0.550603 0.571329 0.5504439999999999 0.5724910000000001 0.550127 0.572955 0.548541 0.572955 0.548541 0.573885 0.562976 0.574117 0.562976 0.57342 0.561865 0.5722579999999999 0.561707 0.571329 0.560121 0.570632 0.559645 0.569703 0.558693 0.560409 0.5574239999999999 0.5513480000000001 0.555044 0.55158 0.5525059999999999 0.570167 0.552189 0.570864 0.551079 0.570864 0.550603 0.571329
3 0.40085699999999996 0.5529740000000001 0.402126 0.553439 0.410057 0.553439 0.41021599999999997 0.552277 0.409898 0.551812 0.408629 0.5513480000000001 0.408312 0.550418 0.40688500000000005 0.536245 0.404664 0.536245 0.40291899999999997 0.549489 0.402443 0.550418 0.40085699999999996 0.5513480000000001 0.40085699999999996 0.5529740000000001
3 0.25698 0.540195 0.256821 0.542286 0.26507000000000003 0.542286 0.265228 0.540428 0.263959 0.539963 0.26364200000000004 0.539033 0.263325 0.533922 0.262532 0.527184 0.26205599999999996 0.526719 0.26062799999999997 0.526719 0.260152 0.527649 0.25856599999999996 0.539498 0.258249 0.540195 0.25698 0.540195
3 0.026015 0.539266 0.036168 0.539266 0.036168 0.5385690000000001 0.035692 0.537407 0.03474 0.537175 0.034105 0.536478 0.032201999999999995 0.5236989999999999 0.030457 0.5236989999999999 0.027919 0.536942 0.027601999999999998 0.537407 0.026173999999999996 0.537407 0.026015 0.539266
1 0.171954 0.548559 0.171954 0.549024 0.182265 0.549257 0.18321700000000002 0.548792 0.183376 0.5478620000000001 0.1829 0.5478620000000001 0.182582 0.547398 0.182424 0.546236 0.181155 0.546236 0.180838 0.545539 0.180203 0.541822 0.179727 0.536013 0.178775 0.530901 0.176396 0.530669 0.174492 0.546236 0.173858 0.547165 0.172747 0.547398 0.171954 0.548559
1 0.307107 0.558318 0.306155 0.558783 0.306155 0.559944 0.316466 0.560177 0.318052 0.55948 0.318052 0.55855 0.317735 0.5578529999999999 0.31599 0.556459 0.314721 0.546004 0.313452 0.539266 0.311072 0.539498 0.308852 0.555994 0.308376 0.556924 0.306948 0.557388 0.307107 0.558318
1 0.401015 0.578299 0.40053900000000003 0.579926 0.399112 0.5801580000000001 0.399112 0.581087 0.40371199999999996 0.5813200000000001 0.40482199999999996 0.5817840000000001 0.41323 0.5817840000000001 0.414975 0.580855 0.415133 0.579693 0.41386399999999995 0.579693 0.41386399999999995 0.5785319999999999 0.413547 0.578067 0.41180199999999995 0.577835 0.411485 0.5771379999999999 0.410374 0.565288 0.409105 0.555065 0.40625 0.555065 0.405933 0.55553 0.40355299999999994 0.571097 0.40291899999999997 0.5773699999999999 0.401015 0.578299
1 0.373572 0.617565 0.373572 0.619656 0.372938 0.6203529999999999 0.37151 0.62105 0.371352 0.621515 0.373255 0.62198 0.380235 0.622212 0.38309000000000004 0.622909 0.389753 0.622909 0.390228 0.622444 0.39498700000000003 0.6205860000000001 0.395146 0.619888 0.394829 0.619424 0.39356 0.618959 0.392925 0.618262 0.392766 0.616868 0.39007000000000003 0.616171 0.38943500000000003 0.6152420000000001 0.387849 0.604554 0.385311 0.583411 0.381345 0.583643 0.376904 0.6157060000000001 0.376586 0.616403 0.375635 0.616403 0.373572 0.617565