1 0.02316 0.8125 0.024112 0.8122680000000001 0.025222 0.8129649999999999 0.026490999999999997 0.8131970000000001 0.028711999999999998 0.814823 0.029346 0.8143589999999999 0.030774000000000003 0.8143589999999999 0.033471 0.8129649999999999 0.036961 0.8129649999999999 0.037753999999999996 0.813429 0.041084999999999997 0.813894 0.044099 0.8129649999999999 0.046003 0.8118029999999999 0.050127 0.8118029999999999 0.052665 0.810177 0.056789 0.803903 0.057107 0.803903 0.058217 0.801812 0.059486000000000004 0.800651 0.061231 0.798095 0.065197 0.793913 0.066307 0.792286 0.066942 0.792054 0.068211 0.79066 0.069321 0.7885690000000001 0.072494 0.784154 0.072494 0.781599 0.071701 0.780669 0.069797 0.7804369999999999 0.069162 0.779972 0.0671 0.779972 0.066307 0.7804369999999999 0.06376899999999999 0.780204 0.06265899999999999 0.7792749999999999 0.061548000000000005 0.7790429999999999 0.060755 0.778346 0.058376 0.777881 0.056948 0.776719 0.055679 0.776255 0.054569 0.776719 0.05425100000000001 0.776487 0.052981999999999994 0.777416 0.052189 0.777416 0.051712999999999995 0.776952 0.05092 0.774861 0.050444 0.7690520000000001 0.049968 0.7676580000000001 0.049492 0.7646379999999999 0.049016 0.763476 0.048223 0.758364 0.047271999999999995 0.7546470000000001 0.047271999999999995 0.753485 0.046796 0.752323 0.04632 0.748374 0.045684999999999996 0.746283 0.045684999999999996 0.7451209999999999 0.044258 0.7400089999999999 0.043147000000000005 0.7339680000000001 0.043147000000000005 0.732574 0.042354 0.729554 0.042354 0.728392 0.041878 0.727463 0.041402 0.724442 0.040926000000000004 0.723048 0.040609 0.720028 0.040292 0.7195630000000001 0.039816000000000004 0.7165429999999999 0.039499 0.71631 0.039023 0.71329 0.038547 0.712593 0.037278 0.703299 0.036168 0.699349 0.035692 0.696329 0.035216 0.6954 0.035057 0.6921470000000001 0.034422999999999995 0.6893589999999999 0.032678 0.687732 0.031726 0.6875 0.028394999999999997 0.687732 0.027126 0.688197 0.026967 0.6879649999999999 0.026332 0.688429 0.024112 0.688894 0.022208 0.690056 0.022208 0.8125 0.022843 0.8129649999999999 0.02316 0.8125
1 0.6238900000000001 0.58434 0.6238900000000001 0.590613 0.640546 0.59131 0.650539 0.59131 0.650539 0.587128 0.649746 0.583411 0.648636 0.582249 0.645939 0.5813200000000001 0.645305 0.58039 0.639911 0.53671 0.638642 0.536245 0.6349940000000001 0.536245 0.6289659999999999 0.580623 0.628331 0.5815520000000001 0.624365 0.582481 0.6238900000000001 0.58434
1 0.625635 0.521608 0.625635 0.5236989999999999 0.630552 0.5243960000000001 0.641973 0.5241640000000001 0.6421319999999999 0.519749 0.639911 0.5190520000000001 0.639594 0.518587 0.635311 0.491868 0.6321380000000001 0.491868 0.628648 0.5188200000000001 0.628331 0.519517 0.6259520000000001 0.519749 0.625635 0.521608
1 0.597398 0.48884800000000006 0.596605 0.48907999999999996 0.596288 0.489545 0.6004120000000001 0.490939 0.60533 0.490939 0.608978 0.490474 0.608978 0.48861499999999997 0.607392 0.48838299999999996 0.607075 0.487221 0.605489 0.46816899999999995 0.603268 0.46816899999999995 0.6000949999999999 0.486292 0.599461 0.487221 0.598033 0.48745399999999994 0.597398 0.48884800000000006
3 0.745241 0.495586 0.744131 0.495818 0.7438130000000001 0.49628300000000003 0.747621 0.49674699999999994 0.7599940000000001 0.49651500000000004 0.759835 0.49605 0.758249 0.495586 0.7580899999999999 0.493959 0.7560279999999999 0.493494 0.753331 0.472584 0.7509520000000001 0.472584 0.747779 0.49279700000000004 0.747462 0.493494 0.745558 0.493959 0.745241 0.495586
1 0.800444 0.471422 0.800127 0.472351 0.809169 0.472351 0.8096450000000001 0.471887 0.809486 0.47026 0.808376 0.47026 0.8080579999999999 0.46933100000000005 0.806472 0.45469299999999996 0.8044100000000001 0.45446099999999995 0.802189 0.46909900000000004 0.8015549999999999 0.470028 0.800444 0.47026 0.800444 0.471422
3 0.927824 0.47932199999999997 0.927348 0.480019 0.9263960000000001 0.480483 0.94099 0.480483 0.940514 0.480019 0.939879 0.480019 0.9395619999999999 0.478857 0.9384520000000001 0.47862499999999997 0.9378170000000001 0.47769500000000004 0.935121 0.460037 0.932741 0.460037 0.9295690000000001 0.47723000000000004 0.929093 0.477928 0.9279820000000001 0.47839200000000004 0.927824 0.47932199999999997
1 0.9395619999999999 0.465613 0.9384520000000001 0.466078 0.949873 0.466078 0.949239 0.46421900000000005 0.947811 0.46398700000000004 0.9474940000000001 0.46329000000000004 0.945749 0.45004600000000006 0.943528 0.45004600000000006 0.9413069999999999 0.46329000000000004 0.94099 0.46398700000000004 0.9397209999999999 0.464452 0.9395619999999999 0.465613
1 0.924016 0.44958200000000004 0.930996 0.44958200000000004 0.930996 0.44865199999999994 0.930044 0.447723 0.929727 0.44679399999999997 0.928617 0.438429 0.927348 0.438429 0.925761 0.447491 0.925286 0.44818800000000003 0.924175 0.44888500000000003 0.924016 0.44958200000000004
1 0.729695 0.443309 0.729695 0.442612 0.729061 0.442379 0.7287440000000001 0.44145 0.728109 0.43448000000000003 0.726999 0.43448000000000003 0.72573 0.44121699999999997 0.7249369999999999 0.442147 0.7249369999999999 0.443309 0.729695 0.443309
1 0.709074 0.43982299999999996 0.713357 0.43982299999999996 0.713198 0.438894 0.7127220000000001 0.438429 0.7120879999999999 0.431924 0.710977 0.431924 0.710184 0.437732 0.709708 0.438662 0.709391 0.438662 0.709074 0.43982299999999996
1 0.7620560000000001 0.436106 0.7620560000000001 0.4375 0.763325 0.4375 0.764435 0.432388 0.764277 0.429833 0.763325 0.429833 0.762849 0.43471200000000004 0.76269 0.43540900000000005 0.7620560000000001 0.436106
3 0.7974300000000001 0.4375 0.7974300000000001 0.436803 0.796796 0.436803 0.796478 0.436338 0.795685 0.430762 0.794892 0.430762 0.794099 0.43564100000000006 0.7933060000000001 0.436803 0.7933060000000001 0.437268 0.7974300000000001 0.4375
1 0.8267770000000001 0.447258 0.826459 0.445864 0.825825 0.445864 0.8255079999999999 0.445167 0.824714 0.436803 0.8234450000000001 0.436803 0.8220179999999999 0.44539999999999996 0.8212249999999999 0.445864 0.8204309999999999 0.447258 0.8267770000000001 0.447258
1 0.8367699999999999 0.43564100000000006 0.840736 0.43540900000000005 0.840736 0.43448000000000003 0.8399430000000001 0.43378300000000003 0.839467 0.42890300000000003 0.838357 0.42890300000000003 0.837722 0.43355 0.837246 0.43448000000000003 0.8367699999999999 0.43471200000000004 0.8367699999999999 0.43564100000000006
3 0.8608819999999999 0.43564100000000006 0.860406 0.43540900000000005 0.85993 0.43448000000000003 0.8591369999999999 0.429368 0.8578680000000001 0.429368 0.8573919999999999 0.43471200000000004 0.8565989999999999 0.436803 0.8608819999999999 0.436571 0.8608819999999999 0.43564100000000006
3 0.862786 0.445167 0.869289 0.44493499999999997 0.868972 0.444006 0.8680199999999999 0.443541 0.8669100000000001 0.43540900000000005 0.8656409999999999 0.43540900000000005 0.864372 0.442612 0.8637370000000001 0.44377300000000003 0.862786 0.44470299999999996 0.862786 0.445167
0 0.907836 0.436338 0.911802 0.436571 0.911802 0.435874 0.911168 0.43494400000000005 0.9108499999999999 0.427974 0.90974 0.427974 0.9091049999999999 0.43006500000000003 0.9084709999999999 0.43494400000000005 0.907836 0.43540900000000005 0.907836 0.436338
0 0.915133 0.43378300000000003 0.914657 0.43401500000000004 0.9148160000000001 0.43471200000000004 0.918464 0.43471200000000004 0.918464 0.43378300000000003 0.9181469999999999 0.43355 0.917989 0.42657999999999996 0.916878 0.42657999999999996 0.916561 0.427045 0.9156090000000001 0.432853 0.915133 0.43378300000000003
3 0.7674489999999999 0.43959099999999995 0.7674489999999999 0.439126 0.766656 0.438429 0.765546 0.432156 0.764594 0.432156 0.7634839999999999 0.437965 0.762849 0.438662 0.762849 0.43959099999999995 0.7674489999999999 0.43959099999999995
3 0.790768 0.442379 0.790609 0.44121699999999997 0.7896569999999999 0.44075300000000006 0.788706 0.43355 0.7874369999999999 0.43355 0.786802 0.44028799999999996 0.785692 0.441682 0.785692 0.442379 0.790768 0.442379