0 0.081377 0.751394 0.078204 0.756041 0.07265200000000001 0.763243 0.070907 0.7660319999999999 0.077411 0.7660319999999999 0.11675100000000001 0.763941 0.129124 0.762082 0.14942899999999998 0.737686 0.14942899999999998 0.737221 0.13753200000000002 0.735595 0.127855 0.7309479999999999 0.127379 0.730251 0.111199 0.641264 0.097557 0.641264 0.092322 0.741403 0.091688 0.742333 0.081377 0.751394
0 0.372303 0.522305 0.369448 0.5241640000000001 0.369289 0.524628 0.382614 0.526255 0.38626299999999997 0.526255 0.392925 0.52184 0.393242 0.521143 0.390546 0.5192840000000001 0.388325 0.518355 0.387849 0.517426 0.382297 0.48327099999999995 0.377379 0.48303900000000005 0.375 0.5176580000000001 0.372938 0.519981 0.372779 0.521375 0.372303 0.522305
1 0.748731 0.569238 0.767608 0.569935 0.778871 0.569935 0.7785529999999999 0.560409 0.772049 0.556924 0.771574 0.555762 0.766656 0.5099910000000001 0.76047 0.5095259999999999 0.7546 0.55553 0.7539659999999999 0.556459 0.748414 0.5580860000000001 0.748731 0.569238
1 0.655933 0.48931199999999997 0.655933 0.489777 0.65974 0.491636 0.661802 0.491636 0.664181 0.490939 0.674651 0.489777 0.674651 0.48931199999999997 0.6733819999999999 0.48791799999999996 0.6724300000000001 0.485827 0.6703680000000001 0.485595 0.6700510000000001 0.484898 0.666085 0.45817800000000003 0.662754 0.45817800000000003 0.659581 0.484433 0.6589470000000001 0.485595 0.657678 0.486524 0.655933 0.48931199999999997
1 0.6223029999999999 0.455855 0.62151 0.456552 0.621352 0.457481 0.6219859999999999 0.458411 0.632297 0.45817800000000003 0.632614 0.45632 0.6321380000000001 0.455855 0.630393 0.455623 0.6300760000000001 0.45469299999999996 0.6296 0.451208 0.6296 0.44934900000000005 0.629124 0.44818800000000003 0.628648 0.445632 0.6280140000000001 0.436803 0.625793 0.436338 0.625159 0.44051999999999997 0.623731 0.45469299999999996 0.623414 0.455623 0.6223029999999999 0.455855
1 0.666878 0.437268 0.66672 0.438662 0.667671 0.439126 0.672272 0.439126 0.673223 0.438662 0.675761 0.438429 0.67592 0.437035 0.675127 0.436106 0.674334 0.436106 0.6740160000000001 0.43540900000000005 0.673541 0.43006500000000003 0.673223 0.42960000000000004 0.672113 0.421933 0.6700510000000001 0.422165 0.669099 0.43052999999999997 0.668782 0.436338 0.668464 0.437035 0.666878 0.437268
1 0.6914659999999999 0.419377 0.6905140000000001 0.41961000000000004 0.690355 0.42030700000000004 0.6905140000000001 0.42077099999999995 0.691942 0.42100400000000004 0.696383 0.42100400000000004 0.696225 0.42030700000000004 0.695114 0.419145 0.694797 0.412639 0.694321 0.409387 0.694004 0.408922 0.692418 0.409387 0.692259 0.41240699999999997 0.691942 0.41310399999999997 0.691783 0.418913 0.6914659999999999 0.419377
1 0.710501 0.40543699999999994 0.715102 0.40543699999999994 0.715102 0.40474 0.7147840000000001 0.40474 0.71415 0.403346 0.7136739999999999 0.39916399999999996 0.713357 0.39823400000000003 0.712246 0.398002 0.711294 0.404043 0.710977 0.40474 0.710501 0.40474 0.710501 0.40543699999999994
3 0.730013 0.402881 0.730013 0.402416 0.729378 0.402416 0.729061 0.401952 0.728109 0.396143 0.727475 0.39637500000000003 0.726523 0.401952 0.7250949999999999 0.402881 0.730013 0.402881
1 0.723668 0.42681199999999997 0.729854 0.42657999999999996 0.730647 0.42588299999999996 0.7308060000000001 0.42518599999999995 0.729061 0.422398 0.727951 0.412872 0.726047 0.412872 0.724302 0.424489 0.72335 0.42541799999999996 0.72335 0.42611499999999997 0.723668 0.42681199999999997
1 0.786485 0.402416 0.791561 0.402184 0.791561 0.40171900000000005 0.790292 0.399628 0.790292 0.398699 0.789816 0.39777 0.789499 0.394749 0.78823 0.394517 0.7874369999999999 0.398699 0.7874369999999999 0.40125500000000003 0.786802 0.40171900000000005 0.786485 0.402416
3 0.813928 0.399861 0.814086 0.399396 0.8131349999999999 0.398467 0.812341 0.393355 0.8118650000000001 0.392658 0.811231 0.39289 0.8104380000000001 0.398699 0.8096450000000001 0.399396 0.8096450000000001 0.399861 0.813928 0.399861
1 0.854061 0.40125500000000003 0.859296 0.40102200000000005 0.8596130000000001 0.400558 0.859454 0.40009300000000003 0.858661 0.399861 0.858344 0.39893100000000004 0.8573919999999999 0.391961 0.855964 0.391961 0.8548539999999999 0.399628 0.854061 0.40009300000000003 0.8537440000000001 0.40079000000000004 0.854061 0.40125500000000003
1 0.885628 0.401952 0.885628 0.402649 0.891497 0.402184 0.8921319999999999 0.40148700000000004 0.8903869999999999 0.40102200000000005 0.889753 0.394517 0.8892770000000001 0.392426 0.8878489999999999 0.392426 0.887214 0.39498099999999997 0.8868969999999999 0.40009300000000003 0.88658 0.40125500000000003 0.885628 0.401952
2 0.8935600000000001 0.40566899999999995 0.902126 0.40566899999999995 0.9024430000000001 0.404972 0.902126 0.404972 0.901967 0.404275 0.901332 0.404275 0.9011739999999999 0.402881 0.900857 0.402649 0.9010149999999999 0.402184 0.8992699999999999 0.391496 0.898953 0.388011 0.897367 0.388011 0.895463 0.403113 0.8949870000000001 0.40474 0.8943530000000001 0.40474 0.8935600000000001 0.40566899999999995
3 0.900698 0.397072 0.90514 0.397072 0.9056150000000001 0.39637500000000003 0.905457 0.395911 0.904664 0.39567800000000003 0.903712 0.388941 0.9026020000000001 0.388708 0.9022840000000001 0.38963800000000004 0.9018079999999999 0.39498099999999997 0.901491 0.396143 0.900698 0.397072
3 0.9708119999999999 0.395911 0.9709709999999999 0.39567800000000003 0.970336 0.39567800000000003 0.970178 0.395214 0.9692259999999999 0.394749 0.968591 0.389173 0.968591 0.386849 0.966846 0.386849 0.965736 0.393355 0.9647840000000001 0.39498099999999997 0.964626 0.395911 0.9708119999999999 0.395911
1 0.6388010000000001 0.408922 0.6384839999999999 0.40776 0.638325 0.40566899999999995 0.638008 0.404972 0.638008 0.403113 0.636897 0.402881 0.635945 0.409387 0.635311 0.409851 0.639594 0.409851 0.6388010000000001 0.408922
3 0.627379 0.409154 0.627538 0.40869 0.626904 0.40869 0.626269 0.407528 0.625793 0.402649 0.624841 0.402416 0.6240479999999999 0.408457 0.623255 0.40869 0.623255 0.409154 0.627379 0.409154
3 0.620876 0.42611499999999997 0.620876 0.427277 0.622462 0.427277 0.626586 0.42634800000000006 0.626428 0.42541799999999996 0.625635 0.42518599999999995 0.625317 0.424721 0.624683 0.414963 0.622938 0.414963 0.6219859999999999 0.424721 0.62151 0.42588299999999996 0.620876 0.42611499999999997
1 0.593591 0.421701 0.593433 0.42077099999999995 0.5927979999999999 0.42053900000000005 0.592481 0.41984199999999994 0.592164 0.417054 0.592164 0.414033 0.591688 0.41147799999999995 0.5897840000000001 0.41147799999999995 0.58915 0.419377 0.588515 0.42123600000000005 0.588515 0.421933 0.593591 0.421701
1 0.572335 0.414963 0.573287 0.41566000000000003 0.576935 0.41519500000000004 0.577094 0.41473000000000004 0.576142 0.414266 0.575666 0.413569 0.574714 0.407528 0.573763 0.407528 0.573445 0.410084 0.573128 0.41078099999999995 0.57297 0.41380100000000003 0.572335 0.414963
3 0.573604 0.43564100000000006 0.573604 0.436571 0.5799489999999999 0.436803 0.581536 0.436106 0.581377 0.43448000000000003 0.5802660000000001 0.43401500000000004 0.579791 0.433086 0.578046 0.42263 0.5766180000000001 0.422398 0.575666 0.433086 0.57519 0.43424699999999994 0.573921 0.43494400000000005 0.573604 0.43564100000000006
1 0.5544100000000001 0.41984199999999994 0.554727 0.419377 0.553617 0.418216 0.553141 0.412639 0.552665 0.41147799999999995 0.551713 0.41124499999999997 0.551079 0.41380100000000003 0.55092 0.417751 0.550286 0.41984199999999994 0.5544100000000001 0.41984199999999994
3 0.539975 0.416589 0.540133 0.41612499999999997 0.539499 0.41519500000000004 0.539023 0.412872 0.538706 0.409851 0.5374369999999999 0.409851 0.536961 0.41566000000000003 0.536485 0.41589200000000004 0.5363260000000001 0.416589 0.539975 0.416589
3 0.517608 0.45004600000000006 0.516973 0.450743 0.517925 0.451208 0.52665 0.450976 0.526332 0.44888500000000003 0.5250630000000001 0.44842000000000004 0.5245879999999999 0.447491 0.522367 0.43378300000000003 0.520939 0.43378300000000003 0.5191939999999999 0.447723 0.518718 0.44865199999999994 0.517925 0.44888500000000003 0.517608 0.45004600000000006
3 0.509359 0.427742 0.514277 0.427742 0.514277 0.427045 0.513325 0.42588299999999996 0.513325 0.42518599999999995 0.513959 0.424489 0.512532 0.417983 0.510787 0.417751 0.5099940000000001 0.424489 0.5101519999999999 0.42634800000000006 0.509359 0.427045 0.509359 0.427742
3 0.49952399999999997 0.423095 0.499207 0.422398 0.498096 0.421701 0.497621 0.416357 0.497145 0.41449800000000003 0.496193 0.414266 0.49539999999999995 0.421701 0.49444800000000005 0.42263 0.49444800000000005 0.423095 0.49952399999999997 0.423095
3 0.432265 0.47490699999999997 0.431313 0.475139 0.431313 0.47560399999999997 0.43892800000000004 0.475836 0.44511399999999995 0.47490699999999997 0.44384499999999993 0.47351299999999996 0.44384499999999993 0.472584 0.442576 0.472119 0.441624 0.470957 0.438452 0.452835 0.436548 0.452602 0.43480299999999994 0.472584 0.434327 0.473048 0.43305800000000005 0.47328099999999995 0.432265 0.47490699999999997