1 0.694797 0.7195630000000001 0.692893 0.723978 0.687341 0.724442 0.686865 0.7256039999999999 0.686865 0.726998 0.688928 0.7307159999999999 0.690355 0.73211 0.702253 0.7467469999999999 0.704315 0.747677 0.713198 0.747677 0.735406 0.7453529999999999 0.741751 0.7451209999999999 0.750635 0.743494 0.750635 0.7407060000000001 0.7449239999999999 0.732807 0.744448 0.7260690000000001 0.741434 0.722816 0.7358819999999999 0.7195630000000001 0.735406 0.718634 0.729854 0.678439 0.729061 0.674024 0.724461 0.639173 0.720654 0.638011 0.713991 0.638243 0.703046 0.715149 0.702411 0.716078 0.698287 0.71724 0.694797 0.7195630000000001
1 0.22795100000000001 0.5625 0.22763300000000003 0.5643589999999999 0.22414299999999998 0.56552 0.22414299999999998 0.5669139999999999 0.226206 0.567844 0.23461300000000002 0.56947 0.24079899999999999 0.56947 0.24825499999999998 0.5669139999999999 0.255711 0.5657530000000001 0.256345 0.564823 0.256187 0.563894 0.252221 0.5629649999999999 0.251904 0.5606410000000001 0.250793 0.559712 0.248096 0.558783 0.247621 0.5580860000000001 0.243338 0.535781 0.24079899999999999 0.520678 0.23556499999999997 0.520678 0.23159900000000003 0.560177 0.231282 0.560874 0.22858499999999998 0.561338 0.22795100000000001 0.5625
0 0.032201999999999995 0.44145 0.037595 0.44145 0.036168 0.43959099999999995 0.034898 0.432621 0.033629 0.432388 0.033154 0.43935899999999994 0.032836 0.44051999999999997 0.032201999999999995 0.44051999999999997 0.032201999999999995 0.44145
3 0.065038 0.453299 0.07265200000000001 0.453067 0.07265200000000001 0.452602 0.07217599999999999 0.451905 0.071383 0.451905 0.07106599999999999 0.451441 0.069321 0.442147 0.06789300000000001 0.441914 0.06678300000000001 0.451441 0.066466 0.452138 0.06567300000000001 0.452138 0.065038 0.453299
1 0.11104099999999999 0.447723 0.11342 0.447258 0.11326099999999999 0.44609699999999997 0.112151 0.44470299999999996 0.11151599999999999 0.441682 0.111199 0.438197 0.11072299999999999 0.437268 0.10977200000000001 0.437268 0.10866100000000001 0.445864 0.10770900000000001 0.44679399999999997 0.10770900000000001 0.447723 0.11104099999999999 0.447723
1 0.12309600000000001 0.44005599999999995 0.12849 0.43982299999999996 0.12849 0.43935899999999994 0.126904 0.437268 0.12611 0.432388 0.125476 0.431459 0.125 0.431459 0.12436499999999999 0.433318 0.12388999999999999 0.438662 0.12309600000000001 0.43935899999999994 0.12309600000000001 0.44005599999999995
1 0.149112 0.450279 0.156409 0.45004600000000006 0.156409 0.44934900000000005 0.154664 0.447955 0.154029 0.446561 0.152284 0.438894 0.150857 0.438894 0.150857 0.44145 0.15022200000000002 0.44842000000000004 0.149112 0.44934900000000005 0.149112 0.450279
1 0.087088 0.438894 0.089308 0.439126 0.089784 0.43517700000000004 0.089784 0.433318 0.089308 0.431924 0.088515 0.431924 0.088039 0.432388 0.087722 0.438197 0.087088 0.438894
0 0.028711999999999998 0.445167 0.028711999999999998 0.444238 0.028236 0.444006 0.027919 0.443309 0.026808 0.43471200000000004 0.025063000000000002 0.43471200000000004 0.024429 0.443309 0.023635999999999997 0.444238 0.023635999999999997 0.445167 0.028711999999999998 0.445167
1 0.088039 0.444238 0.093433 0.444238 0.093433 0.44377300000000003 0.09264 0.443076 0.092164 0.442147 0.091053 0.43471200000000004 0.089943 0.43471200000000004 0.08915 0.442147 0.088674 0.443076 0.088039 0.443309 0.088039 0.444238
0 0.024588 0.43935899999999994 0.024746 0.43564100000000006 0.025063000000000002 0.43424699999999994 0.024112 0.430994 0.022684000000000003 0.430994 0.022525 0.437965 0.022208 0.438429 0.022208 0.43935899999999994 0.024588 0.43935899999999994