1 0.220336 0.704693 0.22001900000000002 0.7051580000000001 0.21462599999999998 0.707714 0.213674 0.710967 0.213198 0.7116640000000001 0.20907399999999998 0.713987 0.209232 0.714684 0.21906699999999998 0.7256039999999999 0.221129 0.7256039999999999 0.24984099999999998 0.719331 0.258249 0.715846 0.257931 0.714684 0.254759 0.709805 0.254442 0.707946 0.253966 0.7067840000000001 0.251904 0.703764 0.248096 0.701905 0.24777900000000003 0.701441 0.246986 0.701208 0.24651 0.700511 0.241434 0.6728620000000001 0.24111699999999997 0.672165 0.24032399999999998 0.667054 0.239372 0.662872 0.235882 0.639405 0.22795100000000001 0.6396379999999999 0.226206 0.665892 0.224302 0.68053 0.220336 0.704693
1 0.5724940000000001 0.590149 0.569956 0.591078 0.5696380000000001 0.5915429999999999 0.570431 0.59224 0.571859 0.592704 0.577887 0.593401 0.582487 0.5945630000000001 0.585819 0.5945630000000001 0.5977159999999999 0.5917749999999999 0.5964470000000001 0.590846 0.5947020000000001 0.590381 0.594385 0.589916 0.594226 0.587361 0.5910529999999999 0.5861989999999999 0.5907359999999999 0.585734 0.5853430000000001 0.550186 0.58106 0.550186 0.576777 0.585502 0.576142 0.5864309999999999 0.573445 0.587128 0.5724940000000001 0.590149
1 0.909581 0.5532060000000001 0.909581 0.555065 0.911643 0.557388 0.930362 0.557156 0.9295690000000001 0.555994 0.929727 0.553903 0.926872 0.552277 0.9263960000000001 0.5513480000000001 0.9222720000000001 0.523234 0.918306 0.523234 0.913388 0.549721 0.912437 0.552045 0.9098979999999999 0.551812 0.909581 0.5532060000000001
3 0.811707 0.717472 0.807741 0.717704 0.8056789999999999 0.719796 0.804886 0.72119 0.80203 0.728625 0.799651 0.7323419999999999 0.799334 0.733504 0.8415290000000001 0.744191 0.8431150000000001 0.744191 0.855171 0.7311799999999999 0.85533 0.730483 0.8518399999999999 0.729089 0.851206 0.7256039999999999 0.84264 0.7207250000000001 0.842164 0.720028 0.838198 0.69842 0.8326460000000001 0.649628 0.827094 0.64777 0.8255079999999999 0.64777 0.822811 0.649628 0.8164659999999999 0.6974910000000001 0.8125 0.7167749999999999 0.811707 0.717472
0 0.962246 0.467472 0.966212 0.467472 0.965577 0.465149 0.9651020000000001 0.45910799999999996 0.9636739999999999 0.45910799999999996 0.963198 0.462128 0.963039 0.464684 0.962246 0.466078 0.962246 0.467472
0 0.826301 0.464916 0.825984 0.46352200000000005 0.825984 0.460734 0.8253489999999999 0.457946 0.824714 0.457946 0.82408 0.459572 0.823921 0.462361 0.8234450000000001 0.464916 0.826301 0.464916
0 0.818369 0.466543 0.8218590000000001 0.466543 0.8218590000000001 0.465613 0.821383 0.465149 0.8205899999999999 0.458643 0.819638 0.458643 0.819004 0.461431 0.8188449999999999 0.46421900000000005 0.818369 0.465613 0.818369 0.466543
0 0.766815 0.466775 0.766815 0.467472 0.770939 0.467472 0.77078 0.466543 0.769987 0.464916 0.769987 0.462128 0.76967 0.46050199999999997 0.7691939999999999 0.45980499999999996 0.768877 0.45980499999999996 0.768401 0.460734 0.7677660000000001 0.465381 0.766815 0.466775
0 0.759676 0.465149 0.759676 0.464684 0.759201 0.46398700000000004 0.7584069999999999 0.45817800000000003 0.7580899999999999 0.45817800000000003 0.757456 0.46329000000000004 0.7566620000000001 0.465381 0.759676 0.465149
0 0.7136739999999999 0.466775 0.716846 0.466775 0.717005 0.46631 0.716371 0.465613 0.7160529999999999 0.459572 0.715102 0.459572 0.714467 0.46119899999999997 0.71415 0.465846 0.7136739999999999 0.466078 0.7136739999999999 0.466775
0 0.889753 0.461431 0.888801 0.45817800000000003 0.888484 0.457946 0.8878489999999999 0.460734 0.887214 0.46631 0.8902279999999999 0.46631 0.889753 0.461431
0 0.903077 0.464452 0.9024430000000001 0.463058 0.9024430000000001 0.459572 0.9016500000000001 0.457714 0.9010149999999999 0.45887500000000003 0.8999050000000001 0.465149 0.903077 0.465149 0.903077 0.464452