1 0.086136 0.8487450000000001 0.074714 0.8561799999999999 0.072018 0.8671 0.066466 0.881041 0.066466 0.882203 0.068845 0.884294 0.071542 0.884294 0.128331 0.8754649999999999 0.137056 0.872444 0.138008 0.869656 0.139277 0.8647769999999999 0.14038699999999998 0.8617570000000001 0.144353 0.848048 0.144829 0.847119 0.145622 0.844331 0.145622 0.8434010000000001 0.14007 0.842937 0.136263 0.839916 0.127855 0.838058 0.12753799999999998 0.8373609999999999 0.11405499999999999 0.7455860000000001 0.10977200000000001 0.743959 0.107868 0.743959 0.100254 0.747212 0.086136 0.8487450000000001
1 0.167989 0.631506 0.164023 0.633132 0.162912 0.638708 0.16307100000000002 0.640335 0.170527 0.640567 0.188135 0.639405 0.189879 0.638476 0.191307 0.6349910000000001 0.19099 0.631506 0.19051400000000002 0.630576 0.189721 0.6298790000000001 0.18639 0.6294139999999999 0.186072 0.628717 0.185279 0.621283 0.183693 0.6150089999999999 0.17893399999999998 0.589452 0.178299 0.58829 0.17496799999999998 0.58829 0.17338199999999998 0.589219 0.168464 0.630576 0.167989 0.631506
1 0.144511 0.5704 0.143401 0.570864 0.142766 0.571561 0.142766 0.5722579999999999 0.144829 0.57342 0.148319 0.574349 0.154505 0.574349 0.165133 0.572955 0.16481600000000002 0.5720259999999999 0.162595 0.571329 0.162437 0.56947 0.159898 0.569238 0.159105 0.568773 0.15878799999999998 0.561803 0.156409 0.542054 0.15276 0.542054 0.148477 0.5673790000000001 0.147843 0.568309 0.146256 0.568541 0.144511 0.5704
3 0.345495 0.571097 0.345019 0.571561 0.343115 0.5720259999999999 0.343115 0.5724910000000001 0.34708100000000003 0.572955 0.357709 0.572955 0.361675 0.5722579999999999 0.36341999999999997 0.571561 0.36341999999999997 0.571097 0.36294400000000004 0.570632 0.36135799999999996 0.570167 0.361199 0.568309 0.358661 0.567844 0.358344 0.5671470000000001 0.355171 0.541125 0.351364 0.541125 0.348192 0.567844 0.347874 0.568541 0.345654 0.568541 0.345495 0.571097
3 0.661009 0.64289 0.66085 0.645678 0.6573599999999999 0.648234 0.6572020000000001 0.649628 0.67481 0.652881 0.676555 0.653578 0.68052 0.653346 0.692735 0.649628 0.692735 0.6491640000000001 0.6921 0.648234 0.6884520000000001 0.647305 0.687659 0.6438200000000001 0.685279 0.64289 0.683693 0.641729 0.677982 0.5959570000000001 0.672747 0.59619 0.666085 0.640567 0.665768 0.641264 0.661802 0.641729 0.661009 0.64289
2 0.770305 0.601533 0.768242 0.601533 0.767291 0.60223 0.7671319999999999 0.602928 0.7674489999999999 0.603857 0.768242 0.604554 0.778712 0.608271 0.8013960000000001 0.608271 0.8012370000000001 0.60711 0.7974300000000001 0.604786 0.796161 0.602463 0.794099 0.601766 0.793623 0.6013010000000001 0.78823 0.540428 0.784105 0.540428 0.7745879999999999 0.598745 0.77427 0.599442 0.772525 0.599675 0.770305 0.601533
2 0.941783 0.5704 0.939245 0.5704 0.938293 0.570864 0.9384520000000001 0.5720259999999999 0.9401970000000001 0.5724910000000001 0.9511419999999999 0.574117 0.9693849999999999 0.574349 0.968909 0.572955 0.965419 0.5722579999999999 0.964467 0.570864 0.962246 0.569238 0.9578049999999999 0.520678 0.953204 0.520678 0.944956 0.5673790000000001 0.944004 0.568309 0.9425760000000001 0.568773 0.941783 0.5704
3 0.709867 0.5095259999999999 0.710501 0.510223 0.71177 0.510688 0.714943 0.510688 0.714626 0.5048790000000001 0.713991 0.500929 0.712246 0.500232 0.709391 0.500232 0.708915 0.501626 0.708915 0.502788 0.70828 0.504182 0.704791 0.507435 0.7046319999999999 0.5079 0.7046319999999999 0.5095259999999999 0.705108 0.510223 0.706853 0.5095259999999999 0.709867 0.5095259999999999
3 0.675127 0.521375 0.674334 0.522072 0.685279 0.522305 0.685279 0.52184 0.683217 0.519517 0.682741 0.518587 0.680679 0.505112 0.678934 0.505112 0.67703 0.5188200000000001 0.676713 0.519517 0.6754439999999999 0.519517 0.675127 0.521375
3 0.651967 0.50302 0.658788 0.50302 0.658629 0.501626 0.657519 0.500697 0.655774 0.491636 0.654346 0.49140300000000003 0.6532359999999999 0.5 0.652919 0.500929 0.651967 0.501626 0.651967 0.50302
1 0.610406 0.507435 0.609772 0.5079 0.609772 0.508829 0.617703 0.508597 0.617703 0.507435 0.616117 0.505112 0.6148480000000001 0.495353 0.613103 0.495353 0.611834 0.505809 0.6115160000000001 0.506506 0.610565 0.506738 0.610406 0.507435
1 0.592481 0.514405 0.592957 0.5148699999999999 0.60073 0.5148699999999999 0.600254 0.512779 0.5999369999999999 0.512314 0.599302 0.512314 0.598985 0.511385 0.597557 0.499071 0.595495 0.499071 0.593909 0.511385 0.593591 0.512082 0.592481 0.5125460000000001 0.592481 0.514405
1 0.577887 0.50302 0.577887 0.5044139999999999 0.584391 0.505112 0.584708 0.5046470000000001 0.584708 0.50302 0.584549 0.502556 0.5837559999999999 0.502323 0.583439 0.501626 0.58217 0.49210000000000004 0.580584 0.49210000000000004 0.579473 0.5018589999999999 0.579156 0.502556 0.578363 0.502556 0.577887 0.50302
3 0.561231 0.499535 0.566307 0.499768 0.566624 0.499535 0.566624 0.498374 0.5655140000000001 0.49674699999999994 0.564721 0.48931199999999997 0.5634520000000001 0.48907999999999996 0.562341 0.494888 0.562183 0.49767700000000004 0.561231 0.498374 0.561231 0.499535
3 0.532836 0.536478 0.532836 0.537639 0.531567 0.539033 0.5322020000000001 0.539498 0.5447339999999999 0.539498 0.5453680000000001 0.539033 0.545527 0.5383359999999999 0.544416 0.5381039999999999 0.543782 0.53671 0.542195 0.536478 0.5396569999999999 0.51789 0.5375949999999999 0.51789 0.5363260000000001 0.5236989999999999 0.535057 0.535316 0.53474 0.536013 0.532836 0.536478
1 0.534581 0.519981 0.533629 0.519981 0.533788 0.521143 0.536643 0.521375 0.5375949999999999 0.5176580000000001 0.5396569999999999 0.5176580000000001 0.539975 0.518355 0.540292 0.521143 0.54394 0.521143 0.545209 0.520678 0.545209 0.520214 0.543782 0.519517 0.543147 0.518355 0.542037 0.51789 0.541561 0.513708 0.539816 0.504182 0.5379120000000001 0.504182 0.5363260000000001 0.5176580000000001 0.53585 0.518587 0.535057 0.5188200000000001 0.534581 0.519981
1 0.513642 0.502323 0.519353 0.502323 0.520146 0.5018589999999999 0.520146 0.500929 0.519036 0.500232 0.518718 0.499535 0.517925 0.495121 0.5177660000000001 0.49140300000000003 0.515863 0.491171 0.514911 0.5 0.514594 0.500697 0.513642 0.501162 0.513642 0.502323
0 0.502855 0.486524 0.502855 0.485362 0.502221 0.48373600000000005 0.501904 0.478857 0.500635 0.478857 0.500159 0.484898 0.49952399999999997 0.485362 0.49952399999999997 0.486292 0.502855 0.486524
0 0.49428900000000003 0.48838299999999996 0.498096 0.48838299999999996 0.498096 0.48745399999999994 0.49746199999999996 0.486989 0.497145 0.485362 0.496986 0.480716 0.49666899999999997 0.480019 0.49571699999999996 0.480019 0.49539999999999995 0.48118 0.494924 0.486757 0.49428900000000003 0.487221 0.49428900000000003 0.48838299999999996
3 0.464943 0.49790900000000005 0.464943 0.49674699999999994 0.46399100000000004 0.49605 0.46319800000000005 0.48791799999999996 0.46177 0.48768599999999995 0.460819 0.49605 0.459867 0.49674699999999994 0.459867 0.49790900000000005 0.464943 0.49790900000000005
3 0.45130100000000006 0.48884800000000006 0.454791 0.48884800000000006 0.454791 0.48791799999999996 0.45415599999999995 0.48745399999999994 0.45336299999999996 0.481413 0.452411 0.481413 0.45209400000000005 0.48234199999999994 0.451777 0.487221 0.45130100000000006 0.48768599999999995 0.45130100000000006 0.48884800000000006
1 0.43274100000000004 0.48791799999999996 0.436707 0.48768599999999995 0.436707 0.486757 0.435914 0.484665 0.43527899999999997 0.480716 0.434327 0.480716 0.43400999999999995 0.481877 0.433693 0.485827 0.43274100000000004 0.487221 0.43274100000000004 0.48791799999999996
1 0.420527 0.501162 0.427189 0.501162 0.427189 0.499535 0.426396 0.498606 0.42576099999999995 0.49698000000000003 0.42496799999999996 0.490009 0.423541 0.489777 0.42290599999999995 0.491636 0.422272 0.498606 0.420527 0.500232 0.420527 0.501162
1 0.405298 0.532993 0.415768 0.53276 0.416085 0.532296 0.416085 0.530204 0.415768 0.52974 0.414975 0.52974 0.41434 0.5290429999999999 0.41434 0.528113 0.413706 0.52579 0.413547 0.523234 0.412278 0.516264 0.412119 0.512779 0.40974000000000005 0.5125460000000001 0.407519 0.5290429999999999 0.407202 0.52974 0.40561499999999995 0.529972 0.405298 0.532993
3 0.397208 0.490474 0.39736699999999997 0.48931199999999997 0.396891 0.48907999999999996 0.396415 0.48815099999999995 0.395939 0.48373600000000005 0.39562200000000003 0.48327099999999995 0.39466999999999997 0.48327099999999995 0.393877 0.48861499999999997 0.393084 0.490009 0.393084 0.490474 0.397208 0.490474
3 0.38626299999999997 0.495586 0.39117999999999997 0.495586 0.39117999999999997 0.494656 0.390228 0.49372699999999997 0.38943500000000003 0.486989 0.38911799999999996 0.486524 0.388166 0.486524 0.387849 0.48745399999999994 0.387214 0.49372699999999997 0.38626299999999997 0.494888 0.38626299999999997 0.495586
1 0.323604 0.49744400000000005 0.329949 0.49767700000000004 0.329949 0.49628300000000003 0.328522 0.495586 0.328204 0.49256500000000003 0.327253 0.48768599999999995 0.32614200000000004 0.48768599999999995 0.324714 0.495586 0.323921 0.495818 0.323604 0.49628300000000003 0.323604 0.49744400000000005
1 0.312341 0.493959 0.312341 0.49210000000000004 0.311707 0.491171 0.310914 0.485827 0.310596 0.48513 0.30948600000000004 0.48513 0.308534 0.491636 0.30742400000000003 0.49279700000000004 0.30742400000000003 0.49372699999999997 0.312341 0.493959
3 0.367862 0.49279700000000004 0.367862 0.49210000000000004 0.36690999999999996 0.490939 0.366751 0.48838299999999996 0.365958 0.484898 0.365641 0.484433 0.365006 0.484433 0.36437200000000003 0.49070600000000003 0.36373700000000003 0.491868 0.36373700000000003 0.49279700000000004 0.367862 0.49279700000000004
1 0.362151 0.48861499999999997 0.362151 0.490242 0.364055 0.490242 0.36437200000000003 0.489545 0.364848 0.48303900000000005 0.36437200000000003 0.481877 0.363579 0.481877 0.363261 0.48280700000000004 0.36294400000000004 0.48768599999999995 0.362151 0.48861499999999997