3 0.156337 0.846739 0.155641 0.841304 0.153552 0.8358700000000001 0.151811 0.8206519999999999 0.148677 0.818478 0.14623999999999998 0.8141299999999999 0.143454 0.8130430000000001 0.142409 0.809783 0.140669 0.782609 0.130223 0.652174 0.12325900000000001 0.652174 0.119777 0.656522 0.108635 0.8228260000000001 0.100975 0.834783 0.096448 0.846739 0.156337 0.846739
1 0.104805 0.40108699999999997 0.104805 0.397826 0.103064 0.393478 0.101671 0.366304 0.099234 0.366304 0.09714500000000001 0.394565 0.095404 0.397826 0.095056 0.40108699999999997 0.104805 0.40108699999999997
1 0.161212 0.41413 0.172006 0.41413 0.172006 0.411957 0.169916 0.407609 0.167827 0.372826 0.165042 0.372826 0.163649 0.404348 0.162953 0.40869600000000006 0.161212 0.41086999999999996 0.161212 0.41413
1 0.197772 0.443478 0.211003 0.443478 0.211003 0.441304 0.208217 0.43478300000000003 0.205084 0.392391 0.202298 0.392391 0.200557 0.433696 0.199861 0.43587 0.197772 0.43695700000000004 0.197772 0.443478
1 0.27332900000000004 0.497826 0.271936 0.501087 0.27507000000000004 0.503261 0.292827 0.502174 0.292827 0.49891300000000005 0.291783 0.49347799999999997 0.288649 0.492391 0.287604 0.48804299999999995 0.284123 0.42934799999999995 0.28064100000000003 0.42934799999999995 0.277507 0.48586999999999997 0.276114 0.49130399999999996 0.27332900000000004 0.49347799999999997 0.27332900000000004 0.497826
1 0.28098900000000004 0.395652 0.28098900000000004 0.392391 0.280292 0.392391 0.279248 0.388043 0.277507 0.361957 0.27507000000000004 0.361957 0.273677 0.390217 0.272632 0.392391 0.272632 0.395652 0.28098900000000004 0.395652
1 0.343663 0.417391 0.343663 0.415217 0.341574 0.409783 0.339485 0.376087 0.337047 0.376087 0.334958 0.409783 0.333565 0.411957 0.333565 0.41630399999999995 0.343663 0.417391
3 0.441504 0.39891299999999996 0.447075 0.39891299999999996 0.447075 0.378261 0.446379 0.365217 0.44428999999999996 0.365217 0.442897 0.38587 0.441504 0.394565 0.441504 0.39891299999999996
3 0.385794 0.377174 0.384401 0.372826 0.383357 0.354348 0.381616 0.354348 0.380571 0.375 0.379526 0.379348 0.385794 0.379348 0.385794 0.377174
1 0.443245 0.441304 0.454039 0.441304 0.454039 0.43587 0.452646 0.43260899999999997 0.450905 0.392391 0.44777199999999995 0.392391 0.44603099999999996 0.430435 0.445334 0.43478300000000003 0.443942 0.43587 0.443245 0.441304
1 0.454387 0.556522 0.451602 0.563043 0.46344 0.5663039999999999 0.473538 0.5663039999999999 0.480501 0.56087 0.479805 0.5586960000000001 0.47771600000000003 0.557609 0.477019 0.551087 0.47423400000000004 0.55 0.47318899999999997 0.5478259999999999 0.468663 0.470652 0.464485 0.470652 0.458565 0.545652 0.457521 0.55 0.454735 0.551087 0.454387 0.556522
3 0.552577 0.417391 0.552577 0.41304299999999994 0.550836 0.40543500000000005 0.549095 0.378261 0.547006 0.378261 0.545265 0.407609 0.543175 0.41413 0.543175 0.417391 0.552577 0.417391
1 0.575905 0.470652 0.585306 0.470652 0.586003 0.468478 0.586003 0.46413000000000004 0.5842620000000001 0.46087 0.583217 0.46087 0.5821729999999999 0.45543500000000003 0.580432 0.41086999999999996 0.577298 0.41086999999999996 0.5748610000000001 0.459783 0.572423 0.463043 0.572772 0.468478 0.575905 0.470652
3 0.719708 0.43913 0.7322420000000001 0.44021699999999997 0.7322420000000001 0.43478300000000003 0.73085 0.43260899999999997 0.729805 0.428261 0.727368 0.394565 0.7245820000000001 0.394565 0.722145 0.428261 0.720752 0.433696 0.719708 0.43478300000000003 0.719708 0.43913
1 0.793872 0.502174 0.79805 0.504348 0.810933 0.504348 0.810585 0.496739 0.8084960000000001 0.49347799999999997 0.807451 0.48913 0.804318 0.43587 0.8004870000000001 0.43587 0.796309 0.48804299999999995 0.794916 0.49347799999999997 0.793872 0.494565 0.793872 0.502174
1 0.78273 0.6630429999999999 0.779596 0.618478 0.777855 0.618478 0.761838 0.634783 0.761142 0.657609 0.755571 0.6630429999999999 0.754875 0.665217 0.754875 0.671739 0.751741 0.681522 0.779944 0.692391 0.786212 0.692391 0.788649 0.684783 0.7907379999999999 0.681522 0.7907379999999999 0.679348 0.787953 0.6728259999999999 0.787604 0.6673910000000001 0.784471 0.666304 0.78273 0.6630429999999999