3 0.079387 0.384783 0.079387 0.38152200000000003 0.078343 0.379348 0.077298 0.356522 0.074861 0.356522 0.07311999999999999 0.377174 0.071727 0.38152200000000003 0.071727 0.384783 0.079387 0.384783
3 0.147632 0.393478 0.147632 0.391304 0.145543 0.388043 0.144499 0.36086999999999997 0.14136500000000002 0.36086999999999997 0.139624 0.388043 0.138579 0.390217 0.138579 0.393478 0.147632 0.393478
3 0.252089 0.40869600000000006 0.25243699999999997 0.404348 0.251045 0.40108699999999997 0.24930400000000003 0.372826 0.24582199999999998 0.372826 0.244429 0.40217400000000003 0.243384 0.404348 0.243384 0.40869600000000006 0.252089 0.40869600000000006
1 0.209958 0.359783 0.207521 0.359783 0.205084 0.38260900000000003 0.212047 0.383696 0.211003 0.376087 0.209958 0.359783
1 0.318593 0.38913000000000003 0.317897 0.372826 0.315808 0.372826 0.31371899999999997 0.393478 0.31928999999999996 0.393478 0.31928999999999996 0.390217 0.318593 0.38913000000000003
3 0.38266 0.422826 0.38266 0.41956499999999997 0.380571 0.415217 0.379526 0.384783 0.37639300000000003 0.384783 0.375 0.415217 0.373955 0.417391 0.373955 0.422826 0.38266 0.422826
1 0.451602 0.40217400000000003 0.451602 0.39891299999999996 0.450557 0.396739 0.449861 0.377174 0.447423 0.377174 0.446379 0.395652 0.444986 0.397826 0.444986 0.40217400000000003 0.451602 0.40217400000000003
1 0.530292 0.404348 0.530292 0.40108699999999997 0.5288999999999999 0.397826 0.527855 0.38043499999999997 0.5254179999999999 0.38043499999999997 0.524721 0.397826 0.523329 0.4 0.523329 0.404348 0.530292 0.404348
3 0.5383009999999999 0.42391300000000004 0.5383009999999999 0.420652 0.536908 0.417391 0.536212 0.38913000000000003 0.533426 0.38913000000000003 0.532033 0.417391 0.530989 0.41956499999999997 0.530989 0.42391300000000004 0.5383009999999999 0.42391300000000004
3 0.620822 0.420652 0.620822 0.417391 0.619429 0.41413 0.618384 0.390217 0.615599 0.390217 0.614903 0.41413 0.613858 0.41630399999999995 0.613858 0.420652 0.620822 0.420652
3 0.661212 0.40543500000000005 0.6601670000000001 0.38913000000000003 0.65773 0.38913000000000003 0.656337 0.411957 0.662256 0.411957 0.662256 0.40869600000000006 0.661212 0.40543500000000005
3 0.5275070000000001 0.633696 0.524025 0.640217 0.524373 0.65 0.523677 0.652174 0.523677 0.656522 0.5407379999999999 0.659783 0.551532 0.659783 0.5536209999999999 0.6543479999999999 0.5536209999999999 0.6445649999999999 0.552577 0.640217 0.5501389999999999 0.6380429999999999 0.548747 0.634783 0.542131 0.536957 0.537953 0.53587 0.537256 0.536957 0.530989 0.628261 0.529944 0.632609 0.5275070000000001 0.633696
3 0.6939420000000001 0.548913 0.693593 0.559783 0.697075 0.561957 0.713092 0.561957 0.713092 0.553261 0.710306 0.548913 0.7092620000000001 0.543478 0.706128 0.48260899999999995 0.702646 0.48260899999999995 0.70195 0.483696 0.698816 0.544565 0.6981200000000001 0.5478259999999999 0.6939420000000001 0.548913
3 0.807451 0.516304 0.8112809999999999 0.518478 0.8234680000000001 0.518478 0.8234680000000001 0.5108699999999999 0.820682 0.508696 0.8199859999999999 0.504348 0.817549 0.459783 0.8137190000000001 0.459783 0.8112809999999999 0.504348 0.810585 0.507609 0.807451 0.508696 0.807451 0.516304
3 0.8861420000000001 0.496739 0.899025 0.497826 0.899025 0.49347799999999997 0.897632 0.49130399999999996 0.896936 0.48695700000000003 0.89415 0.448913 0.8910170000000001 0.448913 0.8892760000000001 0.48260899999999995 0.888231 0.48804299999999995 0.88649 0.48913 0.8861420000000001 0.496739
3 0.903552 0.425 0.902855 0.422826 0.9014620000000001 0.40543500000000005 0.899025 0.40543500000000005 0.896936 0.422826 0.896936 0.428261 0.9032030000000001 0.428261 0.903552 0.425