1 0.137883 0.43913 0.147981 0.43913 0.148329 0.43695700000000004 0.146588 0.43478300000000003 0.145543 0.42934799999999995 0.144499 0.39891299999999996 0.141713 0.39891299999999996 0.139972 0.42934799999999995 0.139276 0.433696 0.137883 0.43478300000000003 0.137883 0.43913
1 0.150766 0.48260899999999995 0.16538999999999998 0.483696 0.16538999999999998 0.476087 0.16434500000000002 0.475 0.163301 0.46956499999999995 0.160864 0.426087 0.157033 0.426087 0.154248 0.470652 0.153552 0.47391300000000003 0.150766 0.47717400000000004 0.150766 0.48260899999999995
1 0.297354 0.44239100000000003 0.297702 0.43804299999999996 0.296309 0.43587 0.295265 0.430435 0.29422000000000004 0.40543500000000005 0.291783 0.40543500000000005 0.29039000000000004 0.431522 0.288649 0.43804299999999996 0.288649 0.44239100000000003 0.297354 0.44239100000000003
3 0.24686599999999997 0.555435 0.24617 0.557609 0.24582199999999998 0.5663039999999999 0.244429 0.570652 0.268106 0.570652 0.26949900000000004 0.56413 0.26949900000000004 0.557609 0.266017 0.553261 0.264972 0.548913 0.26009699999999997 0.476087 0.256616 0.476087 0.250348 0.551087 0.24930400000000003 0.554348 0.24686599999999997 0.555435
1 0.339833 0.48913 0.35585 0.48913 0.35550099999999996 0.483696 0.353064 0.48260899999999995 0.35201899999999997 0.48043500000000006 0.349234 0.43478300000000003 0.346797 0.43478300000000003 0.343315 0.47717400000000004 0.34226999999999996 0.481522 0.34018099999999996 0.483696 0.339833 0.48913
3 0.385794 0.738043 0.385446 0.743478 0.379875 0.754348 0.379875 0.756522 0.40668499999999996 0.766304 0.413997 0.766304 0.430014 0.743478 0.430014 0.741304 0.42479100000000003 0.7369570000000001 0.423747 0.732609 0.422006 0.729348 0.41713100000000003 0.7260869999999999 0.416435 0.722826 0.40947100000000003 0.596739 0.408774 0.592391 0.40181100000000003 0.593478 0.392758 0.7260869999999999 0.387883 0.731522 0.385794 0.738043
1 0.43071000000000004 0.446739 0.43071000000000004 0.443478 0.42896900000000004 0.43913 0.427925 0.41086999999999996 0.42548700000000006 0.41086999999999996 0.424095 0.43695700000000004 0.422354 0.44239100000000003 0.422354 0.446739 0.43071000000000004 0.446739
3 0.443593 0.42717400000000005 0.44254899999999997 0.417391 0.441852 0.39891299999999996 0.44011100000000003 0.39891299999999996 0.438719 0.421739 0.437326 0.425 0.437326 0.42717400000000005 0.443593 0.42717400000000005
1 0.502437 0.5130429999999999 0.504526 0.515217 0.520543 0.515217 0.520543 0.511957 0.5194989999999999 0.509783 0.5194989999999999 0.506522 0.517061 0.5054350000000001 0.516365 0.502174 0.513231 0.453261 0.5104460000000001 0.453261 0.506964 0.502174 0.506267 0.5054350000000001 0.504178 0.507609 0.502437 0.5130429999999999
1 0.562674 0.454348 0.5630219999999999 0.45108699999999996 0.5612809999999999 0.446739 0.560237 0.417391 0.558496 0.417391 0.556407 0.443478 0.554666 0.45 0.554666 0.453261 0.562674 0.454348
3 0.581476 0.43478300000000003 0.581476 0.431522 0.580084 0.425 0.578691 0.40543500000000005 0.577298 0.40543500000000005 0.576253 0.428261 0.575209 0.430435 0.575209 0.43478300000000003 0.581476 0.43478300000000003
1 0.6862809999999999 0.567391 0.6845399999999999 0.575 0.682451 0.5771740000000001 0.682103 0.579348 0.6963790000000001 0.5826089999999999 0.7040390000000001 0.5826089999999999 0.708565 0.5771740000000001 0.706825 0.575 0.706476 0.570652 0.704387 0.569565 0.702646 0.5663039999999999 0.6981200000000001 0.49347799999999997 0.6946380000000001 0.494565 0.689415 0.56413 0.6887190000000001 0.5663039999999999 0.6862809999999999 0.567391
1 0.685585 0.467391 0.685585 0.46195700000000006 0.683844 0.45869600000000005 0.682451 0.42717400000000005 0.6803619999999999 0.42717400000000005 0.678273 0.456522 0.676532 0.46195700000000006 0.676532 0.46630399999999994 0.685585 0.467391
3 0.7245820000000001 0.44782599999999995 0.7245820000000001 0.443478 0.723538 0.43913 0.7224929999999999 0.417391 0.7211000000000001 0.417391 0.7193590000000001 0.441304 0.718315 0.443478 0.718315 0.44782599999999995 0.7245820000000001 0.44782599999999995
1 0.8032730000000001 0.48586999999999997 0.8032730000000001 0.481522 0.8015319999999999 0.47717400000000004 0.799443 0.44239100000000003 0.799095 0.44021699999999997 0.797006 0.44021699999999997 0.794568 0.47717400000000004 0.7928270000000001 0.481522 0.7928270000000001 0.484783 0.8032730000000001 0.48586999999999997
3 0.871518 0.46413000000000004 0.871518 0.45869600000000005 0.870474 0.454348 0.8690810000000001 0.42934799999999995 0.8673400000000001 0.42934799999999995 0.8655989999999999 0.453261 0.864206 0.459783 0.864206 0.46413000000000004 0.871518 0.46413000000000004
1 0.928621 0.508696 0.940808 0.508696 0.941156 0.504348 0.939067 0.5 0.935933 0.459783 0.9331480000000001 0.45869600000000005 0.9296659999999999 0.496739 0.92688 0.503261 0.9265319999999999 0.506522 0.928621 0.508696