3 0.080084 0.38913000000000003 0.080084 0.384783 0.078691 0.38043499999999997 0.077298 0.35 0.074861 0.35 0.072075 0.38260900000000003 0.070334 0.386957 0.070334 0.38913000000000003 0.080084 0.38913000000000003
1 0.083914 0.352174 0.082869 0.346739 0.082173 0.330435 0.080084 0.330435 0.079039 0.348913 0.077994 0.355435 0.083565 0.355435 0.083914 0.352174
1 0.087744 0.341304 0.086003 0.321739 0.084262 0.321739 0.083914 0.33587 0.083217 0.338043 0.083217 0.341304 0.087744 0.341304
1 0.13370500000000002 0.325 0.131964 0.325 0.130571 0.347826 0.135446 0.347826 0.134401 0.33913000000000004 0.13370500000000002 0.325
1 0.155641 0.36739099999999997 0.155641 0.365217 0.154248 0.361957 0.153203 0.338043 0.151114 0.338043 0.14902500000000002 0.358696 0.147284 0.365217 0.147284 0.36739099999999997 0.155641 0.36739099999999997
3 0.189415 0.40543500000000005 0.189415 0.409783 0.200209 0.409783 0.200557 0.403261 0.198816 0.40217400000000003 0.19812000000000002 0.397826 0.196727 0.365217 0.193942 0.36413 0.191852 0.4 0.191156 0.403261 0.190111 0.403261 0.189415 0.40543500000000005
3 0.188022 0.325 0.186281 0.342391 0.190808 0.342391 0.189415 0.325 0.188022 0.325
1 0.206128 0.357609 0.206128 0.355435 0.20473499999999997 0.35108700000000004 0.203691 0.334783 0.20195 0.334783 0.20090499999999997 0.353261 0.199861 0.355435 0.199861 0.357609 0.206128 0.357609
1 0.248259 0.383696 0.248259 0.38043499999999997 0.24651800000000001 0.375 0.24547400000000003 0.35108700000000004 0.24373300000000003 0.35108700000000004 0.24234 0.378261 0.24094699999999997 0.38043499999999997 0.24094699999999997 0.383696 0.248259 0.383696
3 0.254875 0.352174 0.25383 0.344565 0.253482 0.33260900000000004 0.252089 0.33260900000000004 0.25139300000000003 0.344565 0.250348 0.348913 0.250348 0.352174 0.254875 0.352174
1 0.290738 0.36847799999999997 0.289694 0.358696 0.288997 0.341304 0.287256 0.341304 0.286212 0.358696 0.284123 0.366304 0.284123 0.36847799999999997 0.290738 0.36847799999999997
3 0.316852 0.421739 0.32694999999999996 0.421739 0.32694999999999996 0.417391 0.325905 0.41630399999999995 0.32520899999999997 0.41304299999999994 0.323468 0.377174 0.321031 0.376087 0.318593 0.411957 0.317897 0.415217 0.316852 0.41630399999999995 0.316852 0.421739
3 0.32903899999999997 0.354348 0.328691 0.343478 0.327298 0.343478 0.326253 0.357609 0.324861 0.361957 0.330432 0.361957 0.32903899999999997 0.354348
1 0.34818899999999997 0.395652 0.34818899999999997 0.392391 0.347145 0.391304 0.346448 0.388043 0.345056 0.361957 0.343315 0.361957 0.341574 0.38913000000000003 0.34018099999999996 0.391304 0.34018099999999996 0.395652 0.34818899999999997 0.395652
1 0.365251 0.378261 0.365251 0.376087 0.364206 0.372826 0.363162 0.353261 0.361769 0.353261 0.360724 0.36956500000000003 0.358983 0.376087 0.358983 0.378261 0.365251 0.378261
3 0.256616 0.675 0.25626699999999997 0.688043 0.252786 0.694565 0.25243699999999997 0.697826 0.287256 0.698913 0.293175 0.68587 0.293175 0.673913 0.291435 0.668478 0.285864 0.665217 0.28447100000000003 0.661957 0.278203 0.556522 0.27681100000000003 0.548913 0.27298100000000003 0.548913 0.270891 0.552174 0.262883 0.666304 0.256616 0.675
3 0.35968 0.51413 0.378134 0.515217 0.379526 0.5130429999999999 0.379875 0.504348 0.378134 0.501087 0.37639300000000003 0.501087 0.375696 0.496739 0.372911 0.43913 0.369081 0.44021699999999997 0.364206 0.5 0.35968 0.511957 0.35968 0.51413
3 0.42722800000000005 0.45543500000000003 0.439415 0.45543500000000003 0.439415 0.448913 0.437674 0.448913 0.43662999999999996 0.44565200000000005 0.43488899999999997 0.40217400000000003 0.432103 0.40217400000000003 0.42931800000000003 0.443478 0.428621 0.446739 0.42722800000000005 0.44782599999999995 0.42722800000000005 0.45543500000000003
3 0.42722800000000005 0.35 0.425836 0.35108700000000004 0.423747 0.372826 0.428621 0.372826 0.42722800000000005 0.35
1 0.454039 0.41086999999999996 0.454039 0.406522 0.452646 0.40543500000000005 0.45194999999999996 0.4 0.451253 0.373913 0.449164 0.373913 0.447075 0.40217400000000003 0.44568199999999997 0.406522 0.44568199999999997 0.41086999999999996 0.454039 0.41086999999999996
1 0.464136 0.38913000000000003 0.464136 0.38587 0.46344 0.384783 0.46239600000000003 0.363043 0.462047 0.36086999999999997 0.46065500000000004 0.36086999999999997 0.45960999999999996 0.38152200000000003 0.458217 0.38587 0.458217 0.38913000000000003 0.464136 0.38913000000000003
1 0.560237 0.42717400000000005 0.560237 0.422826 0.559192 0.421739 0.558496 0.418478 0.556755 0.38913000000000003 0.555014 0.38913000000000003 0.552925 0.420652 0.551532 0.422826 0.551532 0.42717400000000005 0.560237 0.42717400000000005
1 0.532033 0.397826 0.532033 0.40217400000000003 0.5383009999999999 0.40108699999999997 0.5383009999999999 0.397826 0.537256 0.392391 0.5365599999999999 0.372826 0.534471 0.373913 0.533426 0.394565 0.53273 0.397826 0.532033 0.397826
3 0.610376 0.394565 0.608983 0.370652 0.6072420000000001 0.370652 0.606198 0.386957 0.6051529999999999 0.391304 0.6051529999999999 0.394565 0.610376 0.394565
1 0.623607 0.38587 0.6222139999999999 0.38587 0.618733 0.418478 0.626045 0.418478 0.624652 0.409783 0.623607 0.38587
1 0.623259 0.463043 0.635794 0.46413000000000004 0.634749 0.45869600000000005 0.633357 0.457609 0.630919 0.415217 0.628482 0.415217 0.625696 0.453261 0.624652 0.457609 0.623259 0.45869600000000005 0.623259 0.463043
1 0.651811 0.504348 0.650766 0.507609 0.653552 0.511957 0.6692199999999999 0.511957 0.6678270000000001 0.503261 0.66539 0.501087 0.664694 0.497826 0.6615599999999999 0.44565200000000005 0.658426 0.44565200000000005 0.654944 0.496739 0.6538999999999999 0.501087 0.651811 0.502174 0.651811 0.504348
1 0.726323 0.6 0.723886 0.6010869999999999 0.723189 0.603261 0.735376 0.613043 0.744081 0.613043 0.754526 0.609783 0.754526 0.607609 0.752437 0.6054350000000001 0.75 0.596739 0.746866 0.593478 0.74234 0.511957 0.741643 0.507609 0.737465 0.508696 0.731546 0.588043 0.7305010000000001 0.592391 0.727716 0.592391 0.726323 0.6
1 0.852716 0.48043500000000006 0.852368 0.48913 0.84993 0.49347799999999997 0.8485379999999999 0.49891300000000005 0.849234 0.502174 0.850975 0.503261 0.856198 0.503261 0.857591 0.5054350000000001 0.85968 0.503261 0.864903 0.504348 0.864903 0.497826 0.864206 0.49565200000000004 0.862465 0.49565200000000004 0.861769 0.49347799999999997 0.8610720000000001 0.481522 0.860028 0.47717400000000004 0.860028 0.465217 0.8589829999999999 0.44782599999999995 0.858287 0.444565 0.856546 0.443478 0.855501 0.44565200000000005 0.854457 0.452174 0.854457 0.465217 0.852716 0.48043500000000006
3 0.9453340000000001 0.46195700000000006 0.9453340000000001 0.45869600000000005 0.94429 0.457609 0.9432449999999999 0.453261 0.940808 0.417391 0.9383699999999999 0.417391 0.9366300000000001 0.453261 0.9334960000000001 0.457609 0.9331480000000001 0.46195700000000006 0.9453340000000001 0.46195700000000006
3 0.8060579999999999 0.420652 0.8050140000000001 0.418478 0.803621 0.391304 0.8015319999999999 0.391304 0.799791 0.41630399999999995 0.798747 0.422826 0.8060579999999999 0.42391300000000004 0.8060579999999999 0.420652
3 0.6946380000000001 0.406522 0.701253 0.406522 0.701253 0.403261 0.700209 0.39891299999999996 0.699164 0.378261 0.697423 0.378261 0.6963790000000001 0.39891299999999996 0.695334 0.403261 0.6946380000000001 0.403261 0.6946380000000001 0.406522
1 0.750696 0.453261 0.75 0.448913 0.748607 0.44782599999999995 0.747563 0.444565 0.745474 0.411957 0.743036 0.411957 0.741295 0.444565 0.7395539999999999 0.446739 0.738162 0.453261 0.750696 0.453261
3 0.533426 0.38260900000000003 0.533774 0.375 0.5348189999999999 0.371739 0.534471 0.36086999999999997 0.5330779999999999 0.36086999999999997 0.532382 0.375 0.530989 0.38260900000000003 0.533426 0.38260900000000003