3 0.22667099999999998 0.75 0.225279 0.7554350000000001 0.221448 0.7608699999999999 0.218663 0.7695649999999999 0.21796700000000002 0.780435 0.214833 0.7923910000000001 0.214833 0.795652 0.25766 0.796739 0.266017 0.767391 0.26566900000000004 0.76413 0.263579 0.7630429999999999 0.259749 0.7554350000000001 0.255571 0.754348 0.254178 0.75 0.244429 0.6054350000000001 0.237813 0.6054350000000001 0.236769 0.606522 0.236072 0.609783 0.22667099999999998 0.75
3 0.379526 0.568478 0.377786 0.572826 0.377786 0.575 0.388928 0.5771740000000001 0.401114 0.5771740000000001 0.404596 0.570652 0.404596 0.568478 0.4039 0.568478 0.402159 0.56087 0.399721 0.5586960000000001 0.399025 0.555435 0.39449900000000004 0.47717400000000004 0.389972 0.47717400000000004 0.383705 0.554348 0.38266 0.5586960000000001 0.379526 0.561957 0.379526 0.568478
3 0.41190800000000005 0.46630399999999994 0.41190800000000005 0.47391300000000003 0.425836 0.475 0.426184 0.46956499999999995 0.42548700000000006 0.46630399999999994 0.423747 0.465217 0.42305000000000004 0.46195700000000006 0.419916 0.41413 0.41782700000000006 0.41413 0.41713100000000003 0.418478 0.414694 0.46087 0.41364900000000004 0.465217 0.41190800000000005 0.46630399999999994
3 0.46135099999999996 0.421739 0.46135099999999996 0.404348 0.46065500000000004 0.388043 0.458565 0.388043 0.456128 0.41413 0.456128 0.422826 0.46135099999999996 0.421739
3 0.505571 0.404348 0.504178 0.396739 0.503134 0.373913 0.501393 0.373913 0.5 0.396739 0.49860699999999997 0.40108699999999997 0.49860699999999997 0.404348 0.505571 0.404348
3 0.568245 0.36847799999999997 0.566852 0.36847799999999997 0.564763 0.392391 0.569986 0.392391 0.5689420000000001 0.38913000000000003 0.568245 0.36847799999999997
3 0.642409 0.36847799999999997 0.640669 0.38913000000000003 0.645195 0.38913000000000003 0.643802 0.36847799999999997 0.642409 0.36847799999999997
1 0.668872 0.604348 0.6678270000000001 0.604348 0.667131 0.606522 0.67305 0.617391 0.6981200000000001 0.617391 0.6981200000000001 0.615217 0.694986 0.607609 0.6946380000000001 0.603261 0.693593 0.6 0.690808 0.597826 0.689763 0.593478 0.685237 0.5108699999999999 0.6803619999999999 0.5108699999999999 0.674443 0.592391 0.673747 0.5956520000000001 0.670613 0.597826 0.668872 0.604348
1 0.6371870000000001 0.48913 0.641017 0.492391 0.654596 0.492391 0.652855 0.484783 0.651114 0.484783 0.6504179999999999 0.48260899999999995 0.647284 0.431522 0.6448470000000001 0.431522 0.641017 0.48043500000000006 0.638231 0.484783 0.638231 0.48695700000000003 0.6371870000000001 0.48913
1 0.618733 0.446739 0.629178 0.446739 0.629178 0.441304 0.628482 0.441304 0.627437 0.43695700000000004 0.625696 0.404348 0.623607 0.404348 0.62117 0.43587 0.620125 0.44021699999999997 0.618733 0.441304 0.618733 0.446739
1 0.638231 0.422826 0.638231 0.41956499999999997 0.6371870000000001 0.418478 0.63649 0.415217 0.635097 0.38913000000000003 0.633357 0.38913000000000003 0.631267 0.415217 0.629875 0.418478 0.629875 0.422826 0.638231 0.422826
1 0.669568 0.406522 0.668175 0.40217400000000003 0.667131 0.38043499999999997 0.66539 0.38043499999999997 0.663997 0.40217400000000003 0.662953 0.409783 0.669568 0.409783 0.669568 0.406522
1 0.720752 0.396739 0.720056 0.378261 0.718315 0.378261 0.71727 0.395652 0.715877 0.403261 0.722145 0.403261 0.720752 0.396739
1 0.779944 0.4 0.779248 0.39891299999999996 0.778552 0.379348 0.776811 0.379348 0.775766 0.395652 0.774373 0.404348 0.779944 0.404348 0.779944 0.4
3 0.7865599999999999 0.390217 0.7865599999999999 0.388043 0.785515 0.384783 0.7848189999999999 0.372826 0.783426 0.371739 0.78273 0.38587 0.782033 0.386957 0.782033 0.390217 0.7865599999999999 0.390217
1 0.880571 0.48913 0.884053 0.49130399999999996 0.894499 0.49130399999999996 0.894499 0.48586999999999997 0.892409 0.483696 0.891713 0.479348 0.8892760000000001 0.43587 0.88649 0.43587 0.883008 0.479348 0.881964 0.483696 0.880571 0.484783 0.880571 0.48913
1 0.875 0.44021699999999997 0.883357 0.44021699999999997 0.883357 0.43695700000000004 0.882312 0.43587 0.881616 0.43260899999999997 0.880223 0.404348 0.878482 0.404348 0.877089 0.431522 0.876393 0.43587 0.875 0.43695700000000004 0.875 0.44021699999999997
3 0.871518 0.38152200000000003 0.869777 0.38043499999999997 0.868384 0.39891299999999996 0.873259 0.39891299999999996 0.8722139999999999 0.393478 0.871518 0.38152200000000003
1 0.9254870000000001 0.40869600000000006 0.9244429999999999 0.392391 0.9227019999999999 0.392391 0.922006 0.411957 0.920265 0.417391 0.92688 0.417391 0.9254870000000001 0.40869600000000006
3 0.7134400000000001 0.390217 0.7169220000000001 0.390217 0.71727 0.36739099999999997 0.715877 0.36847799999999997 0.7151810000000001 0.38260900000000003 0.7134400000000001 0.388043 0.7134400000000001 0.390217