3 0.31337000000000004 0.717391 0.313022 0.729348 0.310585 0.7369570000000001 0.30988899999999997 0.742391 0.328691 0.7445649999999999 0.348538 0.7445649999999999 0.351323 0.73587 0.351323 0.719565 0.34784099999999996 0.71087 0.346448 0.709783 0.345404 0.705435 0.336351 0.581522 0.335306 0.578261 0.331476 0.578261 0.329735 0.583696 0.319638 0.705435 0.31337000000000004 0.717391
3 0.42130900000000004 0.516304 0.420961 0.526087 0.43697800000000003 0.527174 0.44011100000000003 0.525 0.439415 0.516304 0.43802199999999997 0.5130429999999999 0.43697800000000003 0.5130429999999999 0.435933 0.507609 0.432799 0.448913 0.432103 0.446739 0.429666 0.446739 0.428621 0.45108699999999996 0.424095 0.509783 0.42305000000000004 0.51413 0.42130900000000004 0.516304
3 0.47667099999999996 0.457609 0.47667099999999996 0.453261 0.474582 0.45 0.472145 0.406522 0.47005600000000003 0.406522 0.466922 0.448913 0.464136 0.453261 0.463788 0.457609 0.47667099999999996 0.457609
3 0.146588 0.357609 0.146588 0.354348 0.145543 0.35 0.144499 0.33260900000000004 0.142409 0.33260900000000004 0.14136500000000002 0.348913 0.14032 0.353261 0.14032 0.357609 0.146588 0.357609
3 0.185237 0.365217 0.185237 0.361957 0.184192 0.359783 0.183148 0.33913000000000004 0.181407 0.33913000000000004 0.180014 0.356522 0.178621 0.361957 0.178621 0.365217 0.185237 0.365217
3 0.237813 0.378261 0.237813 0.375 0.236421 0.36847799999999997 0.23537599999999997 0.347826 0.23363499999999998 0.347826 0.23154599999999997 0.372826 0.22980499999999998 0.375 0.22980499999999998 0.378261 0.237813 0.378261
1 0.281337 0.36413 0.281337 0.361957 0.280292 0.359783 0.279596 0.341304 0.277507 0.341304 0.27681100000000003 0.357609 0.275418 0.361957 0.275418 0.36413 0.281337 0.36413
1 0.316156 0.35108700000000004 0.31545999999999996 0.33913000000000004 0.31371899999999997 0.33913000000000004 0.312674 0.358696 0.317201 0.358696 0.317201 0.355435 0.316156 0.35108700000000004
3 0.330084 0.394565 0.330084 0.392391 0.328691 0.38913000000000003 0.327298 0.361957 0.325557 0.361957 0.323468 0.388043 0.322075 0.392391 0.322075 0.394565 0.330084 0.394565
1 0.358983 0.375 0.357591 0.372826 0.356546 0.352174 0.355153 0.352174 0.35375999999999996 0.370652 0.352716 0.377174 0.358983 0.377174 0.358983 0.375
1 0.388579 0.36413 0.387883 0.363043 0.387187 0.34565199999999996 0.385794 0.34565199999999996 0.38509699999999997 0.358696 0.383705 0.36739099999999997 0.388579 0.36739099999999997 0.388579 0.36413
3 0.427925 0.40543500000000005 0.427925 0.40217400000000003 0.426532 0.395652 0.425139 0.371739 0.423398 0.371739 0.42130900000000004 0.397826 0.419916 0.40217400000000003 0.419916 0.404348 0.427925 0.40543500000000005
1 0.439763 0.386957 0.438719 0.377174 0.43802199999999997 0.36086999999999997 0.43662999999999996 0.36086999999999997 0.435585 0.379348 0.434192 0.383696 0.434192 0.386957 0.439763 0.386957
1 0.527855 0.39891299999999996 0.526462 0.391304 0.525766 0.371739 0.524025 0.371739 0.5229809999999999 0.392391 0.521588 0.396739 0.521588 0.39891299999999996 0.527855 0.39891299999999996
3 0.50766 0.42717400000000005 0.516365 0.428261 0.516365 0.425 0.51532 0.422826 0.513579 0.391304 0.513231 0.38913000000000003 0.51149 0.38913000000000003 0.509401 0.418478 0.508705 0.421739 0.50766 0.422826 0.50766 0.42717400000000005
1 0.535515 0.378261 0.5348189999999999 0.363043 0.533426 0.363043 0.532382 0.38152200000000003 0.531337 0.384783 0.5365599999999999 0.38587 0.535515 0.378261
1 0.59993 0.395652 0.600279 0.392391 0.599234 0.388043 0.598189 0.371739 0.596797 0.371739 0.5961000000000001 0.391304 0.595056 0.392391 0.594708 0.395652 0.59993 0.395652
1 0.614903 0.41304299999999994 0.614903 0.409783 0.61351 0.406522 0.6128129999999999 0.38260900000000003 0.611072 0.38260900000000003 0.609331 0.407609 0.607939 0.41086999999999996 0.607939 0.41304299999999994 0.614903 0.41304299999999994
3 0.664345 0.370652 0.662953 0.370652 0.661212 0.392391 0.6657379999999999 0.392391 0.664694 0.38260900000000003 0.664345 0.370652
1 0.672702 0.404348 0.672006 0.38260900000000003 0.670265 0.38260900000000003 0.668175 0.409783 0.673747 0.409783 0.673747 0.406522 0.672702 0.404348
1 0.6615599999999999 0.43804299999999996 0.670265 0.43913 0.670265 0.43478300000000003 0.668524 0.42934799999999995 0.667131 0.4 0.66539 0.4 0.6633009999999999 0.42934799999999995 0.662604 0.43260899999999997 0.6615599999999999 0.433696 0.6615599999999999 0.43804299999999996
1 0.674095 0.46413000000000004 0.685585 0.46413000000000004 0.685585 0.46087 0.683496 0.457609 0.6827989999999999 0.453261 0.6810579999999999 0.418478 0.678969 0.418478 0.676184 0.454348 0.6754870000000001 0.457609 0.674095 0.45869600000000005 0.674095 0.46413000000000004
1 0.706128 0.506522 0.7040390000000001 0.508696 0.712396 0.51413 0.723886 0.5130429999999999 0.722145 0.508696 0.721448 0.504348 0.7193590000000001 0.501087 0.716226 0.446739 0.713092 0.446739 0.70961 0.497826 0.708914 0.501087 0.7071729999999999 0.502174 0.706128 0.506522
1 0.7621870000000001 0.602174 0.759401 0.604348 0.7681060000000001 0.615217 0.791086 0.615217 0.7907379999999999 0.613043 0.7883009999999999 0.609783 0.785864 0.6010869999999999 0.7830779999999999 0.596739 0.778203 0.5130429999999999 0.773677 0.5130429999999999 0.767409 0.590217 0.766365 0.594565 0.762883 0.597826 0.7621870000000001 0.602174
1 0.838092 0.468478 0.851323 0.46956499999999995 0.850627 0.46413000000000004 0.8485379999999999 0.46195700000000006 0.847493 0.457609 0.845404 0.422826 0.8433149999999999 0.422826 0.8408770000000001 0.45869600000000005 0.840181 0.46195700000000006 0.8387879999999999 0.46413000000000004 0.838092 0.468478
1 0.773329 0.43587 0.7729809999999999 0.43260899999999997 0.770195 0.42717400000000005 0.768802 0.4 0.767061 0.4 0.765669 0.426087 0.763231 0.433696 0.763231 0.43587 0.773329 0.43587
3 0.9415039999999999 0.44565200000000005 0.9415039999999999 0.44239100000000003 0.939415 0.43587 0.9380219999999999 0.407609 0.935933 0.407609 0.934192 0.43478300000000003 0.932103 0.441304 0.932103 0.444565 0.9415039999999999 0.44565200000000005