3 0.053969 0.42391300000000004 0.05188 0.422826 0.050139 0.379348 0.048747 0.379348 0.048747 0.43260899999999997 0.052925 0.43260899999999997 0.054318 0.430435 0.053969 0.42391300000000004
1 0.05501399999999999 0.390217 0.066852 0.391304 0.067201 0.386957 0.065111 0.379348 0.06337000000000001 0.35108700000000004 0.059889000000000005 0.35108700000000004 0.058148 0.379348 0.057103 0.383696 0.05501399999999999 0.386957 0.05501399999999999 0.390217
1 0.125 0.376087 0.125348 0.372826 0.12325900000000001 0.366304 0.121866 0.342391 0.119777 0.342391 0.118733 0.36739099999999997 0.11699200000000001 0.370652 0.11699200000000001 0.375 0.125 0.376087
1 0.173398 0.353261 0.172702 0.338043 0.170613 0.338043 0.170265 0.35 0.16921999999999998 0.359783 0.174443 0.359783 0.173398 0.353261
3 0.195334 0.40869600000000006 0.205432 0.40869600000000006 0.206128 0.407609 0.206128 0.404348 0.205084 0.403261 0.204039 0.39891299999999996 0.20195 0.366304 0.199861 0.366304 0.198468 0.397826 0.197772 0.40217400000000003 0.195334 0.403261 0.195334 0.40869600000000006
1 0.156337 0.365217 0.156337 0.361957 0.155292 0.359783 0.154248 0.342391 0.152507 0.342391 0.151811 0.356522 0.150418 0.36086999999999997 0.150418 0.365217 0.156337 0.365217
1 0.197772 0.357609 0.196727 0.338043 0.194986 0.338043 0.19429000000000002 0.352174 0.193245 0.354348 0.193245 0.357609 0.197772 0.357609
3 0.261838 0.390217 0.269847 0.390217 0.269847 0.386957 0.268454 0.38260900000000003 0.267409 0.36086999999999997 0.26532 0.36086999999999997 0.263928 0.38152200000000003 0.263231 0.384783 0.261838 0.38587 0.261838 0.390217
3 0.298398 0.353261 0.297702 0.340217 0.29596100000000003 0.340217 0.295265 0.353261 0.29422000000000004 0.359783 0.299443 0.359783 0.298398 0.353261
3 0.282033 0.834783 0.274373 0.846739 0.320682 0.846739 0.320334 0.841304 0.318245 0.834783 0.314415 0.834783 0.313022 0.833696 0.312326 0.8304349999999999 0.302577 0.668478 0.30188000000000004 0.665217 0.298398 0.665217 0.294568 0.671739 0.283078 0.8304349999999999 0.282033 0.834783
3 0.494081 0.568478 0.49234 0.573913 0.491643 0.572826 0.489206 0.575 0.488162 0.584783 0.488858 0.588043 0.489903 0.58913 0.495125 0.588043 0.501393 0.5913039999999999 0.510794 0.5913039999999999 0.512883 0.58587 0.512883 0.579348 0.511838 0.576087 0.509401 0.572826 0.50766 0.565217 0.507312 0.5478259999999999 0.506616 0.544565 0.505919 0.521739 0.505223 0.516304 0.504178 0.492391 0.502437 0.490217 0.5 0.490217 0.49895500000000004 0.492391 0.497563 0.517391 0.495822 0.522826 0.494081 0.568478
3 0.568245 0.5054350000000001 0.571031 0.507609 0.582869 0.506522 0.582869 0.496739 0.581476 0.49565200000000004 0.5807800000000001 0.492391 0.577646 0.44239100000000003 0.575557 0.44239100000000003 0.571031 0.49347799999999997 0.570334 0.49565200000000004 0.568245 0.496739 0.568245 0.5054350000000001
3 0.610724 0.457609 0.621518 0.457609 0.62117 0.45108699999999996 0.620125 0.45 0.619429 0.446739 0.61734 0.411957 0.615599 0.411957 0.61351 0.446739 0.6128129999999999 0.45 0.610724 0.45108699999999996 0.610724 0.457609
3 0.639276 0.430435 0.647284 0.430435 0.6462399999999999 0.42391300000000004 0.6444989999999999 0.395652 0.6427579999999999 0.395652 0.641365 0.422826 0.640669 0.42717400000000005 0.639276 0.42717400000000005 0.639276 0.430435
3 0.325905 0.340217 0.323816 0.356522 0.328691 0.356522 0.327298 0.340217 0.325905 0.340217
3 0.391713 0.342391 0.389972 0.359783 0.39415 0.359783 0.393106 0.342391 0.391713 0.342391
3 0.42548700000000006 0.36739099999999997 0.424443 0.347826 0.422702 0.347826 0.422354 0.358696 0.42130900000000004 0.36413 0.42130900000000004 0.36739099999999997 0.42548700000000006 0.36739099999999997
1 0.44603099999999996 0.344565 0.44463800000000003 0.344565 0.44428999999999996 0.355435 0.443593 0.359783 0.447075 0.359783 0.44603099999999996 0.344565
3 0.467618 0.375 0.466922 0.373913 0.466226 0.355435 0.464485 0.355435 0.463788 0.36956500000000003 0.462744 0.377174 0.467618 0.377174 0.467618 0.375
1 0.470404 0.343478 0.46901099999999996 0.343478 0.46796699999999997 0.353261 0.46796699999999997 0.358696 0.4711 0.358696 0.470404 0.343478
1 0.491643 0.352174 0.49025100000000005 0.36956500000000003 0.49442899999999995 0.36956500000000003 0.49303600000000003 0.352174 0.491643 0.352174
1 0.517409 0.35108700000000004 0.516365 0.366304 0.5198470000000001 0.366304 0.51915 0.352174 0.517409 0.35108700000000004
3 0.537604 0.390217 0.536212 0.366304 0.534471 0.366304 0.533426 0.38587 0.532382 0.388043 0.532382 0.390217 0.537604 0.390217
1 0.55571 0.376087 0.5553619999999999 0.36086999999999997 0.5536209999999999 0.36086999999999997 0.5518799999999999 0.38152200000000003 0.556407 0.38152200000000003 0.556407 0.378261 0.55571 0.376087
1 0.5766020000000001 0.357609 0.575557 0.375 0.578691 0.375 0.578343 0.357609 0.5766020000000001 0.357609
3 0.602716 0.356522 0.601323 0.373913 0.6051529999999999 0.373913 0.604109 0.356522 0.602716 0.356522
3 0.612465 0.40108699999999997 0.612465 0.396739 0.611421 0.391304 0.610724 0.375 0.608983 0.375 0.607591 0.395652 0.606546 0.397826 0.606546 0.40108699999999997 0.612465 0.40108699999999997
1 0.620822 0.38152200000000003 0.620474 0.36956500000000003 0.619081 0.36956500000000003 0.618384 0.383696 0.61734 0.391304 0.621866 0.391304 0.620822 0.38152200000000003
1 0.632312 0.383696 0.631267 0.365217 0.629526 0.365217 0.629178 0.378261 0.6277860000000001 0.38152200000000003 0.6277860000000001 0.383696 0.632312 0.383696
3 0.6793180000000001 0.41304299999999994 0.677577 0.38913000000000003 0.676184 0.38913000000000003 0.6751389999999999 0.409783 0.6733979999999999 0.417391 0.68071 0.417391 0.6793180000000001 0.41304299999999994
3 0.6786209999999999 0.36956500000000003 0.678273 0.36739099999999997 0.676532 0.36739099999999997 0.675836 0.375 0.675836 0.383696 0.678969 0.383696 0.6786209999999999 0.36956500000000003
1 0.693245 0.40217400000000003 0.692549 0.396739 0.6922010000000001 0.379348 0.690111 0.379348 0.689415 0.396739 0.68837 0.4 0.68837 0.40217400000000003 0.693245 0.40217400000000003
1 0.704387 0.393478 0.703343 0.373913 0.7016020000000001 0.373913 0.700905 0.388043 0.6998610000000001 0.391304 0.6998610000000001 0.393478 0.704387 0.393478
1 0.758008 0.383696 0.756267 0.383696 0.754875 0.403261 0.758357 0.403261 0.758357 0.38587 0.758008 0.383696
1 0.8440110000000001 0.5663039999999999 0.841922 0.568478 0.8502789999999999 0.578261 0.867688 0.578261 0.868036 0.573913 0.866643 0.573913 0.864554 0.565217 0.861421 0.56413 0.8610720000000001 0.557609 0.860028 0.554348 0.857591 0.49565200000000004 0.8568939999999999 0.49347799999999997 0.853412 0.49347799999999997 0.848189 0.5586960000000001 0.847493 0.561957 0.844708 0.563043 0.8440110000000001 0.5663039999999999
1 0.80571 0.5 0.80571 0.503261 0.8098890000000001 0.506522 0.822423 0.506522 0.8203340000000001 0.5 0.8182449999999999 0.496739 0.815808 0.45 0.812674 0.45 0.8095399999999999 0.492391 0.8084960000000001 0.496739 0.8064069999999999 0.497826 0.80571 0.5
1 0.8032730000000001 0.46413000000000004 0.8032730000000001 0.468478 0.803969 0.46956499999999995 0.810933 0.46956499999999995 0.810933 0.448913 0.8098890000000001 0.426087 0.807451 0.426087 0.805362 0.459783 0.8046659999999999 0.463043 0.8032730000000001 0.46413000000000004
1 0.796309 0.44565200000000005 0.8046659999999999 0.446739 0.8046659999999999 0.444565 0.8032730000000001 0.441304 0.80188 0.41304299999999994 0.799791 0.41304299999999994 0.7983979999999999 0.43695700000000004 0.797354 0.441304 0.796309 0.44239100000000003 0.796309 0.44565200000000005
1 0.902507 0.43804299999999996 0.902507 0.43478300000000003 0.9014620000000001 0.431522 0.9004179999999999 0.40869600000000006 0.898329 0.40869600000000006 0.897284 0.43260899999999997 0.895891 0.43478300000000003 0.895195 0.43804299999999996 0.902507 0.43804299999999996
1 0.9467269999999999 0.46195700000000006 0.950905 0.46195700000000006 0.950905 0.426087 0.949164 0.426087 0.947772 0.452174 0.9467269999999999 0.457609 0.9467269999999999 0.46195700000000006
3 0.891713 0.392391 0.8896240000000001 0.41304299999999994 0.8948470000000001 0.41304299999999994 0.893454 0.392391 0.891713 0.392391
1 0.763928 0.40217400000000003 0.763579 0.391304 0.7621870000000001 0.391304 0.76149 0.403261 0.759749 0.415217 0.76532 0.415217 0.763928 0.40217400000000003
1 0.937674 0.715217 0.935585 0.71413 0.9327989999999999 0.717391 0.9314069999999999 0.722826 0.9300140000000001 0.723913 0.930362 0.729348 0.9362809999999999 0.743478 0.9404600000000001 0.7445649999999999 0.94429 0.747826 0.950905 0.747826 0.950905 0.603261 0.9495129999999999 0.603261 0.9484680000000001 0.606522 0.9383699999999999 0.713043 0.937674 0.715217
3 0.268106 0.365217 0.271588 0.365217 0.271588 0.361957 0.269847 0.357609 0.26949900000000004 0.340217 0.267409 0.340217 0.266017 0.353261 0.266017 0.359783 0.267409 0.359783 0.268106 0.365217
3 0.264276 0.370652 0.264624 0.34565199999999996 0.262535 0.34565199999999996 0.261142 0.36413 0.259401 0.371739 0.264276 0.370652