3 0.323816 0.6586960000000001 0.320334 0.661957 0.319986 0.66413 0.338788 0.673913 0.34609999999999996 0.673913 0.362117 0.66087 0.361421 0.6586960000000001 0.356546 0.655435 0.354805 0.646739 0.350627 0.641304 0.34401099999999996 0.534783 0.339485 0.5336960000000001 0.337396 0.53587 0.330432 0.640217 0.329387 0.6445649999999999 0.325557 0.647826 0.323816 0.6586960000000001
3 0.24686599999999997 0.5 0.260446 0.501087 0.264624 0.49891300000000005 0.264624 0.490217 0.261838 0.48586999999999997 0.261142 0.48260899999999995 0.258008 0.426087 0.254526 0.426087 0.25 0.484783 0.24930400000000003 0.48804299999999995 0.24686599999999997 0.49130399999999996 0.24686599999999997 0.5
3 0.295265 0.396739 0.295265 0.393478 0.293872 0.388043 0.29213100000000003 0.361957 0.29039000000000004 0.361957 0.288649 0.38913000000000003 0.287256 0.393478 0.287256 0.396739 0.295265 0.396739
3 0.353064 0.379348 0.35167099999999996 0.36956500000000003 0.350975 0.352174 0.349582 0.352174 0.34818899999999997 0.371739 0.346797 0.376087 0.346797 0.379348 0.353064 0.379348
1 0.509401 0.48695700000000003 0.508357 0.48695700000000003 0.508008 0.48913 0.512883 0.49130399999999996 0.522632 0.49130399999999996 0.5271589999999999 0.48913 0.5254179999999999 0.484783 0.5254179999999999 0.48260899999999995 0.523677 0.481522 0.522632 0.47717400000000004 0.5194989999999999 0.426087 0.516713 0.426087 0.513231 0.476087 0.5121870000000001 0.48043500000000006 0.5104460000000001 0.481522 0.509401 0.48695700000000003
1 0.45020899999999997 0.43913 0.46135099999999996 0.43913 0.461003 0.433696 0.45960999999999996 0.43260899999999997 0.45891400000000004 0.428261 0.456825 0.393478 0.454387 0.393478 0.45194999999999996 0.428261 0.451253 0.431522 0.45020899999999997 0.43260899999999997 0.45020899999999997 0.43913
1 0.43802199999999997 0.409783 0.446727 0.409783 0.446727 0.40543500000000005 0.445334 0.40108699999999997 0.443593 0.373913 0.441852 0.373913 0.439763 0.40108699999999997 0.439067 0.404348 0.43802199999999997 0.40543500000000005 0.43802199999999997 0.409783
3 0.42305000000000004 0.36847799999999997 0.422354 0.36739099999999997 0.421657 0.348913 0.419916 0.348913 0.41922 0.363043 0.41782700000000006 0.370652 0.42305000000000004 0.370652 0.42305000000000004 0.36847799999999997
1 0.464136 0.392391 0.464136 0.390217 0.462744 0.386957 0.461699 0.363043 0.459958 0.363043 0.458565 0.384783 0.45717299999999994 0.38913000000000003 0.45717299999999994 0.392391 0.464136 0.392391
3 0.488858 0.346739 0.48781299999999994 0.346739 0.48607199999999995 0.36739099999999997 0.490599 0.36739099999999997 0.48955399999999993 0.359783 0.488858 0.346739
1 0.506616 0.383696 0.505571 0.375 0.504875 0.358696 0.503482 0.358696 0.502437 0.376087 0.501045 0.38043499999999997 0.501045 0.383696 0.506616 0.383696
3 0.549443 0.36847799999999997 0.5483979999999999 0.359783 0.54805 0.35 0.547006 0.35 0.546309 0.363043 0.545265 0.365217 0.545265 0.36847799999999997 0.549443 0.36847799999999997
1 0.5560579999999999 0.38260900000000003 0.5560579999999999 0.379348 0.555014 0.375 0.553969 0.357609 0.552925 0.357609 0.5518799999999999 0.373913 0.550836 0.378261 0.550836 0.38152200000000003 0.5560579999999999 0.38260900000000003
1 0.598886 0.371739 0.598189 0.357609 0.597145 0.357609 0.596448 0.371739 0.595056 0.379348 0.600975 0.379348 0.598886 0.371739
3 0.621866 0.355435 0.620474 0.372826 0.624304 0.372826 0.622911 0.355435 0.621866 0.355435
1 0.651114 0.42934799999999995 0.651114 0.426087 0.649373 0.421739 0.647632 0.390217 0.645543 0.390217 0.643802 0.421739 0.641713 0.42717400000000005 0.641713 0.42934799999999995 0.651114 0.42934799999999995
1 0.668175 0.411957 0.668175 0.407609 0.666783 0.40543500000000005 0.6657379999999999 0.379348 0.663649 0.379348 0.661908 0.40543500000000005 0.660515 0.407609 0.660515 0.411957 0.668175 0.411957
1 0.676184 0.377174 0.675836 0.36413 0.674443 0.36413 0.673747 0.378261 0.672006 0.386957 0.677228 0.386957 0.676184 0.377174
3 0.710655 0.376087 0.709958 0.36413 0.708565 0.36413 0.708217 0.375 0.7071729999999999 0.38260900000000003 0.7116990000000001 0.38260900000000003 0.710655 0.376087
1 0.733983 0.40543500000000005 0.732591 0.396739 0.731198 0.376087 0.729805 0.376087 0.728064 0.39891299999999996 0.726671 0.40108699999999997 0.726671 0.40543500000000005 0.733983 0.40543500000000005
1 0.6521589999999999 0.571739 0.651462 0.573913 0.649373 0.575 0.649025 0.5771740000000001 0.662953 0.583696 0.672354 0.583696 0.678273 0.578261 0.677577 0.576087 0.675836 0.575 0.674095 0.567391 0.671309 0.5663039999999999 0.670613 0.56413 0.666086 0.483696 0.661908 0.483696 0.656337 0.559783 0.6556409999999999 0.563043 0.6525070000000001 0.5663039999999999 0.6521589999999999 0.571739
1 0.705432 0.457609 0.705084 0.46087 0.719011 0.46195700000000006 0.718315 0.456522 0.71727 0.45543500000000003 0.716226 0.45108699999999996 0.713788 0.411957 0.711351 0.411957 0.708914 0.45108699999999996 0.708217 0.454348 0.706825 0.454348 0.705432 0.457609
1 0.7677579999999999 0.396739 0.766713 0.390217 0.766017 0.373913 0.764624 0.373913 0.763579 0.390217 0.7621870000000001 0.394565 0.7621870000000001 0.396739 0.7677579999999999 0.396739
1 0.835655 0.507609 0.8443590000000001 0.5108699999999999 0.855501 0.509783 0.854805 0.503261 0.852019 0.501087 0.850975 0.496739 0.8478410000000001 0.44565200000000005 0.8443590000000001 0.44565200000000005 0.8405290000000001 0.494565 0.8398329999999999 0.497826 0.837744 0.49891300000000005 0.835655 0.507609
3 0.8133699999999999 0.43587 0.8133699999999999 0.43260899999999997 0.8116300000000001 0.42934799999999995 0.8095399999999999 0.40108699999999997 0.807451 0.40108699999999997 0.80571 0.430435 0.804318 0.43260899999999997 0.804318 0.43587 0.8133699999999999 0.43587
1 0.831476 0.407609 0.831128 0.384783 0.829387 0.384783 0.827994 0.404348 0.826602 0.41086999999999996 0.8325210000000001 0.41086999999999996 0.831476 0.407609
1 0.8621169999999999 0.40108699999999997 0.861421 0.384783 0.860028 0.384783 0.8586349999999999 0.40217400000000003 0.857591 0.40869600000000006 0.86351 0.40869600000000006 0.8621169999999999 0.40108699999999997
3 0.8708220000000001 0.428261 0.868384 0.393478 0.866643 0.393478 0.864903 0.41956499999999997 0.86351 0.42391300000000004 0.86351 0.42717400000000005 0.8708220000000001 0.428261
3 0.9380219999999999 0.46956499999999995 0.950905 0.470652 0.950905 0.465217 0.949861 0.46413000000000004 0.9488160000000001 0.45869600000000005 0.946031 0.421739 0.9432449999999999 0.421739 0.9404600000000001 0.457609 0.9397629999999999 0.46087 0.9380219999999999 0.463043 0.9380219999999999 0.46956499999999995
3 0.889972 0.388043 0.8878830000000001 0.407609 0.892409 0.407609 0.8913650000000001 0.388043 0.889972 0.388043
1 0.947423 0.41956499999999997 0.947423 0.415217 0.9467269999999999 0.41413 0.9453340000000001 0.395652 0.9432449999999999 0.394565 0.942549 0.41086999999999996 0.9415039999999999 0.41630399999999995 0.9415039999999999 0.41956499999999997 0.947423 0.41956499999999997
1 0.939067 0.418478 0.9380219999999999 0.4 0.9362809999999999 0.4 0.9345399999999999 0.420652 0.9331480000000001 0.426087 0.9415039999999999 0.426087 0.939067 0.418478
3 0.268106 0.42391300000000004 0.267409 0.420652 0.264972 0.383696 0.262883 0.383696 0.25905300000000003 0.430435 0.26915 0.430435 0.26915 0.425 0.268106 0.42391300000000004