3 0.106894 0.578261 0.10585 0.5913039999999999 0.133357 0.590217 0.133357 0.573913 0.131616 0.571739 0.129526 0.571739 0.12883 0.568478 0.12325900000000001 0.48695700000000003 0.122214 0.484783 0.11908099999999999 0.484783 0.118384 0.48586999999999997 0.11142099999999999 0.570652 0.10968 0.576087 0.106894 0.578261
1 0.10410900000000001 0.42934799999999995 0.112117 0.42934799999999995 0.112117 0.42391300000000004 0.110724 0.41956499999999997 0.109331 0.393478 0.106894 0.393478 0.10585 0.417391 0.10515300000000001 0.42391300000000004 0.10410900000000001 0.426087 0.10410900000000001 0.42934799999999995
1 0.061280999999999995 0.41956499999999997 0.06163 0.415217 0.060933 0.415217 0.059889000000000005 0.41086999999999996 0.058496000000000006 0.390217 0.056058 0.390217 0.054666000000000006 0.409783 0.052925 0.41630399999999995 0.052925 0.418478 0.061280999999999995 0.41956499999999997
1 0.171657 0.411957 0.171657 0.407609 0.170613 0.40543500000000005 0.169916 0.38587 0.167827 0.38587 0.167131 0.40543500000000005 0.16538999999999998 0.409783 0.16538999999999998 0.411957 0.171657 0.411957
3 0.209958 0.43913 0.212047 0.43695700000000004 0.212047 0.43478300000000003 0.20961 0.431522 0.207521 0.397826 0.205084 0.397826 0.203343 0.431522 0.201602 0.43587 0.201602 0.43913 0.209958 0.43913
1 0.23050099999999998 0.422826 0.23050099999999998 0.41956499999999997 0.22945700000000002 0.417391 0.228064 0.393478 0.22771599999999997 0.391304 0.22597499999999998 0.391304 0.224234 0.41304299999999994 0.22284099999999998 0.41956499999999997 0.22284099999999998 0.422826 0.23050099999999998 0.422826
3 0.236421 0.490217 0.23468 0.494565 0.253482 0.494565 0.254178 0.49347799999999997 0.254178 0.49130399999999996 0.252786 0.48804299999999995 0.25243699999999997 0.484783 0.251045 0.483696 0.25 0.479348 0.24651800000000001 0.428261 0.24373300000000003 0.428261 0.240251 0.48043500000000006 0.23920599999999997 0.484783 0.236769 0.48695700000000003 0.236421 0.490217
3 0.285167 0.45543500000000003 0.299095 0.45543500000000003 0.299095 0.45 0.297006 0.446739 0.296309 0.44239100000000003 0.293872 0.40543500000000005 0.291435 0.40543500000000005 0.288997 0.44565200000000005 0.287604 0.448913 0.286212 0.448913 0.285167 0.45543500000000003
1 0.266365 0.407609 0.264972 0.4 0.264276 0.383696 0.262535 0.383696 0.261838 0.40217400000000003 0.260794 0.404348 0.260794 0.407609 0.266365 0.407609
1 0.32694999999999996 0.420652 0.32694999999999996 0.418478 0.325557 0.41630399999999995 0.324861 0.411957 0.323816 0.38913000000000003 0.322075 0.38913000000000003 0.320682 0.41413 0.31928999999999996 0.418478 0.31928999999999996 0.420652 0.32694999999999996 0.420652
1 0.355153 0.396739 0.354109 0.38152200000000003 0.352716 0.38152200000000003 0.350627 0.404348 0.356198 0.404348 0.356198 0.40108699999999997 0.355153 0.396739
1 0.41260399999999997 0.428261 0.41260399999999997 0.42391300000000004 0.41190800000000005 0.42391300000000004 0.410864 0.41956499999999997 0.40947100000000003 0.392391 0.407382 0.392391 0.405641 0.421739 0.40424800000000005 0.425 0.40424800000000005 0.428261 0.41260399999999997 0.428261
1 0.43245100000000003 0.394565 0.431407 0.379348 0.429666 0.379348 0.42896900000000004 0.4 0.428273 0.404348 0.433844 0.404348 0.43245100000000003 0.394565
1 0.46135099999999996 0.453261 0.471797 0.453261 0.471797 0.448913 0.47075199999999995 0.44782599999999995 0.469359 0.441304 0.467618 0.40869600000000006 0.465181 0.40869600000000006 0.46344 0.44239100000000003 0.46239600000000003 0.446739 0.46135099999999996 0.44782599999999995 0.46135099999999996 0.453261
1 0.488858 0.5 0.487117 0.503261 0.48955399999999993 0.5054350000000001 0.50766 0.5054350000000001 0.506964 0.503261 0.505919 0.503261 0.505223 0.49891300000000005 0.502437 0.49565200000000004 0.49860699999999997 0.43804299999999996 0.495822 0.43804299999999996 0.49199200000000004 0.492391 0.490599 0.49565200000000004 0.488858 0.49565200000000004 0.488858 0.5
1 0.49860699999999997 0.406522 0.49860699999999997 0.403261 0.497563 0.40108699999999997 0.496518 0.38043499999999997 0.494777 0.38043499999999997 0.49373300000000003 0.397826 0.49234 0.404348 0.49373300000000003 0.406522 0.49860699999999997 0.406522
1 0.5619780000000001 0.38260900000000003 0.56163 0.38043499999999997 0.5595399999999999 0.38043499999999997 0.558844 0.396739 0.557451 0.406522 0.562326 0.406522 0.5619780000000001 0.38260900000000003
1 0.568245 0.411957 0.566852 0.407609 0.565808 0.384783 0.5637190000000001 0.384783 0.5630219999999999 0.404348 0.5612809999999999 0.415217 0.568245 0.41630399999999995 0.568245 0.411957
1 0.596448 0.43695700000000004 0.596448 0.43260899999999997 0.595056 0.431522 0.594011 0.426087 0.592967 0.396739 0.5901810000000001 0.396739 0.5884400000000001 0.42934799999999995 0.586351 0.433696 0.586351 0.43695700000000004 0.596448 0.43695700000000004
1 0.5748610000000001 0.628261 0.573468 0.633696 0.571727 0.633696 0.571727 0.6358699999999999 0.580084 0.647826 0.593315 0.647826 0.604457 0.645652 0.6037600000000001 0.6304350000000001 0.598538 0.625 0.597145 0.620652 0.5919220000000001 0.526087 0.5866990000000001 0.526087 0.580432 0.6195649999999999 0.579387 0.623913 0.5766020000000001 0.625 0.5748610000000001 0.628261
1 0.660515 0.47391300000000003 0.663649 0.476087 0.6754870000000001 0.476087 0.6754870000000001 0.47282599999999997 0.674095 0.468478 0.671657 0.465217 0.6692199999999999 0.41956499999999997 0.666086 0.41956499999999997 0.663649 0.463043 0.662604 0.467391 0.660515 0.470652 0.660515 0.47391300000000003
3 0.6869780000000001 0.404348 0.6869780000000001 0.40108699999999997 0.6862809999999999 0.4 0.685237 0.38043499999999997 0.684889 0.378261 0.683148 0.378261 0.681755 0.4 0.6803619999999999 0.40217400000000003 0.6803619999999999 0.404348 0.6869780000000001 0.404348
3 0.7148329999999999 0.421739 0.720752 0.421739 0.720752 0.417391 0.7193590000000001 0.41304299999999994 0.718315 0.38913000000000003 0.715877 0.38913000000000003 0.714485 0.415217 0.7134400000000001 0.41630399999999995 0.713092 0.41956499999999997 0.7148329999999999 0.421739
3 0.8130219999999999 0.45543500000000003 0.8130219999999999 0.453261 0.810585 0.446739 0.8081480000000001 0.40869600000000006 0.805362 0.40869600000000006 0.8032730000000001 0.446739 0.8011839999999999 0.45108699999999996 0.8011839999999999 0.454348 0.8130219999999999 0.45543500000000003
1 0.827646 0.5380429999999999 0.8478410000000001 0.53913 0.8478410000000001 0.531522 0.8443590000000001 0.528261 0.8433149999999999 0.5239130000000001 0.8398329999999999 0.46087 0.835655 0.459783 0.831128 0.521739 0.8304320000000001 0.526087 0.827646 0.528261 0.827646 0.5380429999999999