3 0.206128 0.603261 0.205432 0.618478 0.23363499999999998 0.617391 0.23433099999999998 0.613043 0.23433099999999998 0.597826 0.23363499999999998 0.5956520000000001 0.23119800000000001 0.594565 0.22980499999999998 0.5913039999999999 0.22284099999999998 0.5 0.217618 0.5 0.21065499999999998 0.594565 0.209958 0.597826 0.207173 0.6 0.206128 0.603261
3 0.35550099999999996 0.476087 0.354109 0.479348 0.370822 0.478261 0.371518 0.47717400000000004 0.370822 0.470652 0.36873300000000003 0.46956499999999995 0.368036 0.46630399999999994 0.364554 0.41630399999999995 0.361769 0.41630399999999995 0.358287 0.467391 0.357591 0.470652 0.35550099999999996 0.471739 0.35550099999999996 0.476087
0 0.106894 0.361957 0.106894 0.358696 0.10585 0.356522 0.104805 0.33587 0.104457 0.333696 0.103064 0.333696 0.10132300000000001 0.355435 0.09992999999999999 0.359783 0.09992999999999999 0.361957 0.106894 0.361957
0 0.184192 0.354348 0.184192 0.35108700000000004 0.182799 0.346739 0.182103 0.330435 0.18070999999999998 0.330435 0.180014 0.34565199999999996 0.178969 0.35108700000000004 0.178969 0.354348 0.184192 0.354348
0 0.263231 0.35108700000000004 0.262187 0.344565 0.26149 0.331522 0.26009699999999997 0.331522 0.259401 0.344565 0.258008 0.348913 0.258008 0.35108700000000004 0.263231 0.35108700000000004
3 0.487117 0.42934799999999995 0.487117 0.42391300000000004 0.486421 0.42391300000000004 0.48537600000000003 0.41956499999999997 0.48328699999999997 0.386957 0.481546 0.386957 0.47876 0.420652 0.477019 0.42391300000000004 0.477019 0.42934799999999995 0.487117 0.42934799999999995
3 0.595056 0.40869600000000006 0.595056 0.406522 0.593663 0.403261 0.59227 0.376087 0.590877 0.376087 0.588788 0.403261 0.587396 0.40543500000000005 0.587396 0.40869600000000006 0.595056 0.40869600000000006
1 0.6768799999999999 0.661957 0.675836 0.6673910000000001 0.674443 0.668478 0.674443 0.670652 0.681755 0.686957 0.712744 0.686957 0.708217 0.676087 0.708565 0.6673910000000001 0.703691 0.659783 0.702646 0.655435 0.697075 0.552174 0.696031 0.55 0.689763 0.55 0.682451 0.6543479999999999 0.681755 0.657609 0.678969 0.6586960000000001 0.6768799999999999 0.661957
1 0.628134 0.517391 0.626045 0.520652 0.631267 0.525 0.648677 0.525 0.648677 0.522826 0.647284 0.5195649999999999 0.646936 0.516304 0.64415 0.5130429999999999 0.642409 0.508696 0.639276 0.448913 0.63649 0.448913 0.631616 0.508696 0.630919 0.511957 0.628482 0.5130429999999999 0.628134 0.517391
1 0.668872 0.459783 0.666086 0.45543500000000003 0.665042 0.45108699999999996 0.662604 0.409783 0.6601670000000001 0.409783 0.657382 0.45108699999999996 0.6538999999999999 0.46195700000000006 0.6692199999999999 0.46195700000000006 0.668872 0.459783
3 0.6904600000000001 0.40108699999999997 0.689067 0.393478 0.6880219999999999 0.371739 0.68663 0.371739 0.684889 0.396739 0.683148 0.39891299999999996 0.683148 0.40108699999999997 0.6904600000000001 0.40108699999999997
1 0.7301529999999999 0.43913 0.7301529999999999 0.43478300000000003 0.7287600000000001 0.43260899999999997 0.727716 0.42717400000000005 0.726323 0.395652 0.724234 0.395652 0.721797 0.430435 0.720404 0.43260899999999997 0.720404 0.43913 0.7301529999999999 0.43913
3 0.7729809999999999 0.397826 0.7712399999999999 0.386957 0.770195 0.371739 0.768802 0.371739 0.7677579999999999 0.393478 0.766713 0.394565 0.766365 0.397826 0.7729809999999999 0.397826
1 0.802228 0.430435 0.802228 0.425 0.8011839999999999 0.422826 0.799443 0.393478 0.799095 0.391304 0.797354 0.391304 0.795265 0.41956499999999997 0.793872 0.425 0.793872 0.430435 0.802228 0.430435
1 0.867688 0.422826 0.867688 0.41956499999999997 0.866295 0.417391 0.8655989999999999 0.41304299999999994 0.864206 0.38913000000000003 0.861769 0.38913000000000003 0.8603759999999999 0.41630399999999995 0.8586349999999999 0.420652 0.8586349999999999 0.422826 0.867688 0.422826
3 0.8889279999999999 0.40869600000000006 0.8889279999999999 0.404348 0.888231 0.403261 0.88649 0.38260900000000003 0.8844010000000001 0.38260900000000003 0.883705 0.40108699999999997 0.882312 0.404348 0.882312 0.40869600000000006 0.8889279999999999 0.40869600000000006