3 0.26149 0.734783 0.257312 0.741304 0.25383 0.75 0.253482 0.759783 0.252786 0.761957 0.24512499999999998 0.7695649999999999 0.24512499999999998 0.771739 0.274025 0.780435 0.28098900000000004 0.780435 0.30188000000000004 0.751087 0.300487 0.748913 0.29596100000000003 0.747826 0.295265 0.740217 0.286212 0.734783 0.277507 0.6010869999999999 0.276114 0.598913 0.27124000000000004 0.598913 0.268802 0.604348 0.26149 0.734783
3 0.49965200000000004 0.543478 0.5198470000000001 0.543478 0.5198470000000001 0.540217 0.518802 0.5380429999999999 0.518454 0.531522 0.516017 0.5293479999999999 0.51532 0.526087 0.51149 0.46087 0.50766 0.46087 0.503134 0.525 0.502437 0.528261 0.49965200000000004 0.531522 0.49965200000000004 0.543478
3 0.513579 0.467391 0.525766 0.467391 0.525766 0.459783 0.52507 0.459783 0.524025 0.45543500000000003 0.521588 0.41413 0.518454 0.41413 0.516017 0.45543500000000003 0.514972 0.459783 0.513579 0.46087 0.513579 0.467391
3 0.506616 0.411957 0.506616 0.40869600000000006 0.505571 0.407609 0.504875 0.404348 0.503482 0.38043499999999997 0.501393 0.38043499999999997 0.5 0.40543500000000005 0.49860699999999997 0.407609 0.49860699999999997 0.411957 0.506616 0.411957
3 0.544568 0.383696 0.543872 0.38260900000000003 0.543175 0.36413 0.541435 0.36413 0.5407379999999999 0.378261 0.539694 0.38587 0.544568 0.38587 0.544568 0.383696
3 0.594708 0.363043 0.592618 0.363043 0.591574 0.38260900000000003 0.5961000000000001 0.38260900000000003 0.595056 0.375 0.594708 0.363043
1 0.618384 0.396739 0.618384 0.394565 0.617688 0.393478 0.616643 0.371739 0.614206 0.371739 0.613162 0.391304 0.612117 0.393478 0.612117 0.396739 0.618384 0.396739
1 0.623259 0.411957 0.630571 0.411957 0.630571 0.407609 0.629875 0.407609 0.629178 0.404348 0.628134 0.38260900000000003 0.626045 0.38260900000000003 0.625 0.403261 0.624304 0.406522 0.623259 0.407609 0.623259 0.411957
3 0.645543 0.363043 0.643802 0.363043 0.6431060000000001 0.375 0.642061 0.38152200000000003 0.646588 0.38152200000000003 0.645543 0.363043
1 0.671657 0.393478 0.670265 0.36956500000000003 0.668524 0.36956500000000003 0.667131 0.386957 0.666086 0.390217 0.666086 0.393478 0.671657 0.393478
1 0.661908 0.43260899999999997 0.671309 0.43260899999999997 0.671309 0.42934799999999995 0.669568 0.42391300000000004 0.668175 0.394565 0.6657379999999999 0.394565 0.663997 0.42391300000000004 0.6633009999999999 0.42717400000000005 0.661908 0.428261 0.661908 0.43260899999999997
3 0.700557 0.36413 0.698816 0.36413 0.697423 0.38260900000000003 0.70195 0.38260900000000003 0.700905 0.375 0.700557 0.36413
1 0.705084 0.456522 0.7040390000000001 0.457609 0.7040390000000001 0.46195700000000006 0.718315 0.46195700000000006 0.7169220000000001 0.457609 0.7169220000000001 0.45543500000000003 0.7148329999999999 0.453261 0.712396 0.41413 0.709958 0.41413 0.7075210000000001 0.45 0.706825 0.453261 0.705084 0.454348 0.705084 0.456522
1 0.7378129999999999 0.38913000000000003 0.736769 0.372826 0.735028 0.372826 0.733287 0.394565 0.738858 0.394565 0.738858 0.392391 0.7378129999999999 0.38913000000000003
3 0.770195 0.386957 0.76915 0.366304 0.767409 0.366304 0.766713 0.379348 0.765669 0.383696 0.765669 0.386957 0.770195 0.386957
1 0.8004870000000001 0.378261 0.798747 0.40108699999999997 0.804318 0.40108699999999997 0.802228 0.378261 0.8004870000000001 0.378261
1 0.862813 0.40869600000000006 0.861421 0.40108699999999997 0.8603759999999999 0.38152200000000003 0.858287 0.38152200000000003 0.857242 0.40217400000000003 0.85585 0.406522 0.85585 0.40869600000000006 0.862813 0.40869600000000006
3 0.8722139999999999 0.373913 0.870474 0.372826 0.869777 0.386957 0.868733 0.393478 0.8739549999999999 0.393478 0.8722139999999999 0.373913
1 0.915042 0.430435 0.915042 0.42717400000000005 0.913301 0.425 0.912604 0.421739 0.9108639999999999 0.397826 0.908078 0.396739 0.9066850000000001 0.421739 0.905292 0.426087 0.905292 0.430435 0.915042 0.430435
3 0.942549 0.406522 0.942549 0.403261 0.9415039999999999 0.40108699999999997 0.9401109999999999 0.38043499999999997 0.9380219999999999 0.38043499999999997 0.9369780000000001 0.397826 0.935585 0.40217400000000003 0.935585 0.40543500000000005 0.942549 0.406522
1 0.773329 0.526087 0.773329 0.5293479999999999 0.775766 0.534783 0.793524 0.53587 0.7924789999999999 0.532609 0.792131 0.527174 0.791435 0.525 0.789694 0.5239130000000001 0.788997 0.5195649999999999 0.7865599999999999 0.46195700000000006 0.78273 0.46087 0.7775070000000001 0.518478 0.776114 0.521739 0.774721 0.521739 0.773329 0.526087
1 0.8478410000000001 0.679348 0.8478410000000001 0.698913 0.8485379999999999 0.701087 0.8760450000000001 0.71087 0.881964 0.71087 0.881964 0.68913 0.8777860000000001 0.68587 0.876393 0.6836960000000001 0.8756959999999999 0.679348 0.869429 0.571739 0.863162 0.571739 0.854805 0.6728259999999999 0.854109 0.675 0.84993 0.676087 0.8478410000000001 0.679348
3 0.517061 0.42934799999999995 0.514624 0.391304 0.512535 0.391304 0.511142 0.418478 0.509053 0.425 0.509053 0.42934799999999995 0.517061 0.42934799999999995
3 0.500348 0.392391 0.49965200000000004 0.370652 0.49930399999999997 0.36847799999999997 0.49791100000000005 0.36847799999999997 0.496866 0.38913000000000003 0.495822 0.390217 0.495822 0.392391 0.500348 0.392391