3 0.06545999999999999 0.522826 0.06337000000000001 0.520652 0.06163 0.5130429999999999 0.05954 0.511957 0.058148 0.508696 0.052577 0.43260899999999997 0.048747 0.43260899999999997 0.048747 0.528261 0.060933 0.528261 0.06545999999999999 0.526087 0.06545999999999999 0.522826
3 0.168524 0.8195650000000001 0.166783 0.8391299999999999 0.166783 0.846739 0.199513 0.846739 0.199164 0.834783 0.187674 0.679348 0.186978 0.677174 0.182799 0.677174 0.178621 0.680435 0.177577 0.6836960000000001 0.174791 0.729348 0.174095 0.733696 0.168524 0.8195650000000001
1 0.248259 0.425 0.260446 0.425 0.260446 0.41956499999999997 0.258357 0.417391 0.25766 0.41304299999999994 0.25626699999999997 0.376087 0.252786 0.376087 0.250696 0.41304299999999994 0.24930400000000003 0.418478 0.248259 0.41956499999999997 0.248259 0.425
1 0.300487 0.36413 0.299443 0.341304 0.297354 0.341304 0.296657 0.359783 0.295265 0.36847799999999997 0.302228 0.36847799999999997 0.300487 0.36413
1 0.327298 0.393478 0.336003 0.393478 0.336351 0.390217 0.335306 0.38913000000000003 0.33460999999999996 0.384783 0.333217 0.357609 0.33077999999999996 0.357609 0.329735 0.38260900000000003 0.328691 0.388043 0.327298 0.38913000000000003 0.327298 0.393478
3 0.388579 0.45543500000000003 0.40250700000000006 0.45543500000000003 0.40250700000000006 0.448913 0.401114 0.446739 0.40007000000000004 0.441304 0.39798100000000003 0.4 0.394847 0.4 0.392061 0.44239100000000003 0.39066900000000004 0.44782599999999995 0.389276 0.448913 0.388579 0.45543500000000003
3 0.43802199999999997 0.573913 0.437674 0.580435 0.436281 0.584783 0.436281 0.5869570000000001 0.44777199999999995 0.58913 0.460306 0.58913 0.463788 0.5826089999999999 0.464136 0.579348 0.462744 0.578261 0.462047 0.572826 0.45891400000000004 0.571739 0.45786899999999997 0.569565 0.452646 0.484783 0.44812 0.484783 0.442201 0.56413 0.44046 0.570652 0.438719 0.571739 0.43802199999999997 0.573913
3 0.45786899999999997 0.409783 0.45786899999999997 0.40543500000000005 0.456476 0.40217400000000003 0.45543199999999995 0.371739 0.453343 0.371739 0.450557 0.40217400000000003 0.449164 0.40543500000000005 0.449164 0.409783 0.45786899999999997 0.409783
3 0.443593 0.386957 0.44428999999999996 0.38587 0.44428999999999996 0.38260900000000003 0.44254899999999997 0.377174 0.441504 0.357609 0.439763 0.357609 0.43837000000000004 0.38260900000000003 0.437326 0.384783 0.437326 0.386957 0.443593 0.386957
3 0.518802 0.373913 0.5181060000000001 0.356522 0.516365 0.356522 0.51532 0.373913 0.513928 0.38260900000000003 0.520195 0.38260900000000003 0.518802 0.373913
3 0.5961000000000001 0.448913 0.5961000000000001 0.44239100000000003 0.594708 0.441304 0.593663 0.43587 0.59227 0.40217400000000003 0.589485 0.40217400000000003 0.587396 0.441304 0.584958 0.443478 0.584958 0.448913 0.5961000000000001 0.448913
3 0.627437 0.422826 0.627437 0.420652 0.625 0.41304299999999994 0.623607 0.388043 0.621518 0.388043 0.620125 0.41304299999999994 0.618036 0.41956499999999997 0.618036 0.422826 0.627437 0.422826
1 0.677577 0.38913000000000003 0.676532 0.384783 0.675836 0.36956500000000003 0.674443 0.36956500000000003 0.6733979999999999 0.38587 0.672354 0.392391 0.677577 0.392391 0.677577 0.38913000000000003
1 0.749652 0.406522 0.749652 0.403261 0.748607 0.40108699999999997 0.747563 0.38043499999999997 0.745474 0.38043499999999997 0.744429 0.39891299999999996 0.743384 0.403261 0.743384 0.406522 0.749652 0.406522
1 0.812674 0.56087 0.810585 0.563043 0.810585 0.565217 0.8168519999999999 0.572826 0.836351 0.572826 0.83461 0.568478 0.833914 0.563043 0.8307800000000001 0.5586960000000001 0.829735 0.554348 0.8283429999999999 0.552174 0.826602 0.48695700000000003 0.8220750000000001 0.48695700000000003 0.8165039999999999 0.553261 0.8154600000000001 0.556522 0.8133699999999999 0.556522 0.812674 0.56087
1 0.885794 0.729348 0.885794 0.738043 0.8896240000000001 0.752174 0.9230499999999999 0.761957 0.9310579999999999 0.761957 0.9310579999999999 0.758696 0.92688 0.741304 0.920265 0.7304350000000001 0.913301 0.606522 0.910515 0.603261 0.9059889999999999 0.603261 0.8948470000000001 0.717391 0.892758 0.721739 0.887187 0.725 0.885794 0.729348
1 0.807103 0.406522 0.8060579999999999 0.39891299999999996 0.805362 0.383696 0.8032730000000001 0.383696 0.802577 0.40108699999999997 0.8015319999999999 0.403261 0.8015319999999999 0.406522 0.807103 0.406522
1 0.883008 0.4 0.881267 0.4 0.8791779999999999 0.428261 0.885794 0.428261 0.884053 0.418478 0.883008 0.4
1 0.9362809999999999 0.45108699999999996 0.9362809999999999 0.44782599999999995 0.9348890000000001 0.446739 0.934192 0.443478 0.932451 0.41630399999999995 0.930362 0.41630399999999995 0.928621 0.44239100000000003 0.927228 0.446739 0.927228 0.45108699999999996 0.9362809999999999 0.45108699999999996
3 0.653203 0.406522 0.653203 0.41086999999999996 0.661908 0.409783 0.660515 0.40217400000000003 0.6598189999999999 0.384783 0.659123 0.379348 0.657033 0.38043499999999997 0.6556409999999999 0.39891299999999996 0.6538999999999999 0.406522 0.653203 0.406522
1 0.784471 0.497826 0.794916 0.497826 0.794916 0.494565 0.7928270000000001 0.48913 0.792131 0.484783 0.789345 0.448913 0.7865599999999999 0.448913 0.784471 0.48695700000000003 0.781685 0.48913 0.781337 0.49565200000000004 0.784471 0.497826
1 0.783774 0.43695700000000004 0.783774 0.422826 0.782033 0.403261 0.779944 0.40217400000000003 0.778203 0.42934799999999995 0.7771589999999999 0.433696 0.7771589999999999 0.43695700000000004 0.783774 0.43695700000000004
1 0.783774 0.421739 0.7851670000000001 0.422826 0.7851670000000001 0.40869600000000006 0.784123 0.392391 0.782382 0.392391 0.782033 0.40217400000000003 0.78273 0.41086999999999996 0.783426 0.41413 0.783774 0.421739
1 0.780989 0.46087 0.785515 0.46087 0.785864 0.45108699999999996 0.7865599999999999 0.44782599999999995 0.789345 0.44782599999999995 0.7907379999999999 0.46087 0.7942199999999999 0.46087 0.7942199999999999 0.457609 0.791435 0.452174 0.788997 0.415217 0.786212 0.415217 0.783774 0.45 0.78273 0.454348 0.780989 0.456522 0.780989 0.46087