3 0.191156 0.548913 0.189067 0.575 0.18836999999999998 0.578261 0.18836999999999998 0.58913 0.18663000000000002 0.6141300000000001 0.18453999999999998 0.6195649999999999 0.181407 0.621739 0.18070999999999998 0.629348 0.17687999999999998 0.6380429999999999 0.177925 0.640217 0.17687999999999998 0.641304 0.177228 0.642391 0.199513 0.642391 0.20090499999999997 0.63913 0.205432 0.636957 0.208914 0.627174 0.208914 0.621739 0.207173 0.621739 0.20578 0.618478 0.204039 0.608696 0.204039 0.597826 0.203343 0.590217 0.20195 0.583696 0.20195 0.569565 0.200557 0.557609 0.200557 0.55 0.199164 0.5336960000000001 0.199164 0.525 0.19812000000000002 0.517391 0.195334 0.515217 0.192549 0.5195649999999999 0.191504 0.5336960000000001 0.191156 0.548913
1 0.062326000000000006 0.44021699999999997 0.07311999999999999 0.44021699999999997 0.07311999999999999 0.43804299999999996 0.070682 0.431522 0.069638 0.4 0.066504 0.4 0.064763 0.43260899999999997 0.063022 0.43478300000000003 0.062326000000000006 0.43695700000000004 0.062326000000000006 0.44021699999999997
1 0.059192 0.420652 0.059192 0.41630399999999995 0.058148 0.41413 0.056755 0.391304 0.054318 0.391304 0.052925 0.411957 0.05118399999999999 0.417391 0.05118399999999999 0.420652 0.059192 0.420652
1 0.194638 0.433696 0.194638 0.431522 0.192897 0.428261 0.191852 0.397826 0.189067 0.397826 0.187326 0.42934799999999995 0.186281 0.430435 0.185933 0.433696 0.194638 0.433696
1 0.174791 0.41956499999999997 0.174791 0.417391 0.173398 0.41413 0.172354 0.391304 0.169916 0.391304 0.168872 0.411957 0.167827 0.420652 0.173747 0.421739 0.174791 0.41956499999999997
3 0.167479 0.409783 0.166435 0.40543500000000005 0.165738 0.390217 0.163997 0.390217 0.162953 0.406522 0.161908 0.41304299999999994 0.167479 0.41304299999999994 0.167479 0.409783
3 0.22179700000000002 0.456522 0.232591 0.457609 0.232939 0.453261 0.23119800000000001 0.448913 0.229109 0.40869600000000006 0.227019 0.40869600000000006 0.224234 0.44782599999999995 0.22353800000000001 0.45108699999999996 0.22179700000000002 0.453261 0.22179700000000002 0.456522
1 0.275766 0.418478 0.274373 0.40869600000000006 0.27332900000000004 0.393478 0.271588 0.393478 0.270891 0.411957 0.26949900000000004 0.41630399999999995 0.26949900000000004 0.418478 0.275766 0.418478
1 0.307799 0.431522 0.306407 0.421739 0.305014 0.39891299999999996 0.303273 0.39891299999999996 0.30188000000000004 0.421739 0.29979100000000003 0.428261 0.29979100000000003 0.431522 0.307799 0.431522
3 0.37360699999999997 0.521739 0.38022300000000003 0.5239130000000001 0.389624 0.5239130000000001 0.395543 0.5195649999999999 0.393802 0.515217 0.393802 0.511957 0.39032 0.508696 0.386838 0.446739 0.383357 0.446739 0.378482 0.509783 0.376045 0.511957 0.375696 0.515217 0.37360699999999997 0.521739
1 0.416435 0.420652 0.415042 0.397826 0.412953 0.397826 0.41190800000000005 0.420652 0.41016700000000006 0.42934799999999995 0.418175 0.42934799999999995 0.416435 0.420652
3 0.448468 0.476087 0.464136 0.476087 0.464136 0.468478 0.462047 0.467391 0.46135099999999996 0.46413000000000004 0.458565 0.41956499999999997 0.45578 0.41956499999999997 0.453343 0.46413000000000004 0.452298 0.468478 0.45020899999999997 0.46956499999999995 0.448468 0.476087
1 0.461699 0.406522 0.461003 0.392391 0.45891400000000004 0.392391 0.458217 0.406522 0.45717299999999994 0.415217 0.46344 0.415217 0.461699 0.406522
1 0.506267 0.433696 0.514624 0.43478300000000003 0.514972 0.431522 0.513928 0.430435 0.512883 0.425 0.51149 0.40217400000000003 0.509401 0.40217400000000003 0.508008 0.42717400000000005 0.507312 0.430435 0.506267 0.431522 0.506267 0.433696
1 0.6037600000000001 0.446739 0.600279 0.43695700000000004 0.598886 0.407609 0.596448 0.407609 0.595404 0.43695700000000004 0.592618 0.444565 0.592618 0.446739 0.6037600000000001 0.446739
1 0.646588 0.483696 0.648329 0.48586999999999997 0.661212 0.48586999999999997 0.662256 0.483696 0.662256 0.481522 0.658774 0.475 0.656337 0.42717400000000005 0.653203 0.42717400000000005 0.6504179999999999 0.47391300000000003 0.649721 0.47717400000000004 0.646936 0.479348 0.646588 0.483696
1 0.6657379999999999 0.559783 0.662953 0.561957 0.671657 0.569565 0.68071 0.569565 0.691852 0.5663039999999999 0.691852 0.56413 0.689763 0.561957 0.687674 0.555435 0.685585 0.554348 0.684192 0.551087 0.680014 0.479348 0.676184 0.479348 0.669916 0.551087 0.6692199999999999 0.553261 0.666435 0.555435 0.6657379999999999 0.559783
1 0.6371870000000001 0.417391 0.6371870000000001 0.415217 0.6354460000000001 0.41086999999999996 0.634749 0.390217 0.632312 0.390217 0.631964 0.407609 0.629875 0.41413 0.629875 0.41630399999999995 0.6371870000000001 0.417391
1 0.8015319999999999 0.846739 0.8015319999999999 0.8380430000000001 0.7907379999999999 0.678261 0.788997 0.6728259999999999 0.779596 0.6728259999999999 0.770195 0.8195650000000001 0.7698470000000001 0.834783 0.7775070000000001 0.846739 0.8015319999999999 0.846739
1 0.9146940000000001 0.5336960000000001 0.920613 0.540217 0.9404600000000001 0.540217 0.9404600000000001 0.5380429999999999 0.939067 0.536957 0.9380219999999999 0.532609 0.9352370000000001 0.5293479999999999 0.9331480000000001 0.5239130000000001 0.928969 0.465217 0.9247909999999999 0.465217 0.9195679999999999 0.522826 0.918872 0.525 0.9164350000000001 0.526087 0.9146940000000001 0.5336960000000001
1 0.810933 0.468478 0.812674 0.470652 0.8252090000000001 0.470652 0.824861 0.465217 0.8220750000000001 0.46087 0.821379 0.457609 0.8185930000000001 0.421739 0.815808 0.421739 0.8133699999999999 0.45869600000000005 0.812674 0.46195700000000006 0.810585 0.463043 0.810933 0.468478
1 0.781685 0.43913 0.7907379999999999 0.44021699999999997 0.7907379999999999 0.43587 0.789345 0.43478300000000003 0.7883009999999999 0.431522 0.787604 0.404348 0.7848189999999999 0.404348 0.784471 0.418478 0.783426 0.428261 0.781685 0.43587 0.781685 0.43913
3 0.37639300000000003 0.448913 0.38266 0.448913 0.383357 0.444565 0.384401 0.444565 0.384401 0.43478300000000003 0.38266 0.406522 0.380571 0.406522 0.378134 0.43913 0.37639300000000003 0.444565 0.37639300000000003 0.448913