3 0.20856499999999997 0.846739 0.20856499999999997 0.840217 0.198468 0.7076089999999999 0.189415 0.708696 0.187674 0.7119570000000001 0.178969 0.8391299999999999 0.178969 0.846739 0.20856499999999997 0.846739
3 0.075209 0.43587 0.075209 0.431522 0.073816 0.425 0.072423 0.397826 0.06928999999999999 0.397826 0.067897 0.42391300000000004 0.066504 0.430435 0.066504 0.43587 0.075209 0.43587
1 0.10515300000000001 0.46195700000000006 0.105501 0.45869600000000005 0.104457 0.45869600000000005 0.102716 0.454348 0.10027900000000001 0.415217 0.096448 0.415217 0.093663 0.457609 0.091574 0.46413000000000004 0.10341199999999999 0.465217 0.10515300000000001 0.46195700000000006
3 0.175139 0.43478300000000003 0.184889 0.43478300000000003 0.185585 0.433696 0.185585 0.42934799999999995 0.183844 0.425 0.181755 0.394565 0.179318 0.394565 0.178621 0.395652 0.177228 0.426087 0.175139 0.43260899999999997 0.175139 0.43478300000000003
1 0.23851 0.5478259999999999 0.237813 0.553261 0.23537599999999997 0.559783 0.25 0.5586960000000001 0.25383 0.526087 0.25383 0.5130429999999999 0.25139300000000003 0.476087 0.250696 0.471739 0.24617 0.471739 0.24129499999999998 0.541304 0.23990300000000003 0.546739 0.23851 0.5478259999999999
1 0.290738 0.465217 0.30362100000000003 0.465217 0.303273 0.45869600000000005 0.30188000000000004 0.457609 0.300836 0.453261 0.298398 0.41413 0.295613 0.41413 0.293175 0.454348 0.291783 0.459783 0.290738 0.46087 0.290738 0.465217
3 0.346448 0.430435 0.347145 0.428261 0.347145 0.42391300000000004 0.346448 0.42391300000000004 0.345404 0.41956499999999997 0.343315 0.392391 0.341226 0.392391 0.339485 0.42391300000000004 0.338092 0.426087 0.338092 0.430435 0.346448 0.430435
1 0.48189399999999993 0.46087 0.48189399999999993 0.454348 0.480501 0.45108699999999996 0.47841199999999995 0.41086999999999996 0.478064 0.40869600000000006 0.474582 0.40869600000000006 0.47249299999999994 0.45108699999999996 0.469359 0.45869600000000005 0.469359 0.46087 0.48189399999999993 0.46087
3 0.513928 0.425 0.512535 0.411957 0.51149 0.38587 0.508705 0.38587 0.506964 0.415217 0.505223 0.421739 0.505223 0.425 0.513928 0.425
1 0.500348 0.573913 0.5 0.576087 0.51149 0.579348 0.521936 0.579348 0.530292 0.572826 0.529596 0.570652 0.526811 0.569565 0.525766 0.563043 0.523677 0.561957 0.522284 0.557609 0.5177579999999999 0.48260899999999995 0.512535 0.483696 0.508008 0.56087 0.50383 0.565217 0.5027860000000001 0.571739 0.500348 0.573913
1 0.649373 0.459783 0.653552 0.46195700000000006 0.66539 0.46195700000000006 0.663649 0.45543500000000003 0.662256 0.454348 0.661212 0.45 0.658774 0.407609 0.655989 0.407609 0.652855 0.45108699999999996 0.6521589999999999 0.453261 0.651114 0.453261 0.649373 0.459783
1 0.7942199999999999 0.6586960000000001 0.793175 0.661957 0.7907379999999999 0.665217 0.79039 0.6673910000000001 0.8168519999999999 0.677174 0.824164 0.677174 0.831825 0.666304 0.832173 0.66413 0.830084 0.6630429999999999 0.8286910000000001 0.659783 0.827994 0.653261 0.8238160000000001 0.651087 0.8220750000000001 0.646739 0.8151109999999999 0.540217 0.8060579999999999 0.540217 0.8004870000000001 0.6445649999999999 0.799443 0.646739 0.794916 0.65 0.7942199999999999 0.6586960000000001
1 0.853412 0.468478 0.87117 0.468478 0.8708220000000001 0.46195700000000006 0.8690810000000001 0.46087 0.868036 0.456522 0.864903 0.41086999999999996 0.8603759999999999 0.41086999999999996 0.8568939999999999 0.45543500000000003 0.855501 0.46087 0.853412 0.463043 0.853412 0.468478
3 0.8861420000000001 0.426087 0.88649 0.422826 0.885097 0.420652 0.884053 0.41630399999999995 0.881616 0.383696 0.878482 0.383696 0.8760450000000001 0.418478 0.875 0.420652 0.875 0.425 0.8861420000000001 0.426087