3 0.338788 0.5913039999999999 0.33843999999999996 0.609783 0.337744 0.6119570000000001 0.337396 0.609783 0.336351 0.609783 0.335306 0.613043 0.335655 0.645652 0.33460999999999996 0.6543479999999999 0.334262 0.671739 0.333217 0.676087 0.32903899999999997 0.681522 0.32694999999999996 0.686957 0.32694999999999996 0.697826 0.327646 0.701087 0.333565 0.7119570000000001 0.341574 0.7119570000000001 0.350279 0.708696 0.364206 0.7076089999999999 0.366643 0.7021740000000001 0.365251 0.684783 0.35933099999999996 0.679348 0.357242 0.670652 0.357242 0.651087 0.35585 0.6304350000000001 0.354457 0.6195649999999999 0.354109 0.6010869999999999 0.352368 0.578261 0.35167099999999996 0.556522 0.350279 0.552174 0.342618 0.553261 0.341574 0.555435 0.34052899999999997 0.56413 0.34018099999999996 0.576087 0.338788 0.5913039999999999
3 0.573468 0.520652 0.571727 0.5239130000000001 0.571727 0.527174 0.592967 0.528261 0.593663 0.5239130000000001 0.59227 0.5239130000000001 0.591226 0.518478 0.5898329999999999 0.517391 0.588788 0.5130429999999999 0.584958 0.453261 0.5807800000000001 0.453261 0.5766020000000001 0.5130429999999999 0.575905 0.516304 0.573468 0.518478 0.573468 0.520652
3 0.075209 0.425 0.09226999999999999 0.425 0.09226999999999999 0.422826 0.091226 0.41956499999999997 0.08948500000000001 0.418478 0.088788 0.41630399999999995 0.086699 0.372826 0.080432 0.372826 0.077994 0.41413 0.077298 0.418478 0.075209 0.421739 0.075209 0.425
3 0.198816 0.4 0.198816 0.396739 0.197075 0.393478 0.196379 0.38913000000000003 0.194986 0.36086999999999997 0.190111 0.36086999999999997 0.189415 0.393478 0.18663000000000002 0.396739 0.186281 0.4 0.198816 0.4
3 0.25766 0.38043499999999997 0.25766 0.378261 0.255571 0.373913 0.254875 0.352174 0.25 0.352174 0.24930400000000003 0.376087 0.248259 0.377174 0.247911 0.38043499999999997 0.25766 0.38043499999999997
3 0.22493 0.365217 0.22493 0.363043 0.22284099999999998 0.357609 0.22179700000000002 0.33587 0.21831499999999998 0.33587 0.21727 0.358696 0.215877 0.361957 0.215877 0.36413 0.22493 0.365217
3 0.155292 0.35 0.155292 0.34565199999999996 0.153552 0.341304 0.152507 0.325 0.148677 0.325 0.148329 0.343478 0.147284 0.346739 0.147284 0.35 0.155292 0.35
3 0.08182500000000001 0.33913000000000004 0.091574 0.33913000000000004 0.091574 0.33587 0.090181 0.33260900000000004 0.08843999999999999 0.318478 0.084262 0.318478 0.083565 0.33260900000000004 0.082869 0.33587 0.08182500000000001 0.336957 0.08182500000000001 0.33913000000000004
1 0.106546 0.373913 0.106894 0.371739 0.10341199999999999 0.365217 0.103064 0.340217 0.097493 0.340217 0.09609999999999999 0.36739099999999997 0.094359 0.370652 0.094359 0.373913 0.106546 0.373913
1 0.081476 0.36086999999999997 0.08182500000000001 0.358696 0.080432 0.355435 0.079387 0.331522 0.073816 0.331522 0.072772 0.354348 0.071379 0.357609 0.071379 0.36086999999999997 0.081476 0.36086999999999997
3 0.847493 0.48695700000000003 0.853064 0.490217 0.861421 0.490217 0.861421 0.48586999999999997 0.8593310000000001 0.481522 0.8568939999999999 0.43913 0.853412 0.43913 0.850975 0.47717400000000004 0.84993 0.481522 0.847493 0.48260899999999995 0.847493 0.48695700000000003
3 0.7116990000000001 0.48913 0.7116990000000001 0.494565 0.717967 0.496739 0.7287600000000001 0.496739 0.7287600000000001 0.492391 0.727716 0.48913 0.725279 0.48695700000000003 0.723886 0.43695700000000004 0.720404 0.43695700000000004 0.716226 0.48043500000000006 0.715529 0.483696 0.712396 0.48695700000000003 0.7116990000000001 0.48913