3 0.40947100000000003 0.497826 0.40947100000000003 0.5054350000000001 0.41190800000000005 0.5054350000000001 0.416783 0.49565200000000004 0.420613 0.490217 0.422006 0.483696 0.422006 0.471739 0.41956800000000005 0.43260899999999997 0.414694 0.433696 0.412256 0.490217 0.411212 0.49565200000000004 0.40947100000000003 0.497826
3 0.40668499999999996 0.41413 0.40668499999999996 0.41086999999999996 0.405641 0.409783 0.404596 0.40543500000000005 0.40250700000000006 0.376087 0.400418 0.376087 0.39832900000000004 0.40869600000000006 0.396936 0.41086999999999996 0.396936 0.41413 0.40668499999999996 0.41413
3 0.452298 0.371739 0.451253 0.355435 0.44951299999999994 0.355435 0.448468 0.372826 0.447075 0.379348 0.45369099999999996 0.379348 0.452298 0.371739
0 0.47841199999999995 0.331522 0.47736799999999996 0.343478 0.48015299999999994 0.343478 0.479457 0.331522 0.47841199999999995 0.331522
0 0.454387 0.333696 0.45369099999999996 0.343478 0.456128 0.343478 0.45543199999999995 0.333696 0.454387 0.333696
0 0.433496 0.33260900000000004 0.432799 0.343478 0.435933 0.343478 0.43488899999999997 0.33260900000000004 0.433496 0.33260900000000004
3 0.509749 0.370652 0.508705 0.354348 0.507312 0.354348 0.505571 0.377174 0.510794 0.377174 0.510794 0.373913 0.509749 0.370652
1 0.529944 0.394565 0.537256 0.394565 0.537256 0.391304 0.535864 0.386957 0.5348189999999999 0.366304 0.5330779999999999 0.366304 0.532033 0.386957 0.531337 0.390217 0.529944 0.391304 0.529944 0.394565
1 0.545613 0.415217 0.5536209999999999 0.415217 0.5536209999999999 0.41086999999999996 0.552228 0.406522 0.550836 0.38043499999999997 0.548747 0.38043499999999997 0.547354 0.406522 0.546309 0.41086999999999996 0.545613 0.41086999999999996 0.545613 0.415217
3 0.564763 0.354348 0.5630219999999999 0.354348 0.5612809999999999 0.375 0.565808 0.375 0.565111 0.371739 0.564763 0.354348
1 0.589485 0.38913000000000003 0.596448 0.38913000000000003 0.596448 0.386957 0.595056 0.384783 0.5943590000000001 0.363043 0.59227 0.363043 0.591226 0.38260900000000003 0.590529 0.38587 0.589485 0.386957 0.589485 0.38913000000000003
1 0.594708 0.44565200000000005 0.609331 0.44565200000000005 0.607591 0.441304 0.6055010000000001 0.44021699999999997 0.6037600000000001 0.39891299999999996 0.601323 0.39891299999999996 0.598886 0.43587 0.598189 0.43913 0.5961000000000001 0.43913 0.594708 0.44565200000000005
3 0.6222139999999999 0.358696 0.620474 0.379348 0.625 0.379348 0.623607 0.358696 0.6222139999999999 0.358696
1 0.658426 0.483696 0.6580779999999999 0.49130399999999996 0.6615599999999999 0.49347799999999997 0.674443 0.492391 0.674443 0.490217 0.673747 0.490217 0.672354 0.484783 0.670613 0.48260899999999995 0.6674789999999999 0.430435 0.665042 0.430435 0.661212 0.478261 0.660515 0.481522 0.659123 0.481522 0.658426 0.483696
1 0.668175 0.390217 0.667131 0.38913000000000003 0.666435 0.36847799999999997 0.664694 0.36847799999999997 0.663649 0.38587 0.662256 0.393478 0.668175 0.393478 0.668175 0.390217
0 0.64032 0.342391 0.639276 0.353261 0.642409 0.353261 0.641713 0.342391 0.64032 0.342391
0 0.664345 0.343478 0.6633009999999999 0.355435 0.666435 0.355435 0.6657379999999999 0.343478 0.664345 0.343478
0 0.687326 0.344565 0.68663 0.356522 0.689415 0.356522 0.6887190000000001 0.344565 0.687326 0.344565
0 0.711351 0.34565199999999996 0.709958 0.356522 0.7134400000000001 0.356522 0.712396 0.34565199999999996 0.711351 0.34565199999999996
3 0.697075 0.38260900000000003 0.6956819999999999 0.363043 0.69429 0.363043 0.693593 0.378261 0.692549 0.38043499999999997 0.692549 0.38260900000000003 0.697075 0.38260900000000003
1 0.739903 0.39891299999999996 0.738162 0.393478 0.736769 0.376087 0.735028 0.376087 0.733983 0.393478 0.732591 0.40108699999999997 0.739903 0.40108699999999997 0.739903 0.39891299999999996
1 0.805362 0.41304299999999994 0.805362 0.41086999999999996 0.803969 0.406522 0.802228 0.383696 0.800836 0.383696 0.799095 0.407609 0.79805 0.409783 0.79805 0.41304299999999994 0.805362 0.41304299999999994
1 0.873259 0.44239100000000003 0.873259 0.43804299999999996 0.87117 0.43478300000000003 0.8690810000000001 0.403261 0.866295 0.403261 0.864554 0.43478300000000003 0.86351 0.43695700000000004 0.86351 0.44239100000000003 0.873259 0.44239100000000003
3 0.881267 0.40869600000000006 0.881267 0.406522 0.880223 0.40543500000000005 0.8791779999999999 0.40108699999999997 0.878134 0.38152200000000003 0.876393 0.38152200000000003 0.874652 0.403261 0.873259 0.40543500000000005 0.873259 0.40869600000000006 0.881267 0.40869600000000006
1 0.9300140000000001 0.475 0.9439420000000001 0.476087 0.9439420000000001 0.46956499999999995 0.942549 0.468478 0.9415039999999999 0.46413000000000004 0.939067 0.425 0.935933 0.425 0.9331480000000001 0.463043 0.932103 0.467391 0.9300140000000001 0.46956499999999995 0.9300140000000001 0.475
1 0.789694 0.615217 0.786908 0.616304 0.786908 0.618478 0.794568 0.631522 0.819638 0.633696 0.8165039999999999 0.627174 0.8165039999999999 0.618478 0.812326 0.615217 0.8116300000000001 0.613043 0.8077989999999999 0.522826 0.802577 0.521739 0.794916 0.606522 0.7942199999999999 0.608696 0.791086 0.609783 0.789694 0.615217
3 0.371866 0.696739 0.373259 0.697826 0.389276 0.697826 0.4039 0.694565 0.4039 0.6913039999999999 0.402159 0.688043 0.402159 0.677174 0.398677 0.669565 0.398677 0.6630429999999999 0.39066900000000004 0.546739 0.384749 0.546739 0.376741 0.661957 0.37117 0.670652 0.371518 0.694565 0.371866 0.696739
3 0.407382 0.43478300000000003 0.407382 0.44021699999999997 0.413997 0.44021699999999997 0.41434499999999996 0.43260899999999997 0.41608599999999996 0.431522 0.41608599999999996 0.421739 0.41434499999999996 0.393478 0.41260399999999997 0.393478 0.409819 0.42934799999999995 0.409123 0.43260899999999997 0.407382 0.43478300000000003
3 0.8060579999999999 0.388043 0.8050140000000001 0.371739 0.8032730000000001 0.371739 0.8032730000000001 0.393478 0.807451 0.393478 0.807451 0.391304 0.8060579999999999 0.388043
3 0.395543 0.38587 0.395543 0.388043 0.399373 0.388043 0.40007000000000004 0.376087 0.401114 0.375 0.400418 0.359783 0.398677 0.359783 0.397632 0.38043499999999997 0.396588 0.384783 0.395543 0.38587