3 0.310237 0.404348 0.310237 0.39891299999999996 0.308844 0.395652 0.307799 0.36956500000000003 0.305362 0.36956500000000003 0.303969 0.397826 0.302228 0.40108699999999997 0.302228 0.404348 0.310237 0.404348
1 0.387883 0.395652 0.387883 0.391304 0.386838 0.38913000000000003 0.38649 0.36847799999999997 0.38405300000000003 0.36847799999999997 0.38266 0.390217 0.38126699999999997 0.392391 0.38126699999999997 0.395652 0.387883 0.395652
3 0.41608599999999996 0.43804299999999996 0.427577 0.43804299999999996 0.42688 0.433696 0.42479100000000003 0.430435 0.423747 0.393478 0.420961 0.393478 0.418524 0.428261 0.41782700000000006 0.431522 0.41608599999999996 0.43260899999999997 0.41608599999999996 0.43804299999999996
1 0.455084 0.415217 0.455084 0.409783 0.453343 0.406522 0.453343 0.38152200000000003 0.450557 0.38152200000000003 0.449164 0.406522 0.447423 0.41086999999999996 0.447423 0.415217 0.455084 0.415217
3 0.5121870000000001 0.6380429999999999 0.511838 0.643478 0.5104460000000001 0.646739 0.508705 0.647826 0.508357 0.65 0.526811 0.661957 0.531685 0.661957 0.533426 0.659783 0.545265 0.6543479999999999 0.544916 0.652174 0.541783 0.65 0.54039 0.641304 0.537604 0.63913 0.535864 0.634783 0.529596 0.536957 0.524721 0.536957 0.517409 0.6304350000000001 0.516713 0.633696 0.512883 0.6358699999999999 0.5121870000000001 0.6380429999999999
1 0.581128 0.43587 0.581128 0.43260899999999997 0.579735 0.430435 0.578691 0.425 0.577646 0.397826 0.575905 0.397826 0.574164 0.42934799999999995 0.572772 0.431522 0.572772 0.43587 0.581128 0.43587
3 0.639276 0.471739 0.642409 0.47391300000000003 0.651462 0.47391300000000003 0.651462 0.46956499999999995 0.649373 0.465217 0.646936 0.42391300000000004 0.64415 0.42391300000000004 0.641713 0.46195700000000006 0.640669 0.46630399999999994 0.639276 0.467391 0.639276 0.471739
3 0.727716 0.5663039999999999 0.725627 0.568478 0.725279 0.571739 0.733983 0.576087 0.744429 0.576087 0.747911 0.573913 0.747911 0.570652 0.7472139999999999 0.568478 0.745822 0.567391 0.743384 0.561957 0.740599 0.49347799999999997 0.736769 0.492391 0.731198 0.5586960000000001 0.729805 0.561957 0.727716 0.563043 0.727716 0.5663039999999999
1 0.755571 0.44565200000000005 0.755571 0.443478 0.75383 0.43913 0.752437 0.409783 0.750348 0.409783 0.747911 0.43695700000000004 0.746518 0.441304 0.746518 0.444565 0.755571 0.44565200000000005
1 0.785864 0.409783 0.785515 0.392391 0.783426 0.392391 0.781337 0.41630399999999995 0.786908 0.41630399999999995 0.786908 0.411957 0.785864 0.409783
1 0.8154600000000001 0.433696 0.8154600000000001 0.42934799999999995 0.814415 0.42717400000000005 0.814067 0.404348 0.8116300000000001 0.404348 0.810585 0.426087 0.808844 0.430435 0.808844 0.43260899999999997 0.8154600000000001 0.433696
3 0.85585 0.475 0.865947 0.476087 0.865947 0.471739 0.864554 0.46956499999999995 0.8638579999999999 0.465217 0.862465 0.433696 0.860028 0.433696 0.857939 0.46630399999999994 0.857242 0.46956499999999995 0.85585 0.470652 0.85585 0.475
3 0.872911 0.534783 0.877089 0.536957 0.8896240000000001 0.536957 0.8892760000000001 0.531522 0.887187 0.527174 0.8861420000000001 0.521739 0.883705 0.47391300000000003 0.880571 0.47391300000000003 0.876741 0.522826 0.8760450000000001 0.526087 0.873259 0.527174 0.872911 0.534783
3 0.9230499999999999 0.45543500000000003 0.9334960000000001 0.456522 0.93071 0.44782599999999995 0.929318 0.421739 0.92688 0.421739 0.925139 0.44782599999999995 0.9244429999999999 0.45108699999999996 0.9230499999999999 0.452174 0.9230499999999999 0.45543500000000003
0 0.5898329999999999 0.377174 0.587744 0.40217400000000003 0.592967 0.40217400000000003 0.591226 0.378261 0.5898329999999999 0.377174