1 0.065111 0.58587 0.064415 0.583696 0.060585 0.583696 0.059192 0.580435 0.052577 0.49565200000000004 0.048747 0.49565200000000004 0.048747 0.604348 0.056407 0.604348 0.065111 0.6010869999999999 0.065111 0.58587
1 0.078691 0.422826 0.078691 0.418478 0.077646 0.417391 0.07694999999999999 0.41304299999999994 0.074861 0.384783 0.072423 0.384783 0.070682 0.41086999999999996 0.068942 0.41956499999999997 0.068942 0.422826 0.078691 0.422826
3 0.080084 0.396739 0.089136 0.397826 0.087396 0.392391 0.08565500000000001 0.36956500000000003 0.082869 0.36847799999999997 0.08182500000000001 0.388043 0.08077999999999999 0.392391 0.080084 0.392391 0.080084 0.396739
1 0.194986 0.43587 0.194986 0.433696 0.192549 0.428261 0.190808 0.392391 0.187674 0.392391 0.186281 0.428261 0.183844 0.43260899999999997 0.183496 0.43587 0.194986 0.43587
3 0.318942 0.41304299999999994 0.318942 0.407609 0.318245 0.407609 0.317201 0.403261 0.31545999999999996 0.375 0.312326 0.375 0.310237 0.40543500000000005 0.308844 0.40869600000000006 0.308844 0.41304299999999994 0.318942 0.41304299999999994
1 0.336351 0.444565 0.336351 0.44021699999999997 0.335306 0.43913 0.334262 0.43478300000000003 0.331476 0.396739 0.328343 0.396739 0.326253 0.43587 0.324861 0.43913 0.324861 0.444565 0.336351 0.444565
3 0.407382 0.422826 0.413301 0.422826 0.41364900000000004 0.417391 0.412256 0.41304299999999994 0.410515 0.384783 0.40773000000000004 0.384783 0.406337 0.41304299999999994 0.40494399999999997 0.417391 0.40494399999999997 0.420652 0.407382 0.422826
1 0.447075 0.583696 0.44463800000000003 0.590217 0.459958 0.5956520000000001 0.467618 0.5956520000000001 0.476323 0.588043 0.47667099999999996 0.58587 0.47318899999999997 0.583696 0.472841 0.578261 0.472145 0.576087 0.46901099999999996 0.575 0.467618 0.572826 0.46309199999999995 0.48913 0.45717299999999994 0.48804299999999995 0.452646 0.569565 0.451253 0.575 0.449164 0.575 0.447075 0.583696
1 0.515669 0.467391 0.531337 0.468478 0.531337 0.46630399999999994 0.529248 0.459783 0.528552 0.459783 0.5275070000000001 0.454348 0.5254179999999999 0.411957 0.5212399999999999 0.411957 0.5181060000000001 0.45543500000000003 0.517061 0.46087 0.515669 0.46195700000000006 0.515669 0.467391
3 0.577994 0.420652 0.577994 0.409783 0.5766020000000001 0.383696 0.572423 0.383696 0.569986 0.41086999999999996 0.569986 0.418478 0.573816 0.420652 0.577994 0.420652
1 0.722145 0.481522 0.7395539999999999 0.483696 0.7395539999999999 0.47717400000000004 0.736769 0.471739 0.736072 0.467391 0.733983 0.41956499999999997 0.729109 0.41956499999999997 0.726323 0.46630399999999994 0.725279 0.470652 0.722145 0.47391300000000003 0.722145 0.481522
1 0.7942199999999999 0.656522 0.793175 0.6673910000000001 0.792131 0.669565 0.79039 0.669565 0.789694 0.671739 0.814415 0.686957 0.8217269999999999 0.686957 0.833914 0.678261 0.832173 0.675 0.8283429999999999 0.6728259999999999 0.827646 0.670652 0.827646 0.6630429999999999 0.826602 0.659783 0.822772 0.656522 0.8220750000000001 0.653261 0.8168519999999999 0.545652 0.8154600000000001 0.543478 0.807451 0.544565 0.799443 0.65 0.798747 0.653261 0.7959609999999999 0.653261 0.7942199999999999 0.656522
3 0.76149 0.43478300000000003 0.772284 0.43478300000000003 0.772284 0.428261 0.770891 0.425 0.76915 0.390217 0.768802 0.388043 0.765669 0.388043 0.762883 0.42391300000000004 0.7604460000000001 0.42934799999999995 0.7604460000000001 0.43260899999999997 0.76149 0.43478300000000003