3 0.057103 0.441304 0.05571 0.43804299999999996 0.052925 0.38913000000000003 0.049095 0.390217 0.048747 0.45108699999999996 0.059889000000000005 0.45 0.060237 0.44239100000000003 0.057103 0.441304
3 0.099582 0.415217 0.112117 0.41413 0.112117 0.411957 0.11002799999999999 0.407609 0.10759099999999999 0.36739099999999997 0.104457 0.36739099999999997 0.101671 0.406522 0.100627 0.41086999999999996 0.099582 0.411957 0.099582 0.415217
1 0.274373 0.409783 0.285167 0.409783 0.285167 0.40543500000000005 0.283426 0.40217400000000003 0.282382 0.397826 0.28098900000000004 0.36739099999999997 0.278552 0.36739099999999997 0.27681100000000003 0.40217400000000003 0.27507000000000004 0.404348 0.274373 0.406522 0.274373 0.409783
1 0.28830100000000003 0.446739 0.286908 0.44782599999999995 0.286908 0.45 0.288997 0.452174 0.30571000000000004 0.45108699999999996 0.30571000000000004 0.44782599999999995 0.304666 0.443478 0.300836 0.43913 0.29805000000000004 0.392391 0.294568 0.392391 0.291783 0.43804299999999996 0.290738 0.44239100000000003 0.288997 0.443478 0.28830100000000003 0.446739
1 0.396936 0.395652 0.40598900000000004 0.395652 0.40598900000000004 0.393478 0.4039 0.384783 0.40250700000000006 0.359783 0.400418 0.359783 0.399025 0.386957 0.39832900000000004 0.390217 0.396936 0.391304 0.396936 0.395652
1 0.335655 0.531522 0.334958 0.5336960000000001 0.333914 0.541304 0.332521 0.544565 0.332521 0.546739 0.35550099999999996 0.546739 0.357591 0.5423910000000001 0.357591 0.53913 0.35585 0.531522 0.35201899999999997 0.528261 0.34818899999999997 0.45108699999999996 0.347493 0.45 0.343315 0.45108699999999996 0.338788 0.526087 0.337744 0.530435 0.335655 0.531522
1 0.46309199999999995 0.425 0.46309199999999995 0.422826 0.46135099999999996 0.418478 0.459262 0.38260900000000003 0.45891400000000004 0.38043499999999997 0.456476 0.38043499999999997 0.454735 0.41630399999999995 0.451602 0.420652 0.451602 0.425 0.46309199999999995 0.425
3 0.5254179999999999 0.383696 0.5254179999999999 0.38043499999999997 0.524025 0.377174 0.5229809999999999 0.355435 0.522632 0.353261 0.520543 0.353261 0.51915 0.377174 0.5181060000000001 0.379348 0.5181060000000001 0.38260900000000003 0.5254179999999999 0.383696
3 0.591226 0.40869600000000006 0.591226 0.406522 0.589136 0.397826 0.587744 0.371739 0.585306 0.371739 0.583914 0.39891299999999996 0.581825 0.40543500000000005 0.581825 0.40869600000000006 0.591226 0.40869600000000006
1 0.569986 0.470652 0.585655 0.470652 0.585655 0.463043 0.582869 0.46087 0.5821729999999999 0.45869600000000005 0.580432 0.407609 0.576253 0.407609 0.573816 0.456522 0.572772 0.46195700000000006 0.570334 0.463043 0.569986 0.470652
1 0.565111 0.669565 0.566156 0.665217 0.566156 0.6543479999999999 0.560585 0.556522 0.558844 0.553261 0.5536209999999999 0.552174 0.552577 0.553261 0.546309 0.655435 0.5442199999999999 0.669565 0.565111 0.669565
1 0.731198 0.526087 0.736769 0.5293479999999999 0.7527860000000001 0.528261 0.753134 0.520652 0.748955 0.517391 0.748259 0.51413 0.745474 0.448913 0.739903 0.448913 0.736072 0.5108699999999999 0.735376 0.51413 0.731546 0.517391 0.731198 0.526087
3 0.700557 0.443478 0.712047 0.444565 0.712047 0.43913 0.710655 0.43695700000000004 0.709958 0.43260899999999997 0.708217 0.396739 0.705432 0.396739 0.703691 0.43260899999999997 0.702646 0.43804299999999996 0.700557 0.44021699999999997 0.700557 0.443478