3 0.27507000000000004 0.39891299999999996 0.27507000000000004 0.395652 0.274025 0.394565 0.27298100000000003 0.390217 0.271588 0.358696 0.26949900000000004 0.358696 0.267758 0.392391 0.264972 0.394565 0.264972 0.39891299999999996 0.27507000000000004 0.39891299999999996
3 0.355153 0.355435 0.35375999999999996 0.35108700000000004 0.353064 0.338043 0.351323 0.338043 0.350975 0.348913 0.34992999999999996 0.357609 0.355153 0.357609 0.355153 0.355435
3 0.379178 0.33913000000000004 0.377786 0.354348 0.38126699999999997 0.354348 0.380571 0.33913000000000004 0.379178 0.33913000000000004
3 0.441852 0.343478 0.440808 0.358696 0.44428999999999996 0.358696 0.443593 0.343478 0.441852 0.343478
3 0.47423400000000004 0.361957 0.473886 0.347826 0.472145 0.347826 0.470404 0.366304 0.475279 0.366304 0.475279 0.36413 0.47423400000000004 0.361957
3 0.516017 0.376087 0.51532 0.372826 0.514276 0.355435 0.512535 0.355435 0.51149 0.370652 0.5104460000000001 0.372826 0.5104460000000001 0.376087 0.516017 0.376087
1 0.516365 0.343478 0.51532 0.358696 0.51915 0.358696 0.5181060000000001 0.343478 0.516365 0.343478
1 0.541435 0.36956500000000003 0.54039 0.35108700000000004 0.538649 0.35108700000000004 0.5383009999999999 0.36413 0.537604 0.366304 0.537604 0.36956500000000003 0.541435 0.36956500000000003
3 0.546309 0.34565199999999996 0.545613 0.357609 0.548747 0.357609 0.547702 0.34565199999999996 0.546309 0.34565199999999996
1 0.5654600000000001 0.353261 0.5637190000000001 0.352174 0.56337 0.361957 0.562674 0.366304 0.566504 0.366304 0.5654600000000001 0.353261
3 0.583914 0.390217 0.583914 0.388043 0.5825210000000001 0.384783 0.581825 0.366304 0.579735 0.366304 0.5790390000000001 0.38152200000000003 0.577994 0.386957 0.577994 0.390217 0.583914 0.390217
1 0.600627 0.361957 0.598886 0.361957 0.5978410000000001 0.38260900000000003 0.6020190000000001 0.38260900000000003 0.600975 0.373913 0.600627 0.361957
1 0.6222139999999999 0.358696 0.62117 0.376087 0.624652 0.376087 0.623607 0.358696 0.6222139999999999 0.358696
3 0.649721 0.375 0.649025 0.36086999999999997 0.647632 0.36086999999999997 0.647284 0.371739 0.646588 0.372826 0.646588 0.375 0.649721 0.375
3 0.655989 0.40108699999999997 0.655989 0.397826 0.654944 0.392391 0.654248 0.376087 0.6525070000000001 0.376087 0.651462 0.395652 0.65007 0.397826 0.649721 0.40108699999999997 0.655989 0.40108699999999997
1 0.664694 0.371739 0.662953 0.371739 0.662256 0.386957 0.661212 0.391304 0.666086 0.392391 0.664694 0.371739
1 0.676532 0.384783 0.6754870000000001 0.36739099999999997 0.673747 0.36739099999999997 0.6733979999999999 0.379348 0.672702 0.38152200000000003 0.672702 0.384783 0.676532 0.384783
3 0.535864 0.544565 0.535864 0.548913 0.5348189999999999 0.552174 0.5348189999999999 0.555435 0.557451 0.556522 0.558148 0.555435 0.558148 0.552174 0.556407 0.548913 0.5560579999999999 0.544565 0.553273 0.543478 0.552228 0.5380429999999999 0.548747 0.46956499999999995 0.544916 0.46956499999999995 0.539345 0.5380429999999999 0.538649 0.541304 0.5365599999999999 0.5423910000000001 0.535864 0.544565
3 0.608287 0.49347799999999997 0.622563 0.494565 0.622563 0.48695700000000003 0.62117 0.484783 0.620125 0.48043500000000006 0.61734 0.433696 0.614903 0.433696 0.611769 0.479348 0.610724 0.483696 0.608287 0.484783 0.608287 0.49347799999999997
3 0.651114 0.452174 0.660864 0.452174 0.660864 0.44782599999999995 0.659471 0.444565 0.65773 0.409783 0.655292 0.409783 0.652855 0.443478 0.6521589999999999 0.446739 0.651114 0.44782599999999995 0.651114 0.452174
3 0.6803619999999999 0.430435 0.6880219999999999 0.430435 0.6880219999999999 0.426087 0.6869780000000001 0.42391300000000004 0.685585 0.397826 0.685237 0.395652 0.683496 0.395652 0.682103 0.420652 0.681407 0.42391300000000004 0.6803619999999999 0.425 0.6803619999999999 0.430435
3 0.721797 0.418478 0.721797 0.41630399999999995 0.720404 0.41413 0.7193590000000001 0.391304 0.717618 0.391304 0.716574 0.41304299999999994 0.7148329999999999 0.41630399999999995 0.7148329999999999 0.418478 0.721797 0.418478
3 0.7228410000000001 0.370652 0.7211000000000001 0.36956500000000003 0.720752 0.378261 0.719708 0.38587 0.724234 0.38587 0.7228410000000001 0.370652
1 0.736421 0.404348 0.735028 0.38260900000000003 0.732939 0.38260900000000003 0.7322420000000001 0.39891299999999996 0.731198 0.40217400000000003 0.731198 0.404348 0.736421 0.404348
1 0.745822 0.378261 0.744081 0.395652 0.748607 0.395652 0.7472139999999999 0.378261 0.745822 0.378261
1 0.86351 0.397826 0.861421 0.41956499999999997 0.866643 0.420652 0.865251 0.397826 0.86351 0.397826
1 0.8015319999999999 0.384783 0.800139 0.384783 0.799443 0.39891299999999996 0.7983979999999999 0.40543500000000005 0.8032730000000001 0.40543500000000005 0.8015319999999999 0.384783
3 0.868036 0.391304 0.866643 0.409783 0.870474 0.409783 0.869429 0.391304 0.868036 0.391304
1 0.807451 0.417391 0.80571 0.393478 0.804318 0.393478 0.8032730000000001 0.411957 0.80188 0.415217 0.80188 0.417391 0.807451 0.417391
1 0.917131 0.670652 0.917131 0.682609 0.9195679999999999 0.690217 0.9230499999999999 0.693478 0.946031 0.701087 0.950905 0.701087 0.950905 0.688043 0.9502090000000001 0.6836960000000001 0.9488160000000001 0.680435 0.9453340000000001 0.678261 0.944638 0.673913 0.9387190000000001 0.572826 0.9369780000000001 0.570652 0.9327989999999999 0.570652 0.9317550000000001 0.573913 0.924095 0.666304 0.922006 0.669565 0.917131 0.670652
1 0.8621169999999999 0.554348 0.860028 0.555435 0.866992 0.56413 0.8844010000000001 0.56413 0.8844010000000001 0.561957 0.882312 0.5586960000000001 0.881964 0.554348 0.8791779999999999 0.551087 0.8760450000000001 0.541304 0.874652 0.48695700000000003 0.87117 0.48695700000000003 0.866295 0.545652 0.8655989999999999 0.5478259999999999 0.862465 0.548913 0.8621169999999999 0.554348
1 0.836351 0.49347799999999997 0.836351 0.501087 0.84993 0.502174 0.8495820000000001 0.496739 0.8478410000000001 0.49347799999999997 0.8467969999999999 0.48913 0.8450559999999999 0.448913 0.8422700000000001 0.44782599999999995 0.841226 0.456522 0.8391360000000001 0.48804299999999995 0.838092 0.492391 0.836351 0.49347799999999997
1 0.949164 0.44565200000000005 0.949164 0.44239100000000003 0.94812 0.441304 0.9470750000000001 0.43695700000000004 0.945682 0.417391 0.9439420000000001 0.417391 0.942897 0.43913 0.941156 0.44239100000000003 0.941156 0.44565200000000005 0.949164 0.44565200000000005
3 0.149721 0.41413 0.149721 0.41086999999999996 0.147284 0.406522 0.14623999999999998 0.40217400000000003 0.144499 0.36413 0.141713 0.36413 0.138579 0.40543500000000005 0.136142 0.409783 0.136142 0.415217 0.149721 0.41413
1 0.152159 0.375 0.150418 0.371739 0.149721 0.344565 0.146936 0.343478 0.145543 0.359783 0.145543 0.379348 0.152159 0.379348 0.152159 0.375
1 0.224234 0.359783 0.224234 0.356522 0.22284099999999998 0.352174 0.22179700000000002 0.333696 0.22005599999999997 0.333696 0.21901099999999998 0.352174 0.21796700000000002 0.356522 0.21796700000000002 0.359783 0.224234 0.359783
1 0.23885800000000001 0.354348 0.23746499999999998 0.346739 0.236769 0.333696 0.23537599999999997 0.333696 0.23468 0.346739 0.23363499999999998 0.35108700000000004 0.23363499999999998 0.354348 0.23885800000000001 0.354348
3 0.327994 0.355435 0.328691 0.357609 0.327994 0.344565 0.327298 0.342391 0.325557 0.343478 0.324861 0.34565199999999996 0.32520899999999997 0.357609 0.326253 0.355435 0.327994 0.355435
3 0.32311999999999996 0.384783 0.331128 0.384783 0.331128 0.38260900000000003 0.329735 0.379348 0.328691 0.358696 0.327994 0.356522 0.326253 0.356522 0.32520899999999997 0.358696 0.324513 0.378261 0.32311999999999996 0.38043499999999997 0.32311999999999996 0.384783
1 0.8353059999999999 0.44782599999999995 0.8405290000000001 0.44782599999999995 0.8405290000000001 0.41413 0.83844 0.41413 0.8370469999999999 0.43913 0.8353059999999999 0.444565 0.8353059999999999 0.44782599999999995
3 0.31928999999999996 0.36847799999999997 0.324513 0.36847799999999997 0.324164 0.342391 0.322772 0.342391 0.321031 0.356522 0.31928999999999996 0.36413 0.31928999999999996 0.36847799999999997
1 0.841922 0.43587 0.8426180000000001 0.42934799999999995 0.8436629999999999 0.42717400000000005 0.842967 0.407609 0.841226 0.407609 0.8405290000000001 0.411957 0.841226 0.43587 0.841922 0.43587
1 0.838092 0.46956499999999995 0.840181 0.46956499999999995 0.841226 0.452174 0.8422700000000001 0.446739 0.844708 0.446739 0.845404 0.448913 0.8461000000000001 0.468478 0.849234 0.46956499999999995 0.847145 0.46087 0.8457520000000001 0.431522 0.844708 0.428261 0.8433149999999999 0.428261 0.8422700000000001 0.433696 0.8391360000000001 0.463043 0.838092 0.465217 0.838092 0.46956499999999995
1 0.19812000000000002 0.36739099999999997 0.197075 0.359783 0.196031 0.340217 0.19429000000000002 0.340217 0.193245 0.358696 0.191504 0.36413 0.191504 0.36739099999999997 0.19812000000000002 0.36739099999999997