3 0.262883 0.832609 0.258008 0.752174 0.256616 0.748913 0.24930400000000003 0.748913 0.24582199999999998 0.753261 0.240599 0.8380430000000001 0.240599 0.846739 0.263231 0.846739 0.262883 0.832609
3 0.068245 0.632609 0.06545999999999999 0.634783 0.064415 0.6380429999999999 0.079039 0.643478 0.088788 0.643478 0.10724199999999999 0.633696 0.106894 0.631522 0.10341199999999999 0.629348 0.10236799999999999 0.626087 0.10132300000000001 0.618478 0.096797 0.615217 0.089136 0.515217 0.082869 0.515217 0.074513 0.6195649999999999 0.073816 0.621739 0.069986 0.625 0.068245 0.632609
1 0.094011 0.468478 0.09226999999999999 0.471739 0.105501 0.47282599999999997 0.11351 0.470652 0.110376 0.46195700000000006 0.108635 0.46087 0.10793900000000001 0.457609 0.104805 0.407609 0.10132300000000001 0.407609 0.097841 0.45869600000000005 0.096797 0.463043 0.094359 0.465217 0.094011 0.468478
1 0.056058 0.390217 0.053969 0.386957 0.052577 0.358696 0.050139 0.358696 0.048747 0.373913 0.048747 0.394565 0.056407 0.394565 0.056058 0.390217
1 0.133357 0.407609 0.133357 0.404348 0.131616 0.39891299999999996 0.129526 0.36956500000000003 0.127437 0.36956500000000003 0.125696 0.396739 0.124304 0.403261 0.124304 0.407609 0.133357 0.407609
3 0.16538999999999998 0.377174 0.16538999999999998 0.372826 0.16434500000000002 0.371739 0.163301 0.366304 0.162604 0.348913 0.16051500000000002 0.348913 0.159471 0.36847799999999997 0.158426 0.372826 0.158426 0.377174 0.16538999999999998 0.377174
3 0.232939 0.390217 0.232939 0.38587 0.231894 0.383696 0.23050099999999998 0.358696 0.228412 0.358696 0.226323 0.383696 0.225279 0.38587 0.225279 0.390217 0.232939 0.390217
1 0.235724 0.422826 0.24617 0.422826 0.24651800000000001 0.417391 0.24477699999999997 0.415217 0.244081 0.411957 0.24234 0.379348 0.23990300000000003 0.379348 0.23851 0.41086999999999996 0.23746499999999998 0.41630399999999995 0.235724 0.418478 0.235724 0.422826
1 0.261838 0.49130399999999996 0.260446 0.494565 0.277507 0.49565200000000004 0.28098900000000004 0.492391 0.27890000000000004 0.48586999999999997 0.276462 0.483696 0.275766 0.48043500000000006 0.272632 0.426087 0.26915 0.426087 0.26566900000000004 0.48043500000000006 0.264972 0.483696 0.261838 0.48695700000000003 0.261838 0.49130399999999996
3 0.328691 0.39891299999999996 0.327646 0.394565 0.326253 0.36847799999999997 0.324513 0.36847799999999997 0.322772 0.394565 0.32137899999999997 0.403261 0.328691 0.403261 0.328691 0.39891299999999996
1 0.357939 0.43695700000000004 0.357939 0.43260899999999997 0.356198 0.42934799999999995 0.35375999999999996 0.390217 0.351323 0.390217 0.348538 0.42934799999999995 0.346797 0.43260899999999997 0.346797 0.43587 0.357939 0.43695700000000004
1 0.462744 0.5293479999999999 0.46135099999999996 0.532609 0.46135099999999996 0.534783 0.48189399999999993 0.534783 0.48328699999999997 0.532609 0.48363500000000004 0.5293479999999999 0.482242 0.5239130000000001 0.479457 0.521739 0.47841199999999995 0.517391 0.474582 0.453261 0.471448 0.453261 0.465877 0.5195649999999999 0.46483299999999994 0.522826 0.46309199999999995 0.522826 0.462744 0.5293479999999999
3 0.473886 0.39891299999999996 0.473886 0.391304 0.47249299999999994 0.376087 0.47005600000000003 0.376087 0.467618 0.411957 0.47005600000000003 0.411957 0.473886 0.39891299999999996
1 0.51149 0.45 0.523329 0.45 0.523677 0.44565200000000005 0.5212399999999999 0.441304 0.520543 0.43695700000000004 0.518802 0.40217400000000003 0.516365 0.40217400000000003 0.513928 0.43913 0.512883 0.443478 0.51149 0.44565200000000005 0.51149 0.45
3 0.6462399999999999 0.422826 0.6462399999999999 0.418478 0.64415 0.41413 0.642061 0.38587 0.639624 0.384783 0.638231 0.415217 0.636142 0.41956499999999997 0.636142 0.422826 0.6462399999999999 0.422826
1 0.6462399999999999 0.476087 0.6601670000000001 0.47717400000000004 0.6601670000000001 0.470652 0.65773 0.467391 0.654944 0.41956499999999997 0.651811 0.41956499999999997 0.648329 0.46413000000000004 0.647632 0.468478 0.6462399999999999 0.46956499999999995 0.6462399999999999 0.476087
1 0.713092 0.5913039999999999 0.711351 0.592391 0.710655 0.594565 0.72493 0.603261 0.733287 0.603261 0.741992 0.6 0.741992 0.597826 0.738858 0.593478 0.738162 0.588043 0.73468 0.584783 0.733635 0.580435 0.729457 0.49891300000000005 0.724234 0.497826 0.717967 0.579348 0.71727 0.5826089999999999 0.7148329999999999 0.583696 0.713092 0.5913039999999999
3 0.766017 0.441304 0.77507 0.441304 0.77507 0.43804299999999996 0.7729809999999999 0.433696 0.770891 0.39891299999999996 0.768802 0.39891299999999996 0.766365 0.43478300000000003 0.764276 0.43695700000000004 0.764276 0.43913 0.766017 0.441304
1 0.83844 0.522826 0.8433149999999999 0.528261 0.861421 0.528261 0.861421 0.526087 0.8589829999999999 0.520652 0.855501 0.515217 0.852019 0.453261 0.847145 0.453261 0.8422700000000001 0.508696 0.8408770000000001 0.51413 0.83844 0.5195649999999999 0.83844 0.522826