3 0.34818899999999997 0.65 0.344708 0.653261 0.34435899999999997 0.661957 0.34018099999999996 0.668478 0.338788 0.6728259999999999 0.35933099999999996 0.678261 0.368036 0.678261 0.36873300000000003 0.676087 0.379178 0.6630429999999999 0.37883 0.659783 0.375 0.656522 0.37360699999999997 0.6489130000000001 0.370125 0.646739 0.369429 0.643478 0.361769 0.540217 0.357939 0.540217 0.356198 0.5423910000000001 0.348886 0.647826 0.34818899999999997 0.65
3 0.535864 0.521739 0.5536209999999999 0.521739 0.552925 0.516304 0.549443 0.506522 0.546309 0.45108699999999996 0.5424789999999999 0.45108699999999996 0.538649 0.507609 0.537953 0.5108699999999999 0.536212 0.5108699999999999 0.535864 0.521739
3 0.549095 0.46195700000000006 0.5612809999999999 0.46195700000000006 0.5612809999999999 0.456522 0.559889 0.45543500000000003 0.558844 0.45108699999999996 0.556407 0.41304299999999994 0.5536209999999999 0.41304299999999994 0.551532 0.452174 0.550836 0.45543500000000003 0.549095 0.45543500000000003 0.549095 0.46195700000000006
3 0.544916 0.42934799999999995 0.552228 0.42934799999999995 0.552228 0.41630399999999995 0.550836 0.394565 0.5483979999999999 0.394565 0.547006 0.421739 0.546309 0.425 0.544916 0.425 0.544916 0.42934799999999995
3 0.543524 0.415217 0.543524 0.41304299999999994 0.541783 0.40869600000000006 0.541086 0.384783 0.538649 0.384783 0.537256 0.407609 0.536212 0.41086999999999996 0.536212 0.415217 0.543524 0.415217
3 0.581476 0.390217 0.580084 0.38587 0.579387 0.370652 0.57695 0.370652 0.5766020000000001 0.383696 0.575557 0.392391 0.581476 0.392391 0.581476 0.390217
3 0.627437 0.36956500000000003 0.626045 0.38913000000000003 0.630571 0.38913000000000003 0.62883 0.36956500000000003 0.627437 0.36956500000000003
1 0.650766 0.40108699999999997 0.649025 0.378261 0.647284 0.378261 0.646588 0.392391 0.645543 0.397826 0.645543 0.40108699999999997 0.650766 0.40108699999999997
1 0.662256 0.415217 0.662256 0.411957 0.660864 0.407609 0.6598189999999999 0.386957 0.65773 0.386957 0.656337 0.407609 0.655292 0.411957 0.655292 0.415217 0.662256 0.415217
3 0.68071 0.388043 0.679666 0.38043499999999997 0.6793180000000001 0.36847799999999997 0.677228 0.36847799999999997 0.676532 0.383696 0.6754870000000001 0.38587 0.6754870000000001 0.388043 0.68071 0.388043
1 0.699164 0.43478300000000003 0.699164 0.430435 0.6981200000000001 0.428261 0.696727 0.397826 0.69429 0.397826 0.691852 0.42934799999999995 0.6904600000000001 0.431522 0.6904600000000001 0.43478300000000003 0.699164 0.43478300000000003
1 0.7040390000000001 0.397826 0.7040390000000001 0.394565 0.702994 0.392391 0.702298 0.376087 0.700209 0.376087 0.6995129999999999 0.393478 0.698468 0.395652 0.698468 0.397826 0.7040390000000001 0.397826
1 0.729109 0.459783 0.732591 0.46195700000000006 0.741295 0.46195700000000006 0.741295 0.45869600000000005 0.739903 0.454348 0.73851 0.453261 0.7378129999999999 0.45 0.736072 0.415217 0.733287 0.415217 0.731198 0.448913 0.7305010000000001 0.452174 0.729109 0.453261 0.729109 0.459783
3 0.7318939999999999 0.370652 0.7305010000000001 0.390217 0.735028 0.390217 0.733635 0.370652 0.7318939999999999 0.370652
1 0.770195 0.40108699999999997 0.770195 0.397826 0.7694989999999999 0.395652 0.76915 0.378261 0.766713 0.378261 0.765669 0.396739 0.764276 0.39891299999999996 0.764276 0.40108699999999997 0.770195 0.40108699999999997
3 0.803969 0.392391 0.802577 0.383696 0.802228 0.375 0.8004870000000001 0.375 0.799791 0.38587 0.7983979999999999 0.390217 0.7983979999999999 0.392391 0.803969 0.392391
1 0.834958 0.40543500000000005 0.834958 0.403261 0.833914 0.4 0.832869 0.383696 0.831128 0.383696 0.830084 0.40108699999999997 0.8286910000000001 0.403261 0.8286910000000001 0.40543500000000005 0.834958 0.40543500000000005
1 0.892758 0.415217 0.8910170000000001 0.403261 0.889972 0.388043 0.8878830000000001 0.388043 0.886838 0.409783 0.885794 0.411957 0.885794 0.415217 0.892758 0.415217
3 0.9077299999999999 0.395652 0.9066850000000001 0.392391 0.9059889999999999 0.38043499999999997 0.9038999999999999 0.379348 0.9032030000000001 0.392391 0.9021589999999999 0.4 0.9077299999999999 0.4 0.9077299999999999 0.395652
1 0.9397629999999999 0.42934799999999995 0.937674 0.403261 0.9345399999999999 0.403261 0.9331480000000001 0.426087 0.9317550000000001 0.43478300000000003 0.9415039999999999 0.43478300000000003 0.9397629999999999 0.42934799999999995
1 0.785515 0.5195649999999999 0.788997 0.522826 0.802577 0.5239130000000001 0.802228 0.51413 0.799791 0.5130429999999999 0.798747 0.5108699999999999 0.796657 0.456522 0.7928270000000001 0.456522 0.788997 0.506522 0.7883009999999999 0.509783 0.785515 0.5108699999999999 0.785515 0.5195649999999999
1 0.829387 0.6380429999999999 0.827646 0.63913 0.827646 0.6445649999999999 0.8286910000000001 0.647826 0.84993 0.6543479999999999 0.856546 0.6543479999999999 0.857242 0.652174 0.8568939999999999 0.63913 0.852716 0.633696 0.851671 0.629348 0.846448 0.5380429999999999 0.8405290000000001 0.5380429999999999 0.8342620000000001 0.623913 0.8335649999999999 0.627174 0.8286910000000001 0.628261 0.829387 0.6380429999999999