3 0.166783 0.809783 0.16434500000000002 0.8119569999999999 0.159819 0.8195650000000001 0.158426 0.826087 0.157382 0.8358700000000001 0.149721 0.846739 0.201253 0.846739 0.216922 0.8228260000000001 0.21065499999999998 0.8195650000000001 0.20961 0.817391 0.209262 0.808696 0.207521 0.8043480000000001 0.20090499999999997 0.8021739999999999 0.199164 0.7978259999999999 0.187326 0.647826 0.186281 0.6445649999999999 0.181058 0.6445649999999999 0.178273 0.647826 0.167827 0.806522 0.166783 0.809783
3 0.46309199999999995 0.544565 0.46309199999999995 0.555435 0.46344 0.557609 0.483983 0.557609 0.48363500000000004 0.545652 0.48085000000000006 0.541304 0.48015299999999994 0.5380429999999999 0.474582 0.467391 0.4711 0.467391 0.46657400000000004 0.5380429999999999 0.465877 0.541304 0.463788 0.5423910000000001 0.46309199999999995 0.544565
3 0.48189399999999993 0.46413000000000004 0.48189399999999993 0.470652 0.495125 0.470652 0.495125 0.465217 0.49234 0.457609 0.489206 0.41413 0.487117 0.41413 0.486421 0.418478 0.483983 0.45869600000000005 0.48328699999999997 0.463043 0.48189399999999993 0.46413000000000004
3 0.485724 0.428261 0.485724 0.411957 0.48433099999999996 0.390217 0.482242 0.390217 0.48015299999999994 0.41413 0.48015299999999994 0.422826 0.48189399999999993 0.428261 0.485724 0.428261
3 0.46657400000000004 0.392391 0.47005600000000003 0.392391 0.4711 0.388043 0.4711 0.373913 0.470404 0.366304 0.468663 0.366304 0.467618 0.384783 0.466226 0.386957 0.46657400000000004 0.392391
3 0.51532 0.36086999999999997 0.514276 0.36086999999999997 0.513231 0.38043499999999997 0.5121870000000001 0.383696 0.516713 0.383696 0.51532 0.36086999999999997
3 0.56929 0.38043499999999997 0.568245 0.371739 0.567897 0.358696 0.566504 0.358696 0.565111 0.376087 0.564067 0.378261 0.564067 0.38043499999999997 0.56929 0.38043499999999997
1 0.589485 0.36956500000000003 0.587744 0.36956500000000003 0.5866990000000001 0.386957 0.585306 0.394565 0.590877 0.394565 0.589485 0.36956500000000003
1 0.596797 0.409783 0.604109 0.409783 0.604109 0.406522 0.602716 0.403261 0.601323 0.379348 0.59993 0.379348 0.599234 0.38260900000000003 0.598189 0.40217400000000003 0.596797 0.406522 0.596797 0.409783
1 0.6444989999999999 0.38043499999999997 0.64415 0.366304 0.642409 0.366304 0.641365 0.38260900000000003 0.64032 0.38913000000000003 0.645891 0.38913000000000003 0.6444989999999999 0.38043499999999997
1 0.63649 0.430435 0.645891 0.430435 0.643802 0.421739 0.6427579999999999 0.393478 0.64032 0.392391 0.638231 0.421739 0.6371870000000001 0.426087 0.63649 0.426087 0.63649 0.430435
1 0.6810579999999999 0.46195700000000006 0.69429 0.46195700000000006 0.693245 0.459783 0.692897 0.456522 0.691504 0.456522 0.690808 0.454348 0.689067 0.41413 0.685933 0.41304299999999994 0.683496 0.45108699999999996 0.6827989999999999 0.45543500000000003 0.6810579999999999 0.45543500000000003 0.6810579999999999 0.46195700000000006
3 0.676184 0.38043499999999997 0.674791 0.372826 0.674443 0.361957 0.67305 0.361957 0.672006 0.375 0.6709609999999999 0.378261 0.6709609999999999 0.38043499999999997 0.676184 0.38043499999999997
1 0.713788 0.391304 0.712396 0.388043 0.712047 0.36956500000000003 0.709958 0.36956500000000003 0.7092620000000001 0.372826 0.707869 0.394565 0.713788 0.394565 0.713788 0.391304
3 0.739903 0.384783 0.744777 0.384783 0.744777 0.38152200000000003 0.744081 0.379348 0.743733 0.365217 0.741992 0.36413 0.741295 0.36847799999999997 0.740947 0.378261 0.739903 0.38152200000000003 0.739903 0.384783
1 0.754178 0.5293479999999999 0.754178 0.536957 0.756616 0.540217 0.759749 0.540217 0.7677579999999999 0.5130429999999999 0.7677579999999999 0.490217 0.766713 0.465217 0.762883 0.465217 0.757312 0.525 0.756616 0.528261 0.754178 0.5293479999999999
1 0.7788999999999999 0.39891299999999996 0.7788999999999999 0.396739 0.7775070000000001 0.392391 0.7771589999999999 0.375 0.77507 0.375 0.774025 0.394565 0.773329 0.395652 0.773329 0.39891299999999996 0.7788999999999999 0.39891299999999996
1 0.837396 0.406522 0.837396 0.404348 0.836003 0.40108699999999997 0.834958 0.378261 0.832869 0.378261 0.831825 0.40108699999999997 0.8307800000000001 0.403261 0.8307800000000001 0.406522 0.837396 0.406522
1 0.8426180000000001 0.713043 0.842967 0.733696 0.854457 0.741304 0.8610720000000001 0.742391 0.876393 0.75 0.879875 0.75 0.879875 0.7391300000000001 0.87883 0.728261 0.877089 0.722826 0.8743040000000001 0.719565 0.8725630000000001 0.7119570000000001 0.866643 0.598913 0.865947 0.594565 0.864206 0.592391 0.8586349999999999 0.592391 0.84993 0.704348 0.849234 0.7076089999999999 0.8467969999999999 0.7076089999999999 0.8426180000000001 0.713043
3 0.8478410000000001 0.391304 0.848189 0.388043 0.8467969999999999 0.38260900000000003 0.8457520000000001 0.36739099999999997 0.8440110000000001 0.36739099999999997 0.8436629999999999 0.38043499999999997 0.8426180000000001 0.386957 0.8426180000000001 0.391304 0.8478410000000001 0.391304
1 0.8896240000000001 0.428261 0.8896240000000001 0.426087 0.888231 0.422826 0.88649 0.394565 0.883705 0.393478 0.8826599999999999 0.418478 0.881616 0.422826 0.881616 0.428261 0.8896240000000001 0.428261
1 0.927577 0.44782599999999995 0.927577 0.452174 0.9397629999999999 0.453261 0.9397629999999999 0.44782599999999995 0.9387190000000001 0.446739 0.937674 0.44239100000000003 0.9348890000000001 0.41086999999999996 0.9327989999999999 0.409783 0.932103 0.41304299999999994 0.9296659999999999 0.443478 0.928969 0.446739 0.927577 0.44782599999999995
3 0.9146940000000001 0.403261 0.9146940000000001 0.40108699999999997 0.9129530000000001 0.395652 0.91156 0.378261 0.9101670000000001 0.378261 0.908774 0.397826 0.9077299999999999 0.4 0.9077299999999999 0.403261 0.9146940000000001 0.403261