3 0.22493 0.609783 0.224234 0.617391 0.2211 0.628261 0.250696 0.628261 0.254875 0.617391 0.254875 0.615217 0.253134 0.613043 0.252089 0.606522 0.247911 0.604348 0.24686599999999997 0.602174 0.24199199999999998 0.506522 0.236769 0.507609 0.22980499999999998 0.603261 0.228412 0.606522 0.22493 0.609783
3 0.330432 0.44782599999999995 0.33077999999999996 0.443478 0.32903899999999997 0.44239100000000003 0.328343 0.43804299999999996 0.326602 0.397826 0.323816 0.397826 0.32137899999999997 0.43804299999999996 0.31928999999999996 0.443478 0.31928999999999996 0.44782599999999995 0.330432 0.44782599999999995
3 0.393454 0.5054350000000001 0.391713 0.507609 0.391713 0.509783 0.397632 0.511957 0.409123 0.511957 0.41190800000000005 0.509783 0.412256 0.507609 0.411212 0.5054350000000001 0.410864 0.501087 0.408078 0.5 0.407382 0.496739 0.40424800000000005 0.43913 0.40076599999999996 0.43913 0.396588 0.496739 0.395543 0.5 0.393802 0.501087 0.393454 0.5054350000000001
3 0.317201 0.41086999999999996 0.317201 0.407609 0.316156 0.406522 0.31545999999999996 0.403261 0.314067 0.373913 0.310933 0.373913 0.30954000000000004 0.404348 0.307799 0.406522 0.307799 0.41086999999999996 0.317201 0.41086999999999996
3 0.320682 0.390217 0.327994 0.390217 0.327994 0.38587 0.327298 0.38587 0.326602 0.38260900000000003 0.325557 0.361957 0.323468 0.361957 0.322423 0.38260900000000003 0.321727 0.38587 0.320682 0.38587 0.320682 0.390217
3 0.36490300000000003 0.378261 0.370474 0.378261 0.370822 0.373913 0.36977699999999997 0.371739 0.369081 0.359783 0.368384 0.355435 0.366992 0.355435 0.366295 0.370652 0.365599 0.373913 0.36490300000000003 0.373913 0.36490300000000003 0.378261
3 0.423398 0.371739 0.428273 0.371739 0.428273 0.36847799999999997 0.427577 0.36739099999999997 0.42722800000000005 0.352174 0.42548700000000006 0.352174 0.42479100000000003 0.365217 0.424095 0.36847799999999997 0.423398 0.36847799999999997 0.423398 0.371739
1 0.450905 0.395652 0.449164 0.392391 0.448468 0.370652 0.446727 0.36956500000000003 0.444986 0.394565 0.443593 0.397826 0.450557 0.39891299999999996 0.450905 0.395652
1 0.658774 0.579348 0.657382 0.581522 0.657382 0.583696 0.6601670000000001 0.592391 0.683148 0.592391 0.683148 0.590217 0.681755 0.58587 0.681407 0.579348 0.677577 0.575 0.672702 0.49565200000000004 0.668524 0.49565200000000004 0.662953 0.570652 0.661908 0.575 0.658774 0.5771740000000001 0.658774 0.579348
1 0.5842620000000001 0.48043500000000006 0.5825210000000001 0.483696 0.587047 0.48586999999999997 0.600279 0.484783 0.600279 0.481522 0.599234 0.481522 0.598538 0.478261 0.596797 0.47717400000000004 0.595752 0.47282599999999997 0.593315 0.426087 0.590529 0.425 0.587047 0.47282599999999997 0.586351 0.475 0.58461 0.476087 0.5842620000000001 0.48043500000000006
1 0.541783 0.358696 0.539694 0.358696 0.539345 0.371739 0.5383009999999999 0.379348 0.5428270000000001 0.379348 0.541783 0.358696
3 0.5365599999999999 0.352174 0.535515 0.36956500000000003 0.538997 0.36956500000000003 0.537953 0.352174 0.5365599999999999 0.352174
1 0.5821729999999999 0.378261 0.581128 0.370652 0.5807800000000001 0.358696 0.5790390000000001 0.358696 0.578691 0.373913 0.577298 0.376087 0.577298 0.378261 0.5821729999999999 0.378261
3 0.604457 0.355435 0.602368 0.355435 0.602368 0.36847799999999997 0.601671 0.372826 0.6055010000000001 0.372826 0.604457 0.355435
1 0.6479809999999999 0.38152200000000003 0.646936 0.378261 0.646588 0.36413 0.6448470000000001 0.36413 0.64415 0.377174 0.6431060000000001 0.383696 0.6479809999999999 0.383696 0.6479809999999999 0.38152200000000003
1 0.648329 0.430435 0.657382 0.431522 0.657382 0.42934799999999995 0.6556409999999999 0.425 0.654248 0.393478 0.651811 0.393478 0.65007 0.421739 0.649373 0.425 0.648329 0.426087 0.648329 0.430435
3 0.6803619999999999 0.375 0.680014 0.36413 0.6786209999999999 0.36413 0.678273 0.378261 0.677577 0.38152200000000003 0.681407 0.38152200000000003 0.6803619999999999 0.375
1 0.689763 0.396739 0.6887190000000001 0.386957 0.68837 0.372826 0.6862809999999999 0.372826 0.685237 0.38913000000000003 0.684192 0.393478 0.684192 0.396739 0.689763 0.396739
1 0.724234 0.371739 0.7224929999999999 0.371739 0.720752 0.391304 0.725627 0.391304 0.7245820000000001 0.383696 0.724234 0.371739
3 0.743036 0.41630399999999995 0.743036 0.41304299999999994 0.741643 0.409783 0.740251 0.384783 0.738162 0.384783 0.737117 0.40108699999999997 0.737117 0.411957 0.7378129999999999 0.41630399999999995 0.743036 0.41630399999999995
3 0.7681060000000001 0.390217 0.767409 0.38913000000000003 0.767061 0.375 0.76532 0.375 0.764624 0.38587 0.763579 0.392391 0.7681060000000001 0.392391 0.7681060000000001 0.390217
1 0.7754179999999999 0.40217400000000003 0.774025 0.394565 0.773329 0.378261 0.771588 0.378261 0.770891 0.392391 0.7694989999999999 0.39891299999999996 0.7694989999999999 0.40217400000000003 0.7754179999999999 0.40217400000000003
3 0.797702 0.411957 0.796309 0.404348 0.795613 0.383696 0.793175 0.383696 0.792131 0.404348 0.7907379999999999 0.40869600000000006 0.7907379999999999 0.411957 0.797702 0.411957
1 0.8064069999999999 0.393478 0.8060579999999999 0.38043499999999997 0.803969 0.38043499999999997 0.8032730000000001 0.394565 0.802228 0.40108699999999997 0.807451 0.40108699999999997 0.8064069999999999 0.393478
3 0.825905 0.43695700000000004 0.8353059999999999 0.43695700000000004 0.8353059999999999 0.43478300000000003 0.8335649999999999 0.430435 0.832173 0.40217400000000003 0.831825 0.4 0.829735 0.4 0.827994 0.42717400000000005 0.8269500000000001 0.431522 0.825905 0.43260899999999997 0.825905 0.43695700000000004
3 0.8398329999999999 0.40108699999999997 0.83844 0.393478 0.838092 0.38260900000000003 0.836351 0.38260900000000003 0.836003 0.392391 0.834958 0.397826 0.834958 0.40108699999999997 0.8398329999999999 0.40108699999999997
1 0.864554 0.411957 0.862813 0.40543500000000005 0.861769 0.388043 0.860028 0.388043 0.8589829999999999 0.407609 0.857939 0.40869600000000006 0.857591 0.411957 0.864554 0.411957
1 0.8743040000000001 0.409783 0.8777860000000001 0.40869600000000006 0.8777860000000001 0.388043 0.8760450000000001 0.388043 0.875348 0.40217400000000003 0.8743040000000001 0.406522 0.8743040000000001 0.409783
3 0.884053 0.421739 0.8826599999999999 0.41413 0.881267 0.394565 0.879526 0.394565 0.8777860000000001 0.415217 0.876393 0.418478 0.876393 0.421739 0.884053 0.421739
3 0.905292 0.40217400000000003 0.904596 0.391304 0.9032030000000001 0.391304 0.902507 0.40217400000000003 0.9014620000000001 0.40869600000000006 0.9063370000000001 0.40869600000000006 0.905292 0.40217400000000003
1 0.9352370000000001 0.41413 0.933844 0.411957 0.9331480000000001 0.395652 0.9317550000000001 0.395652 0.93071 0.409783 0.9296659999999999 0.41630399999999995 0.9352370000000001 0.41630399999999995 0.9352370000000001 0.41413
1 0.836003 0.8119569999999999 0.8353059999999999 0.8141299999999999 0.8290390000000001 0.815217 0.8290390000000001 0.817391 0.845404 0.846739 0.89032 0.846739 0.888231 0.844565 0.8844010000000001 0.836957 0.8844010000000001 0.828261 0.883705 0.8228260000000001 0.881267 0.818478 0.878482 0.816304 0.875348 0.809783 0.8690810000000001 0.66087 0.863162 0.6586960000000001 0.861421 0.656522 0.856198 0.656522 0.8443590000000001 0.8 0.837396 0.8043480000000001 0.836351 0.806522 0.836003 0.8119569999999999
1 0.632312 0.40108699999999997 0.632312 0.39891299999999996 0.631267 0.396739 0.629875 0.373913 0.628134 0.373913 0.626741 0.393478 0.625696 0.396739 0.625696 0.40108699999999997 0.632312 0.40108699999999997
1 0.61351 0.411957 0.61351 0.40869600000000006 0.612117 0.407609 0.610724 0.38043499999999997 0.608635 0.38043499999999997 0.6072420000000001 0.404348 0.60585 0.40869600000000006 0.60585 0.411957 0.61351 0.411957
1 0.871866 0.484783 0.885794 0.484783 0.885794 0.479348 0.884053 0.476087 0.883008 0.46956499999999995 0.880223 0.42934799999999995 0.877089 0.42934799999999995 0.8743040000000001 0.470652 0.873607 0.475 0.871866 0.47717400000000004 0.871866 0.484783
1 0.74234 0.457609 0.741643 0.452174 0.7395539999999999 0.45 0.738162 0.421739 0.737117 0.41304299999999994 0.73468 0.411957 0.7318939999999999 0.44782599999999995 0.729457 0.454348 0.729457 0.456522 0.74234 0.457609