3 0.275307 0.681075 0.26993900000000004 0.711449 0.261503 0.716121 0.25920200000000004 0.721963 0.25460099999999997 0.721963 0.25306700000000004 0.724299 0.253834 0.727804 0.266104 0.732477 0.268405 0.734813 0.284509 0.735981 0.290644 0.732477 0.309816 0.728972 0.315951 0.726636 0.317485 0.724299 0.31288299999999997 0.721963 0.309816 0.7126170000000001 0.305215 0.711449 0.30138 0.706776 0.296779 0.679907 0.292945 0.63785 0.289877 0.625 0.284509 0.6238319999999999 0.280675 0.6261680000000001 0.27684000000000003 0.655374 0.275307 0.681075
3 0.125 0.5759350000000001 0.13190200000000002 0.578271 0.15107399999999999 0.59229 0.152607 0.5957939999999999 0.15184 0.602804 0.156442 0.603972 0.160276 0.602804 0.16181 0.598131 0.163344 0.579439 0.16564399999999999 0.5735979999999999 0.16564399999999999 0.5677570000000001 0.161043 0.5677570000000001 0.15950899999999998 0.570093 0.125 0.568925 0.125 0.5759350000000001
3 0.542178 0.5876170000000001 0.5398769999999999 0.5876170000000001 0.53911 0.591121 0.56135 0.59229 0.56135 0.5876170000000001 0.558282 0.586449 0.556748 0.582944 0.552914 0.5478970000000001 0.548313 0.546729 0.546779 0.5490649999999999 0.546779 0.561916 0.543712 0.584112 0.542178 0.5876170000000001
3 0.668712 0.586449 0.667178 0.599299 0.66411 0.601636 0.66181 0.607477 0.687883 0.608645 0.687883 0.602804 0.685583 0.602804 0.682515 0.596963 0.682515 0.588785 0.680215 0.5735979999999999 0.680215 0.5572429999999999 0.678681 0.554907 0.67408 0.554907 0.672546 0.5572429999999999 0.6710119999999999 0.568925 0.6710119999999999 0.581776 0.668712 0.586449
3 0.667178 0.566589 0.667178 0.563084 0.6648769999999999 0.559579 0.66181 0.5350469999999999 0.657975 0.533879 0.654908 0.560748 0.65184 0.564252 0.65184 0.566589 0.667178 0.566589
1 0.462423 0.550234 0.459356 0.542056 0.457822 0.525701 0.45552099999999995 0.525701 0.453221 0.546729 0.45092 0.5478970000000001 0.45092 0.550234 0.462423 0.550234
1 0.408742 0.5292060000000001 0.408742 0.522196 0.40720900000000004 0.5186919999999999 0.405675 0.5186919999999999 0.404908 0.531542 0.402607 0.5373829999999999 0.411043 0.5373829999999999 0.408742 0.5292060000000001
1 0.525307 0.5572429999999999 0.53911 0.5572429999999999 0.535276 0.546729 0.536043 0.542056 0.5337419999999999 0.530374 0.531442 0.530374 0.529141 0.550234 0.5276069999999999 0.553738 0.525307 0.554907 0.525307 0.5572429999999999
1 0.793712 0.5771029999999999 0.790644 0.579439 0.790644 0.582944 0.8105829999999999 0.582944 0.805982 0.574766 0.802147 0.543224 0.798313 0.543224 0.796779 0.5478970000000001 0.796779 0.5572429999999999 0.793712 0.571262 0.793712 0.5771029999999999
3 0.580521 0.630841 0.576687 0.632009 0.575153 0.63785 0.5789880000000001 0.641355 0.608896 0.641355 0.6096630000000001 0.639019 0.607362 0.6355139999999999 0.607362 0.633178 0.601994 0.629673 0.601994 0.6238319999999999 0.60046 0.6156539999999999 0.598926 0.613318 0.596626 0.579439 0.593558 0.5735979999999999 0.588957 0.574766 0.58589 0.59229 0.58589 0.601636 0.582822 0.625 0.580521 0.630841
1 0.48312900000000003 0.517523 0.481595 0.517523 0.48006099999999996 0.528037 0.478528 0.530374 0.485429 0.530374 0.48312900000000003 0.517523
1 0.499233 0.522196 0.499233 0.514019 0.496933 0.514019 0.496166 0.524533 0.494632 0.526869 0.500767 0.526869 0.499233 0.522196
3 0.354294 0.531542 0.354294 0.51986 0.347393 0.51986 0.346626 0.526869 0.344325 0.530374 0.354294 0.531542
0 0.369632 0.516355 0.36733099999999996 0.517523 0.36579799999999996 0.525701 0.375767 0.525701 0.375767 0.523364 0.37193299999999996 0.521028 0.369632 0.516355
0 0.34202499999999997 0.514019 0.339724 0.514019 0.334356 0.521028 0.34279099999999996 0.522196 0.34202499999999997 0.514019
3 0.414877 0.523364 0.41411 0.51285 0.412577 0.515187 0.410276 0.526869 0.416411 0.526869 0.414877 0.523364
0 0.31288299999999997 0.553738 0.31901799999999997 0.546729 0.318252 0.533879 0.315951 0.526869 0.31365 0.526869 0.31365 0.538551 0.309049 0.554907 0.31288299999999997 0.553738
3 0.319785 0.550234 0.316718 0.550234 0.315184 0.553738 0.310583 0.556075 0.307515 0.561916 0.297546 0.571262 0.297546 0.574766 0.29984700000000003 0.5759350000000001 0.31211700000000003 0.571262 0.318252 0.571262 0.321319 0.5771029999999999 0.324387 0.5771029999999999 0.32515299999999997 0.5735979999999999 0.322853 0.5677570000000001 0.322853 0.560748 0.320552 0.556075 0.319785 0.550234
3 0.33128799999999997 0.561916 0.332055 0.554907 0.329755 0.542056 0.328221 0.53972 0.32362 0.538551 0.320552 0.544393 0.321319 0.556075 0.32362 0.561916 0.33128799999999997 0.561916
1 0.440951 0.531542 0.447853 0.53271 0.447853 0.5292060000000001 0.442485 0.525701 0.440951 0.523364 0.440951 0.51986 0.43865 0.51986 0.435583 0.525701 0.43635 0.5292060000000001 0.43711700000000003 0.524533 0.43865 0.523364 0.440951 0.531542
1 0.484663 0.51285 0.484663 0.524533 0.48773 0.524533 0.48619599999999996 0.51285 0.484663 0.51285
1 0.490798 0.5105139999999999 0.488497 0.514019 0.48773 0.522196 0.491564 0.522196 0.490798 0.5105139999999999
1 0.441718 0.543224 0.43865 0.524533 0.434816 0.533879 0.43174799999999997 0.5350469999999999 0.427147 0.540888 0.441718 0.543224
3 0.303681 0.5373829999999999 0.305215 0.53271 0.304448 0.5186919999999999 0.302914 0.5186919999999999 0.302147 0.526869 0.29908 0.5373829999999999 0.303681 0.5373829999999999
3 0.302147 0.544393 0.310583 0.544393 0.310583 0.53271 0.308282 0.522196 0.306748 0.522196 0.30598200000000003 0.524533 0.30598200000000003 0.53271 0.302147 0.544393
1 0.417178 0.580607 0.43711700000000003 0.580607 0.43711700000000003 0.5771029999999999 0.432515 0.5735979999999999 0.43174799999999997 0.556075 0.430215 0.55257 0.429448 0.542056 0.42561299999999996 0.542056 0.421779 0.574766 0.420245 0.5771029999999999 0.417945 0.5771029999999999 0.417178 0.580607