1 0.289877 0.554907 0.304448 0.554907 0.302147 0.5514020000000001 0.29984700000000003 0.540888 0.29908 0.524533 0.298313 0.522196 0.295245 0.522196 0.294479 0.543224 0.292945 0.5490649999999999 0.289877 0.55257 0.289877 0.554907
1 0.40107400000000004 0.526869 0.398773 0.508178 0.397239 0.508178 0.39493900000000004 0.531542 0.40107400000000004 0.531542 0.402607 0.5292060000000001 0.40107400000000004 0.526869
1 0.463957 0.515187 0.463957 0.5011680000000001 0.46089 0.5011680000000001 0.460123 0.51986 0.458589 0.522196 0.466258 0.522196 0.463957 0.515187
1 0.477761 0.514019 0.476227 0.51285 0.47546 0.497664 0.47316 0.498832 0.471626 0.517523 0.477761 0.517523 0.477761 0.514019
1 0.583589 0.515187 0.583589 0.508178 0.582822 0.505841 0.580521 0.505841 0.579755 0.523364 0.578221 0.525701 0.586656 0.525701 0.583589 0.515187
3 0.592791 0.5186919999999999 0.588957 0.497664 0.586656 0.497664 0.587423 0.504673 0.58589 0.515187 0.586656 0.517523 0.592791 0.5186919999999999
3 0.483896 0.648364 0.478528 0.650701 0.477761 0.6600469999999999 0.478528 0.6623829999999999 0.513037 0.6623829999999999 0.514571 0.6600469999999999 0.513804 0.650701 0.508436 0.648364 0.506135 0.642523 0.505368 0.632009 0.5030669999999999 0.6261680000000001 0.502301 0.613318 0.500767 0.608645 0.500767 0.598131 0.499233 0.5957939999999999 0.49846599999999996 0.586449 0.496933 0.584112 0.491564 0.584112 0.490031 0.586449 0.48773 0.6063080000000001 0.485429 0.6436919999999999 0.483896 0.648364
3 0.84816 0.75 0.84816 0.7605139999999999 0.8458589999999999 0.7686919999999999 0.845092 0.778037 0.8458589999999999 0.783879 0.8427910000000001 0.788551 0.806748 0.8212619999999999 0.7960119999999999 0.828271 0.7898769999999999 0.83528 0.888804 0.83528 0.888804 0.804907 0.8849690000000001 0.792056 0.881902 0.767523 0.875767 0.7605139999999999 0.863497 0.757009 0.851994 0.75 0.84816 0.75
3 0.740031 0.591121 0.755368 0.593458 0.758436 0.5957939999999999 0.766104 0.594626 0.766104 0.5899530000000001 0.763037 0.586449 0.743865 0.57243 0.743098 0.561916 0.741564 0.559579 0.733896 0.561916 0.729294 0.588785 0.730061 0.5957939999999999 0.736963 0.5957939999999999 0.740031 0.591121
0 0.839724 0.526869 0.839724 0.490654 0.836656 0.478972 0.832822 0.478972 0.8305210000000001 0.481308 0.831288 0.5292060000000001 0.839724 0.526869
0 0.733129 0.53972 0.733129 0.536215 0.730828 0.536215 0.72546 0.528037 0.72546 0.523364 0.715491 0.523364 0.713957 0.540888 0.723926 0.542056 0.724693 0.53972 0.733129 0.53972
0 0.645706 0.515187 0.641104 0.515187 0.639571 0.517523 0.639571 0.521028 0.647239 0.51986 0.648006 0.523364 0.648773 0.51986 0.655675 0.521028 0.654141 0.51986 0.653374 0.508178 0.650307 0.507009 0.648773 0.51285 0.6464719999999999 0.51285 0.645706 0.515187
1 0.619632 0.491822 0.618098 0.49532699999999996 0.617331 0.504673 0.622699 0.504673 0.619632 0.491822
3 0.67408 0.503505 0.67408 0.498832 0.668712 0.498832 0.667178 0.5011680000000001 0.667178 0.5105139999999999 0.677914 0.511682 0.67638 0.505841 0.67408 0.503505
3 0.704755 0.498832 0.704755 0.49299099999999996 0.702454 0.48948600000000003 0.700153 0.504673 0.707055 0.504673 0.707055 0.502336 0.704755 0.498832
1 0.52454 0.498832 0.522239 0.49532699999999996 0.5214719999999999 0.504673 0.519172 0.511682 0.526074 0.511682 0.52454 0.498832
1 0.580521 0.504673 0.582822 0.504673 0.5851230000000001 0.508178 0.583589 0.497664 0.579755 0.497664 0.575153 0.507009 0.579755 0.507009 0.580521 0.504673
3 0.687117 0.48715 0.685583 0.48715 0.684049 0.498832 0.689417 0.498832 0.687117 0.49299099999999996 0.687117 0.48715
1 0.605061 0.49299099999999996 0.604294 0.5 0.613497 0.5 0.607362 0.491822 0.605061 0.49299099999999996
3 0.557515 0.536215 0.565184 0.5373829999999999 0.565184 0.533879 0.562883 0.53271 0.562883 0.526869 0.56135 0.525701 0.56135 0.511682 0.560583 0.5093460000000001 0.558282 0.5093460000000001 0.556748 0.523364 0.555215 0.524533 0.555982 0.53271 0.557515 0.536215
3 0.543712 0.571262 0.560583 0.571262 0.562883 0.568925 0.559049 0.564252 0.558282 0.554907 0.555982 0.5490649999999999 0.555982 0.5350469999999999 0.554448 0.53271 0.554448 0.5292060000000001 0.549847 0.531542 0.546779 0.564252 0.542945 0.5677570000000001 0.543712 0.571262