1 0.8673310000000001 0.599299 0.8673310000000001 0.61215 0.8650309999999999 0.629673 0.861963 0.639019 0.8535280000000001 0.641355 0.8535280000000001 0.64486 0.85046 0.649533 0.851994 0.6542060000000001 0.871166 0.655374 0.878067 0.65771 0.8918710000000001 0.656542 0.8918710000000001 0.588785 0.886503 0.5478970000000001 0.875767 0.5478970000000001 0.8726990000000001 0.560748 0.869632 0.594626 0.8673310000000001 0.599299
0 0.8335889999999999 0.57243 0.832822 0.584112 0.8297549999999999 0.591121 0.827454 0.591121 0.827454 0.594626 0.859663 0.5957939999999999 0.861196 0.591121 0.857362 0.5876170000000001 0.8565950000000001 0.579439 0.8550610000000001 0.578271 0.85046 0.544393 0.85046 0.536215 0.84816 0.525701 0.8412580000000001 0.525701 0.839724 0.53972 0.83819 0.542056 0.836656 0.561916 0.8335889999999999 0.57243
1 0.787577 0.5572429999999999 0.784509 0.550234 0.7837419999999999 0.5292060000000001 0.7653369999999999 0.5292060000000001 0.763037 0.531542 0.76227 0.559579 0.782975 0.561916 0.78681 0.560748 0.787577 0.5572429999999999
1 0.701687 0.550234 0.720092 0.550234 0.720092 0.546729 0.717025 0.543224 0.713957 0.51285 0.7101230000000001 0.51285 0.705521 0.543224 0.7039880000000001 0.546729 0.701687 0.546729 0.701687 0.550234
3 0.523006 0.533879 0.523773 0.531542 0.520706 0.525701 0.519939 0.508178 0.518405 0.505841 0.5153369999999999 0.505841 0.513037 0.526869 0.509969 0.531542 0.509969 0.533879 0.523006 0.533879
0 0.577454 0.523364 0.574387 0.5093460000000001 0.574387 0.5011680000000001 0.572086 0.497664 0.570552 0.497664 0.569785 0.508178 0.565951 0.525701 0.576687 0.526869 0.577454 0.523364
1 0.687117 0.53972 0.6978530000000001 0.5373829999999999 0.6978530000000001 0.5350469999999999 0.695552 0.53271 0.692485 0.5093460000000001 0.68865 0.5093460000000001 0.687117 0.526869 0.685583 0.5350469999999999 0.684049 0.5373829999999999 0.687117 0.53972
3 0.58819 0.51986 0.587423 0.508178 0.58589 0.502336 0.584356 0.502336 0.579755 0.522196 0.588957 0.523364 0.589724 0.521028 0.58819 0.51986
3 0.605061 0.516355 0.6035280000000001 0.502336 0.601227 0.502336 0.601227 0.508178 0.59816 0.51986 0.606595 0.51986 0.605061 0.516355
1 0.675613 0.530374 0.671779 0.517523 0.671779 0.508178 0.669479 0.503505 0.667178 0.508178 0.667178 0.514019 0.663344 0.5292060000000001 0.675613 0.530374
1 0.81135 0.530374 0.820552 0.5292060000000001 0.8174849999999999 0.515187 0.8174849999999999 0.507009 0.815184 0.504673 0.81365 0.505841 0.812883 0.515187 0.809816 0.5292060000000001 0.81135 0.530374
1 0.68635 0.523364 0.683282 0.498832 0.680982 0.5011680000000001 0.680215 0.514019 0.677914 0.523364 0.68635 0.523364
3 0.298313 0.599299 0.295245 0.608645 0.294479 0.619159 0.289877 0.619159 0.287577 0.621495 0.28681 0.6261680000000001 0.283742 0.6261680000000001 0.279908 0.629673 0.31901799999999997 0.632009 0.32592 0.628505 0.332055 0.629673 0.332822 0.627336 0.338957 0.627336 0.33819 0.625 0.332822 0.6238319999999999 0.330521 0.616822 0.327454 0.616822 0.32362 0.610981 0.318252 0.574766 0.318252 0.5677570000000001 0.315951 0.563084 0.31365 0.5478970000000001 0.314417 0.53972 0.30598200000000003 0.538551 0.304448 0.5572429999999999 0.30138 0.566589 0.300613 0.581776 0.298313 0.599299
3 0.625767 0.515187 0.623466 0.5 0.621166 0.5011680000000001 0.621166 0.507009 0.618098 0.515187 0.625767 0.515187
3 0.654141 0.508178 0.659509 0.508178 0.656442 0.497664 0.654141 0.508178
0 0.654908 0.517523 0.6526069999999999 0.5011680000000001 0.651074 0.498832 0.64954 0.508178 0.648006 0.5105139999999999 0.648006 0.516355 0.654908 0.517523
0 0.635736 0.505841 0.634969 0.51285 0.644939 0.51285 0.638037 0.504673 0.635736 0.505841
1 0.7469330000000001 0.51285 0.7469330000000001 0.504673 0.746166 0.502336 0.743865 0.502336 0.743098 0.51285 0.7407980000000001 0.521028 0.749233 0.521028 0.7469330000000001 0.51285
1 0.729294 0.5 0.727761 0.5 0.726994 0.5105139999999999 0.724693 0.517523 0.732362 0.517523 0.729294 0.5
1 0.784509 0.504673 0.782209 0.503505 0.779141 0.522196 0.787577 0.522196 0.786043 0.51986 0.784509 0.504673
1 0.778374 0.516355 0.77684 0.5 0.77454 0.505841 0.773006 0.514019 0.773773 0.516355 0.778374 0.516355
1 0.7346630000000001 0.5105139999999999 0.733896 0.5 0.732362 0.498832 0.731595 0.511682 0.732362 0.514019 0.736196 0.514019 0.7346630000000001 0.5105139999999999
0 0.75 0.496495 0.747699 0.504673 0.748466 0.5093460000000001 0.751534 0.508178 0.75 0.496495
3 0.8811349999999999 0.507009 0.8796010000000001 0.5186919999999999 0.885736 0.5186919999999999 0.8842019999999999 0.5093460000000001 0.8811349999999999 0.507009
3 0.864264 0.502336 0.861196 0.514019 0.8673310000000001 0.515187 0.8657980000000001 0.502336 0.864264 0.502336
1 0.784509 0.5011680000000001 0.78681 0.51986 0.7898769999999999 0.51986 0.786043 0.502336 0.784509 0.5011680000000001
1 0.764571 0.49532699999999996 0.763037 0.507009 0.767638 0.507009 0.766104 0.496495 0.764571 0.49532699999999996
1 0.735429 0.497664 0.7346630000000001 0.503505 0.736196 0.5105139999999999 0.736963 0.502336 0.735429 0.497664
1 0.740031 0.504673 0.740031 0.498832 0.738497 0.497664 0.736963 0.511682 0.7407980000000001 0.511682 0.741564 0.5093460000000001 0.740031 0.504673