3 0.24463200000000002 0.64486 0.24463200000000002 0.655374 0.242331 0.66472 0.24156399999999997 0.678738 0.23849700000000001 0.69743 0.236196 0.7009350000000001 0.23082799999999998 0.703271 0.22929400000000003 0.705607 0.228528 0.711449 0.22162600000000002 0.7149530000000001 0.22162600000000002 0.71729 0.261503 0.7207939999999999 0.27607400000000004 0.7126170000000001 0.279141 0.7126170000000001 0.285276 0.707944 0.284509 0.703271 0.278374 0.7009350000000001 0.275307 0.69743 0.270706 0.69743 0.268405 0.693925 0.26687099999999997 0.678738 0.26380400000000004 0.66472 0.26380400000000004 0.6542060000000001 0.258436 0.6144860000000001 0.250767 0.6144860000000001 0.248466 0.617991 0.24693299999999999 0.6343460000000001 0.24463200000000002 0.64486
3 0.236196 0.57243 0.231595 0.5759350000000001 0.231595 0.579439 0.23542900000000003 0.581776 0.236196 0.579439 0.253834 0.580607 0.253834 0.5771029999999999 0.24923299999999998 0.57243 0.24923299999999998 0.563084 0.24693299999999999 0.556075 0.24616600000000002 0.536215 0.245399 0.533879 0.242331 0.533879 0.24003100000000002 0.536215 0.23849700000000001 0.559579 0.236196 0.565421 0.236196 0.57243
3 0.381135 0.542056 0.381902 0.544393 0.38880400000000004 0.544393 0.38880400000000004 0.53972 0.38727 0.53972 0.380368 0.5292060000000001 0.37960099999999997 0.521028 0.372699 0.521028 0.369632 0.523364 0.36733099999999996 0.542056 0.374233 0.543224 0.375 0.540888 0.381135 0.542056
3 0.38727 0.524533 0.397239 0.523364 0.39493900000000004 0.515187 0.393405 0.5011680000000001 0.39187099999999997 0.5 0.389571 0.507009 0.389571 0.51986 0.38727 0.522196 0.38727 0.524533
3 0.349693 0.514019 0.347393 0.5093460000000001 0.345092 0.49299099999999996 0.343558 0.49415899999999996 0.34202499999999997 0.5105139999999999 0.339724 0.515187 0.349693 0.514019
0 0.787577 0.690421 0.827454 0.691589 0.8289880000000001 0.683411 0.8289880000000001 0.633178 0.825153 0.629673 0.78911 0.629673 0.786043 0.639019 0.78681 0.65771 0.785276 0.688084 0.787577 0.690421
0 0.377301 0.578271 0.375767 0.580607 0.37653400000000004 0.586449 0.381135 0.586449 0.383436 0.584112 0.406442 0.584112 0.409509 0.586449 0.410276 0.5771029999999999 0.408742 0.574766 0.408742 0.570093 0.40720900000000004 0.566589 0.406442 0.556075 0.404141 0.554907 0.40107400000000004 0.560748 0.38266900000000004 0.5759350000000001 0.377301 0.578271
1 0.26073599999999997 0.629673 0.292178 0.630841 0.292178 0.6238319999999999 0.289877 0.6238319999999999 0.28681 0.619159 0.28297500000000003 0.617991 0.281442 0.6156539999999999 0.27684000000000003 0.581776 0.27607400000000004 0.563084 0.269172 0.561916 0.267638 0.566589 0.26380400000000004 0.6063080000000001 0.26073599999999997 0.620327 0.26073599999999997 0.629673
1 0.187883 0.533879 0.181748 0.5373829999999999 0.180215 0.542056 0.202454 0.542056 0.202454 0.53271 0.20015299999999997 0.522196 0.191718 0.522196 0.191718 0.528037 0.189417 0.5292060000000001 0.187883 0.533879
1 0.25766900000000004 0.5186919999999999 0.256902 0.504673 0.253834 0.504673 0.25153400000000004 0.525701 0.24923299999999998 0.530374 0.26073599999999997 0.530374 0.25766900000000004 0.5186919999999999
1 0.22469299999999998 0.517523 0.22776100000000002 0.51986 0.233129 0.5186919999999999 0.233129 0.516355 0.226994 0.511682 0.22315999999999997 0.504673 0.21779099999999998 0.504673 0.216258 0.517523 0.21702499999999997 0.51986 0.220092 0.517523 0.22469299999999998 0.517523
3 0.457055 0.517523 0.457822 0.515187 0.45628799999999997 0.51285 0.45628799999999997 0.5 0.453988 0.5 0.453221 0.514019 0.45092 0.523364 0.458589 0.524533 0.457055 0.517523
0 0.316718 0.498832 0.315951 0.490654 0.314417 0.490654 0.31288299999999997 0.505841 0.31135 0.508178 0.319785 0.508178 0.316718 0.498832
1 0.21549100000000002 0.514019 0.213957 0.498832 0.21242299999999997 0.49532699999999996 0.210123 0.502336 0.210123 0.5093460000000001 0.207822 0.514019 0.21549100000000002 0.514019
1 0.171779 0.502336 0.171012 0.49299099999999996 0.169479 0.49299099999999996 0.169479 0.498832 0.166411 0.5093460000000001 0.17407999999999998 0.5093460000000001 0.171779 0.502336
3 0.307515 0.505841 0.30598200000000003 0.5011680000000001 0.302914 0.5 0.29984700000000003 0.49532699999999996 0.296779 0.49532699999999996 0.295245 0.505841 0.297546 0.505841 0.29908 0.503505 0.307515 0.505841
3 0.329755 0.490654 0.329755 0.48831800000000003 0.320552 0.48831800000000003 0.321319 0.496495 0.32362 0.496495 0.324387 0.49299099999999996 0.329755 0.490654
1 0.24309799999999998 0.496495 0.24309799999999998 0.48948600000000003 0.24156399999999997 0.48831800000000003 0.24079799999999998 0.496495 0.23849700000000001 0.503505 0.245399 0.503505 0.24309799999999998 0.496495
1 0.31288299999999997 0.46028 0.31135 0.459112 0.309049 0.470794 0.314417 0.470794 0.31288299999999997 0.46845800000000004 0.31288299999999997 0.46028
3 0.265337 0.48481300000000005 0.26380400000000004 0.48481300000000005 0.263037 0.49299099999999996 0.261503 0.496495 0.26687099999999997 0.496495 0.265337 0.48481300000000005
1 0.148773 0.48715 0.146472 0.48948600000000003 0.14493899999999998 0.5 0.15107399999999999 0.5 0.148773 0.48715
0 0.272239 0.48481300000000005 0.270706 0.48715 0.269172 0.49532699999999996 0.273773 0.49532699999999996 0.272239 0.48481300000000005
1 0.21549100000000002 0.496495 0.220092 0.496495 0.21702499999999997 0.48598100000000005 0.21549100000000002 0.496495
3 0.283742 0.48598100000000005 0.28220900000000004 0.48598100000000005 0.28220900000000004 0.491822 0.280675 0.49532699999999996 0.285276 0.49532699999999996 0.283742 0.48598100000000005
3 0.295245 0.498832 0.28911 0.491822 0.287577 0.491822 0.28681 0.497664 0.285276 0.5 0.285276 0.502336 0.288344 0.5 0.295245 0.5011680000000001 0.295245 0.498832
3 0.173313 0.48831800000000003 0.171779 0.49532699999999996 0.172546 0.5 0.177147 0.5 0.173313 0.48831800000000003
3 0.21089000000000002 0.497664 0.210123 0.48598100000000005 0.208589 0.48715 0.20628799999999997 0.5 0.210123 0.5 0.21089000000000002 0.497664
3 0.12039899999999999 0.505841 0.118865 0.49299099999999996 0.117331 0.49299099999999996 0.116564 0.5 0.113497 0.508178 0.121933 0.508178 0.12039899999999999 0.505841
3 0.201687 0.48948600000000003 0.20015299999999997 0.48831800000000003 0.197086 0.5011680000000001 0.203988 0.5011680000000001 0.202454 0.498832 0.201687 0.48948600000000003