3 0.14954 0.566589 0.148773 0.563084 0.145706 0.559579 0.144172 0.5490649999999999 0.144172 0.536215 0.13880399999999998 0.5350469999999999 0.13803700000000002 0.5572429999999999 0.134202 0.564252 0.134202 0.566589 0.14954 0.566589
3 0.259969 0.538551 0.25766900000000004 0.533879 0.250767 0.53271 0.248466 0.536215 0.248466 0.5490649999999999 0.25766900000000004 0.5490649999999999 0.259969 0.546729 0.259969 0.538551
0 0.28911 0.530374 0.29984700000000003 0.5292060000000001 0.29908 0.51986 0.294479 0.51986 0.29371200000000003 0.523364 0.28911 0.526869 0.28911 0.530374
3 0.578221 0.67757 0.576687 0.681075 0.575153 0.6985979999999999 0.5728530000000001 0.703271 0.566718 0.706776 0.565951 0.7126170000000001 0.562883 0.719626 0.569785 0.721963 0.5912580000000001 0.721963 0.60046 0.724299 0.607362 0.723131 0.611963 0.716121 0.611963 0.71028 0.6096630000000001 0.705607 0.6035280000000001 0.703271 0.601227 0.6985979999999999 0.5912580000000001 0.627336 0.589724 0.625 0.583589 0.625 0.582055 0.6261680000000001 0.581288 0.639019 0.579755 0.64486 0.578221 0.67757
1 0.335123 0.64486 0.335123 0.649533 0.334356 0.650701 0.333589 0.648364 0.332822 0.650701 0.33589 0.653037 0.351227 0.653037 0.35506099999999996 0.650701 0.363497 0.651869 0.36426400000000003 0.6436919999999999 0.358896 0.640187 0.357362 0.627336 0.35506099999999996 0.622664 0.351227 0.588785 0.349693 0.586449 0.345092 0.586449 0.343558 0.588785 0.34279099999999996 0.613318 0.339724 0.639019 0.335123 0.64486
1 0.256902 0.609813 0.256902 0.61215 0.279141 0.61215 0.280675 0.610981 0.280675 0.608645 0.27607400000000004 0.603972 0.27607400000000004 0.599299 0.273773 0.594626 0.273773 0.584112 0.271472 0.5677570000000001 0.26993900000000004 0.564252 0.267638 0.563084 0.264571 0.5677570000000001 0.263037 0.601636 0.261503 0.6063080000000001 0.256902 0.609813
1 0.48006099999999996 0.530374 0.479294 0.5186919999999999 0.476227 0.5186919999999999 0.47392599999999996 0.5373829999999999 0.481595 0.538551 0.482362 0.5350469999999999 0.48006099999999996 0.530374
1 0.472393 0.533879 0.47316 0.531542 0.470859 0.528037 0.470092 0.517523 0.467025 0.516355 0.466258 0.5292060000000001 0.464724 0.530374 0.464724 0.533879 0.472393 0.533879
1 0.444785 0.5373829999999999 0.44401799999999997 0.523364 0.441718 0.523364 0.43865 0.543224 0.446319 0.543224 0.446319 0.538551 0.444785 0.5373829999999999
0 0.31365 0.528037 0.31288299999999997 0.525701 0.308282 0.525701 0.307515 0.536215 0.321319 0.536215 0.31901799999999997 0.531542 0.31365 0.528037
1 0.37960099999999997 0.550234 0.378834 0.544393 0.372699 0.543224 0.368098 0.5350469999999999 0.363497 0.536215 0.363497 0.5514020000000001 0.368865 0.5478970000000001 0.375 0.5514020000000001 0.37960099999999997 0.550234
1 0.48619599999999996 0.524533 0.485429 0.51285 0.483896 0.51285 0.48312900000000003 0.524533 0.481595 0.526869 0.488497 0.528037 0.48619599999999996 0.524533
1 0.371166 0.528037 0.37039900000000003 0.517523 0.368865 0.515187 0.366564 0.531542 0.372699 0.531542 0.372699 0.5292060000000001 0.371166 0.528037
3 0.38266900000000004 0.514019 0.380368 0.528037 0.386503 0.528037 0.384969 0.516355 0.38266900000000004 0.514019
3 0.332055 0.515187 0.330521 0.514019 0.324387 0.521028 0.332822 0.521028 0.332055 0.515187
3 0.38420200000000004 0.505841 0.383436 0.51285 0.38573599999999997 0.516355 0.38727 0.516355 0.38420200000000004 0.505841
1 0.47392599999999996 0.505841 0.472393 0.517523 0.477761 0.517523 0.476227 0.507009 0.47392599999999996 0.505841
0 0.306748 0.49299099999999996 0.305215 0.49299099999999996 0.302914 0.504673 0.306748 0.504673 0.306748 0.49299099999999996
3 0.380368 0.5093460000000001 0.377301 0.522196 0.381135 0.522196 0.381902 0.5186919999999999 0.380368 0.5093460000000001
1 0.292945 0.5572429999999999 0.300613 0.5572429999999999 0.29908 0.553738 0.29984700000000003 0.5490649999999999 0.297546 0.538551 0.294479 0.5373829999999999 0.29371200000000003 0.53972 0.29371200000000003 0.550234 0.291411 0.559579 0.292945 0.5572429999999999
1 0.278374 0.582944 0.280675 0.584112 0.289877 0.580607 0.303681 0.582944 0.304448 0.570093 0.302147 0.559579 0.292945 0.558411 0.28911 0.568925 0.281442 0.5771029999999999 0.278374 0.582944
1 0.48926400000000003 0.522196 0.48773 0.5105139999999999 0.48619599999999996 0.5093460000000001 0.485429 0.511682 0.486963 0.516355 0.486963 0.522196 0.48926400000000003 0.522196