1 0.8796010000000001 0.582944 0.8773009999999999 0.596963 0.8773009999999999 0.6063080000000001 0.875 0.613318 0.873466 0.630841 0.871166 0.63785 0.871166 0.647196 0.8688650000000001 0.653037 0.868098 0.661215 0.8650309999999999 0.663551 0.8550610000000001 0.665888 0.851994 0.671729 0.851227 0.67757 0.8458589999999999 0.678738 0.839724 0.683411 0.848926 0.686916 0.85046 0.689252 0.8826689999999999 0.69743 0.8918710000000001 0.7021029999999999 0.8918710000000001 0.530374 0.888037 0.530374 0.885736 0.550234 0.8826689999999999 0.564252 0.8826689999999999 0.5735979999999999 0.8796010000000001 0.582944
3 0.730061 0.533879 0.730061 0.540888 0.736196 0.543224 0.741564 0.540888 0.763037 0.540888 0.76227 0.533879 0.757669 0.530374 0.753834 0.523364 0.7530669999999999 0.5105139999999999 0.746166 0.475467 0.7407980000000001 0.475467 0.736963 0.507009 0.736963 0.5186919999999999 0.735429 0.528037 0.730061 0.533879
1 0.447086 0.563084 0.440951 0.564252 0.440951 0.5677570000000001 0.43788299999999997 0.57243 0.440951 0.574766 0.442485 0.578271 0.447853 0.579439 0.486963 0.5759350000000001 0.48312900000000003 0.57243 0.48312900000000003 0.5677570000000001 0.480828 0.565421 0.48006099999999996 0.561916 0.476227 0.560748 0.474693 0.5572429999999999 0.466258 0.48831800000000003 0.457055 0.48715 0.45628799999999997 0.502336 0.451687 0.526869 0.44862 0.559579 0.447086 0.563084
3 0.505368 0.5011680000000001 0.5153369999999999 0.5 0.516871 0.498832 0.516871 0.49532699999999996 0.514571 0.49415899999999996 0.513037 0.481308 0.509969 0.471963 0.508436 0.461449 0.504601 0.461449 0.5030669999999999 0.46729000000000004 0.501534 0.49415899999999996 0.49846599999999996 0.498832 0.505368 0.5011680000000001
1 0.24923299999999998 0.5093460000000001 0.24693299999999999 0.5093460000000001 0.24616600000000002 0.514019 0.26993900000000004 0.514019 0.26993900000000004 0.511682 0.265337 0.504673 0.259969 0.46729000000000004 0.255368 0.46729000000000004 0.252301 0.49415899999999996 0.250767 0.496495 0.250767 0.507009 0.24923299999999998 0.5093460000000001
1 0.24693299999999999 0.49299099999999996 0.243865 0.490654 0.239264 0.461449 0.23389600000000002 0.461449 0.233129 0.48481300000000005 0.22929400000000003 0.49532699999999996 0.24693299999999999 0.49532699999999996 0.24693299999999999 0.49299099999999996
1 0.196319 0.483645 0.205521 0.48598100000000005 0.20628799999999997 0.483645 0.20935600000000001 0.482477 0.207055 0.478972 0.203988 0.455607 0.201687 0.454439 0.20092 0.462617 0.197853 0.47663599999999995 0.196319 0.478972 0.196319 0.483645
1 0.148006 0.517523 0.173313 0.516355 0.173313 0.514019 0.170245 0.511682 0.168712 0.507009 0.166411 0.48715 0.164877 0.482477 0.16411 0.469626 0.162577 0.46729000000000004 0.157209 0.46729000000000004 0.154141 0.504673 0.15107399999999999 0.511682 0.148006 0.511682 0.148006 0.517523
1 0.121166 0.5011680000000001 0.121166 0.497664 0.118865 0.49532699999999996 0.118865 0.48948600000000003 0.116564 0.481308 0.116564 0.47663599999999995 0.114264 0.47313099999999997 0.113497 0.462617 0.109663 0.461449 0.107362 0.477804 0.107362 0.5011680000000001 0.119632 0.502336 0.121166 0.5011680000000001
1 0.19862 0.46495300000000006 0.197086 0.459112 0.197086 0.449766 0.196319 0.44743000000000005 0.194785 0.44743000000000005 0.194018 0.459112 0.191718 0.462617 0.191718 0.46495300000000006 0.19862 0.46495300000000006
0 0.21549100000000002 0.46845800000000004 0.21242299999999997 0.457944 0.21242299999999997 0.45093500000000003 0.21089000000000002 0.45093500000000003 0.207055 0.46612099999999995 0.207055 0.470794 0.214724 0.471963 0.21549100000000002 0.46845800000000004
0 0.140337 0.457944 0.139571 0.44859799999999994 0.13650299999999999 0.44859799999999994 0.13650299999999999 0.46028 0.134969 0.46845800000000004 0.143405 0.46845800000000004 0.140337 0.457944
1 0.160276 0.453271 0.15950899999999998 0.44509299999999996 0.157975 0.44509299999999996 0.154908 0.461449 0.162577 0.46028 0.160276 0.453271
1 0.121166 0.482477 0.121166 0.477804 0.117331 0.46845800000000004 0.116564 0.46028 0.115031 0.46028 0.115031 0.47313099999999997 0.117331 0.47663599999999995 0.117331 0.481308 0.121166 0.482477
1 0.12576700000000002 0.463785 0.12576700000000002 0.457944 0.122699 0.45093500000000003 0.12039899999999999 0.459112 0.119632 0.471963 0.128067 0.47313099999999997 0.12576700000000002 0.463785
3 0.38727 0.482477 0.38727 0.48481300000000005 0.39954 0.48481300000000005 0.398773 0.47663599999999995 0.396472 0.469626 0.396472 0.463785 0.394172 0.459112 0.392638 0.46028 0.390337 0.46845800000000004 0.389571 0.48014 0.38727 0.482477
0 0.392638 0.45677599999999996 0.390337 0.45677599999999996 0.38880400000000004 0.461449 0.388037 0.48014 0.392638 0.45677599999999996
3 0.24923299999999998 0.453271 0.24769899999999997 0.45093500000000003 0.24693299999999999 0.44509299999999996 0.245399 0.443925 0.24309799999999998 0.45093500000000003 0.242331 0.459112 0.24923299999999998 0.459112 0.24923299999999998 0.453271
1 0.182515 0.47429899999999997 0.192485 0.47429899999999997 0.192485 0.46845800000000004 0.190951 0.46495300000000006 0.189417 0.453271 0.187117 0.454439 0.184816 0.46845800000000004 0.182515 0.471963 0.182515 0.47429899999999997
3 0.335123 0.46729000000000004 0.334356 0.454439 0.332055 0.453271 0.330521 0.45677599999999996 0.327454 0.475467 0.337423 0.47663599999999995 0.335123 0.46729000000000004
3 0.296012 0.44743000000000005 0.29371200000000003 0.46612099999999995 0.302147 0.46612099999999995 0.297546 0.44743000000000005 0.296012 0.44743000000000005
3 0.27684000000000003 0.44743000000000005 0.27454 0.461449 0.279908 0.461449 0.278374 0.44743000000000005 0.27684000000000003 0.44743000000000005