3 0.36426400000000003 0.593458 0.36119599999999996 0.602804 0.36273 0.6063080000000001 0.38420200000000004 0.6063080000000001 0.386503 0.602804 0.388037 0.602804 0.388037 0.591121 0.38573599999999997 0.5899530000000001 0.37960099999999997 0.578271 0.37346599999999996 0.546729 0.37193299999999996 0.544393 0.366564 0.544393 0.365031 0.550234 0.36579799999999996 0.5759350000000001 0.36426400000000003 0.582944 0.36426400000000003 0.593458
1 0.682515 0.504673 0.694785 0.503505 0.694785 0.49532699999999996 0.692485 0.49299099999999996 0.691718 0.48481300000000005 0.689417 0.481308 0.689417 0.47429899999999997 0.68635 0.47663599999999995 0.684816 0.496495 0.682515 0.5 0.682515 0.504673
1 0.58589 0.49299099999999996 0.58589 0.482477 0.582055 0.483645 0.581288 0.502336 0.58819 0.502336 0.58819 0.498832 0.58589 0.49299099999999996
1 0.621166 0.47313099999999997 0.618865 0.47313099999999997 0.618865 0.48481300000000005 0.617331 0.48831800000000003 0.622699 0.48831800000000003 0.621166 0.47313099999999997
1 0.607362 0.475467 0.606595 0.49415899999999996 0.611963 0.49415899999999996 0.610429 0.475467 0.607362 0.475467
1 0.56365 0.47663599999999995 0.562117 0.477804 0.560583 0.490654 0.565184 0.490654 0.56365 0.47663599999999995
1 0.548313 0.482477 0.5460119999999999 0.482477 0.5460119999999999 0.48948600000000003 0.544479 0.491822 0.54908 0.491822 0.548313 0.482477
3 0.526074 0.483645 0.523006 0.5011680000000001 0.5276069999999999 0.5011680000000001 0.529141 0.498832 0.526074 0.483645
3 0.504601 0.508178 0.503834 0.49532699999999996 0.501534 0.49532699999999996 0.501534 0.503505 0.5 0.5105139999999999 0.506135 0.511682 0.504601 0.508178
3 0.48773 0.491822 0.48619599999999996 0.5011680000000001 0.490798 0.5011680000000001 0.490031 0.491822 0.48773 0.491822
3 0.427914 0.5350469999999999 0.42638 0.523364 0.42484700000000003 0.51986 0.421012 0.51986 0.41871200000000003 0.556075 0.432515 0.554907 0.432515 0.5478970000000001 0.427914 0.5350469999999999
1 0.8389570000000001 0.5093460000000001 0.8389570000000001 0.514019 0.8673310000000001 0.515187 0.8673310000000001 0.511682 0.861196 0.503505 0.8581289999999999 0.49532699999999996 0.8581289999999999 0.48831800000000003 0.854294 0.469626 0.8550610000000001 0.46729000000000004 0.84816 0.46495300000000006 0.8458589999999999 0.48014 0.8458589999999999 0.49299099999999996 0.843558 0.503505 0.8389570000000001 0.5093460000000001
3 0.49846599999999996 0.491822 0.497699 0.504673 0.5 0.504673 0.500767 0.491822 0.49846599999999996 0.491822
3 0.47546 0.517523 0.47392599999999996 0.5105139999999999 0.47392599999999996 0.5011680000000001 0.470092 0.502336 0.470092 0.515187 0.471626 0.521028 0.474693 0.521028 0.47546 0.517523
3 0.470859 0.523364 0.469325 0.511682 0.467025 0.507009 0.464724 0.507009 0.46319 0.531542 0.471626 0.531542 0.472393 0.526869 0.470859 0.523364