1 0.8918710000000001 0.51986 0.8918710000000001 0.5 0.891104 0.51285 0.888804 0.516355 0.888804 0.51986 0.8918710000000001 0.51986
1 0.86273 0.5093460000000001 0.86273 0.504673 0.8604290000000001 0.5011680000000001 0.858896 0.48014 0.8550610000000001 0.478972 0.8527609999999999 0.503505 0.85046 0.504673 0.85046 0.508178 0.86273 0.5093460000000001
1 0.8197850000000001 0.5373829999999999 0.818252 0.53972 0.8144170000000001 0.540888 0.8144170000000001 0.544393 0.8404909999999999 0.544393 0.8404909999999999 0.540888 0.837423 0.53972 0.834356 0.528037 0.8335889999999999 0.514019 0.8305210000000001 0.49415899999999996 0.8266870000000001 0.49299099999999996 0.825153 0.49532699999999996 0.825153 0.502336 0.822086 0.514019 0.8197850000000001 0.5373829999999999
1 0.795245 0.502336 0.797546 0.5 0.796779 0.49299099999999996 0.795245 0.490654 0.795245 0.477804 0.794479 0.475467 0.791411 0.47429899999999997 0.791411 0.48598100000000005 0.788344 0.497664 0.788344 0.502336 0.795245 0.502336
1 0.750767 0.515187 0.750767 0.51986 0.767638 0.5186919999999999 0.7653369999999999 0.515187 0.76227 0.497664 0.76227 0.48481300000000005 0.760736 0.483645 0.757669 0.48481300000000005 0.754601 0.511682 0.7530669999999999 0.515187 0.750767 0.515187
1 0.7346630000000001 0.502336 0.7469330000000001 0.5011680000000001 0.745399 0.498832 0.743865 0.490654 0.743098 0.475467 0.741564 0.47429899999999997 0.739264 0.475467 0.736963 0.496495 0.7346630000000001 0.498832 0.7346630000000001 0.502336
3 0.804448 0.470794 0.804448 0.482477 0.808282 0.482477 0.808282 0.470794 0.804448 0.470794
3 0.7039880000000001 0.48948600000000003 0.7039880000000001 0.48598100000000005 0.702454 0.48481300000000005 0.702454 0.469626 0.69862 0.470794 0.697086 0.48948600000000003 0.69862 0.490654 0.7039880000000001 0.48948600000000003
3 0.611196 0.477804 0.611196 0.470794 0.608129 0.469626 0.606595 0.48598100000000005 0.604294 0.490654 0.614264 0.490654 0.611196 0.477804
3 0.589724 0.496495 0.599693 0.49532699999999996 0.59816 0.49299099999999996 0.59816 0.47429899999999997 0.595859 0.471963 0.594325 0.471963 0.593558 0.47429899999999997 0.593558 0.48598100000000005 0.589724 0.496495
3 0.509969 0.511682 0.506135 0.51285 0.506135 0.516355 0.522239 0.516355 0.522239 0.51285 0.518405 0.5105139999999999 0.517638 0.48014 0.514571 0.478972 0.511503 0.482477 0.511503 0.497664 0.509969 0.511682
3 0.381902 0.5350469999999999 0.380368 0.55257 0.378834 0.556075 0.375 0.5572429999999999 0.375 0.563084 0.406442 0.563084 0.405675 0.556075 0.400307 0.554907 0.39493900000000004 0.496495 0.38727 0.49532699999999996 0.384969 0.51285 0.384969 0.523364 0.383436 0.53271 0.381902 0.5350469999999999
0 0.799847 0.5186919999999999 0.799847 0.522196 0.815184 0.522196 0.815184 0.5186919999999999 0.81365 0.5186919999999999 0.812117 0.515187 0.812117 0.505841 0.8105829999999999 0.503505 0.8105829999999999 0.48598100000000005 0.808282 0.483645 0.804448 0.48481300000000005 0.8036809999999999 0.502336 0.802147 0.504673 0.80138 0.517523 0.799847 0.5186919999999999
0 0.269172 0.613318 0.268405 0.630841 0.271472 0.628505 0.34279099999999996 0.628505 0.343558 0.617991 0.341258 0.610981 0.333589 0.6063080000000001 0.327454 0.599299 0.32515299999999997 0.599299 0.315951 0.5899530000000001 0.309049 0.5876170000000001 0.290644 0.570093 0.286043 0.568925 0.281442 0.560748 0.279908 0.561916 0.279908 0.568925 0.272239 0.5957939999999999 0.271472 0.60514 0.269172 0.613318