1 0.616564 0.540888 0.624233 0.544393 0.641104 0.543224 0.641104 0.538551 0.636503 0.531542 0.633436 0.496495 0.631135 0.49299099999999996 0.627301 0.49299099999999996 0.624233 0.51986 0.620399 0.5350469999999999 0.616564 0.538551 0.616564 0.540888
1 0.58589 0.5093460000000001 0.58589 0.514019 0.582822 0.517523 0.582822 0.51986 0.60046 0.521028 0.60046 0.5186919999999999 0.596626 0.51285 0.595092 0.48715 0.5912580000000001 0.48481300000000005 0.588957 0.491822 0.588957 0.498832 0.587423 0.507009 0.58589 0.5093460000000001
1 0.553681 0.508178 0.567485 0.505841 0.56365 0.498832 0.562883 0.48014 0.56135 0.47663599999999995 0.559049 0.47663599999999995 0.555982 0.5 0.552914 0.505841 0.553681 0.508178
1 0.574387 0.490654 0.5728530000000001 0.47429899999999997 0.570552 0.47429899999999997 0.569785 0.483645 0.566718 0.496495 0.576687 0.497664 0.574387 0.490654
1 0.639571 0.47663599999999995 0.63727 0.47663599999999995 0.633436 0.49532699999999996 0.642638 0.496495 0.641104 0.491822 0.639571 0.47663599999999995
1 0.717791 0.507009 0.719325 0.5093460000000001 0.730828 0.5093460000000001 0.730828 0.504673 0.729294 0.502336 0.727761 0.491822 0.7285280000000001 0.48598100000000005 0.726994 0.481308 0.72546 0.481308 0.72316 0.48598100000000005 0.720092 0.502336 0.717791 0.507009
1 0.767638 0.521028 0.784509 0.521028 0.784509 0.517523 0.782209 0.516355 0.779141 0.490654 0.775307 0.48481300000000005 0.7714719999999999 0.51285 0.769939 0.517523 0.767638 0.5186919999999999 0.767638 0.521028
3 0.863497 0.514019 0.873466 0.514019 0.874233 0.5093460000000001 0.871933 0.504673 0.8688650000000001 0.48481300000000005 0.8673310000000001 0.483645 0.8650309999999999 0.48598100000000005 0.863497 0.508178 0.861196 0.511682 0.863497 0.514019
3 0.31211700000000003 0.564252 0.317485 0.563084 0.321319 0.559579 0.321319 0.5572429999999999 0.319785 0.5572429999999999 0.31901799999999997 0.553738 0.314417 0.5514020000000001 0.309816 0.526869 0.309049 0.542056 0.306748 0.550234 0.30598200000000003 0.561916 0.31211700000000003 0.564252
3 0.384969 0.5105139999999999 0.384969 0.508178 0.381902 0.505841 0.378834 0.477804 0.375767 0.47663599999999995 0.374233 0.477804 0.371166 0.503505 0.36733099999999996 0.5105139999999999 0.384969 0.5105139999999999
0 0.44938700000000004 0.49532699999999996 0.447853 0.47429899999999997 0.44401799999999997 0.469626 0.43788299999999997 0.5 0.45092 0.5011680000000001 0.45092 0.497664 0.44938700000000004 0.49532699999999996
3 0.462423 0.483645 0.462423 0.475467 0.46089 0.471963 0.459356 0.471963 0.457055 0.48715 0.453988 0.49532699999999996 0.466258 0.496495 0.462423 0.483645
3 0.480828 0.471963 0.478528 0.471963 0.47392599999999996 0.49299099999999996 0.484663 0.49299099999999996 0.482362 0.47663599999999995 0.480828 0.471963
1 0.7101230000000001 0.550234 0.7101230000000001 0.563084 0.730061 0.564252 0.731595 0.560748 0.733129 0.560748 0.736196 0.564252 0.740031 0.564252 0.741564 0.566589 0.747699 0.565421 0.7469330000000001 0.5572429999999999 0.7407980000000001 0.5478970000000001 0.7407980000000001 0.521028 0.739264 0.5186919999999999 0.7162580000000001 0.5186919999999999 0.71319 0.521028 0.71319 0.531542 0.711656 0.5350469999999999 0.711656 0.544393 0.7101230000000001 0.550234
3 0.337423 0.48715 0.33589 0.471963 0.332822 0.471963 0.33128799999999997 0.49415899999999996 0.335123 0.491822 0.337423 0.48715
1 0.39493900000000004 0.46845800000000004 0.392638 0.471963 0.391104 0.482477 0.396472 0.482477 0.39493900000000004 0.46845800000000004
3 0.504601 0.48598100000000005 0.501534 0.46845800000000004 0.5 0.46845800000000004 0.49846599999999996 0.48014 0.49539900000000003 0.48598100000000005 0.504601 0.48598100000000005
0 0.513804 0.475467 0.513037 0.483645 0.52454 0.483645 0.519172 0.475467 0.513804 0.475467
0 0.535276 0.47663599999999995 0.535276 0.469626 0.5337419999999999 0.469626 0.529908 0.48481300000000005 0.529908 0.490654 0.538344 0.490654 0.535276 0.47663599999999995
3 0.559816 0.475467 0.564417 0.475467 0.562883 0.46612099999999995 0.559816 0.475467
3 0.566718 0.47429899999999997 0.570552 0.47313099999999997 0.569018 0.46612099999999995 0.566718 0.47429899999999997
3 0.819018 0.48948600000000003 0.816718 0.478972 0.8144170000000001 0.478972 0.812883 0.48598100000000005 0.812117 0.5011680000000001 0.8197850000000001 0.5011680000000001 0.819018 0.48948600000000003
3 0.753834 0.47663599999999995 0.751534 0.475467 0.75 0.478972 0.749233 0.48948600000000003 0.754601 0.490654 0.753834 0.47663599999999995
3 0.736196 0.47313099999999997 0.7346630000000001 0.483645 0.738497 0.48481300000000005 0.739264 0.475467 0.736196 0.47313099999999997
1 0.681748 0.478972 0.679448 0.477804 0.674847 0.497664 0.684049 0.498832 0.681748 0.48831800000000003 0.681748 0.478972
1 0.675613 0.49299099999999996 0.678681 0.475467 0.6771469999999999 0.475467 0.67638 0.48481300000000005 0.673313 0.49299099999999996 0.675613 0.49299099999999996
1 0.66411 0.47429899999999997 0.661043 0.48831800000000003 0.667945 0.48948600000000003 0.665644 0.47429899999999997 0.66411 0.47429899999999997
1 0.657209 0.483645 0.661043 0.48481300000000005 0.662577 0.481308 0.662577 0.47313099999999997 0.661043 0.469626 0.659509 0.470794 0.6587419999999999 0.48014 0.657209 0.481308 0.657209 0.483645
0 0.67638 0.469626 0.67408 0.470794 0.672546 0.483645 0.675613 0.483645 0.67638 0.469626
0 0.631135 0.46729000000000004 0.629601 0.481308 0.633436 0.481308 0.632669 0.46729000000000004 0.631135 0.46729000000000004
1 0.644939 0.46729000000000004 0.643405 0.477804 0.647239 0.477804 0.6464719999999999 0.46729000000000004 0.644939 0.46729000000000004
1 0.618865 0.471963 0.6157980000000001 0.47663599999999995 0.613497 0.491822 0.6219330000000001 0.491822 0.618865 0.471963
1 0.623466 0.470794 0.6219330000000001 0.470794 0.621166 0.482477 0.624233 0.483645 0.625 0.481308 0.623466 0.470794