0 0.45092 0.526869 0.452454 0.5292060000000001 0.457055 0.5292060000000001 0.458589 0.526869 0.457822 0.508178 0.45628799999999997 0.505841 0.453988 0.505841 0.452454 0.508178 0.452454 0.51986 0.45092 0.522196 0.45092 0.526869
1 0.34815999999999997 0.553738 0.36273 0.553738 0.36426400000000003 0.5514020000000001 0.360429 0.543224 0.358896 0.5350469999999999 0.358896 0.514019 0.352761 0.51285 0.351227 0.524533 0.35199400000000003 0.528037 0.346626 0.5514020000000001 0.34815999999999997 0.553738
1 0.309816 0.5350469999999999 0.308282 0.5373829999999999 0.307515 0.546729 0.303681 0.5514020000000001 0.305215 0.553738 0.31901799999999997 0.554907 0.320552 0.55257 0.320552 0.545561 0.318252 0.538551 0.316718 0.517523 0.315184 0.511682 0.31288299999999997 0.511682 0.31135 0.514019 0.31135 0.522196 0.309816 0.526869 0.309816 0.5350469999999999
1 0.248466 0.570093 0.245399 0.570093 0.245399 0.5735979999999999 0.268405 0.574766 0.271472 0.5735979999999999 0.272239 0.568925 0.268405 0.564252 0.26227 0.517523 0.256902 0.5186919999999999 0.250767 0.5677570000000001 0.24923299999999998 0.5677570000000001 0.248466 0.570093
0 0.300613 0.560748 0.29908 0.564252 0.295245 0.5899530000000001 0.290644 0.609813 0.291411 0.6156539999999999 0.288344 0.625 0.285276 0.65771 0.281442 0.671729 0.279908 0.685748 0.27607400000000004 0.7009350000000001 0.273773 0.723131 0.268405 0.746495 0.268405 0.753505 0.26687099999999997 0.757009 0.26380400000000004 0.7792060000000001 0.25766900000000004 0.788551 0.236196 0.804907 0.23389600000000002 0.8084110000000001 0.233129 0.82243 0.23542900000000003 0.829439 0.23542900000000003 0.83528 0.353528 0.83528 0.354294 0.832944 0.357362 0.831776 0.357362 0.829439 0.36426400000000003 0.814252 0.369632 0.795561 0.371166 0.795561 0.371166 0.786215 0.36733099999999996 0.780374 0.351227 0.7792060000000001 0.347393 0.773364 0.346626 0.761682 0.339724 0.7207939999999999 0.338957 0.6985979999999999 0.33589 0.685748 0.332822 0.6542060000000001 0.33128799999999997 0.650701 0.330521 0.636682 0.328988 0.633178 0.326687 0.594626 0.322086 0.5677570000000001 0.322086 0.561916 0.309816 0.560748 0.307515 0.558411 0.304448 0.558411 0.300613 0.560748
3 0.275307 0.55257 0.270706 0.5957939999999999 0.269172 0.598131 0.263037 0.600467 0.259969 0.60514 0.259969 0.608645 0.261503 0.609813 0.290644 0.608645 0.290644 0.600467 0.292945 0.594626 0.295245 0.581776 0.295245 0.570093 0.292178 0.565421 0.291411 0.5490649999999999 0.288344 0.536215 0.28911 0.525701 0.283742 0.5186919999999999 0.281442 0.5186919999999999 0.277607 0.526869 0.277607 0.546729 0.275307 0.55257
3 0.23849700000000001 0.543224 0.23849700000000001 0.53972 0.236196 0.5350469999999999 0.23389600000000002 0.515187 0.23082799999999998 0.515187 0.23082799999999998 0.521028 0.22929400000000003 0.522196 0.226994 0.543224 0.23849700000000001 0.543224
3 0.430215 0.564252 0.427914 0.580607 0.42561299999999996 0.58528 0.422546 0.58528 0.421012 0.5876170000000001 0.421012 0.591121 0.422546 0.593458 0.457055 0.59229 0.458589 0.5899530000000001 0.458589 0.586449 0.457055 0.584112 0.451687 0.582944 0.45015299999999997 0.564252 0.446319 0.55257 0.445552 0.528037 0.442485 0.5186919999999999 0.442485 0.515187 0.43635 0.514019 0.434049 0.521028 0.432515 0.544393 0.430215 0.553738 0.430215 0.564252
3 0.447086 0.5292060000000001 0.44325200000000003 0.505841 0.439417 0.505841 0.439417 0.511682 0.44325200000000003 0.515187 0.44325200000000003 0.5186919999999999 0.447086 0.5292060000000001
1 0.464724 0.53972 0.470859 0.538551 0.470092 0.504673 0.46779099999999996 0.504673 0.465491 0.5093460000000001 0.46319 0.5373829999999999 0.464724 0.53972
3 0.699387 0.625 0.706288 0.622664 0.705521 0.609813 0.702454 0.609813 0.6978530000000001 0.60514 0.695552 0.580607 0.692485 0.564252 0.694018 0.559579 0.692485 0.5572429999999999 0.690184 0.5373829999999999 0.687883 0.531542 0.68865 0.525701 0.684816 0.5186919999999999 0.6806042718749999 0.535506528125 0.687117 0.536215 0.687883 0.5572429999999999 0.693252 0.588785 0.695552 0.616822 0.697086 0.622664 0.69862 0.622664 0.699387 0.625
3 0.66411 0.598131 0.663344 0.609813 0.66181 0.610981 0.657975 0.6436919999999999 0.655675 0.650701 0.647239 0.651869 0.644172 0.6600469999999999 0.639571 0.661215 0.639571 0.66472 0.655675 0.6764020000000001 0.707055 0.6764020000000001 0.711656 0.6740649999999999 0.717025 0.6740649999999999 0.717025 0.669393 0.714724 0.669393 0.7101230000000001 0.6623829999999999 0.708589 0.655374 0.701687 0.653037 0.69862 0.649533 0.690951 0.5771029999999999 0.687117 0.5572429999999999 0.68635 0.536215 0.673313 0.536215 0.671779 0.5478970000000001 0.669479 0.55257 0.667178 0.581776 0.66411 0.598131