3 0.148773 0.470794 0.145706 0.477804 0.141871 0.478972 0.139571 0.482477 0.13880399999999998 0.490654 0.143405 0.496495 0.152607 0.496495 0.160276 0.49415899999999996 0.162577 0.49532699999999996 0.170245 0.49299099999999996 0.185583 0.49299099999999996 0.187883 0.490654 0.187883 0.48715 0.183282 0.475467 0.177914 0.47429899999999997 0.175613 0.470794 0.166411 0.405374 0.16411 0.40070100000000003 0.156442 0.40070100000000003 0.154141 0.403037 0.150307 0.454439 0.148773 0.459112 0.148773 0.470794
3 0.339724 0.404206 0.33589 0.40654199999999996 0.333589 0.412383 0.361963 0.412383 0.36273 0.40770999999999996 0.35812900000000003 0.403037 0.356595 0.397196 0.357362 0.39486 0.35506099999999996 0.389019 0.35199400000000003 0.358645 0.349693 0.35514 0.345092 0.35514 0.343558 0.358645 0.34279099999999996 0.383178 0.340491 0.392523 0.339724 0.404206
3 0.37653400000000004 0.332944 0.37346599999999996 0.324766 0.37346599999999996 0.31308400000000003 0.37193299999999996 0.309579 0.369632 0.309579 0.368098 0.315421 0.368098 0.325935 0.36579799999999996 0.332944 0.37653400000000004 0.332944
3 0.359663 0.32710300000000003 0.357362 0.324766 0.35506099999999996 0.30724300000000004 0.35199400000000003 0.30724300000000004 0.351227 0.324766 0.34892599999999996 0.328271 0.358896 0.329439 0.359663 0.32710300000000003
3 0.44862 0.31308400000000003 0.447086 0.31191599999999997 0.446319 0.300234 0.44401799999999997 0.300234 0.44325200000000003 0.31308400000000003 0.441718 0.316589 0.44862 0.316589 0.44862 0.31308400000000003
3 0.529908 0.324766 0.529141 0.330607 0.538344 0.330607 0.537577 0.32243 0.536043 0.318925 0.536043 0.308411 0.5337419999999999 0.308411 0.532209 0.31074799999999997 0.532209 0.320093 0.529908 0.324766
0 0.8144170000000001 0.42756999999999995 0.812883 0.43691599999999997 0.808282 0.453271 0.805982 0.469626 0.802147 0.483645 0.797546 0.48831800000000003 0.792178 0.48715 0.790644 0.48831800000000003 0.790644 0.491822 0.7960119999999999 0.496495 0.800613 0.496495 0.812117 0.5011680000000001 0.843558 0.5011680000000001 0.8458589999999999 0.498832 0.8443250000000001 0.49532699999999996 0.83819 0.49532699999999996 0.834356 0.491822 0.8320550000000001 0.46612099999999995 0.832822 0.46495300000000006 0.8297549999999999 0.441589 0.8297549999999999 0.420561 0.8282209999999999 0.40654199999999996 0.82592 0.404206 0.820552 0.404206 0.8174849999999999 0.40654199999999996 0.8159509999999999 0.41004699999999994 0.81365 0.422897 0.8144170000000001 0.42756999999999995
1 0.71089 0.413551 0.715491 0.411215 0.717791 0.377336 0.717025 0.372664 0.714724 0.369159 0.690184 0.369159 0.68635 0.40770999999999996 0.689417 0.411215 0.702454 0.411215 0.71089 0.413551
1 0.72316 0.383178 0.736963 0.383178 0.738497 0.382009 0.738497 0.377336 0.7346630000000001 0.373832 0.732362 0.339953 0.731595 0.337617 0.726994 0.337617 0.72546 0.343458 0.724693 0.358645 0.720859 0.377336 0.72316 0.383178
1 0.510736 0.321262 0.5092019999999999 0.316589 0.508436 0.304907 0.506135 0.306075 0.505368 0.316589 0.5030669999999999 0.321262 0.510736 0.321262
1 0.555215 0.328271 0.555215 0.31308400000000003 0.55138 0.31308400000000003 0.550613 0.323598 0.547546 0.33527999999999997 0.558282 0.33527999999999997 0.555215 0.328271
1 0.6096630000000001 0.325935 0.607362 0.323598 0.599693 0.323598 0.59816 0.32710300000000003 0.59816 0.33177599999999996 0.594325 0.337617 0.595092 0.341121 0.608896 0.341121 0.610429 0.338785 0.6096630000000001 0.325935
1 0.618865 0.31775699999999996 0.617331 0.31425200000000003 0.615031 0.31425200000000003 0.613497 0.328271 0.627301 0.328271 0.627301 0.325935 0.618865 0.31775699999999996
1 0.48619599999999996 0.31775699999999996 0.485429 0.30724300000000004 0.48312900000000003 0.30724300000000004 0.482362 0.320093 0.479294 0.32710300000000003 0.48926400000000003 0.32710300000000003 0.48619599999999996 0.31775699999999996
0 0.40107400000000004 0.30257 0.398773 0.321262 0.404908 0.321262 0.403374 0.306075 0.40107400000000004 0.30257
3 0.28220900000000004 0.332944 0.279908 0.31425200000000003 0.27684000000000003 0.31308400000000003 0.27607400000000004 0.332944 0.273773 0.336449 0.286043 0.336449 0.28220900000000004 0.332944
1 0.579755 0.31775699999999996 0.590491 0.31775699999999996 0.590491 0.30724300000000004 0.5851230000000001 0.306075 0.582822 0.31191599999999997 0.579755 0.315421 0.579755 0.31775699999999996
1 0.555982 0.318925 0.559049 0.318925 0.556748 0.30257 0.555215 0.301402 0.553681 0.303738 0.5521469999999999 0.31191599999999997 0.555215 0.31191599999999997 0.555982 0.318925
1 0.602761 0.292056 0.601227 0.294393 0.60046 0.30257 0.6035280000000001 0.30257 0.602761 0.292056
1 0.611196 0.292056 0.6096630000000001 0.294393 0.608896 0.301402 0.611963 0.301402 0.611196 0.292056
1 0.488497 0.304907 0.48619599999999996 0.304907 0.486963 0.31425200000000003 0.49539900000000003 0.31425200000000003 0.49539900000000003 0.31191599999999997 0.488497 0.304907
1 0.54908 0.28972000000000003 0.547546 0.301402 0.5521469999999999 0.301402 0.550613 0.28972000000000003 0.54908 0.28972000000000003
1 0.582822 0.30724300000000004 0.57592 0.306075 0.574387 0.315421 0.5789880000000001 0.316589 0.582055 0.31191599999999997 0.582822 0.30724300000000004
1 0.267638 0.31191599999999997 0.264571 0.31074799999999997 0.264571 0.320093 0.26227 0.328271 0.26993900000000004 0.329439 0.267638 0.31191599999999997
1 0.252301 0.31425200000000003 0.250767 0.31308400000000003 0.250767 0.332944 0.255368 0.332944 0.25460099999999997 0.32243 0.252301 0.31425200000000003
1 0.24156399999999997 0.31775699999999996 0.233129 0.316589 0.230061 0.318925 0.230061 0.328271 0.23389600000000002 0.329439 0.242331 0.32710300000000003 0.24156399999999997 0.31775699999999996
1 0.133436 0.337617 0.13266899999999998 0.32710300000000003 0.13036799999999998 0.325935 0.12960100000000002 0.338785 0.127301 0.348131 0.13650299999999999 0.348131 0.133436 0.337617
3 0.180982 0.334112 0.180215 0.324766 0.177914 0.318925 0.17638 0.318925 0.174847 0.32243 0.172546 0.341121 0.183282 0.341121 0.180982 0.334112
3 0.297546 0.30724300000000004 0.295245 0.31074799999999997 0.29371200000000003 0.320093 0.300613 0.318925 0.297546 0.30724300000000004
3 0.286043 0.306075 0.284509 0.316589 0.289877 0.316589 0.288344 0.306075 0.286043 0.306075
3 0.31901799999999997 0.303738 0.316718 0.315421 0.322086 0.315421 0.320552 0.303738 0.31901799999999997 0.303738
3 0.345092 0.324766 0.34279099999999996 0.31191599999999997 0.340491 0.308411 0.340491 0.31191599999999997 0.337423 0.320093 0.337423 0.324766 0.345092 0.324766
3 0.48312900000000003 0.306075 0.485429 0.306075 0.485429 0.299065 0.481595 0.299065 0.48006099999999996 0.309579 0.481595 0.309579 0.48312900000000003 0.306075
3 0.499233 0.29789699999999997 0.496933 0.31425200000000003 0.5030669999999999 0.31425200000000003 0.500767 0.29789699999999997 0.499233 0.29789699999999997
3 0.5030669999999999 0.29322400000000004 0.502301 0.303738 0.506135 0.303738 0.505368 0.294393 0.5030669999999999 0.29322400000000004
3 0.511503 0.288551 0.509969 0.299065 0.514571 0.299065 0.513804 0.28972000000000003 0.511503 0.288551
3 0.559816 0.31308400000000003 0.558282 0.300234 0.555215 0.29789699999999997 0.555215 0.300234 0.557515 0.30257 0.558282 0.31191599999999997 0.559816 0.31308400000000003
3 0.559049 0.292056 0.559049 0.304907 0.562117 0.304907 0.560583 0.294393 0.559049 0.292056
3 0.57362 0.288551 0.5728530000000001 0.29789699999999997 0.577454 0.29789699999999997 0.57592 0.288551 0.57362 0.288551
3 0.581288 0.294393 0.579755 0.304907 0.583589 0.304907 0.582822 0.295561 0.581288 0.294393
3 0.405675 0.371495 0.42408 0.371495 0.42484700000000003 0.367991 0.421012 0.364486 0.417178 0.336449 0.415644 0.33177599999999996 0.41334400000000004 0.33177599999999996 0.411043 0.338785 0.408742 0.364486 0.405675 0.369159 0.405675 0.371495
3 0.42484700000000003 0.345794 0.421779 0.341121 0.41947900000000005 0.31775699999999996 0.416411 0.316589 0.414877 0.329439 0.417945 0.33527999999999997 0.41947900000000005 0.345794 0.42484700000000003 0.345794
1 0.220092 0.32710300000000003 0.21855799999999997 0.318925 0.214724 0.316589 0.20935600000000001 0.318925 0.208589 0.329439 0.211656 0.329439 0.21319 0.32710300000000003 0.220092 0.32710300000000003