3 0.453221 0.5771029999999999 0.452454 0.57243 0.446319 0.571262 0.44325200000000003 0.546729 0.439417 0.531542 0.440951 0.579439 0.446319 0.581776 0.45628799999999997 0.579439 0.453221 0.5771029999999999
3 0.516104 0.521028 0.534509 0.521028 0.534509 0.517523 0.531442 0.516355 0.5276069999999999 0.48598100000000005 0.52454 0.483645 0.520706 0.504673 0.520706 0.516355 0.516104 0.517523 0.516104 0.521028
3 0.542945 0.497664 0.555215 0.497664 0.553681 0.49532699999999996 0.55138 0.47313099999999997 0.548313 0.471963 0.5460119999999999 0.48481300000000005 0.5460119999999999 0.49299099999999996 0.542945 0.49532699999999996 0.542945 0.497664
3 0.5728530000000001 0.46729000000000004 0.571319 0.46729000000000004 0.567485 0.48715 0.575153 0.48715 0.5728530000000001 0.46729000000000004
3 0.583589 0.46729000000000004 0.581288 0.46729000000000004 0.5789880000000001 0.482477 0.577454 0.48481300000000005 0.584356 0.48598100000000005 0.583589 0.46729000000000004
3 0.58819 0.463785 0.5851230000000001 0.463785 0.5851230000000001 0.481308 0.589724 0.481308 0.58819 0.478972 0.58819 0.463785
3 0.8673310000000001 0.46845800000000004 0.864264 0.48481300000000005 0.871166 0.48598100000000005 0.869632 0.469626 0.8673310000000001 0.46845800000000004
3 0.847393 0.46729000000000004 0.8458589999999999 0.481308 0.851227 0.482477 0.85046 0.46729000000000004 0.847393 0.46729000000000004
3 0.788344 0.463785 0.785276 0.46495300000000006 0.785276 0.477804 0.788344 0.477804 0.788344 0.463785
1 0.663344 0.46612099999999995 0.660276 0.46612099999999995 0.657975 0.48598100000000005 0.6648769999999999 0.48598100000000005 0.663344 0.478972 0.663344 0.46612099999999995
1 0.687883 0.48948600000000003 0.68635 0.46729000000000004 0.683282 0.46845800000000004 0.683282 0.47429899999999997 0.680215 0.48948600000000003 0.687883 0.48948600000000003
1 0.7346630000000001 0.5 0.730828 0.48014 0.730828 0.47429899999999997 0.727761 0.47429899999999997 0.72546 0.49532699999999996 0.723926 0.496495 0.723926 0.5011680000000001 0.7346630000000001 0.5
1 0.7346630000000001 0.508178 0.7346630000000001 0.511682 0.751534 0.511682 0.751534 0.508178 0.748466 0.503505 0.7469330000000001 0.496495 0.746166 0.478972 0.742331 0.477804 0.7407980000000001 0.482477 0.739264 0.498832 0.73773 0.504673 0.7346630000000001 0.508178
1 0.753834 0.46729000000000004 0.751534 0.48598100000000005 0.757669 0.48598100000000005 0.756902 0.46845800000000004 0.753834 0.46729000000000004
1 0.788344 0.5011680000000001 0.784509 0.481308 0.784509 0.471963 0.781442 0.471963 0.778374 0.49415899999999996 0.776074 0.496495 0.776074 0.5 0.788344 0.5011680000000001
1 0.835123 0.470794 0.831288 0.470794 0.831288 0.483645 0.827454 0.49415899999999996 0.837423 0.49415899999999996 0.835123 0.470794
0 0.88727 0.48948600000000003 0.8918710000000001 0.48948600000000003 0.8918710000000001 0.46612099999999995 0.88727 0.48948600000000003
0 0.500767 0.515187 0.500767 0.523364 0.514571 0.523364 0.51227 0.482477 0.507669 0.482477 0.506135 0.48715 0.505368 0.497664 0.500767 0.515187
1 0.726227 0.46495300000000006 0.724693 0.46495300000000006 0.7223930000000001 0.48014 0.726994 0.478972 0.726227 0.46495300000000006
3 0.75 0.463785 0.747699 0.46612099999999995 0.746166 0.475467 0.752301 0.475467 0.75 0.463785
3 0.739264 0.46495300000000006 0.738497 0.471963 0.744632 0.47313099999999997 0.743865 0.46612099999999995 0.739264 0.46495300000000006
1 0.694785 0.46612099999999995 0.692485 0.477804 0.700153 0.477804 0.699387 0.46845800000000004 0.694785 0.46612099999999995
0 0.6771469999999999 0.462617 0.674847 0.475467 0.680215 0.475467 0.678681 0.462617 0.6771469999999999 0.462617
1 0.605828 0.46495300000000006 0.605061 0.470794 0.607362 0.471963 0.607362 0.46495300000000006 0.605828 0.46495300000000006
1 0.6342019999999999 0.462617 0.631902 0.47313099999999997 0.636503 0.47429899999999997 0.635736 0.46495300000000006 0.6342019999999999 0.462617
1 0.796779 0.48831800000000003 0.796779 0.48481300000000005 0.798313 0.482477 0.80138 0.482477 0.799847 0.46845800000000004 0.797546 0.46845800000000004 0.797546 0.475467 0.795245 0.48831800000000003 0.796779 0.48831800000000003
1 0.83589 0.508178 0.837423 0.508178 0.83819 0.5105139999999999 0.85046 0.508178 0.85046 0.504673 0.84816 0.5 0.845092 0.47663599999999995 0.8420249999999999 0.47663599999999995 0.8389570000000001 0.503505 0.83589 0.504673 0.83589 0.508178
1 0.7898769999999999 0.523364 0.7898769999999999 0.526869 0.786043 0.528037 0.786043 0.530374 0.8144170000000001 0.530374 0.8144170000000001 0.528037 0.812883 0.528037 0.812117 0.524533 0.809816 0.524533 0.8075150000000001 0.51986 0.8036809999999999 0.48481300000000005 0.798313 0.483645 0.797546 0.49532699999999996 0.793712 0.515187 0.793712 0.522196 0.7898769999999999 0.523364