0 0.347393 0.8212619999999999 0.34892599999999996 0.8235979999999999 0.354294 0.82243 0.37039900000000003 0.8084110000000001 0.374233 0.8084110000000001 0.38420200000000004 0.814252 0.41181 0.8189249999999999 0.439417 0.829439 0.445552 0.829439 0.45015299999999997 0.8235979999999999 0.452454 0.814252 0.44938700000000004 0.8084110000000001 0.442485 0.80257 0.416411 0.773364 0.39187099999999997 0.741822 0.39493900000000004 0.723131 0.394172 0.718458 0.389571 0.718458 0.388037 0.7207939999999999 0.36733099999999996 0.7313080000000001 0.363497 0.734813 0.36119599999999996 0.7394860000000001 0.356595 0.7593460000000001 0.349693 0.810748 0.34815999999999997 0.814252 0.347393 0.8212619999999999
3 0.48926400000000003 0.522196 0.49233099999999996 0.507009 0.47392599999999996 0.5093460000000001 0.474693 0.511682 0.48619599999999996 0.517523 0.48926400000000003 0.522196
3 0.702454 0.530374 0.702454 0.528037 0.699387 0.525701 0.6978530000000001 0.502336 0.694018 0.502336 0.691718 0.526869 0.689417 0.528037 0.689417 0.530374 0.702454 0.530374
3 0.752301 0.523364 0.75 0.517523 0.748466 0.5 0.745399 0.497664 0.743098 0.505841 0.742331 0.51986 0.740031 0.523364 0.752301 0.523364
1 0.766104 0.5876170000000001 0.766104 0.59229 0.792945 0.59229 0.792945 0.588785 0.791411 0.586449 0.787577 0.58528 0.785276 0.578271 0.782209 0.542056 0.780675 0.538551 0.77684 0.538551 0.773773 0.5478970000000001 0.773773 0.559579 0.769939 0.584112 0.766104 0.5876170000000001
1 0.434049 0.478972 0.43788299999999997 0.48014 0.440184 0.477804 0.447853 0.477804 0.44938700000000004 0.48014 0.452454 0.48014 0.452454 0.475467 0.447853 0.470794 0.445552 0.44509299999999996 0.441718 0.443925 0.440184 0.449766 0.43865 0.471963 0.434816 0.475467 0.434049 0.478972
1 0.621166 0.5105139999999999 0.620399 0.5 0.618098 0.5 0.617331 0.511682 0.615031 0.5186919999999999 0.624233 0.5186919999999999 0.621166 0.5105139999999999
1 0.8389570000000001 0.508178 0.83819 0.497664 0.835123 0.496495 0.834356 0.5105139999999999 0.8305210000000001 0.51986 0.8427910000000001 0.51986 0.8389570000000001 0.508178
0 0.827454 0.6144860000000001 0.824387 0.621495 0.820552 0.621495 0.8197850000000001 0.625 0.825153 0.629673 0.8581289999999999 0.629673 0.851227 0.625 0.847393 0.594626 0.8458589999999999 0.5899530000000001 0.8443250000000001 0.564252 0.8420249999999999 0.559579 0.836656 0.559579 0.834356 0.564252 0.832822 0.586449 0.8282209999999999 0.602804 0.827454 0.6144860000000001
0 0.537577 0.5572429999999999 0.558282 0.558411 0.555215 0.55257 0.554448 0.53972 0.552914 0.5373829999999999 0.5521469999999999 0.5186919999999999 0.5460119999999999 0.517523 0.5460119999999999 0.531542 0.542945 0.545561 0.542945 0.5514020000000001 0.537577 0.5572429999999999
3 0.460123 0.6740649999999999 0.453988 0.6740649999999999 0.45015299999999997 0.683411 0.447086 0.683411 0.444785 0.686916 0.46165599999999996 0.691589 0.482362 0.693925 0.500767 0.6822429999999999 0.49539900000000003 0.679907 0.493098 0.6728970000000001 0.490031 0.6728970000000001 0.48619599999999996 0.669393 0.47699400000000003 0.598131 0.469325 0.596963 0.46779099999999996 0.599299 0.46319 0.648364 0.460123 0.665888 0.460123 0.6740649999999999
3 0.474693 0.579439 0.47392599999999996 0.582944 0.470859 0.584112 0.501534 0.584112 0.500767 0.580607 0.497699 0.5771029999999999 0.49539900000000003 0.5771029999999999 0.493865 0.5735979999999999 0.48926400000000003 0.546729 0.488497 0.5350469999999999 0.483896 0.536215 0.48006099999999996 0.565421 0.48006099999999996 0.5735979999999999 0.477761 0.578271 0.474693 0.579439
3 0.587423 0.53972 0.5851230000000001 0.53972 0.583589 0.536215 0.581288 0.5093460000000001 0.576687 0.5093460000000001 0.574387 0.5350469999999999 0.569018 0.542056 0.588957 0.542056 0.587423 0.53972
3 0.690951 0.521028 0.68865 0.511682 0.687117 0.498832 0.684816 0.498832 0.683282 0.505841 0.683282 0.514019 0.680215 0.521028 0.690951 0.521028
3 0.767638 0.514019 0.7653369999999999 0.5105139999999999 0.764571 0.5 0.763037 0.49532699999999996 0.761503 0.49532699999999996 0.7592019999999999 0.5093460000000001 0.756902 0.514019 0.766871 0.515187 0.767638 0.514019
1 0.764571 0.5572429999999999 0.773006 0.558411 0.773006 0.5478970000000001 0.776074 0.538551 0.781442 0.538551 0.779141 0.528037 0.778374 0.516355 0.773773 0.516355 0.769939 0.5478970000000001 0.768405 0.55257 0.764571 0.5572429999999999
1 0.8688650000000001 0.536215 0.8657980000000001 0.540888 0.8657980000000001 0.543224 0.883436 0.542056 0.8796010000000001 0.53271 0.878067 0.5105139999999999 0.875767 0.508178 0.874233 0.508178 0.8726990000000001 0.511682 0.871933 0.523364 0.8688650000000001 0.536215
1 0.602761 0.507009 0.599693 0.49299099999999996 0.598926 0.5 0.596626 0.503505 0.596626 0.505841 0.602761 0.507009
1 0.5973930000000001 0.48948600000000003 0.595859 0.48948600000000003 0.594325 0.5 0.5973930000000001 0.5011680000000001 0.59816 0.49299099999999996 0.5973930000000001 0.48948600000000003
1 0.634969 0.49415899999999996 0.631902 0.5105139999999999 0.6403369999999999 0.5105139999999999 0.63727 0.49532699999999996 0.634969 0.49415899999999996
1 0.645706 0.48831800000000003 0.644172 0.496495 0.648006 0.496495 0.647239 0.48948600000000003 0.645706 0.48831800000000003
1 0.633436 0.48715 0.631902 0.48831800000000003 0.631135 0.497664 0.6342019999999999 0.49415899999999996 0.633436 0.48715
1 0.657209 0.490654 0.655675 0.490654 0.654908 0.498832 0.653374 0.502336 0.6587419999999999 0.502336 0.657209 0.490654
1 0.660276 0.490654 0.6587419999999999 0.48948600000000003 0.657975 0.49532699999999996 0.659509 0.5011680000000001 0.661043 0.5011680000000001 0.660276 0.490654
1 0.667945 0.490654 0.667178 0.497664 0.663344 0.48948600000000003 0.66181 0.498832 0.671779 0.5011680000000001 0.669479 0.490654 0.667945 0.490654
1 0.683282 0.49532699999999996 0.683282 0.5011680000000001 0.684816 0.497664 0.68635 0.497664 0.68635 0.49415899999999996 0.683282 0.49532699999999996
1 0.679448 0.514019 0.682515 0.51285 0.6831861328125 0.5026281265625 0.679448 0.514019
1 0.627301 0.503505 0.629601 0.503505 0.625 0.496495 0.621166 0.497664 0.621166 0.502336 0.623466 0.508178 0.625 0.508178 0.627301 0.503505
1 0.623466 0.48715 0.622699 0.49415899999999996 0.625767 0.49415899999999996 0.625 0.48831800000000003 0.623466 0.48715
1 0.616564 0.48715 0.615031 0.48831800000000003 0.614264 0.49415899999999996 0.617331 0.49415899999999996 0.616564 0.48715
3 0.601994 0.491822 0.601994 0.5011680000000001 0.605061 0.5011680000000001 0.6035280000000001 0.491822 0.601994 0.491822
3 0.58589 0.48948600000000003 0.583589 0.49532699999999996 0.583589 0.498832 0.587423 0.498832 0.58589 0.48948600000000003
3 0.580521 0.48831800000000003 0.578221 0.490654 0.577454 0.496495 0.581288 0.496495 0.580521 0.48831800000000003
3 0.5460119999999999 0.514019 0.5460119999999999 0.516355 0.56135 0.517523 0.560583 0.5093460000000001 0.557515 0.5011680000000001 0.55138 0.5105139999999999 0.5460119999999999 0.514019
3 0.555982 0.5 0.552914 0.5 0.5460119999999999 0.51285 0.55138 0.5093460000000001 0.555982 0.5
0 0.547546 0.5093460000000001 0.5460119999999999 0.49532699999999996 0.544479 0.49532699999999996 0.541411 0.511682 0.545245 0.511682 0.547546 0.5093460000000001
0 0.570552 0.497664 0.568252 0.49415899999999996 0.565951 0.49532699999999996 0.565951 0.5011680000000001 0.5728530000000001 0.5011680000000001 0.5728530000000001 0.497664 0.570552 0.497664
0 0.6403369999999999 0.48715 0.639571 0.49415899999999996 0.642638 0.49415899999999996 0.641871 0.48715 0.6403369999999999 0.48715
3 0.538344 0.508178 0.53681 0.505841 0.536043 0.49415899999999996 0.5337419999999999 0.49532699999999996 0.5337419999999999 0.5011680000000001 0.530675 0.508178 0.538344 0.508178
3 0.5276069999999999 0.49299099999999996 0.526074 0.49299099999999996 0.526074 0.498832 0.523773 0.505841 0.529908 0.505841 0.5276069999999999 0.49299099999999996