3 0.25153400000000004 0.550234 0.255368 0.554907 0.265337 0.5572429999999999 0.290644 0.554907 0.295245 0.550234 0.289877 0.5490649999999999 0.288344 0.543224 0.285276 0.543224 0.283742 0.540888 0.280675 0.5093460000000001 0.277607 0.49532699999999996 0.278374 0.48948600000000003 0.27684000000000003 0.48715 0.271472 0.48715 0.263037 0.5292060000000001 0.259969 0.538551 0.24693299999999999 0.5490649999999999 0.25153400000000004 0.550234
3 0.40720900000000004 0.502336 0.404908 0.504673 0.405675 0.508178 0.417178 0.508178 0.414877 0.5 0.41411 0.482477 0.41181 0.482477 0.409509 0.49299099999999996 0.40720900000000004 0.497664 0.40720900000000004 0.502336
3 0.45552099999999995 0.48598100000000005 0.451687 0.498832 0.458589 0.5 0.457055 0.48598100000000005 0.45552099999999995 0.48598100000000005
1 0.8826689999999999 0.658879 0.871933 0.661215 0.869632 0.663551 0.871166 0.667056 0.874233 0.667056 0.8918710000000001 0.6764020000000001 0.8918710000000001 0.629673 0.8895709999999999 0.633178 0.888804 0.641355 0.885736 0.647196 0.8826689999999999 0.658879
1 0.673313 0.561916 0.672546 0.533879 0.669479 0.533879 0.666411 0.550234 0.66181 0.558411 0.66411 0.560748 0.673313 0.561916
1 0.582822 0.503505 0.581288 0.504673 0.5789880000000001 0.515187 0.583589 0.515187 0.582822 0.503505
3 0.467025 0.482477 0.465491 0.49299099999999996 0.470092 0.49299099999999996 0.468558 0.482477 0.467025 0.482477
3 0.477761 0.481308 0.476227 0.483645 0.47546 0.490654 0.478528 0.490654 0.477761 0.481308
3 0.481595 0.481308 0.480828 0.48715 0.483896 0.48831800000000003 0.48312900000000003 0.481308 0.481595 0.481308
1 0.562883 0.505841 0.566718 0.505841 0.564417 0.497664 0.562883 0.505841
1 0.611963 0.514019 0.610429 0.515187 0.605828 0.5292060000000001 0.61273 0.5292060000000001 0.611963 0.514019