3 0.562117 0.38785 0.56365 0.38434599999999997 0.562117 0.382009 0.559816 0.382009 0.557515 0.377336 0.558282 0.371495 0.555982 0.360981 0.555215 0.338785 0.554448 0.336449 0.54908 0.336449 0.543712 0.376168 0.537577 0.38434599999999997 0.53911 0.38785 0.562117 0.38785
3 0.613497 0.413551 0.608896 0.415888 0.608896 0.420561 0.61273 0.42406499999999997 0.6280669999999999 0.422897 0.63727 0.425234 0.641104 0.421729 0.641104 0.41822400000000004 0.639571 0.415888 0.63727 0.415888 0.6342019999999999 0.41004699999999994 0.6342019999999999 0.397196 0.632669 0.392523 0.629601 0.357477 0.624233 0.357477 0.621166 0.367991 0.619632 0.38434599999999997 0.615031 0.41004699999999994 0.613497 0.413551
3 0.598926 0.363318 0.618098 0.364486 0.618865 0.360981 0.615031 0.35514 0.615031 0.348131 0.61273 0.341121 0.61273 0.324766 0.611963 0.32243 0.607362 0.32243 0.6035280000000001 0.35514 0.601227 0.359813 0.598926 0.360981 0.598926 0.363318
3 0.707055 0.350467 0.705521 0.348131 0.7039880000000001 0.336449 0.701687 0.334112 0.701687 0.316589 0.70092 0.31425200000000003 0.697086 0.31425200000000003 0.694018 0.328271 0.692485 0.343458 0.689417 0.350467 0.707055 0.350467
3 0.749233 0.337617 0.745399 0.329439 0.743865 0.30724300000000004 0.739264 0.306075 0.736963 0.33177599999999996 0.733896 0.33527999999999997 0.733896 0.337617 0.749233 0.337617
3 0.687117 0.31191599999999997 0.684816 0.301402 0.684816 0.29322400000000004 0.683282 0.290888 0.680982 0.29322400000000004 0.680982 0.300234 0.677914 0.31308400000000003 0.687117 0.31191599999999997
3 0.630368 0.300234 0.630368 0.288551 0.6280669999999999 0.287383 0.625767 0.303738 0.624233 0.30724300000000004 0.632669 0.308411 0.630368 0.300234
3 0.549847 0.288551 0.54908 0.286215 0.547546 0.286215 0.545245 0.30257 0.55138 0.30257 0.549847 0.296729 0.549847 0.288551
3 0.516104 0.31425200000000003 0.51227 0.303738 0.51227 0.292056 0.509969 0.292056 0.507669 0.31074799999999997 0.510736 0.31074799999999997 0.511503 0.31425200000000003 0.516104 0.31425200000000003
0 0.220859 0.425234 0.219325 0.42873799999999995 0.214724 0.42990700000000004 0.211656 0.434579 0.214724 0.43691599999999997 0.239264 0.43691599999999997 0.24769899999999997 0.434579 0.25 0.431075 0.24693299999999999 0.42756999999999995 0.24309799999999998 0.42756999999999995 0.24156399999999997 0.42406499999999997 0.242331 0.40887900000000005 0.23773 0.389019 0.23696299999999998 0.369159 0.23389600000000002 0.364486 0.22776100000000002 0.364486 0.22546 0.37032699999999996 0.22546 0.397196 0.22162600000000002 0.411215 0.220859 0.425234
0 0.723926 0.31191599999999997 0.72316 0.299065 0.720859 0.299065 0.718558 0.30724300000000004 0.717025 0.324766 0.7285280000000001 0.324766 0.723926 0.31191599999999997
1 0.327454 0.36215 0.327454 0.36565400000000003 0.352761 0.36565400000000003 0.354294 0.363318 0.354294 0.35630799999999996 0.351227 0.337617 0.33589 0.336449 0.33589 0.348131 0.332822 0.353972 0.329755 0.35630799999999996 0.327454 0.36215
1 0.40107400000000004 0.334112 0.392638 0.344626 0.391104 0.344626 0.391104 0.346963 0.394172 0.34929899999999997 0.404908 0.348131 0.40720900000000004 0.351636 0.415644 0.350467 0.41411 0.32710300000000003 0.412577 0.324766 0.408742 0.323598 0.40184 0.324766 0.40107400000000004 0.334112
1 0.421779 0.316589 0.43174799999999997 0.31425200000000003 0.432515 0.316589 0.434816 0.316589 0.43174799999999997 0.299065 0.427914 0.306075 0.41947900000000005 0.31191599999999997 0.41871200000000003 0.315421 0.421779 0.316589
1 0.502301 0.338785 0.502301 0.336449 0.5 0.33527999999999997 0.49846599999999996 0.328271 0.49846599999999996 0.31775699999999996 0.496933 0.316589 0.496933 0.309579 0.494632 0.308411 0.49233099999999996 0.31775699999999996 0.49233099999999996 0.32710300000000003 0.488497 0.338785 0.502301 0.338785
1 0.48773 0.337617 0.490031 0.334112 0.49233099999999996 0.31425200000000003 0.48312900000000003 0.315421 0.48312900000000003 0.33527999999999997 0.484663 0.337617 0.48773 0.337617
1 0.529908 0.33177599999999996 0.542178 0.33177599999999996 0.542178 0.328271 0.540644 0.32710300000000003 0.53911 0.320093 0.538344 0.303738 0.535276 0.303738 0.532209 0.320093 0.532209 0.325935 0.529908 0.328271 0.529908 0.33177599999999996
1 0.584356 0.315421 0.584356 0.303738 0.582055 0.299065 0.580521 0.299065 0.578221 0.315421 0.575153 0.324766 0.587423 0.324766 0.584356 0.315421
1 0.485429 0.304907 0.484663 0.292056 0.481595 0.292056 0.480828 0.304907 0.479294 0.309579 0.486963 0.309579 0.485429 0.304907
1 0.705521 0.344626 0.715491 0.344626 0.7162580000000001 0.325935 0.71319 0.321262 0.704755 0.321262 0.702454 0.32710300000000003 0.702454 0.334112 0.704755 0.336449 0.705521 0.344626
3 0.417178 0.278037 0.415644 0.285047 0.41947900000000005 0.285047 0.41871200000000003 0.278037 0.417178 0.278037
3 0.430215 0.276869 0.428681 0.278037 0.427147 0.285047 0.43174799999999997 0.285047 0.430215 0.276869
3 0.44325200000000003 0.278037 0.441718 0.285047 0.445552 0.285047 0.444785 0.278037 0.44325200000000003 0.278037
3 0.46319 0.27570100000000003 0.46165599999999996 0.279206 0.46165599999999996 0.285047 0.465491 0.285047 0.464724 0.278037 0.47099811562499994 0.276444265625 0.46319 0.27570100000000003
3 0.47546 0.276869 0.47377902968749996 0.2767089859375 0.472393 0.286215 0.476227 0.286215 0.47546 0.276869
3 0.490031 0.279206 0.488497 0.278037 0.486963 0.28271 0.486963 0.290888 0.491564 0.290888 0.490031 0.279206
3 0.505368 0.279206 0.503834 0.279206 0.501534 0.295561 0.507669 0.295561 0.505368 0.285047 0.505368 0.279206
3 0.69862 0.308411 0.700153 0.31074799999999997 0.707822 0.309579 0.705521 0.290888 0.7039880000000001 0.290888 0.702454 0.294393 0.70092 0.306075 0.69862 0.308411
3 0.700153 0.30257 0.703221 0.290888 0.70092 0.292056 0.700153 0.29789699999999997 0.6978530000000001 0.30257 0.700153 0.30257
3 0.694785 0.294393 0.694018 0.309579 0.697086 0.309579 0.696319 0.295561 0.694785 0.294393
3 0.673313 0.285047 0.6710119999999999 0.296729 0.67638 0.296729 0.674847 0.285047 0.673313 0.285047
3 0.647239 0.280374 0.644172 0.286215 0.643405 0.29322400000000004 0.648773 0.29322400000000004 0.647239 0.280374
3 0.6342019999999999 0.279206 0.632669 0.279206 0.631135 0.290888 0.634969 0.292056 0.635736 0.285047 0.6342019999999999 0.279206
1 0.71089 0.286215 0.709356 0.29789699999999997 0.713957 0.29789699999999997 0.71319 0.286215 0.71089 0.286215
1 0.440951 0.29789699999999997 0.440951 0.292056 0.432515 0.29322400000000004 0.432515 0.300234 0.434816 0.30724300000000004 0.44401799999999997 0.306075 0.440951 0.29789699999999997
1 0.40720900000000004 0.301402 0.404141 0.285047 0.402607 0.285047 0.40107400000000004 0.287383 0.40107400000000004 0.29322400000000004 0.398773 0.301402 0.40720900000000004 0.301402
1 0.358896 0.27570100000000003 0.357362 0.280374 0.357362 0.286215 0.36119599999999996 0.286215 0.358896 0.27570100000000003
0 0.457822 0.276869 0.45628799999999997 0.27570100000000003 0.453988 0.281542 0.453988 0.285047 0.458589 0.286215 0.457822 0.276869
0 0.383436 0.283879 0.381135 0.286215 0.37960099999999997 0.299065 0.38573599999999997 0.299065 0.383436 0.283879
0 0.39187099999999997 0.276869 0.390337 0.288551 0.39493900000000004 0.288551 0.393405 0.278037 0.39187099999999997 0.276869
0 0.36733099999999996 0.276869 0.36579799999999996 0.286215 0.369632 0.286215 0.368865 0.279206 0.36733099999999996 0.276869
0 0.346626 0.27570100000000003 0.345092 0.285047 0.34892599999999996 0.285047 0.34815999999999997 0.27570100000000003 0.346626 0.27570100000000003
0 0.736196 0.288551 0.7346630000000001 0.28972000000000003 0.733129 0.300234 0.736196 0.300234 0.736196 0.288551
0 0.6157980000000001 0.280374 0.614264 0.290888 0.618098 0.290888 0.617331 0.281542 0.6157980000000001 0.280374
1 0.381902 0.27570100000000003 0.380368 0.276869 0.380368 0.285047 0.383436 0.28271 0.381902 0.27570100000000003
1 0.497699 0.31191599999999997 0.500767 0.33527999999999997 0.511503 0.334112 0.510736 0.31191599999999997 0.497699 0.31191599999999997