1 0.48259100000000005 0.5586960000000001 0.48085000000000006 0.581522 0.48085000000000006 0.593478 0.479805 0.5956520000000001 0.479805 0.598913 0.47910899999999995 0.6010869999999999 0.47771600000000003 0.6195649999999999 0.47667099999999996 0.623913 0.476323 0.622826 0.47492999999999996 0.626087 0.472145 0.623913 0.468663 0.629348 0.46552899999999997 0.6304350000000001 0.46552899999999997 0.632609 0.46796699999999997 0.6380429999999999 0.47005600000000003 0.640217 0.47249299999999994 0.646739 0.474582 0.647826 0.48015299999999994 0.656522 0.483983 0.656522 0.48433099999999996 0.6543479999999999 0.496866 0.6543479999999999 0.501741 0.653261 0.50383 0.651087 0.509053 0.651087 0.508705 0.646739 0.504178 0.6380429999999999 0.5027860000000001 0.6380429999999999 0.502089 0.6358699999999999 0.502089 0.627174 0.501045 0.623913 0.49860699999999997 0.623913 0.49791100000000005 0.620652 0.496866 0.606522 0.496866 0.5913039999999999 0.495474 0.579348 0.495125 0.545652 0.494081 0.528261 0.49373300000000003 0.5054350000000001 0.493384 0.503261 0.491643 0.501087 0.48676899999999995 0.502174 0.48607199999999995 0.504348 0.48607199999999995 0.509783 0.482939 0.5423910000000001 0.48259100000000005 0.5586960000000001
1 0.451253 0.46087 0.449164 0.46087 0.44812 0.46630399999999994 0.446379 0.468478 0.44777199999999995 0.468478 0.44951299999999994 0.471739 0.452646 0.47391300000000003 0.462047 0.475 0.46344 0.47717400000000004 0.46726999999999996 0.47717400000000004 0.468663 0.47282599999999997 0.46970799999999996 0.47282599999999997 0.46970799999999996 0.467391 0.466922 0.46087 0.46552899999999997 0.459783 0.464136 0.45 0.464136 0.441304 0.462744 0.43478300000000003 0.46239600000000003 0.426087 0.462744 0.409783 0.46135099999999996 0.38587 0.457521 0.38587 0.45578 0.396739 0.45543199999999995 0.41630399999999995 0.452298 0.456522 0.451253 0.46087
1 0.48955399999999993 0.404348 0.488162 0.404348 0.488162 0.406522 0.48607199999999995 0.41086999999999996 0.490599 0.41413 0.496518 0.41413 0.49895500000000004 0.41630399999999995 0.501741 0.41630399999999995 0.5027860000000001 0.411957 0.5027860000000001 0.407609 0.5 0.40108699999999997 0.49930399999999997 0.390217 0.498259 0.384783 0.49791100000000005 0.353261 0.496518 0.348913 0.494081 0.35 0.493384 0.356522 0.49303600000000003 0.372826 0.49094699999999997 0.39891299999999996 0.48955399999999993 0.404348
1 0.566504 0.319565 0.5672010000000001 0.321739 0.572423 0.321739 0.572075 0.313043 0.571031 0.307609 0.571031 0.29565199999999997 0.570334 0.293478 0.5689420000000001 0.293478 0.567549 0.30869599999999997 0.567549 0.31413 0.566504 0.317391 0.566504 0.319565
1 0.538649 0.303261 0.536908 0.29239099999999996 0.537256 0.28913 0.5365599999999999 0.280435 0.5351670000000001 0.280435 0.533426 0.304348 0.534123 0.306522 0.537953 0.306522 0.538649 0.303261
1 0.508705 0.291304 0.50766 0.28586999999999996 0.507312 0.272826 0.505571 0.271739 0.504875 0.288043 0.50383 0.29239099999999996 0.508357 0.293478 0.508705 0.291304
1 0.472841 0.283696 0.47318899999999997 0.282609 0.471797 0.278261 0.471448 0.265217 0.47075199999999995 0.261957 0.47005600000000003 0.261957 0.469359 0.265217 0.469359 0.276087 0.467618 0.282609 0.472841 0.283696
1 0.583914 0.36739099999999997 0.581825 0.371739 0.5821729999999999 0.375 0.589485 0.376087 0.59227 0.372826 0.590877 0.36956500000000003 0.5901810000000001 0.36413 0.5901810000000001 0.359783 0.589485 0.356522 0.589485 0.33913000000000004 0.588092 0.33260900000000004 0.587047 0.33260900000000004 0.586351 0.334783 0.58461 0.361957 0.583914 0.36739099999999997
1 0.600627 0.357609 0.608983 0.357609 0.608983 0.354348 0.6072420000000001 0.35108700000000004 0.606198 0.321739 0.604109 0.320652 0.602368 0.348913 0.601323 0.353261 0.59993 0.355435 0.600627 0.357609
1 0.595404 0.336957 0.594011 0.33260900000000004 0.593315 0.306522 0.591226 0.306522 0.589136 0.334783 0.5901810000000001 0.33913000000000004 0.594708 0.338043 0.595404 0.336957
3 0.09226999999999999 0.347826 0.09226999999999999 0.36086999999999997 0.090877 0.36956500000000003 0.089833 0.38913000000000003 0.08843999999999999 0.392391 0.086003 0.392391 0.08565500000000001 0.396739 0.083565 0.40108699999999997 0.087047 0.403261 0.09331500000000001 0.40217400000000003 0.098886 0.40543500000000005 0.10027900000000001 0.403261 0.10341199999999999 0.403261 0.108287 0.4 0.106546 0.395652 0.10619799999999999 0.391304 0.10341199999999999 0.390217 0.102716 0.388043 0.10236799999999999 0.36739099999999997 0.100627 0.348913 0.099234 0.320652 0.095752 0.319565 0.094011 0.321739 0.09331500000000001 0.340217 0.09226999999999999 0.347826
3 0.27124000000000004 0.336957 0.270195 0.342391 0.268106 0.343478 0.268106 0.347826 0.28098900000000004 0.347826 0.28098900000000004 0.343478 0.279596 0.343478 0.278552 0.33913000000000004 0.278203 0.313043 0.277507 0.31087 0.27681100000000003 0.29565199999999997 0.274373 0.29565199999999997 0.273677 0.29782600000000004 0.27298100000000003 0.305435 0.272284 0.32717399999999996 0.27124000000000004 0.336957
3 0.406337 0.330435 0.406337 0.328261 0.40494399999999997 0.325 0.4039 0.29239099999999996 0.401462 0.29239099999999996 0.399721 0.319565 0.396936 0.330435 0.406337 0.330435
3 0.43697800000000003 0.306522 0.435237 0.31087 0.442201 0.31087 0.44254899999999997 0.30869599999999997 0.441504 0.305435 0.440808 0.29782600000000004 0.44046 0.280435 0.438719 0.281522 0.43802199999999997 0.296739 0.43697800000000003 0.302174 0.43697800000000003 0.306522
3 0.43697800000000003 0.3 0.435585 0.294565 0.43488899999999997 0.288043 0.43454 0.272826 0.433496 0.271739 0.43245100000000003 0.27934800000000004 0.431755 0.294565 0.43036199999999997 0.298913 0.43697800000000003 0.3
3 0.413997 0.283696 0.412256 0.276087 0.41190800000000005 0.261957 0.41156 0.259783 0.410864 0.259783 0.41016700000000006 0.261957 0.40947100000000003 0.278261 0.40773000000000004 0.282609 0.413997 0.283696
3 0.423747 0.31630400000000003 0.422006 0.319565 0.422702 0.322826 0.430014 0.322826 0.430014 0.319565 0.42931800000000003 0.319565 0.428621 0.31630400000000003 0.427925 0.291304 0.42688 0.286957 0.425836 0.288043 0.425139 0.301087 0.423747 0.31087 0.423747 0.31630400000000003
3 0.425139 0.286957 0.424443 0.284783 0.424095 0.266304 0.422354 0.266304 0.42130900000000004 0.286957 0.419916 0.291304 0.425139 0.293478 0.425139 0.286957