3 0.46657400000000004 0.531522 0.462744 0.534783 0.461003 0.546739 0.46239600000000003 0.551087 0.465877 0.553261 0.47910899999999995 0.553261 0.481546 0.551087 0.488858 0.55 0.491643 0.545652 0.491643 0.536957 0.49025100000000005 0.530435 0.486421 0.527174 0.48502799999999996 0.521739 0.482939 0.497826 0.48259100000000005 0.48804299999999995 0.481198 0.476087 0.48085000000000006 0.465217 0.47771600000000003 0.425 0.47562699999999997 0.421739 0.47249299999999994 0.422826 0.471448 0.42934799999999995 0.4711 0.45 0.467618 0.527174 0.46657400000000004 0.531522
3 0.448816 0.393478 0.44812 0.395652 0.445334 0.396739 0.44463800000000003 0.403261 0.454387 0.40543500000000005 0.459262 0.404348 0.46309199999999995 0.4 0.462744 0.395652 0.459958 0.392391 0.459262 0.38913000000000003 0.45543199999999995 0.33587 0.454387 0.330435 0.45194999999999996 0.330435 0.451253 0.331522 0.450557 0.341304 0.45020899999999997 0.36739099999999997 0.448816 0.393478
3 0.367688 0.326087 0.367688 0.334783 0.366992 0.338043 0.366992 0.347826 0.366295 0.353261 0.36490300000000003 0.356522 0.36490300000000003 0.36086999999999997 0.374304 0.359783 0.376741 0.357609 0.37743699999999997 0.355435 0.376741 0.352174 0.375 0.35108700000000004 0.371866 0.30978300000000003 0.370822 0.305435 0.36977699999999997 0.305435 0.36873300000000003 0.30978300000000003 0.368384 0.321739 0.367688 0.326087
3 0.294568 0.35 0.29596100000000003 0.347826 0.296309 0.344565 0.295265 0.344565 0.29422000000000004 0.341304 0.291783 0.307609 0.290738 0.303261 0.289694 0.303261 0.287604 0.322826 0.287256 0.34565199999999996 0.285167 0.35 0.294568 0.35
1 0.889972 0.43478300000000003 0.8889279999999999 0.443478 0.888579 0.456522 0.88649 0.47717400000000004 0.885097 0.48043500000000006 0.883008 0.48043500000000006 0.881267 0.48260899999999995 0.879875 0.490217 0.878482 0.49347799999999997 0.881616 0.49891300000000005 0.885097 0.501087 0.888231 0.5054350000000001 0.8913650000000001 0.5054350000000001 0.892758 0.507609 0.896588 0.507609 0.901114 0.504348 0.9066850000000001 0.5054350000000001 0.9101670000000001 0.501087 0.9129530000000001 0.501087 0.915042 0.497826 0.913649 0.494565 0.9129530000000001 0.48695700000000003 0.908774 0.481522 0.9077299999999999 0.47717400000000004 0.905292 0.44782599999999995 0.903552 0.44021699999999997 0.902855 0.420652 0.9021589999999999 0.41630399999999995 0.902855 0.411957 0.9004179999999999 0.377174 0.897632 0.373913 0.893802 0.375 0.892409 0.386957 0.891713 0.407609 0.89032 0.422826 0.889972 0.43478300000000003
1 0.659123 0.336957 0.6580779999999999 0.340217 0.656685 0.340217 0.656685 0.343478 0.6556409999999999 0.34565199999999996 0.65773 0.347826 0.668175 0.347826 0.672702 0.343478 0.6692199999999999 0.336957 0.668524 0.333696 0.666783 0.31521699999999997 0.66539 0.284783 0.661908 0.283696 0.660864 0.293478 0.660864 0.306522 0.6598189999999999 0.330435 0.659123 0.336957
1 0.495474 0.30978300000000003 0.495125 0.31413 0.501393 0.31521699999999997 0.506964 0.313043 0.507312 0.311957 0.50383 0.305435 0.503134 0.294565 0.502089 0.291304 0.502089 0.278261 0.501045 0.268478 0.49895500000000004 0.268478 0.498259 0.276087 0.497563 0.307609 0.496866 0.30978300000000003 0.495474 0.30978300000000003
1 0.38126699999999997 0.31087 0.389276 0.31087 0.389624 0.30869599999999997 0.387883 0.304348 0.387883 0.3 0.386838 0.29565199999999997 0.385794 0.27391299999999996 0.383705 0.272826 0.383008 0.304348 0.382312 0.307609 0.38126699999999997 0.30869599999999997 0.38126699999999997 0.31087
1 0.25626699999999997 0.321739 0.256964 0.320652 0.256964 0.317391 0.255919 0.31630400000000003 0.254875 0.311957 0.253482 0.288043 0.251741 0.288043 0.251045 0.3 0.251045 0.31413 0.24965199999999999 0.321739 0.25626699999999997 0.321739
3 0.19046000000000002 0.356522 0.191156 0.354348 0.191156 0.35108700000000004 0.189415 0.35 0.188719 0.347826 0.187326 0.334783 0.18663000000000002 0.31630400000000003 0.185585 0.31413 0.183148 0.31521699999999997 0.182451 0.35108700000000004 0.180362 0.353261 0.180014 0.357609 0.19046000000000002 0.356522
1 0.104805 0.33913000000000004 0.10410900000000001 0.342391 0.103064 0.343478 0.103064 0.34565199999999996 0.112465 0.343478 0.11002799999999999 0.338043 0.10968 0.32934800000000003 0.10898300000000001 0.32717399999999996 0.10898300000000001 0.321739 0.10759099999999999 0.31087 0.10619799999999999 0.31087 0.105501 0.31413 0.105501 0.328261 0.104805 0.331522 0.104805 0.33913000000000004
3 0.053969 0.372826 0.053620999999999995 0.376087 0.064067 0.376087 0.065111 0.372826 0.065111 0.370652 0.06337000000000001 0.370652 0.062674 0.36847799999999997 0.061978 0.354348 0.061280999999999995 0.35108700000000004 0.061280999999999995 0.346739 0.059889000000000005 0.340217 0.059889000000000005 0.334783 0.057799 0.333696 0.056755 0.33913000000000004 0.056058 0.35 0.05571 0.370652 0.053969 0.372826