1 0.612117 0.6358699999999999 0.610028 0.655435 0.607939 0.66413 0.603064 0.668478 0.6020190000000001 0.671739 0.6020190000000001 0.675 0.600975 0.677174 0.597145 0.678261 0.596797 0.682609 0.59993 0.692391 0.604109 0.695652 0.607591 0.7021740000000001 0.608287 0.705435 0.642409 0.705435 0.6427579999999999 0.701087 0.641713 0.697826 0.639624 0.694565 0.638231 0.694565 0.637535 0.692391 0.637535 0.682609 0.635097 0.676087 0.631964 0.6728259999999999 0.630571 0.665217 0.629875 0.643478 0.628482 0.634783 0.628134 0.615217 0.627437 0.608696 0.6277860000000001 0.5869570000000001 0.626393 0.5478259999999999 0.624652 0.543478 0.619081 0.543478 0.615947 0.580435 0.615251 0.598913 0.612465 0.625 0.612117 0.6358699999999999
1 0.542131 0.452174 0.541086 0.475 0.540042 0.48586999999999997 0.538649 0.490217 0.535515 0.490217 0.5348189999999999 0.496739 0.5351670000000001 0.5 0.536908 0.503261 0.544916 0.504348 0.54805 0.507609 0.5553619999999999 0.507609 0.556755 0.504348 0.556755 0.49347799999999997 0.5560579999999999 0.49130399999999996 0.5543180000000001 0.490217 0.553273 0.48695700000000003 0.552577 0.48043500000000006 0.552577 0.470652 0.551184 0.46195700000000006 0.551184 0.43587 0.5501389999999999 0.41413 0.549443 0.41086999999999996 0.546309 0.409783 0.545265 0.41086999999999996 0.5442199999999999 0.41956499999999997 0.543524 0.44021699999999997 0.542131 0.452174
1 0.56929 0.40869600000000006 0.5672010000000001 0.418478 0.5654600000000001 0.41956499999999997 0.5654600000000001 0.425 0.566504 0.428261 0.568245 0.42717400000000005 0.56929 0.42934799999999995 0.575557 0.430435 0.577646 0.433696 0.5790390000000001 0.433696 0.581128 0.430435 0.581128 0.42391300000000004 0.577994 0.417391 0.5766020000000001 0.393478 0.57695 0.38152200000000003 0.576253 0.366304 0.572423 0.365217 0.5713790000000001 0.373913 0.5713790000000001 0.386957 0.56929 0.404348 0.56929 0.40869600000000006
3 0.700905 0.35 0.700209 0.353261 0.699164 0.353261 0.699164 0.356522 0.700209 0.355435 0.700905 0.357609 0.706476 0.357609 0.706476 0.355435 0.705084 0.35108700000000004 0.705084 0.338043 0.704387 0.333696 0.704387 0.32717399999999996 0.702994 0.325 0.702298 0.32934800000000003 0.702298 0.334783 0.7016020000000001 0.336957 0.700905 0.35
3 0.8185930000000001 0.371739 0.8168519999999999 0.376087 0.8238160000000001 0.378261 0.8245129999999999 0.377174 0.8245129999999999 0.375 0.82312 0.371739 0.82312 0.347826 0.821031 0.346739 0.8199859999999999 0.353261 0.8199859999999999 0.363043 0.8189420000000001 0.365217 0.8185930000000001 0.371739
1 0.620822 0.4 0.631267 0.40108699999999997 0.633357 0.39891299999999996 0.630919 0.391304 0.630919 0.384783 0.629875 0.379348 0.629875 0.355435 0.62883 0.35 0.626393 0.35108700000000004 0.623955 0.38913000000000003 0.620822 0.395652 0.620822 0.4
1 0.6904600000000001 0.386957 0.6904600000000001 0.390217 0.691156 0.392391 0.69429 0.393478 0.700905 0.392391 0.701253 0.38913000000000003 0.699164 0.38587 0.6981200000000001 0.35 0.6956819999999999 0.348913 0.6946380000000001 0.355435 0.693245 0.38260900000000003 0.6922010000000001 0.38587 0.6904600000000001 0.386957
1 0.8064069999999999 0.40217400000000003 0.8077989999999999 0.404348 0.8102370000000001 0.403261 0.814415 0.40543500000000005 0.816156 0.403261 0.8147629999999999 0.4 0.8130219999999999 0.372826 0.8130219999999999 0.36413 0.8112809999999999 0.36413 0.809192 0.391304 0.8084960000000001 0.393478 0.8081480000000001 0.39891299999999996 0.8064069999999999 0.40217400000000003
1 0.883008 0.396739 0.8826599999999999 0.407609 0.880223 0.41304299999999994 0.881267 0.41630399999999995 0.889972 0.415217 0.888579 0.41086999999999996 0.886838 0.377174 0.885446 0.377174 0.884749 0.38152200000000003 0.8844010000000001 0.388043 0.883008 0.396739
3 0.167131 0.36847799999999997 0.166086 0.377174 0.166086 0.38260900000000003 0.165042 0.386957 0.16434500000000002 0.40217400000000003 0.162953 0.40869600000000006 0.160864 0.409783 0.159819 0.41304299999999994 0.159819 0.415217 0.158078 0.41956499999999997 0.163301 0.422826 0.171657 0.422826 0.182451 0.417391 0.181058 0.41086999999999996 0.177925 0.407609 0.177577 0.395652 0.175836 0.378261 0.175836 0.36956500000000003 0.174095 0.35108700000000004 0.174095 0.342391 0.17304999999999998 0.33587 0.170265 0.334783 0.169568 0.336957 0.167479 0.355435 0.167131 0.36847799999999997
3 0.331825 0.35 0.330432 0.35108700000000004 0.329387 0.356522 0.331476 0.356522 0.33286899999999997 0.358696 0.339136 0.358696 0.34226999999999996 0.356522 0.342618 0.353261 0.340877 0.352174 0.339833 0.346739 0.339136 0.321739 0.337744 0.304348 0.335655 0.303261 0.33460999999999996 0.305435 0.333565 0.33260900000000004 0.332521 0.336957 0.331825 0.35
3 0.45960999999999996 0.336957 0.459262 0.33913000000000004 0.46135099999999996 0.341304 0.46831500000000004 0.341304 0.46970799999999996 0.338043 0.46831500000000004 0.33587 0.467618 0.33260900000000004 0.467618 0.317391 0.466922 0.31413 0.466226 0.3 0.46483299999999994 0.3 0.462047 0.333696 0.46135099999999996 0.33587 0.45960999999999996 0.336957
3 0.5790390000000001 0.343478 0.586351 0.342391 0.584958 0.338043 0.58461 0.317391 0.583217 0.30869599999999997 0.5825210000000001 0.30869599999999997 0.580084 0.338043 0.578691 0.340217 0.5790390000000001 0.343478