1 0.790042 0.206522 0.788649 0.2 0.787953 0.18695699999999998 0.7865599999999999 0.18695699999999998 0.785864 0.203261 0.7848189999999999 0.20760900000000002 0.788997 0.209783 0.790042 0.206522
3 0.85376 0.336957 0.853412 0.35 0.852716 0.353261 0.852019 0.371739 0.851323 0.373913 0.850975 0.383696 0.849234 0.386957 0.847145 0.386957 0.846448 0.394565 0.844708 0.397826 0.8589829999999999 0.40217400000000003 0.865947 0.40217400000000003 0.87117 0.397826 0.869777 0.397826 0.8690810000000001 0.395652 0.8690810000000001 0.392391 0.865947 0.38913000000000003 0.864554 0.384783 0.863162 0.352174 0.861769 0.341304 0.861769 0.334783 0.860028 0.311957 0.856198 0.311957 0.855501 0.321739 0.854805 0.322826 0.854457 0.334783 0.85376 0.336957
3 0.9279249999999999 0.22934800000000002 0.935933 0.22934800000000002 0.9345399999999999 0.22391299999999997 0.9331480000000001 0.202174 0.932451 0.198913 0.9317550000000001 0.198913 0.9296659999999999 0.213043 0.9296659999999999 0.221739 0.9279249999999999 0.227174 0.9279249999999999 0.22934800000000002
2 0.9366300000000001 0.252174 0.935933 0.259783 0.935585 0.270652 0.932451 0.305435 0.932103 0.317391 0.9314069999999999 0.319565 0.9296659999999999 0.319565 0.9296659999999999 0.325 0.9282730000000001 0.328261 0.9265319999999999 0.328261 0.925836 0.331522 0.9352370000000001 0.331522 0.9362809999999999 0.333696 0.9439420000000001 0.333696 0.946379 0.331522 0.950905 0.33260900000000004 0.950905 0.321739 0.949164 0.322826 0.9484680000000001 0.320652 0.9484680000000001 0.30978300000000003 0.9467269999999999 0.296739 0.945682 0.26087 0.944638 0.253261 0.944638 0.243478 0.9432449999999999 0.231522 0.9432449999999999 0.227174 0.942549 0.225 0.9397629999999999 0.225 0.9383699999999999 0.232609 0.937674 0.25 0.9366300000000001 0.252174
3 0.8391360000000001 0.220652 0.838092 0.21739099999999997 0.8370469999999999 0.2 0.836351 0.195652 0.8353059999999999 0.19456500000000002 0.833914 0.20434800000000003 0.833914 0.21413000000000001 0.8325210000000001 0.220652 0.8391360000000001 0.220652
1 0.8046659999999999 0.18587 0.8046659999999999 0.178261 0.8032730000000001 0.177174 0.80188 0.19456500000000002 0.80571 0.19456500000000002 0.8060579999999999 0.19347799999999998 0.8046659999999999 0.18587
1 0.85585 0.175 0.854805 0.173913 0.853064 0.192391 0.857242 0.192391 0.856198 0.18587 0.85585 0.175
1 0.757312 0.20108700000000002 0.756616 0.18695699999999998 0.755223 0.18695699999999998 0.754178 0.20108700000000002 0.753134 0.20543499999999998 0.758705 0.206522 0.757312 0.20108700000000002
3 0.631267 0.565217 0.628482 0.568478 0.627089 0.571739 0.626741 0.5771740000000001 0.621866 0.5869570000000001 0.622911 0.58913 0.630223 0.593478 0.632312 0.596739 0.639276 0.602174 0.6444989999999999 0.604348 0.654596 0.6 0.65773 0.5956520000000001 0.6615599999999999 0.594565 0.663649 0.590217 0.6678270000000001 0.588043 0.66539 0.581522 0.662604 0.580435 0.660515 0.571739 0.658426 0.568478 0.656337 0.568478 0.654944 0.56413 0.653203 0.53913 0.653203 0.532609 0.651811 0.518478 0.651462 0.504348 0.649373 0.47282599999999997 0.649373 0.463043 0.6479809999999999 0.44565200000000005 0.6462399999999999 0.44239100000000003 0.641713 0.44239100000000003 0.640669 0.446739 0.634053 0.56087 0.633008 0.565217 0.631267 0.565217
3 0.8774369999999999 0.221739 0.8774369999999999 0.22391299999999997 0.884749 0.22391299999999997 0.883357 0.220652 0.8826599999999999 0.203261 0.881616 0.196739 0.880223 0.198913 0.8791779999999999 0.209783 0.8791779999999999 0.21739099999999997 0.8774369999999999 0.221739
3 0.947423 0.302174 0.9488160000000001 0.30978300000000003 0.9488160000000001 0.320652 0.9502090000000001 0.321739 0.950905 0.320652 0.950905 0.263043 0.949164 0.261957 0.9484680000000001 0.263043 0.9467269999999999 0.275 0.9467269999999999 0.286957 0.947423 0.302174