3 0.179666 0.6358699999999999 0.179666 0.6630429999999999 0.17687999999999998 0.731522 0.176184 0.738043 0.171309 0.748913 0.16817500000000002 0.758696 0.16817500000000002 0.772826 0.167479 0.780435 0.166435 0.7836960000000001 0.166086 0.782609 0.16538999999999998 0.78587 0.165042 0.7836960000000001 0.162953 0.78913 0.163649 0.791304 0.16538999999999998 0.790217 0.18070999999999998 0.7923910000000001 0.183496 0.790217 0.193593 0.7880429999999999 0.194986 0.78587 0.203343 0.78913 0.20578 0.786957 0.207521 0.782609 0.208914 0.782609 0.211699 0.768478 0.216574 0.756522 0.219359 0.742391 0.218663 0.7391300000000001 0.215529 0.738043 0.211351 0.732609 0.206128 0.7304350000000001 0.205084 0.7260869999999999 0.203691 0.715217 0.20299399999999998 0.7021740000000001 0.20090499999999997 0.688043 0.198468 0.66087 0.196031 0.641304 0.195334 0.628261 0.193942 0.618478 0.193593 0.609783 0.192897 0.606522 0.190808 0.581522 0.18663000000000002 0.579348 0.183496 0.581522 0.181755 0.58587 0.179666 0.6358699999999999
1 0.754178 0.476087 0.754178 0.48913 0.753134 0.508696 0.751393 0.526087 0.75 0.553261 0.748259 0.56087 0.745474 0.56087 0.741992 0.56413 0.740947 0.572826 0.737465 0.570652 0.73468 0.573913 0.73468 0.579348 0.74234 0.590217 0.750696 0.597826 0.75383 0.603261 0.756267 0.6010869999999999 0.761838 0.6010869999999999 0.7698470000000001 0.596739 0.776811 0.5956520000000001 0.779944 0.592391 0.781337 0.593478 0.781685 0.58913 0.779596 0.5826089999999999 0.778552 0.571739 0.775766 0.56413 0.771936 0.559783 0.771936 0.548913 0.770543 0.53913 0.770195 0.526087 0.768802 0.5195649999999999 0.767409 0.49891300000000005 0.766017 0.46413000000000004 0.764276 0.43695700000000004 0.762883 0.43478300000000003 0.75766 0.43478300000000003 0.756616 0.43913 0.755223 0.454348 0.754875 0.46956499999999995 0.754178 0.476087
0 0.8064069999999999 0.366304 0.805362 0.392391 0.803969 0.41086999999999996 0.802577 0.41630399999999995 0.799791 0.41630399999999995 0.7983979999999999 0.418478 0.797702 0.43260899999999997 0.809192 0.43587 0.8165039999999999 0.43587 0.821379 0.433696 0.8234680000000001 0.43478300000000003 0.824164 0.431522 0.8238160000000001 0.421739 0.822772 0.41956499999999997 0.8199859999999999 0.418478 0.8182449999999999 0.406522 0.817897 0.396739 0.8165039999999999 0.38587 0.8154600000000001 0.370652 0.8151109999999999 0.344565 0.814067 0.331522 0.809192 0.330435 0.8077989999999999 0.336957 0.8067550000000001 0.357609 0.807103 0.361957 0.8064069999999999 0.366304
1 0.524373 0.383696 0.521588 0.38587 0.520891 0.394565 0.5407379999999999 0.394565 0.541086 0.392391 0.540042 0.38913000000000003 0.539694 0.384783 0.5383009999999999 0.38260900000000003 0.537256 0.383696 0.5365599999999999 0.38043499999999997 0.535864 0.366304 0.533774 0.35 0.533426 0.331522 0.532033 0.317391 0.5306409999999999 0.31413 0.528203 0.31521699999999997 0.5271589999999999 0.32717399999999996 0.5271589999999999 0.344565 0.52507 0.38152200000000003 0.524373 0.383696
1 0.357591 0.342391 0.369429 0.343478 0.371518 0.341304 0.370125 0.340217 0.366992 0.331522 0.366643 0.325 0.365599 0.319565 0.364554 0.303261 0.364554 0.293478 0.36351 0.288043 0.361072 0.288043 0.360376 0.290217 0.35933099999999996 0.334783 0.357591 0.33913000000000004 0.357591 0.342391
3 0.23746499999999998 0.470652 0.235724 0.483696 0.23328700000000002 0.484783 0.232591 0.48804299999999995 0.232591 0.49891300000000005 0.24268800000000001 0.49891300000000005 0.247911 0.49565200000000004 0.251741 0.496739 0.254526 0.49347799999999997 0.256616 0.49347799999999997 0.255919 0.479348 0.252786 0.475 0.251045 0.467391 0.24965199999999999 0.45543500000000003 0.247911 0.430435 0.24686599999999997 0.425 0.24582199999999998 0.406522 0.244429 0.395652 0.243384 0.393478 0.23990300000000003 0.395652 0.23885800000000001 0.40869600000000006 0.23920599999999997 0.431522 0.23851 0.43804299999999996 0.23746499999999998 0.470652
3 0.173398 0.391304 0.17304999999999998 0.397826 0.173398 0.40543500000000005 0.172354 0.409783 0.170265 0.41304299999999994 0.170265 0.418478 0.179666 0.418478 0.186281 0.41413 0.188022 0.41086999999999996 0.188022 0.407609 0.187326 0.40543500000000005 0.184889 0.404348 0.184192 0.40108699999999997 0.182103 0.379348 0.181755 0.36956500000000003 0.180362 0.36086999999999997 0.180014 0.352174 0.178621 0.34565199999999996 0.175836 0.34565199999999996 0.175139 0.35 0.174443 0.36739099999999997 0.174443 0.38587 0.173398 0.391304
0 0.851671 0.291304 0.8495820000000001 0.293478 0.8495820000000001 0.29565199999999997 0.850975 0.298913 0.862813 0.29782600000000004 0.864554 0.294565 0.862813 0.29239099999999996 0.861421 0.286957 0.861421 0.280435 0.860028 0.27391299999999996 0.8589829999999999 0.26087 0.8589829999999999 0.25 0.858287 0.24130400000000002 0.855501 0.24130400000000002 0.854805 0.244565 0.852716 0.288043 0.851671 0.291304
3 0.066852 0.38913000000000003 0.065808 0.392391 0.064415 0.393478 0.063719 0.397826 0.074513 0.396739 0.079039 0.394565 0.079735 0.392391 0.079039 0.38913000000000003 0.07694999999999999 0.38913000000000003 0.076253 0.386957 0.076253 0.38152200000000003 0.075209 0.376087 0.074861 0.366304 0.073816 0.36086999999999997 0.072075 0.33913000000000004 0.068942 0.338043 0.067897 0.344565 0.067897 0.36847799999999997 0.066852 0.377174 0.066852 0.38913000000000003
1 0.21413600000000002 0.33587 0.21727 0.333696 0.21413600000000002 0.323913 0.212047 0.293478 0.211003 0.28913 0.209262 0.290217 0.208217 0.32934800000000003 0.20682499999999998 0.333696 0.208217 0.33587 0.21413600000000002 0.33587
0 0.8708220000000001 0.238043 0.8690810000000001 0.24239099999999997 0.8690810000000001 0.244565 0.878134 0.243478 0.8760450000000001 0.24021699999999999 0.8760450000000001 0.230435 0.875 0.220652 0.874652 0.206522 0.872911 0.20543499999999998 0.8722139999999999 0.20760900000000002 0.871866 0.226087 0.87117 0.22934800000000002 0.8708220000000001 0.238043
0 0.8861420000000001 0.21413000000000001 0.884749 0.211957 0.884053 0.20543499999999998 0.883357 0.18695699999999998 0.881964 0.18695699999999998 0.881267 0.203261 0.879526 0.215217 0.885794 0.215217 0.8861420000000001 0.21413000000000001
0 0.9227019999999999 0.21086999999999997 0.9209609999999999 0.21413000000000001 0.9230499999999999 0.215217 0.924095 0.213043 0.9261839999999999 0.213043 0.929318 0.215217 0.9296659999999999 0.21413000000000001 0.9282730000000001 0.21413000000000001 0.927228 0.209783 0.9261839999999999 0.18695699999999998 0.9254870000000001 0.183696 0.9244429999999999 0.183696 0.923747 0.18804300000000002 0.923747 0.2 0.9227019999999999 0.206522 0.9227019999999999 0.21086999999999997