1 0.9331480000000001 0.422826 0.9331480000000001 0.42934799999999995 0.932451 0.433696 0.9310579999999999 0.457609 0.930362 0.459783 0.927577 0.459783 0.9254870000000001 0.46195700000000006 0.9247909999999999 0.46413000000000004 0.9244429999999999 0.46956499999999995 0.923398 0.47282599999999997 0.923747 0.475 0.9300140000000001 0.48260899999999995 0.950905 0.483696 0.950905 0.45 0.9502090000000001 0.44565200000000005 0.949861 0.43587 0.9484680000000001 0.428261 0.9470750000000001 0.41304299999999994 0.946379 0.391304 0.9453340000000001 0.38152200000000003 0.944638 0.366304 0.9432449999999999 0.36086999999999997 0.937674 0.36086999999999997 0.9366300000000001 0.36847799999999997 0.935585 0.393478 0.933844 0.41956499999999997 0.9331480000000001 0.422826
3 0.536908 0.481522 0.533774 0.5293479999999999 0.5330779999999999 0.531522 0.532033 0.530435 0.5288999999999999 0.5336960000000001 0.5275070000000001 0.548913 0.529248 0.553261 0.530292 0.552174 0.531685 0.554348 0.537256 0.555435 0.547006 0.553261 0.553273 0.554348 0.556755 0.552174 0.558148 0.548913 0.558148 0.543478 0.5560579999999999 0.5293479999999999 0.553969 0.528261 0.552577 0.526087 0.5518799999999999 0.522826 0.549095 0.496739 0.5442199999999999 0.42934799999999995 0.5424789999999999 0.425 0.539694 0.425 0.538649 0.42717400000000005 0.5383009999999999 0.44021699999999997 0.537256 0.446739 0.536908 0.481522
3 0.48328699999999997 0.394565 0.48259100000000005 0.407609 0.479457 0.41304299999999994 0.479457 0.418478 0.49129500000000004 0.41956499999999997 0.496866 0.417391 0.496866 0.409783 0.49617000000000006 0.407609 0.49442899999999995 0.407609 0.493384 0.404348 0.49199200000000004 0.378261 0.49129500000000004 0.375 0.49129500000000004 0.36956500000000003 0.49025100000000005 0.363043 0.489903 0.353261 0.48851000000000006 0.342391 0.485724 0.342391 0.48502799999999996 0.34565199999999996 0.48433099999999996 0.36739099999999997 0.48328699999999997 0.379348 0.48328699999999997 0.394565
1 0.687326 0.352174 0.691852 0.355435 0.699164 0.355435 0.702994 0.35108700000000004 0.7016020000000001 0.346739 0.700905 0.346739 0.6995129999999999 0.340217 0.697423 0.317391 0.697075 0.301087 0.6963790000000001 0.293478 0.6956819999999999 0.290217 0.693593 0.290217 0.692549 0.29239099999999996 0.6904600000000001 0.344565 0.68837 0.347826 0.687326 0.352174
1 0.533774 0.325 0.537953 0.321739 0.5365599999999999 0.317391 0.535515 0.305435 0.5348189999999999 0.303261 0.533774 0.280435 0.53273 0.277174 0.530989 0.277174 0.530292 0.281522 0.529596 0.31413 0.527855 0.322826 0.533774 0.325
3 0.393802 0.370652 0.392409 0.375 0.395543 0.377174 0.40529200000000004 0.375 0.40598900000000004 0.36956500000000003 0.40424800000000005 0.36847799999999997 0.403552 0.366304 0.402855 0.354348 0.40181100000000003 0.35 0.40181100000000003 0.343478 0.40076599999999996 0.32934800000000003 0.40007000000000004 0.32717399999999996 0.40007000000000004 0.320652 0.39798100000000003 0.319565 0.397284 0.320652 0.396588 0.330435 0.395195 0.36956500000000003 0.393802 0.370652
1 0.379526 0.323913 0.379875 0.320652 0.378134 0.317391 0.377786 0.30978300000000003 0.376741 0.306522 0.376741 0.298913 0.375696 0.28586999999999996 0.374652 0.28586999999999996 0.37360699999999997 0.288043 0.373259 0.31413 0.371518 0.322826 0.379526 0.323913
3 0.282382 0.361957 0.28064100000000003 0.36413 0.28064100000000003 0.366304 0.289694 0.36739099999999997 0.291086 0.365217 0.291783 0.361957 0.289345 0.356522 0.289345 0.352174 0.286212 0.320652 0.28447100000000003 0.319565 0.283774 0.321739 0.283426 0.346739 0.282382 0.35108700000000004 0.282382 0.361957
1 0.21622599999999997 0.343478 0.2211 0.342391 0.221448 0.33913000000000004 0.21970800000000001 0.331522 0.21831499999999998 0.31087 0.217618 0.307609 0.216574 0.307609 0.215877 0.30978300000000003 0.215529 0.33913000000000004 0.213788 0.341304 0.21622599999999997 0.343478
3 0.152159 0.377174 0.152159 0.38043499999999997 0.16434500000000002 0.377174 0.160864 0.370652 0.159471 0.35108700000000004 0.15772999999999998 0.336957 0.155292 0.336957 0.154944 0.359783 0.15389999999999998 0.366304 0.15389999999999998 0.376087 0.152159 0.377174
1 0.082521 0.36956500000000003 0.083565 0.36739099999999997 0.086699 0.36739099999999997 0.086351 0.365217 0.085306 0.365217 0.08460999999999999 0.363043 0.08460999999999999 0.358696 0.083565 0.356522 0.083217 0.344565 0.082521 0.341304 0.082173 0.333696 0.080432 0.333696 0.079387 0.35108700000000004 0.079387 0.361957 0.07694999999999999 0.36847799999999997 0.082521 0.36956500000000003