3 0.500696 0.704348 0.500696 0.717391 0.49895500000000004 0.7554350000000001 0.497563 0.7608699999999999 0.495125 0.7630429999999999 0.49129500000000004 0.7695649999999999 0.49025100000000005 0.775 0.489206 0.78913 0.487465 0.796739 0.48468 0.803261 0.48433099999999996 0.807609 0.48537600000000003 0.8108700000000001 0.48781299999999994 0.8130430000000001 0.49617000000000006 0.8119569999999999 0.504178 0.815217 0.521588 0.8141299999999999 0.525766 0.815217 0.5275070000000001 0.818478 0.5288999999999999 0.818478 0.532033 0.8130430000000001 0.5330779999999999 0.806522 0.5383009999999999 0.7880429999999999 0.540042 0.771739 0.537604 0.7695649999999999 0.532033 0.757609 0.5288999999999999 0.7554350000000001 0.5275070000000001 0.751087 0.525766 0.732609 0.524025 0.697826 0.523329 0.694565 0.5212399999999999 0.661957 0.5194989999999999 0.6489130000000001 0.515669 0.593478 0.514972 0.590217 0.513579 0.588043 0.508357 0.588043 0.506267 0.5913039999999999 0.505919 0.593478 0.504875 0.631522 0.500696 0.704348
3 0.5306409999999999 0.44782599999999995 0.530292 0.465217 0.529596 0.470652 0.526114 0.475 0.5254179999999999 0.478261 0.525766 0.484783 0.5271589999999999 0.48804299999999995 0.529596 0.490217 0.531685 0.490217 0.533426 0.48695700000000003 0.549443 0.48695700000000003 0.5504870000000001 0.483696 0.548747 0.47282599999999997 0.545613 0.46956499999999995 0.543872 0.46087 0.5428270000000001 0.446739 0.5428270000000001 0.43913 0.541435 0.425 0.541435 0.41956499999999997 0.54039 0.41413 0.538649 0.386957 0.537953 0.383696 0.533774 0.383696 0.5330779999999999 0.404348 0.532382 0.409783 0.532033 0.43260899999999997 0.5306409999999999 0.44782599999999995
3 0.44951299999999994 0.388043 0.449164 0.390217 0.451602 0.396739 0.45369099999999996 0.396739 0.459958 0.391304 0.463788 0.392391 0.465181 0.38913000000000003 0.464485 0.384783 0.46239600000000003 0.383696 0.46135099999999996 0.38043499999999997 0.45960999999999996 0.363043 0.45786899999999997 0.33260900000000004 0.456476 0.32717399999999996 0.454039 0.328261 0.452298 0.38260900000000003 0.451602 0.38587 0.44951299999999994 0.388043
3 0.34435899999999997 0.365217 0.347145 0.36739099999999997 0.356198 0.366304 0.357242 0.36413 0.357242 0.36086999999999997 0.35550099999999996 0.358696 0.354805 0.355435 0.353412 0.33587 0.352716 0.333696 0.352368 0.319565 0.35167099999999996 0.31521699999999997 0.348886 0.31630400000000003 0.34784099999999996 0.358696 0.346797 0.361957 0.345752 0.36086999999999997 0.34435899999999997 0.365217
1 0.836699 0.396739 0.8353059999999999 0.403261 0.832869 0.404348 0.831128 0.407609 0.831128 0.411957 0.833914 0.418478 0.837744 0.41956499999999997 0.841226 0.42391300000000004 0.85968 0.420652 0.860028 0.418478 0.856198 0.415217 0.854805 0.40869600000000006 0.852716 0.407609 0.850975 0.403261 0.84993 0.386957 0.848189 0.376087 0.847145 0.356522 0.847145 0.343478 0.8457520000000001 0.32717399999999996 0.8443590000000001 0.325 0.8408770000000001 0.326087 0.839485 0.340217 0.8387879999999999 0.36739099999999997 0.837744 0.375 0.836699 0.396739
1 0.621518 0.323913 0.620822 0.328261 0.618733 0.33260900000000004 0.618733 0.33587 0.634401 0.336957 0.634053 0.333696 0.630919 0.330435 0.629178 0.322826 0.629178 0.317391 0.627437 0.307609 0.6277860000000001 0.29782600000000004 0.627089 0.293478 0.626741 0.283696 0.626045 0.281522 0.623607 0.281522 0.622563 0.288043 0.622563 0.301087 0.621866 0.305435 0.621518 0.323913
1 0.452994 0.320652 0.45543199999999995 0.322826 0.465877 0.322826 0.466226 0.321739 0.46552899999999997 0.319565 0.462047 0.31413 0.46065500000000004 0.301087 0.459958 0.281522 0.45891400000000004 0.27934800000000004 0.457521 0.27934800000000004 0.456825 0.286957 0.45717299999999994 0.29565199999999997 0.456128 0.31521699999999997 0.452994 0.320652
1 0.343663 0.326087 0.343315 0.322826 0.341574 0.319565 0.34018099999999996 0.306522 0.339485 0.29239099999999996 0.337744 0.291304 0.337047 0.301087 0.33669899999999997 0.321739 0.334958 0.326087 0.343663 0.326087
1 0.202298 0.341304 0.200557 0.336957 0.198468 0.31087 0.196727 0.31087 0.196031 0.340217 0.19429000000000002 0.343478 0.202298 0.343478 0.202298 0.341304
3 0.138231 0.375 0.136142 0.378261 0.145891 0.379348 0.147981 0.377174 0.147632 0.373913 0.146588 0.373913 0.145891 0.371739 0.143802 0.352174 0.143802 0.347826 0.143106 0.34565199999999996 0.142758 0.336957 0.14032 0.33587 0.139624 0.33913000000000004 0.139624 0.35 0.138928 0.355435 0.138231 0.375
3 0.254178 0.365217 0.26149 0.36739099999999997 0.266017 0.36413 0.266017 0.361957 0.263579 0.356522 0.260446 0.321739 0.259749 0.319565 0.25766 0.320652 0.25626699999999997 0.358696 0.255571 0.361957 0.254526 0.361957 0.254178 0.365217