2 0.369081 0.366304 0.366992 0.371739 0.36490300000000003 0.372826 0.36490300000000003 0.375 0.365599 0.377174 0.37117 0.378261 0.373955 0.377174 0.375 0.375 0.384749 0.373913 0.38509699999999997 0.371739 0.383008 0.370652 0.38022300000000003 0.365217 0.379875 0.356522 0.378482 0.348913 0.378482 0.33587 0.376741 0.318478 0.376741 0.31087 0.375 0.28913 0.372214 0.28913 0.37117 0.29239099999999996 0.37117 0.302174 0.370125 0.311957 0.369081 0.366304
3 0.353064 0.36413 0.352368 0.366304 0.350279 0.36739099999999997 0.350279 0.36956500000000003 0.350975 0.371739 0.362117 0.371739 0.362465 0.366304 0.360376 0.363043 0.360028 0.355435 0.358983 0.348913 0.357939 0.323913 0.356894 0.319565 0.355153 0.318478 0.354109 0.321739 0.354109 0.33260900000000004 0.353064 0.34565199999999996 0.353064 0.36413
2 0.333217 0.336957 0.33286899999999997 0.358696 0.328343 0.370652 0.34784099999999996 0.36847799999999997 0.34609999999999996 0.366304 0.34401099999999996 0.359783 0.341574 0.344565 0.340877 0.322826 0.339833 0.320652 0.339485 0.307609 0.338092 0.28913 0.336003 0.28913 0.335306 0.29565199999999997 0.335306 0.30869599999999997 0.33460999999999996 0.311957 0.333217 0.336957
1 0.590529 0.317391 0.5884400000000001 0.320652 0.587744 0.326087 0.598886 0.326087 0.5995820000000001 0.325 0.5995820000000001 0.322826 0.597145 0.317391 0.5961000000000001 0.307609 0.594708 0.278261 0.592618 0.277174 0.591574 0.280435 0.591574 0.302174 0.590529 0.31087 0.590529 0.317391
3 0.354109 0.673913 0.353412 0.678261 0.35167099999999996 0.715217 0.35201899999999997 0.7369570000000001 0.350627 0.768478 0.343663 0.7793479999999999 0.341922 0.786957 0.340877 0.796739 0.339136 0.7978259999999999 0.338092 0.8021739999999999 0.334262 0.8054349999999999 0.33286899999999997 0.8119569999999999 0.334262 0.815217 0.346448 0.818478 0.347493 0.8206519999999999 0.348886 0.8195650000000001 0.352716 0.8239129999999999 0.360028 0.8239129999999999 0.36490300000000003 0.827174 0.37117 0.827174 0.37256300000000003 0.8228260000000001 0.377786 0.818478 0.383705 0.808696 0.384749 0.8054349999999999 0.387883 0.8021739999999999 0.39032 0.7978259999999999 0.392061 0.791304 0.393802 0.790217 0.394847 0.78587 0.39449900000000004 0.781522 0.389624 0.777174 0.384749 0.7630429999999999 0.382312 0.759783 0.38022300000000003 0.759783 0.37883 0.7554350000000001 0.376045 0.73587 0.375696 0.729348 0.374304 0.722826 0.37360699999999997 0.703261 0.371518 0.682609 0.37117 0.673913 0.36977699999999997 0.666304 0.365251 0.608696 0.364554 0.6054350000000001 0.363162 0.603261 0.357939 0.604348 0.356198 0.608696 0.354109 0.66087 0.354109 0.673913
3 0.46552899999999997 0.43804299999999996 0.46552899999999997 0.459783 0.46483299999999994 0.46413000000000004 0.464485 0.47717400000000004 0.46344 0.481522 0.46065500000000004 0.483696 0.459262 0.48804299999999995 0.458565 0.49347799999999997 0.456128 0.49347799999999997 0.45578 0.49565200000000004 0.45786899999999997 0.497826 0.462744 0.497826 0.46552899999999997 0.5 0.466922 0.49891300000000005 0.46901099999999996 0.501087 0.476323 0.501087 0.482939 0.494565 0.48328699999999997 0.492391 0.485724 0.49130399999999996 0.48607199999999995 0.48804299999999995 0.48328699999999997 0.48695700000000003 0.48189399999999993 0.48043500000000006 0.479457 0.479348 0.478064 0.475 0.47562699999999997 0.44782599999999995 0.475279 0.43478300000000003 0.473538 0.41630399999999995 0.472841 0.4 0.471448 0.394565 0.468663 0.394565 0.467618 0.4 0.466922 0.42391300000000004 0.466226 0.42717400000000005 0.46552899999999997 0.43804299999999996
3 0.42305000000000004 0.35 0.422354 0.38587 0.41922 0.38913000000000003 0.41956800000000005 0.394565 0.420961 0.396739 0.431407 0.394565 0.433844 0.390217 0.433148 0.38587 0.431407 0.384783 0.42896900000000004 0.359783 0.428273 0.336957 0.42722800000000005 0.331522 0.425139 0.331522 0.424095 0.333696 0.424095 0.34565199999999996 0.42305000000000004 0.35
3 0.857939 0.336957 0.856546 0.343478 0.866992 0.34565199999999996 0.873259 0.343478 0.874652 0.340217 0.873607 0.336957 0.87117 0.333696 0.867688 0.281522 0.866992 0.27934800000000004 0.864554 0.27934800000000004 0.862813 0.291304 0.8607239999999999 0.331522 0.85968 0.33587 0.857939 0.336957
1 0.795613 0.40108699999999997 0.794568 0.41956499999999997 0.793175 0.425 0.790042 0.428261 0.790042 0.430435 0.791086 0.43478300000000003 0.7942199999999999 0.43913 0.807103 0.44021699999999997 0.8116300000000001 0.43695700000000004 0.812674 0.43478300000000003 0.8133699999999999 0.430435 0.812674 0.426087 0.8116300000000001 0.42391300000000004 0.808844 0.422826 0.8081480000000001 0.404348 0.807103 0.397826 0.807103 0.392391 0.805362 0.373913 0.805362 0.355435 0.804318 0.343478 0.8032730000000001 0.341304 0.800139 0.341304 0.799095 0.343478 0.7983979999999999 0.35108700000000004 0.796657 0.393478 0.795613 0.40108699999999997
2 0.49303600000000003 0.318478 0.489903 0.325 0.489903 0.32717399999999996 0.50383 0.328261 0.505223 0.325 0.502089 0.320652 0.49791100000000005 0.259783 0.49721399999999993 0.25760900000000003 0.495474 0.25760900000000003 0.49442899999999995 0.263043 0.49442899999999995 0.272826 0.49373300000000003 0.27934800000000004 0.49303600000000003 0.318478
1 0.73468 0.307609 0.740251 0.30978300000000003 0.746518 0.305435 0.746518 0.303261 0.744081 0.3 0.741992 0.261957 0.741295 0.259783 0.7395539999999999 0.259783 0.738858 0.261957 0.737117 0.3 0.73468 0.304348 0.73468 0.307609