1 0.072772 0.38260900000000003 0.072772 0.393478 0.071727 0.40108699999999997 0.069986 0.40217400000000003 0.06928999999999999 0.404348 0.069986 0.40869600000000006 0.078343 0.40869600000000006 0.080432 0.406522 0.079387 0.40543500000000005 0.080432 0.404348 0.078343 0.39891299999999996 0.078343 0.395652 0.077298 0.390217 0.077646 0.388043 0.076602 0.377174 0.076602 0.36847799999999997 0.075905 0.36739099999999997 0.074164 0.36847799999999997 0.073468 0.376087 0.073816 0.377174 0.072772 0.38260900000000003
3 0.086351 0.361957 0.084958 0.357609 0.083914 0.342391 0.082869 0.342391 0.08077999999999999 0.36086999999999997 0.08077999999999999 0.365217 0.086351 0.365217 0.086351 0.361957
3 0.120125 0.375 0.120474 0.370652 0.119777 0.370652 0.118384 0.36413 0.118036 0.353261 0.11699200000000001 0.343478 0.115947 0.343478 0.11385799999999999 0.36847799999999997 0.11281300000000001 0.370652 0.11281300000000001 0.373913 0.120125 0.375
3 0.18070999999999998 0.388043 0.189763 0.388043 0.189763 0.384783 0.188719 0.383696 0.187326 0.373913 0.18663000000000002 0.354348 0.18453999999999998 0.354348 0.182451 0.38152200000000003 0.181407 0.384783 0.18070999999999998 0.384783 0.18070999999999998 0.388043
3 0.427925 0.40869600000000006 0.427925 0.411957 0.43697800000000003 0.41304299999999994 0.43697800000000003 0.40869600000000006 0.435933 0.407609 0.435933 0.40108699999999997 0.43488899999999997 0.38587 0.433844 0.38043499999999997 0.433844 0.373913 0.432103 0.372826 0.430014 0.388043 0.429666 0.404348 0.42896900000000004 0.407609 0.427925 0.40869600000000006
3 0.729109 0.43260899999999997 0.726671 0.433696 0.726671 0.43695700000000004 0.729805 0.44021699999999997 0.7378129999999999 0.43913 0.73851 0.43695700000000004 0.736421 0.433696 0.735724 0.420652 0.733983 0.406522 0.733635 0.396739 0.7322420000000001 0.395652 0.731546 0.397826 0.731198 0.40543500000000005 0.7301529999999999 0.407609 0.729109 0.43260899999999997
3 0.9195679999999999 0.46195700000000006 0.9192199999999999 0.467391 0.922354 0.467391 0.9244429999999999 0.46956499999999995 0.9366300000000001 0.468478 0.9366300000000001 0.46413000000000004 0.9327989999999999 0.456522 0.9279249999999999 0.40869600000000006 0.92688 0.40869600000000006 0.9254870000000001 0.41413 0.923398 0.456522 0.922006 0.46195700000000006 0.9195679999999999 0.46195700000000006
1 0.20961 0.46087 0.209262 0.479348 0.206128 0.48913 0.205432 0.48913 0.204387 0.494565 0.20264600000000002 0.494565 0.20264600000000002 0.497826 0.224582 0.496739 0.224582 0.49347799999999997 0.22284099999999998 0.49347799999999997 0.22214499999999998 0.48804299999999995 0.2211 0.48804299999999995 0.21901099999999998 0.481522 0.215529 0.426087 0.212047 0.426087 0.211699 0.43913 0.211003 0.44239100000000003 0.211003 0.44782599999999995 0.20961 0.46087
1 0.189067 0.415217 0.186978 0.415217 0.186978 0.420652 0.199164 0.422826 0.199164 0.41630399999999995 0.197423 0.415217 0.196379 0.41086999999999996 0.19429000000000002 0.377174 0.192201 0.376087 0.191156 0.38043499999999997 0.191156 0.391304 0.190111 0.411957 0.189067 0.415217
1 0.301184 0.430435 0.301184 0.43478300000000003 0.313022 0.43587 0.313022 0.430435 0.310933 0.42717400000000005 0.308496 0.390217 0.307799 0.386957 0.306407 0.386957 0.305362 0.391304 0.305014 0.406522 0.303273 0.42717400000000005 0.301184 0.430435
1 0.41364900000000004 0.525 0.412953 0.527174 0.409819 0.527174 0.40947100000000003 0.5336960000000001 0.408774 0.53587 0.407382 0.53587 0.407382 0.53913 0.41608599999999996 0.53913 0.420265 0.541304 0.43036199999999997 0.53913 0.431755 0.536957 0.431755 0.5336960000000001 0.429666 0.531522 0.42896900000000004 0.527174 0.426184 0.525 0.426184 0.520652 0.42479100000000003 0.509783 0.422006 0.453261 0.418524 0.452174 0.41782700000000006 0.45543500000000003 0.417479 0.46956499999999995 0.41608599999999996 0.48043500000000006 0.41364900000000004 0.525
1 0.469359 0.44239100000000003 0.469359 0.448913 0.482242 0.45 0.482242 0.444565 0.480501 0.44239100000000003 0.479805 0.43913 0.47841199999999995 0.422826 0.47736799999999996 0.4 0.47667099999999996 0.397826 0.475279 0.397826 0.473886 0.406522 0.472145 0.43695700000000004 0.4711 0.441304 0.469359 0.44239100000000003
1 0.607591 0.465217 0.606546 0.46956499999999995 0.604805 0.470652 0.604805 0.476087 0.611072 0.478261 0.619429 0.478261 0.619429 0.470652 0.617688 0.468478 0.616295 0.46087 0.615947 0.45 0.6145539999999999 0.43695700000000004 0.61351 0.418478 0.611072 0.417391 0.610376 0.42934799999999995 0.608635 0.44239100000000003 0.608635 0.453261 0.607591 0.465217
1 0.6657379999999999 0.5913039999999999 0.66539 0.6 0.660515 0.598913 0.660515 0.602174 0.668872 0.608696 0.6754870000000001 0.61087 0.676532 0.613043 0.681407 0.613043 0.6862809999999999 0.609783 0.694986 0.607609 0.694986 0.604348 0.6922010000000001 0.602174 0.690111 0.596739 0.689763 0.593478 0.6887190000000001 0.5913039999999999 0.687326 0.5913039999999999 0.685933 0.588043 0.685933 0.579348 0.684192 0.56413 0.683496 0.541304 0.681407 0.518478 0.6810579999999999 0.502174 0.676532 0.5 0.671309 0.56087 0.670613 0.588043 0.669916 0.590217 0.6657379999999999 0.5913039999999999
1 0.8015319999999999 0.5108699999999999 0.800139 0.516304 0.797702 0.516304 0.796657 0.5195649999999999 0.796657 0.522826 0.803621 0.5293479999999999 0.8189420000000001 0.530435 0.8189420000000001 0.527174 0.8165039999999999 0.5195649999999999 0.8147629999999999 0.5195649999999999 0.812674 0.51413 0.812674 0.497826 0.810585 0.46956499999999995 0.810585 0.452174 0.8064069999999999 0.452174 0.80571 0.45543500000000003 0.804318 0.47391300000000003 0.8032730000000001 0.479348 0.8015319999999999 0.5108699999999999
3 0.27890000000000004 0.396739 0.27890000000000004 0.4 0.281685 0.40217400000000003 0.287953 0.40108699999999997 0.287953 0.397826 0.287256 0.397826 0.28656000000000004 0.393478 0.28481900000000004 0.366304 0.28273000000000004 0.366304 0.282033 0.370652 0.281337 0.388043 0.280292 0.394565 0.27890000000000004 0.396739
3 0.601323 0.409783 0.601323 0.41413 0.600279 0.417391 0.598886 0.417391 0.598886 0.420652 0.610028 0.420652 0.610028 0.417391 0.608983 0.417391 0.607939 0.41086999999999996 0.606546 0.38260900000000003 0.6055010000000001 0.38043499999999997 0.604109 0.38043499999999997 0.603064 0.38587 0.603064 0.393478 0.602368 0.404348 0.601323 0.409783