0 0.939415 0.25 0.939067 0.258696 0.9383699999999999 0.26087 0.937326 0.26087 0.9366300000000001 0.265217 0.9422010000000001 0.266304 0.947772 0.26413000000000003 0.94812 0.265217 0.949861 0.263043 0.949861 0.259783 0.9470750000000001 0.25760900000000003 0.9453340000000001 0.238043 0.944638 0.219565 0.9432449999999999 0.218478 0.941156 0.221739 0.940808 0.236957 0.939415 0.25
0 0.903552 0.291304 0.902507 0.29782600000000004 0.9014620000000001 0.317391 0.9004179999999999 0.320652 0.896936 0.323913 0.89624 0.328261 0.896588 0.331522 0.9056409999999999 0.33260900000000004 0.912256 0.32934800000000003 0.914345 0.330435 0.916086 0.326087 0.9157379999999999 0.322826 0.913301 0.321739 0.911908 0.31413 0.91156 0.307609 0.9101670000000001 0.298913 0.9094709999999999 0.272826 0.9084260000000001 0.263043 0.9056409999999999 0.263043 0.904596 0.265217 0.903552 0.281522 0.903552 0.291304
1 0.873607 0.348913 0.8739549999999999 0.354348 0.872911 0.36739099999999997 0.871866 0.371739 0.868733 0.372826 0.867688 0.377174 0.867688 0.38260900000000003 0.868384 0.384783 0.87117 0.384783 0.8725630000000001 0.386957 0.876741 0.386957 0.87883 0.384783 0.888231 0.38587 0.89032 0.38043499999999997 0.89032 0.376087 0.8892760000000001 0.373913 0.887535 0.373913 0.8861420000000001 0.36956500000000003 0.883357 0.333696 0.881964 0.3 0.8774369999999999 0.298913 0.876393 0.307609 0.8756959999999999 0.323913 0.874652 0.331522 0.873607 0.348913
1 0.697772 0.272826 0.697075 0.301087 0.696031 0.305435 0.6939420000000001 0.307609 0.693245 0.31087 0.693593 0.31413 0.6981200000000001 0.31413 0.700557 0.311957 0.702646 0.31413 0.707869 0.31087 0.707869 0.307609 0.7071729999999999 0.305435 0.7057800000000001 0.305435 0.705084 0.303261 0.705084 0.298913 0.703343 0.286957 0.702994 0.270652 0.7016020000000001 0.25652200000000003 0.6995129999999999 0.25652200000000003 0.698816 0.258696 0.698468 0.268478 0.697772 0.272826
1 0.541783 0.28586999999999996 0.551532 0.286957 0.552228 0.284783 0.5518799999999999 0.280435 0.5504870000000001 0.27934800000000004 0.549443 0.276087 0.549443 0.269565 0.547702 0.244565 0.5459609999999999 0.243478 0.544916 0.248913 0.5442199999999999 0.27934800000000004 0.542131 0.281522 0.541783 0.28586999999999996
3 0.5978410000000001 0.373913 0.596448 0.390217 0.596448 0.403261 0.595056 0.420652 0.593663 0.42391300000000004 0.5919220000000001 0.42391300000000004 0.590529 0.426087 0.589136 0.431522 0.589136 0.43478300000000003 0.5898329999999999 0.43695700000000004 0.592967 0.441304 0.595752 0.44239100000000003 0.5974929999999999 0.44021699999999997 0.6068939999999999 0.44021699999999997 0.610376 0.43587 0.611769 0.43587 0.613162 0.431522 0.6128129999999999 0.426087 0.612117 0.42391300000000004 0.609331 0.422826 0.608635 0.420652 0.606546 0.393478 0.606198 0.378261 0.604457 0.365217 0.6037600000000001 0.344565 0.6020190000000001 0.341304 0.600279 0.341304 0.599234 0.343478 0.5978410000000001 0.365217 0.5978410000000001 0.373913
3 0.525766 0.346739 0.524373 0.35108700000000004 0.522284 0.35108700000000004 0.521936 0.354348 0.523329 0.358696 0.52507 0.356522 0.536212 0.356522 0.537604 0.353261 0.537604 0.348913 0.5351670000000001 0.34565199999999996 0.533774 0.338043 0.530989 0.29239099999999996 0.529944 0.290217 0.528552 0.290217 0.527855 0.29239099999999996 0.526811 0.30869599999999997 0.526811 0.322826 0.525766 0.346739
3 0.431407 0.318478 0.42931800000000003 0.319565 0.427925 0.323913 0.429666 0.326087 0.435585 0.325 0.437326 0.322826 0.440808 0.323913 0.441852 0.321739 0.44046 0.317391 0.439763 0.317391 0.43837000000000004 0.311957 0.437326 0.29239099999999996 0.436281 0.28586999999999996 0.435585 0.272826 0.433496 0.272826 0.432799 0.283696 0.432799 0.301087 0.432103 0.303261 0.431407 0.318478
3 0.326602 0.311957 0.326602 0.31521699999999997 0.336003 0.31521699999999997 0.337047 0.313043 0.337047 0.31087 0.335655 0.30869599999999997 0.33460999999999996 0.304348 0.33460999999999996 0.29239099999999996 0.333565 0.28913 0.33286899999999997 0.27391299999999996 0.331825 0.270652 0.329735 0.271739 0.329735 0.28586999999999996 0.328343 0.298913 0.328343 0.30869599999999997 0.326602 0.311957
1 0.40494399999999997 0.277174 0.404596 0.281522 0.409123 0.283696 0.412256 0.282609 0.412953 0.27934800000000004 0.41260399999999997 0.277174 0.410515 0.275 0.410515 0.269565 0.40947100000000003 0.265217 0.409123 0.248913 0.40842599999999996 0.24565199999999998 0.407382 0.24565199999999998 0.406337 0.25 0.40668499999999996 0.25760900000000003 0.40598900000000004 0.275 0.40494399999999997 0.277174
1 0.260446 0.29239099999999996 0.260446 0.28913 0.258357 0.286957 0.25766 0.283696 0.258008 0.27934800000000004 0.257312 0.277174 0.257312 0.261957 0.25626699999999997 0.258696 0.254875 0.258696 0.25383 0.263043 0.254178 0.27934800000000004 0.253134 0.29239099999999996 0.260446 0.29239099999999996
3 0.204039 0.31630400000000003 0.203343 0.318478 0.20195 0.318478 0.201602 0.321739 0.202298 0.323913 0.21344 0.321739 0.213788 0.319565 0.213092 0.317391 0.211003 0.31630400000000003 0.21030600000000002 0.31413 0.207869 0.282609 0.205084 0.281522 0.204387 0.284783 0.204387 0.304348 0.203691 0.30978300000000003 0.204039 0.31630400000000003
3 0.056755 0.342391 0.05571 0.342391 0.055362 0.34565199999999996 0.057103 0.346739 0.060237 0.344565 0.067549 0.344565 0.067549 0.340217 0.06545999999999999 0.336957 0.064415 0.319565 0.062674 0.31087 0.062326000000000006 0.304348 0.061280999999999995 0.302174 0.058843999999999994 0.303261 0.058496000000000006 0.32717399999999996 0.057450999999999995 0.333696 0.057450999999999995 0.340217 0.056755 0.342391
1 0.081128 0.320652 0.090877 0.320652 0.090529 0.31521699999999997 0.088092 0.305435 0.088092 0.302174 0.086699 0.294565 0.086351 0.286957 0.08565500000000001 0.284783 0.084262 0.28586999999999996 0.084262 0.293478 0.083565 0.29565199999999997 0.083217 0.311957 0.081128 0.320652
3 0.5898329999999999 0.540217 0.589485 0.553261 0.587744 0.569565 0.586351 0.5956520000000001 0.586003 0.615217 0.583565 0.6489130000000001 0.582869 0.651087 0.5790390000000001 0.653261 0.576253 0.6586960000000001 0.575209 0.665217 0.5748610000000001 0.676087 0.572772 0.684783 0.571727 0.692391 0.586003 0.695652 0.5978410000000001 0.695652 0.600279 0.697826 0.613858 0.698913 0.614903 0.693478 0.618733 0.681522 0.620822 0.668478 0.618036 0.666304 0.615599 0.656522 0.60968 0.65 0.608983 0.631522 0.607939 0.626087 0.607591 0.6141300000000001 0.60585 0.596739 0.60585 0.5869570000000001 0.604805 0.580435 0.604457 0.5663039999999999 0.6037600000000001 0.56413 0.6037600000000001 0.555435 0.6020190000000001 0.5423910000000001 0.602368 0.5380429999999999 0.600975 0.522826 0.600627 0.5054350000000001 0.600279 0.503261 0.5978410000000001 0.501087 0.593315 0.502174 0.59227 0.504348 0.591226 0.5108699999999999 0.590877 0.531522 0.5898329999999999 0.540217