3 0.049095 0.754348 0.048747 0.761957 0.048747 0.846739 0.079387 0.846739 0.079387 0.841304 0.077994 0.834783 0.077646 0.825 0.075557 0.8021739999999999 0.073816 0.76413 0.072075 0.753261 0.072075 0.746739 0.067201 0.679348 0.05571 0.680435 0.054666000000000006 0.68587 0.053273 0.7163039999999999 0.050836000000000006 0.742391 0.049095 0.754348
1 0.096797 0.40869600000000006 0.10619799999999999 0.40869600000000006 0.10619799999999999 0.404348 0.104805 0.40217400000000003 0.10376 0.394565 0.10236799999999999 0.36956500000000003 0.101671 0.36847799999999997 0.101671 0.366304 0.10027900000000001 0.366304 0.09714500000000001 0.39891299999999996 0.095056 0.403261 0.095056 0.406522 0.096797 0.40869600000000006
3 0.22562700000000002 0.425 0.22493 0.428261 0.223189 0.428261 0.22284099999999998 0.43260899999999997 0.235724 0.433696 0.236072 0.42934799999999995 0.233983 0.425 0.23328700000000002 0.41956499999999997 0.23363499999999998 0.40869600000000006 0.23154599999999997 0.393478 0.23154599999999997 0.388043 0.230153 0.383696 0.229109 0.383696 0.228064 0.388043 0.22736800000000001 0.406522 0.22597499999999998 0.417391 0.22562700000000002 0.425
1 0.270195 0.40543500000000005 0.279248 0.40543500000000005 0.279248 0.40108699999999997 0.278203 0.397826 0.276462 0.383696 0.276462 0.378261 0.275418 0.36847799999999997 0.273677 0.36739099999999997 0.272284 0.396739 0.27124000000000004 0.40108699999999997 0.270195 0.40108699999999997 0.270195 0.40543500000000005
3 0.38022300000000003 0.42717400000000005 0.39066900000000004 0.428261 0.39066900000000004 0.42391300000000004 0.389972 0.42391300000000004 0.388579 0.418478 0.38649 0.384783 0.384401 0.384783 0.382312 0.418478 0.38126699999999997 0.42391300000000004 0.38022300000000003 0.42391300000000004 0.38022300000000003 0.42717400000000005
1 0.413301 0.393478 0.413301 0.396739 0.42130900000000004 0.396739 0.42130900000000004 0.393478 0.41956800000000005 0.388043 0.417479 0.36739099999999997 0.417479 0.363043 0.416435 0.363043 0.415738 0.365217 0.415042 0.38913000000000003 0.41434499999999996 0.392391 0.413301 0.393478
3 0.505571 0.417391 0.5104460000000001 0.41956499999999997 0.51532 0.418478 0.51532 0.41413 0.513928 0.41086999999999996 0.513231 0.406522 0.511838 0.378261 0.509749 0.378261 0.508357 0.40543500000000005 0.50766 0.41086999999999996 0.505571 0.41413 0.505571 0.417391
1 0.634749 0.397826 0.634749 0.40108699999999997 0.643454 0.403261 0.643454 0.4 0.641365 0.394565 0.641017 0.38043499999999997 0.639972 0.36956500000000003 0.638579 0.36956500000000003 0.636838 0.388043 0.636838 0.394565 0.636142 0.397826 0.634749 0.397826
3 0.428273 0.548913 0.427577 0.552174 0.425139 0.552174 0.423398 0.559783 0.420961 0.559783 0.420961 0.563043 0.421657 0.563043 0.422702 0.5663039999999999 0.429666 0.570652 0.437674 0.570652 0.449164 0.5663039999999999 0.449164 0.563043 0.447075 0.561957 0.446379 0.559783 0.44603099999999996 0.554348 0.443593 0.553261 0.442201 0.5478259999999999 0.441852 0.532609 0.44011100000000003 0.5108699999999999 0.44011100000000003 0.503261 0.437674 0.47282599999999997 0.433496 0.47282599999999997 0.433496 0.478261 0.431407 0.494565 0.43036199999999997 0.521739 0.428273 0.548913
3 0.598886 0.478261 0.597145 0.478261 0.596448 0.48043500000000006 0.596448 0.483696 0.598538 0.48695700000000003 0.613858 0.48804299999999995 0.613858 0.483696 0.612117 0.48260899999999995 0.611421 0.47717400000000004 0.610028 0.476087 0.608983 0.47282599999999997 0.608635 0.453261 0.6072420000000001 0.433696 0.60585 0.422826 0.6037600000000001 0.421739 0.602716 0.42934799999999995 0.6020190000000001 0.446739 0.5995820000000001 0.475 0.598886 0.478261
3 0.59993 0.418478 0.59993 0.421739 0.6051529999999999 0.420652 0.606546 0.422826 0.610376 0.422826 0.610376 0.41956499999999997 0.608287 0.417391 0.606198 0.383696 0.604457 0.38260900000000003 0.602368 0.403261 0.602368 0.41413 0.601323 0.418478 0.59993 0.418478
3 0.6692199999999999 0.444565 0.6692199999999999 0.448913 0.674095 0.452174 0.681407 0.45108699999999996 0.681407 0.446739 0.680014 0.44565200000000005 0.678969 0.441304 0.677577 0.40217400000000003 0.6751389999999999 0.40108699999999997 0.67305 0.420652 0.672006 0.441304 0.671309 0.443478 0.6692199999999999 0.444565
1 0.9244429999999999 0.633696 0.9216570000000001 0.669565 0.920613 0.6728259999999999 0.915042 0.6728259999999999 0.913997 0.681522 0.913997 0.686957 0.9164350000000001 0.693478 0.9216570000000001 0.697826 0.9345399999999999 0.7 0.937674 0.703261 0.945682 0.704348 0.950905 0.7076089999999999 0.950905 0.686957 0.949861 0.6836960000000001 0.9453340000000001 0.679348 0.94429 0.676087 0.94429 0.671739 0.9432449999999999 0.665217 0.9397629999999999 0.606522 0.9387190000000001 0.567391 0.937326 0.561957 0.930362 0.563043 0.928621 0.593478 0.9261839999999999 0.6141300000000001 0.925836 0.622826 0.9244429999999999 0.633696
1 0.529944 0.390217 0.529944 0.394565 0.5383009999999999 0.394565 0.5383009999999999 0.391304 0.536908 0.388043 0.535515 0.373913 0.535515 0.363043 0.533774 0.363043 0.5330779999999999 0.365217 0.532033 0.388043 0.531337 0.390217 0.529944 0.390217
1 0.743733 0.42717400000000005 0.753482 0.42934799999999995 0.753482 0.425 0.752089 0.422826 0.751045 0.418478 0.75 0.393478 0.747911 0.392391 0.746518 0.4 0.745125 0.421739 0.743733 0.42391300000000004 0.743733 0.42717400000000005
1 0.827646 0.45543500000000003 0.834958 0.459783 0.8391360000000001 0.459783 0.8391360000000001 0.45543500000000003 0.8370469999999999 0.448913 0.8353059999999999 0.417391 0.8342620000000001 0.415217 0.832869 0.415217 0.831128 0.418478 0.829735 0.448913 0.827646 0.452174 0.827646 0.45543500000000003
1 0.89624 0.545652 0.89415 0.548913 0.89415 0.552174 0.9042479999999999 0.554348 0.9059889999999999 0.557609 0.91539 0.5586960000000001 0.915042 0.551087 0.913997 0.5478259999999999 0.91156 0.546739 0.910515 0.541304 0.9084260000000001 0.48804299999999995 0.9077299999999999 0.48260899999999995 0.9066850000000001 0.479348 0.902855 0.479348 0.901811 0.484783 0.899373 0.5195649999999999 0.897284 0.532609 0.89624 0.545652
1 0.910515 0.497826 0.910515 0.501087 0.912256 0.501087 0.9146940000000001 0.504348 0.9261839999999999 0.5054350000000001 0.9261839999999999 0.502174 0.9227019999999999 0.494565 0.9216570000000001 0.46956499999999995 0.919916 0.448913 0.9164350000000001 0.446739 0.9157379999999999 0.45 0.915042 0.463043 0.911908 0.494565 0.910515 0.497826