3 0.579735 0.317391 0.579735 0.320652 0.591226 0.321739 0.591226 0.31521699999999997 0.589485 0.311957 0.5884400000000001 0.303261 0.588092 0.291304 0.5866990000000001 0.281522 0.586351 0.272826 0.583914 0.271739 0.582869 0.296739 0.581825 0.307609 0.581825 0.31521699999999997 0.579735 0.317391
3 0.6521589999999999 0.281522 0.661212 0.281522 0.661212 0.278261 0.659471 0.272826 0.659123 0.259783 0.657033 0.243478 0.6556409999999999 0.243478 0.654596 0.25543499999999997 0.6538999999999999 0.276087 0.6521589999999999 0.278261 0.6521589999999999 0.281522
3 0.743384 0.26413000000000003 0.74234 0.26413000000000003 0.74234 0.268478 0.751045 0.268478 0.751045 0.265217 0.749652 0.261957 0.748955 0.25760900000000003 0.748955 0.252174 0.7472139999999999 0.238043 0.746866 0.231522 0.745822 0.231522 0.745125 0.233696 0.744429 0.244565 0.744081 0.26087 0.743384 0.26413000000000003
1 0.898677 0.288043 0.898677 0.291304 0.900766 0.29565199999999997 0.912256 0.294565 0.912256 0.28913 0.9108639999999999 0.288043 0.9094709999999999 0.283696 0.9094709999999999 0.27934800000000004 0.908078 0.269565 0.908078 0.259783 0.9066850000000001 0.243478 0.903552 0.243478 0.902855 0.248913 0.9014620000000001 0.282609 0.90007 0.28913 0.898677 0.288043
1 0.891713 0.358696 0.8910170000000001 0.36086999999999997 0.8878830000000001 0.359783 0.8878830000000001 0.366304 0.89032 0.36956500000000003 0.910515 0.36956500000000003 0.910515 0.366304 0.9091229999999999 0.366304 0.9077299999999999 0.358696 0.9056409999999999 0.358696 0.9049440000000001 0.356522 0.9021589999999999 0.32717399999999996 0.9014620000000001 0.30869599999999997 0.8997210000000001 0.293478 0.89624 0.293478 0.894499 0.311957 0.894499 0.318478 0.8931060000000001 0.33260900000000004 0.891713 0.358696
3 0.601323 0.42717400000000005 0.59993 0.43913 0.5995820000000001 0.44782599999999995 0.5978410000000001 0.459783 0.595056 0.459783 0.594011 0.463043 0.594011 0.47282599999999997 0.598189 0.475 0.600279 0.478261 0.609331 0.478261 0.614903 0.476087 0.618384 0.47282599999999997 0.618036 0.46087 0.614903 0.456522 0.613162 0.44782599999999995 0.612117 0.43587 0.611072 0.403261 0.609331 0.388043 0.608635 0.370652 0.604109 0.36956500000000003 0.602716 0.384783 0.602716 0.396739 0.601671 0.409783 0.601323 0.42717400000000005
3 0.5748610000000001 0.358696 0.5745129999999999 0.379348 0.572423 0.384783 0.5706819999999999 0.384783 0.570334 0.393478 0.574164 0.396739 0.581825 0.396739 0.587396 0.393478 0.587744 0.386957 0.58461 0.383696 0.58461 0.378261 0.583217 0.366304 0.583217 0.356522 0.580432 0.322826 0.579387 0.320652 0.577298 0.320652 0.5766020000000001 0.325 0.5766020000000001 0.33587 0.575905 0.340217 0.5748610000000001 0.358696
3 0.852368 0.24021699999999999 0.850975 0.22391299999999997 0.84757630625 0.24263711093749998 0.847145 0.25543499999999997 0.849234 0.25543499999999997 0.8502789999999999 0.259783 0.854457 0.259783 0.854457 0.25760900000000003 0.852368 0.248913 0.852368 0.24021699999999999
1 0.8440110000000001 0.303261 0.8433149999999999 0.305435 0.8408770000000001 0.305435 0.8408770000000001 0.31087 0.85585 0.311957 0.85585 0.306522 0.852716 0.302174 0.852716 0.294565 0.850975 0.282609 0.850627 0.266304 0.8495820000000001 0.25760900000000003 0.8467969999999999 0.25652200000000003 0.8461000000000001 0.271739 0.845404 0.275 0.8443590000000001 0.290217 0.8440110000000001 0.303261
3 0.565808 0.5108699999999999 0.5630219999999999 0.541304 0.5612809999999999 0.579348 0.558496 0.580435 0.5577989999999999 0.5826089999999999 0.5553619999999999 0.584783 0.5553619999999999 0.596739 0.552925 0.597826 0.551184 0.603261 0.549791 0.603261 0.549443 0.607609 0.5536209999999999 0.61087 0.567549 0.61087 0.572423 0.6119570000000001 0.574164 0.6141300000000001 0.583914 0.6141300000000001 0.586351 0.609783 0.587744 0.604348 0.591226 0.596739 0.591574 0.5913039999999999 0.5884400000000001 0.590217 0.587744 0.5826089999999999 0.5821729999999999 0.5771740000000001 0.580432 0.56087 0.580432 0.546739 0.579735 0.5423910000000001 0.577646 0.506522 0.575557 0.48804299999999995 0.574164 0.46087 0.5731200000000001 0.457609 0.568245 0.457609 0.5672010000000001 0.45869600000000005 0.5672010000000001 0.470652 0.566156 0.483696 0.565808 0.5108699999999999
3 0.384749 0.7304350000000001 0.384749 0.740217 0.383357 0.753261 0.383008 0.7793479999999999 0.382312 0.781522 0.382312 0.791304 0.38126699999999997 0.803261 0.380571 0.8391299999999999 0.377786 0.840217 0.37743699999999997 0.8423909999999999 0.376741 0.8423909999999999 0.37639300000000003 0.846739 0.41956800000000005 0.846739 0.41922 0.841304 0.41782700000000006 0.8391299999999999 0.415042 0.8391299999999999 0.41260399999999997 0.832609 0.41190800000000005 0.8195650000000001 0.41016700000000006 0.808696 0.41016700000000006 0.8 0.408774 0.790217 0.408774 0.780435 0.408078 0.778261 0.40773000000000004 0.770652 0.40703300000000003 0.767391 0.40529200000000004 0.7391300000000001 0.40250700000000006 0.713043 0.40250700000000006 0.704348 0.401462 0.696739 0.401114 0.686957 0.40007000000000004 0.681522 0.399373 0.669565 0.39832900000000004 0.6630429999999999 0.399025 0.66087 0.399025 0.655435 0.396588 0.653261 0.392409 0.653261 0.387883 0.657609 0.387535 0.678261 0.385794 0.705435 0.385446 0.729348 0.384749 0.7304350000000001