3 0.766108 0.6 0.762887 0.608 0.757088 0.61 0.753866 0.614 0.753222 0.623 0.756443 0.63 0.760954 0.632 0.772552 0.632 0.784149 0.635 0.8099230000000001 0.637 0.806701 0.621 0.8041240000000001 0.618 0.798969 0.616 0.7970360000000001 0.612 0.793814 0.5740000000000001 0.792526 0.568 0.79317 0.5589999999999999 0.790593 0.528 0.787371 0.524 0.780284 0.524 0.774485 0.55 0.774485 0.5549999999999999 0.773196 0.558 0.766108 0.6
1 0.336985 0.521 0.33634 0.5309999999999999 0.335052 0.534 0.333763 0.554 0.331186 0.5690000000000001 0.325387 0.571 0.323454 0.5740000000000001 0.323454 0.5780000000000001 0.317655 0.585 0.32796400000000003 0.585 0.334407 0.587 0.361469 0.587 0.369845 0.579 0.369201 0.577 0.366624 0.576 0.366624 0.572 0.35953599999999997 0.5690000000000001 0.353093 0.521 0.35116 0.515 0.349227 0.495 0.346649 0.491 0.341495 0.491 0.33956200000000003 0.5 0.338273 0.518 0.336985 0.521
1 0.3125 0.518 0.309923 0.519 0.30863399999999996 0.523 0.305412 0.524 0.309923 0.526 0.332474 0.5269999999999999 0.33634 0.524 0.33634 0.517 0.333119 0.517 0.33182999999999996 0.514 0.325387 0.466 0.320876 0.466 0.320876 0.472 0.31894300000000003 0.48 0.314433 0.515 0.3125 0.518
0 0.6404639999999999 0.49400000000000005 0.6404639999999999 0.503 0.637887 0.521 0.634665 0.528 0.632088 0.528 0.630799 0.53 0.62951 0.5349999999999999 0.632088 0.537 0.657216 0.537 0.658505 0.5349999999999999 0.658505 0.5309999999999999 0.654639 0.526 0.652062 0.512 0.6507729999999999 0.484 0.6488400000000001 0.479 0.643686 0.479 0.641753 0.481 0.641108 0.485 0.641753 0.48600000000000004 0.6404639999999999 0.49400000000000005
3 0.580541 0.507 0.580541 0.51 0.584407 0.512 0.5992270000000001 0.512 0.5992270000000001 0.508 0.597294 0.508 0.595361 0.504 0.594716 0.484 0.592139 0.46799999999999997 0.589562 0.46799999999999997 0.585696 0.485 0.584407 0.5 0.583119 0.505 0.580541 0.507
3 0.548325 0.495 0.5625 0.496 0.563144 0.492 0.561856 0.491 0.5599230000000001 0.485 0.55799 0.45999999999999996 0.556057 0.45999999999999996 0.552835 0.47400000000000003 0.550902 0.49000000000000005 0.548325 0.492 0.548325 0.495
2 0.325387 0.687 0.319588 0.717 0.31701 0.745 0.3125 0.77 0.311211 0.786 0.303479 0.8390000000000001 0.303479 0.8470000000000001 0.301546 0.857 0.380155 0.858 0.376933 0.8400000000000001 0.376933 0.829 0.373711 0.8099999999999999 0.373711 0.8 0.37049 0.7849999999999999 0.36855699999999997 0.761 0.36726800000000004 0.757 0.36726800000000004 0.744 0.364046 0.724 0.362113 0.7 0.35953599999999997 0.687 0.357603 0.661 0.354381 0.657 0.349871 0.6559999999999999 0.331186 0.657 0.328608 0.659 0.326675 0.6639999999999999 0.326675 0.6759999999999999 0.325387 0.687
3 0.54768 0.48200000000000004 0.54768 0.479 0.545747 0.477 0.54317 0.453 0.541237 0.453 0.538015 0.47400000000000003 0.535438 0.47800000000000004 0.535438 0.481 0.54768 0.48200000000000004
3 0.377577 0.47000000000000003 0.375644 0.46900000000000003 0.374356 0.461 0.373711 0.44699999999999995 0.37049 0.446 0.367912 0.46900000000000003 0.365335 0.471 0.377577 0.472 0.377577 0.47000000000000003
2 0.414304 0.466 0.414304 0.46399999999999997 0.41172700000000007 0.45999999999999996 0.40979400000000005 0.44800000000000006 0.408505 0.429 0.406572 0.429 0.40270599999999995 0.45899999999999996 0.399485 0.466 0.412371 0.46699999999999997 0.414304 0.466
2 0.551546 0.46900000000000003 0.548969 0.47300000000000003 0.552835 0.47300000000000003 0.555412 0.45999999999999996 0.55799 0.45899999999999996 0.5599230000000001 0.47400000000000003 0.564433 0.47400000000000003 0.564433 0.472 0.563144 0.472 0.561211 0.46699999999999997 0.558634 0.434 0.556057 0.437 0.5541240000000001 0.449 0.5541240000000001 0.457 0.551546 0.46900000000000003
3 0.340206 0.453 0.340206 0.454 0.340851 0.454 0.340851 0.453 0.340206 0.453
1 0.331186 0.495 0.331186 0.49800000000000005 0.338273 0.499 0.33956200000000003 0.49800000000000005 0.341495 0.49000000000000005 0.346649 0.49000000000000005 0.349227 0.493 0.350515 0.49800000000000005 0.354381 0.499 0.352448 0.496 0.352448 0.49400000000000005 0.35116 0.49400000000000005 0.347294 0.488 0.347294 0.48200000000000004 0.346005 0.47800000000000004 0.343428 0.457 0.340206 0.45599999999999996 0.337629 0.471 0.33634 0.489 0.334407 0.49400000000000005 0.331186 0.495