1 0.290593 0.732 0.289948 0.763 0.28866 0.774 0.288015 0.8 0.286727 0.8089999999999999 0.274485 0.826 0.26546400000000003 0.8480000000000001 0.263531 0.857 0.39432999999999996 0.858 0.392397 0.857 0.393686 0.8550000000000001 0.392397 0.853 0.396907 0.8460000000000001 0.400129 0.837 0.400129 0.8320000000000001 0.39884 0.829 0.387242 0.818 0.378222 0.8119999999999999 0.365979 0.794 0.358247 0.7889999999999999 0.353093 0.788 0.34793799999999997 0.779 0.34278400000000003 0.752 0.335696 0.725 0.333763 0.709 0.32796400000000003 0.689 0.326031 0.678 0.324742 0.6759999999999999 0.320876 0.651 0.315722 0.647 0.305412 0.647 0.298325 0.6519999999999999 0.295747 0.6559999999999999 0.29445899999999997 0.6639999999999999 0.293814 0.6990000000000001 0.290593 0.732
3 0.13466499999999998 0.579 0.136598 0.577 0.140464 0.577 0.152706 0.5700000000000001 0.150773 0.5660000000000001 0.147552 0.5650000000000001 0.144974 0.561 0.14433 0.557 0.142397 0.554 0.135954 0.5349999999999999 0.134021 0.532 0.132088 0.533 0.132088 0.572 0.12951 0.5740000000000001 0.12886599999999998 0.5780000000000001 0.13466499999999998 0.579
1 0.34471599999999997 0.518 0.35116 0.518 0.362758 0.511 0.362758 0.508 0.358247 0.505 0.353093 0.487 0.351804 0.477 0.346649 0.476 0.346649 0.51 0.344072 0.512 0.342139 0.516 0.34471599999999997 0.518
3 0.431057 0.44400000000000006 0.429768 0.44400000000000006 0.42783499999999997 0.44000000000000006 0.42783499999999997 0.437 0.42396900000000004 0.425 0.42396900000000004 0.421 0.422036 0.421 0.421392 0.442 0.41945899999999997 0.44800000000000006 0.429124 0.44699999999999995 0.431057 0.44400000000000006
1 0.5025769999999999 0.472 0.5083759999999999 0.472 0.518686 0.46799999999999997 0.518686 0.466 0.5154639999999999 0.46399999999999997 0.513531 0.45999999999999996 0.512887 0.45099999999999996 0.510309 0.44400000000000006 0.509021 0.434 0.505799 0.433 0.50451 0.46299999999999997 0.501933 0.465 0.500644 0.47000000000000003 0.5025769999999999 0.472
0 0.545103 0.506 0.545103 0.509 0.563144 0.509 0.569588 0.504 0.5702320000000001 0.5 0.566366 0.499 0.5625 0.495 0.557345 0.466 0.555412 0.45999999999999996 0.552191 0.45999999999999996 0.550902 0.475 0.550902 0.496 0.550258 0.499 0.545103 0.506
0 0.677191 0.45199999999999996 0.680412 0.449 0.675902 0.44400000000000006 0.673325 0.41600000000000004 0.6720360000000001 0.41200000000000003 0.670103 0.41200000000000003 0.664948 0.445 0.660438 0.449 0.665593 0.45199999999999996 0.677191 0.45199999999999996
0 0.666881 0.329 0.664948 0.331 0.664948 0.333 0.666237 0.33399999999999996 0.674613 0.33399999999999996 0.675902 0.331 0.675902 0.324 0.673969 0.318 0.67268 0.305 0.670747 0.305 0.670103 0.312 0.667526 0.32 0.666881 0.329
2 0.705541 0.40599999999999997 0.703608 0.414 0.701031 0.41600000000000004 0.699098 0.42000000000000004 0.720361 0.421 0.721649 0.41900000000000004 0.7190719999999999 0.417 0.716495 0.409 0.712629 0.368 0.710696 0.368 0.708119 0.383 0.708119 0.389 0.705541 0.399 0.705541 0.40599999999999997
3 0.799613 0.44299999999999995 0.799613 0.445 0.8054119999999999 0.44800000000000006 0.8125 0.44800000000000006 0.814433 0.442 0.817655 0.442 0.8195880000000001 0.44800000000000006 0.8208759999999999 0.44800000000000006 0.8215210000000001 0.44400000000000006 0.81701 0.441 0.8150769999999999 0.40700000000000003 0.811856 0.40700000000000003 0.806701 0.42800000000000005 0.8054119999999999 0.438 0.8034789999999999 0.441 0.799613 0.44299999999999995
3 0.79768 0.492 0.79768 0.495 0.8112109999999999 0.499 0.822165 0.5 0.8292529999999999 0.49400000000000005 0.826675 0.491 0.824098 0.491 0.8215210000000001 0.485 0.818943 0.462 0.818943 0.446 0.817655 0.44299999999999995 0.814433 0.44299999999999995 0.8054119999999999 0.485 0.8015459999999999 0.487 0.798969 0.492 0.79768 0.492