3 0.323454 0.508 0.319588 0.512 0.319588 0.517 0.332474 0.517 0.33956200000000003 0.514 0.338918 0.51 0.33634 0.508 0.335052 0.505 0.329897 0.47300000000000003 0.326675 0.47400000000000003 0.324742 0.492 0.324742 0.502 0.323454 0.508
1 0.373711 0.43200000000000005 0.371778 0.417 0.37049 0.417 0.36726800000000004 0.43899999999999995 0.375644 0.43899999999999995 0.375644 0.43600000000000005 0.373711 0.43200000000000005
1 0.21134 0.395 0.218428 0.392 0.214562 0.387 0.208119 0.368 0.20618599999999998 0.368 0.20682999999999999 0.393 0.20554100000000003 0.397 0.208119 0.398 0.21134 0.395
1 0.130155 0.376 0.137242 0.377 0.143686 0.375 0.150773 0.375 0.148196 0.371 0.144974 0.37 0.13853100000000002 0.343 0.13466499999999998 0.343 0.13466499999999998 0.367 0.134021 0.371 0.132088 0.372 0.130155 0.376
1 0.544459 0.476 0.544459 0.48 0.558634 0.48 0.558634 0.477 0.556701 0.477 0.555412 0.47300000000000003 0.552835 0.44800000000000006 0.550258 0.44800000000000006 0.550258 0.45599999999999996 0.548325 0.462 0.54768 0.471 0.544459 0.476
1 0.528995 0.458 0.528995 0.454 0.527062 0.45099999999999996 0.5257729999999999 0.44299999999999995 0.525129 0.43200000000000005 0.523196 0.43200000000000005 0.520619 0.45199999999999996 0.518041 0.454 0.518041 0.457 0.528995 0.458
3 0.5083759999999999 0.42300000000000004 0.505799 0.422 0.5025769999999999 0.442 0.511598 0.442 0.509021 0.43499999999999994 0.5083759999999999 0.42300000000000004
0 0.491624 0.501 0.489691 0.505 0.48840199999999995 0.505 0.48840199999999995 0.508 0.490979 0.51 0.503222 0.511 0.507088 0.508 0.507088 0.504 0.503866 0.503 0.501289 0.489 0.5 0.47300000000000003 0.498067 0.466 0.49613399999999996 0.466 0.49484500000000003 0.47000000000000003 0.49484500000000003 0.48 0.492268 0.492 0.491624 0.501
0 0.443943 0.471 0.44136600000000004 0.446 0.438789 0.445 0.43299000000000004 0.477 0.446521 0.477 0.446521 0.47400000000000003 0.443943 0.471
2 0.360825 0.7230000000000001 0.35953599999999997 0.731 0.35953599999999997 0.741 0.356314 0.765 0.35567000000000004 0.79 0.353093 0.8039999999999999 0.352448 0.8119999999999999 0.346005 0.8230000000000001 0.33634 0.836 0.334407 0.844 0.337629 0.852 0.349871 0.858 0.392397 0.858 0.395619 0.8470000000000001 0.39884 0.843 0.399485 0.8390000000000001 0.40786100000000003 0.826 0.41043799999999997 0.8150000000000001 0.40979400000000005 0.8119999999999999 0.407216 0.8089999999999999 0.395619 0.806 0.39046400000000003 0.794 0.39046400000000003 0.787 0.387242 0.768 0.385954 0.752 0.384021 0.745 0.38144300000000003 0.722 0.37951 0.716 0.376933 0.6910000000000001 0.373067 0.6759999999999999 0.369201 0.675 0.365335 0.6769999999999999 0.363402 0.683 0.36018 0.7190000000000001 0.360825 0.7230000000000001
2 0.643686 0.54 0.641753 0.545 0.641108 0.553 0.63982 0.5559999999999999 0.635954 0.557 0.635954 0.564 0.637887 0.568 0.641108 0.5690000000000001 0.666881 0.5700000000000001 0.666237 0.5599999999999999 0.663015 0.558 0.6617270000000001 0.554 0.6610820000000001 0.53 0.6565719999999999 0.48200000000000004 0.653351 0.48200000000000004 0.6507729999999999 0.504 0.648196 0.512 0.648196 0.519 0.643686 0.54
0 0.728737 0.417 0.728737 0.422 0.743557 0.426 0.753222 0.425 0.753222 0.422 0.749356 0.42000000000000004 0.748067 0.41500000000000004 0.748067 0.374 0.743557 0.375 0.733892 0.413 0.731959 0.417 0.728737 0.417