3 0.321727 0.834783 0.320682 0.845652 0.34609999999999996 0.846739 0.346448 0.844565 0.343663 0.825 0.341226 0.8 0.339833 0.775 0.339136 0.770652 0.338788 0.756522 0.336003 0.752174 0.329735 0.752174 0.32520899999999997 0.756522 0.324513 0.758696 0.324513 0.776087 0.323816 0.781522 0.321727 0.834783
3 0.8931060000000001 0.476087 0.891713 0.483696 0.887187 0.48586999999999997 0.885446 0.492391 0.881964 0.494565 0.881267 0.497826 0.885097 0.503261 0.888579 0.503261 0.90007 0.509783 0.902855 0.509783 0.9059889999999999 0.51413 0.9094709999999999 0.5130429999999999 0.910515 0.5108699999999999 0.914345 0.511957 0.923747 0.506522 0.9247909999999999 0.503261 0.9244429999999999 0.5 0.920613 0.496739 0.918524 0.490217 0.913997 0.48695700000000003 0.9129530000000001 0.48260899999999995 0.91156 0.457609 0.91156 0.446739 0.910515 0.43695700000000004 0.909819 0.421739 0.9084260000000001 0.41086999999999996 0.907033 0.379348 0.9063370000000001 0.377174 0.903552 0.376087 0.90007 0.377174 0.898677 0.403261 0.895891 0.43260899999999997 0.8948470000000001 0.45543500000000003 0.8931060000000001 0.476087
0 0.848886 0.317391 0.849234 0.323913 0.8485379999999999 0.338043 0.847493 0.342391 0.8450559999999999 0.344565 0.8443590000000001 0.346739 0.8443590000000001 0.35108700000000004 0.8467969999999999 0.353261 0.862465 0.353261 0.86351 0.35108700000000004 0.8638579999999999 0.347826 0.86351 0.34565199999999996 0.8610720000000001 0.343478 0.85968 0.338043 0.8589829999999999 0.319565 0.857939 0.311957 0.857242 0.3 0.8568939999999999 0.283696 0.85585 0.27934800000000004 0.852716 0.27934800000000004 0.851671 0.283696 0.851323 0.294565 0.8495820000000001 0.307609 0.848886 0.317391
0 0.892409 0.293478 0.891713 0.296739 0.892409 0.298913 0.9066850000000001 0.29782600000000004 0.907033 0.294565 0.9063370000000001 0.29239099999999996 0.904596 0.291304 0.9038999999999999 0.288043 0.902855 0.265217 0.9014620000000001 0.25 0.9014620000000001 0.243478 0.898677 0.24239099999999997 0.897632 0.244565 0.8948470000000001 0.28913 0.893802 0.29239099999999996 0.892409 0.293478
0 0.696031 0.278261 0.6956819999999999 0.281522 0.697075 0.283696 0.706825 0.282609 0.706825 0.277174 0.704735 0.272826 0.703343 0.24021699999999999 0.702646 0.236957 0.700209 0.236957 0.698816 0.258696 0.698816 0.271739 0.697423 0.277174 0.696031 0.278261
0 0.610028 0.317391 0.611072 0.321739 0.612465 0.322826 0.625696 0.321739 0.626741 0.319565 0.626741 0.317391 0.625348 0.313043 0.623955 0.313043 0.6222139999999999 0.303261 0.621518 0.280435 0.620822 0.277174 0.620474 0.267391 0.619429 0.26413000000000003 0.618036 0.26413000000000003 0.616992 0.267391 0.615251 0.30978300000000003 0.614206 0.31413 0.610028 0.317391
4 0.530292 0.272826 0.5306409999999999 0.270652 0.5288999999999999 0.26413000000000003 0.5275070000000001 0.23913 0.526114 0.238043 0.5254179999999999 0.24565199999999998 0.52507 0.267391 0.5229809999999999 0.271739 0.530292 0.272826
4 0.456128 0.29565199999999997 0.45543199999999995 0.298913 0.453343 0.301087 0.454039 0.303261 0.46309199999999995 0.304348 0.463788 0.3 0.46135099999999996 0.296739 0.459262 0.27391299999999996 0.459262 0.265217 0.458565 0.26087 0.457521 0.26087 0.456825 0.265217 0.456476 0.28586999999999996 0.45578 0.291304 0.456128 0.29565199999999997
4 0.337396 0.280435 0.337047 0.277174 0.335655 0.276087 0.33460999999999996 0.254348 0.333565 0.25 0.332521 0.253261 0.332173 0.276087 0.330084 0.281522 0.337396 0.280435
4 0.283426 0.302174 0.28273000000000004 0.305435 0.28064100000000003 0.306522 0.283426 0.30869599999999997 0.290042 0.30869599999999997 0.290042 0.303261 0.288997 0.303261 0.287953 0.298913 0.28656000000000004 0.284783 0.286212 0.27391299999999996 0.285167 0.270652 0.28447100000000003 0.272826 0.284123 0.278261 0.28447100000000003 0.281522 0.283426 0.302174
4 0.08182500000000001 0.30978300000000003 0.081476 0.31521699999999997 0.088788 0.31630400000000003 0.088092 0.30869599999999997 0.086351 0.303261 0.086699 0.302174 0.08460999999999999 0.283696 0.083565 0.283696 0.083217 0.29565199999999997 0.082521 0.29782600000000004 0.082521 0.307609 0.08182500000000001 0.30978300000000003
4 0.068593 0.33913000000000004 0.06928999999999999 0.341304 0.075209 0.341304 0.078343 0.338043 0.075209 0.319565 0.074164 0.30978300000000003 0.074164 0.304348 0.07311999999999999 0.298913 0.072075 0.3 0.071379 0.305435 0.070334 0.334783 0.068593 0.33913000000000004