1 0.361072 0.396739 0.360376 0.40108699999999997 0.35933099999999996 0.40217400000000003 0.36351 0.407609 0.378134 0.407609 0.378482 0.40543500000000005 0.376741 0.403261 0.376741 0.39891299999999996 0.376045 0.396739 0.374652 0.396739 0.37360699999999997 0.394565 0.371518 0.36086999999999997 0.370822 0.336957 0.370125 0.334783 0.368036 0.334783 0.366992 0.340217 0.364206 0.390217 0.362465 0.395652 0.361072 0.396739
1 0.263579 0.317391 0.263579 0.319565 0.264276 0.322826 0.274721 0.322826 0.274373 0.318478 0.272632 0.31521699999999997 0.272632 0.31087 0.271588 0.303261 0.270891 0.280435 0.270195 0.276087 0.26915 0.275 0.267758 0.27934800000000004 0.26566900000000004 0.313043 0.264972 0.31630400000000003 0.263579 0.317391
1 0.21727 0.277174 0.21727 0.280435 0.22562700000000002 0.281522 0.22562700000000002 0.27934800000000004 0.22388599999999997 0.272826 0.22214499999999998 0.24782600000000002 0.220752 0.24782600000000002 0.219359 0.26413000000000003 0.219359 0.270652 0.218663 0.275 0.21727 0.277174
1 0.190808 0.258696 0.197423 0.258696 0.195334 0.243478 0.194638 0.230435 0.193593 0.230435 0.192897 0.23478300000000002 0.191852 0.253261 0.190808 0.25543499999999997 0.190808 0.258696
2 0.179666 0.24239099999999997 0.177577 0.209783 0.176184 0.20760900000000002 0.174791 0.233696 0.173747 0.23586999999999997 0.173398 0.24239099999999997 0.179666 0.24239099999999997
2 0.170961 0.24021699999999999 0.172354 0.23586999999999997 0.173398 0.22391299999999997 0.174791 0.218478 0.174791 0.209783 0.174095 0.20434800000000003 0.173398 0.20434800000000003 0.172354 0.227174 0.170265 0.24021699999999999 0.170961 0.24021699999999999
0 0.161212 0.211957 0.160167 0.21086999999999997 0.160167 0.215217 0.158426 0.230435 0.162604 0.230435 0.161212 0.211957
0 0.152507 0.211957 0.151462 0.20543499999999998 0.150766 0.20543499999999998 0.15006999999999998 0.21739099999999997 0.14902500000000002 0.221739 0.15285500000000002 0.221739 0.152507 0.211957
0 0.142758 0.202174 0.142061 0.20108700000000002 0.140669 0.216304 0.14415 0.216304 0.143454 0.213043 0.142758 0.202174
0 0.136838 0.197826 0.135097 0.209783 0.137883 0.209783 0.137883 0.20434800000000003 0.136838 0.197826
0 0.129526 0.20543499999999998 0.132312 0.20543499999999998 0.131267 0.19347799999999998 0.129526 0.20543499999999998
1 0.171309 0.24130400000000002 0.17304999999999998 0.24130400000000002 0.173398 0.23586999999999997 0.174443 0.233696 0.174791 0.219565 0.173747 0.22391299999999997 0.172702 0.23586999999999997 0.171309 0.23913 0.171309 0.24130400000000002
1 0.657382 0.5130429999999999 0.657033 0.521739 0.6556409999999999 0.525 0.655989 0.527174 0.6538999999999999 0.532609 0.6538999999999999 0.53913 0.651811 0.544565 0.651462 0.554348 0.6504179999999999 0.56087 0.649373 0.580435 0.6479809999999999 0.590217 0.646936 0.608696 0.6462399999999999 0.61087 0.641713 0.609783 0.64032 0.6141300000000001 0.639276 0.623913 0.635794 0.625 0.635097 0.628261 0.659123 0.647826 0.661908 0.647826 0.664694 0.6445649999999999 0.670613 0.642391 0.675836 0.636957 0.675836 0.633696 0.672354 0.631522 0.671657 0.629348 0.671657 0.625 0.669568 0.618478 0.6674789999999999 0.618478 0.6657379999999999 0.616304 0.6657379999999999 0.603261 0.665042 0.590217 0.664345 0.5869570000000001 0.664345 0.571739 0.662953 0.553261 0.6615599999999999 0.5054350000000001 0.661212 0.503261 0.65773 0.501087 0.655292 0.502174 0.655292 0.516304 0.6556409999999999 0.511957 0.656685 0.5108699999999999 0.657382 0.5130429999999999