1 0.537604 0.430435 0.5365599999999999 0.433696 0.535515 0.433696 0.534123 0.43804299999999996 0.534123 0.441304 0.5351670000000001 0.444565 0.543872 0.446739 0.544568 0.444565 0.546309 0.44782599999999995 0.548747 0.44782599999999995 0.549791 0.444565 0.549791 0.44021699999999997 0.5483979999999999 0.43913 0.547006 0.43478300000000003 0.546309 0.42934799999999995 0.546657 0.42391300000000004 0.5459609999999999 0.422826 0.5459609999999999 0.40543500000000005 0.544916 0.390217 0.5442199999999999 0.38913000000000003 0.544916 0.378261 0.543872 0.375 0.5424789999999999 0.375 0.5407379999999999 0.38260900000000003 0.54039 0.393478 0.538649 0.406522 0.537604 0.430435
1 0.618036 0.38152200000000003 0.616992 0.391304 0.615251 0.396739 0.61351 0.39891299999999996 0.61351 0.40217400000000003 0.614206 0.403261 0.623607 0.40543500000000005 0.625696 0.40217400000000003 0.625696 0.39891299999999996 0.624652 0.39891299999999996 0.622911 0.391304 0.622563 0.356522 0.621518 0.353261 0.620474 0.353261 0.619081 0.357609 0.618036 0.370652 0.618036 0.38152200000000003
1 0.622911 0.376087 0.625348 0.379348 0.62883 0.38043499999999997 0.631267 0.377174 0.631267 0.375 0.630571 0.375 0.629178 0.370652 0.629178 0.361957 0.628134 0.352174 0.628482 0.33913000000000004 0.627437 0.33587 0.626393 0.33587 0.625 0.342391 0.624652 0.36086999999999997 0.623607 0.363043 0.622911 0.376087
1 0.5825210000000001 0.348913 0.588788 0.348913 0.588788 0.343478 0.588092 0.340217 0.587744 0.31630400000000003 0.587047 0.31413 0.586351 0.31413 0.58461 0.340217 0.5825210000000001 0.343478 0.5825210000000001 0.348913
1 0.514972 0.31521699999999997 0.520891 0.31413 0.520891 0.311957 0.5194989999999999 0.30869599999999997 0.51915 0.28913 0.518454 0.286957 0.5177579999999999 0.286957 0.516017 0.306522 0.514624 0.311957 0.514972 0.31521699999999997
1 0.48015299999999994 0.298913 0.48015299999999994 0.29565199999999997 0.47876 0.28913 0.478064 0.272826 0.477019 0.272826 0.47597500000000004 0.291304 0.47423400000000004 0.29565199999999997 0.47423400000000004 0.298913 0.48015299999999994 0.298913
1 0.435585 0.283696 0.435585 0.286957 0.44046 0.286957 0.439415 0.272826 0.439415 0.263043 0.43802199999999997 0.26413000000000003 0.437674 0.276087 0.43697800000000003 0.281522 0.435585 0.283696
1 0.395891 0.276087 0.40076599999999996 0.276087 0.399721 0.26413000000000003 0.399721 0.254348 0.398677 0.254348 0.397284 0.271739 0.395891 0.272826 0.395891 0.276087
1 0.372214 0.268478 0.370822 0.24782600000000002 0.369429 0.24782600000000002 0.369081 0.25760900000000003 0.367688 0.263043 0.367688 0.267391 0.372214 0.268478
1 0.268106 0.24130400000000002 0.272284 0.24130400000000002 0.270891 0.236957 0.270543 0.225 0.269847 0.228261 0.269847 0.232609 0.267758 0.23913 0.268106 0.24130400000000002
1 0.306407 0.23913 0.30571000000000004 0.236957 0.305362 0.226087 0.304666 0.226087 0.304666 0.231522 0.302925 0.23913 0.306407 0.23913
1 0.36873300000000003 0.23478300000000002 0.366992 0.24782600000000002 0.370125 0.24673899999999999 0.369081 0.243478 0.36873300000000003 0.23478300000000002
1 0.41713100000000003 0.25652200000000003 0.41608599999999996 0.248913 0.41608599999999996 0.244565 0.41539000000000004 0.24565199999999998 0.41539000000000004 0.248913 0.413997 0.25652200000000003 0.41713100000000003 0.25652200000000003
1 0.469359 0.259783 0.469359 0.252174 0.46726999999999996 0.266304 0.470404 0.266304 0.470404 0.263043 0.469359 0.259783
1 0.57695 0.282609 0.57695 0.272826 0.575905 0.272826 0.576253 0.277174 0.5745129999999999 0.286957 0.577646 0.286957 0.57695 0.282609
1 0.617688 0.293478 0.616643 0.280435 0.615947 0.281522 0.615599 0.288043 0.6145539999999999 0.293478 0.617688 0.293478
1 0.651114 0.3 0.654596 0.3 0.653552 0.293478 0.653552 0.286957 0.6525070000000001 0.28913 0.6525070000000001 0.294565 0.651114 0.29782600000000004 0.651114 0.3
1 0.690111 0.305435 0.689415 0.3 0.689415 0.29239099999999996 0.6887190000000001 0.293478 0.68837 0.3 0.687326 0.305435 0.690111 0.305435
1 0.705432 0.290217 0.704735 0.28913 0.703691 0.298913 0.706476 0.298913 0.705432 0.294565 0.705432 0.290217
1 0.711003 0.307609 0.710306 0.302174 0.710306 0.29565199999999997 0.70961 0.296739 0.70961 0.301087 0.708565 0.307609 0.711003 0.307609
1 0.720752 0.29782600000000004 0.719708 0.296739 0.719708 0.302174 0.718663 0.307609 0.7211000000000001 0.307609 0.720752 0.29782600000000004
1 0.717967 0.305435 0.718663 0.303261 0.719011 0.294565 0.718315 0.29565199999999997 0.717967 0.301087 0.7169220000000001 0.305435 0.717967 0.305435
1 0.714485 0.3 0.716574 0.3 0.715877 0.291304 0.714485 0.3
1 0.734331 0.294565 0.733635 0.294565 0.733635 0.298913 0.732591 0.303261 0.735028 0.303261 0.734331 0.294565
1 0.7775070000000001 0.311957 0.776811 0.30869599999999997 0.776811 0.303261 0.776114 0.304348 0.776114 0.30869599999999997 0.77507 0.311957 0.7775070000000001 0.311957
1 0.8060579999999999 0.319565 0.805362 0.30978300000000003 0.8046659999999999 0.31087 0.8046659999999999 0.31413 0.803621 0.319565 0.8060579999999999 0.319565
1 0.830084 0.31521699999999997 0.829387 0.31630400000000003 0.8286910000000001 0.325 0.8307800000000001 0.325 0.830084 0.31521699999999997
1 0.847493 0.328261 0.847145 0.319565 0.846448 0.320652 0.845404 0.330435 0.848189 0.330435 0.847493 0.328261
1 0.863162 0.33587 0.8621169999999999 0.32934800000000003 0.8621169999999999 0.323913 0.861421 0.325 0.861421 0.32934800000000003 0.8603759999999999 0.33587 0.863162 0.33587
1 0.8760450000000001 0.341304 0.879526 0.341304 0.878134 0.328261 0.8760450000000001 0.341304
1 0.913649 0.35 0.912256 0.342391 0.912256 0.336957 0.910515 0.342391 0.910515 0.34565199999999996 0.9094709999999999 0.35 0.913649 0.35
3 0.9310579999999999 0.338043 0.9300140000000001 0.33913000000000004 0.928621 0.35 0.932103 0.35 0.9310579999999999 0.338043
3 0.913997 0.347826 0.917131 0.347826 0.91539 0.334783 0.913997 0.347826
3 0.894499 0.32934800000000003 0.8931060000000001 0.340217 0.89624 0.340217 0.895543 0.33260900000000004 0.894499 0.32934800000000003
3 0.864206 0.331522 0.866992 0.331522 0.865947 0.321739 0.864206 0.331522
3 0.790042 0.31413 0.792131 0.31413 0.791435 0.304348 0.790042 0.31413
3 0.681755 0.29239099999999996 0.683844 0.29239099999999996 0.683148 0.283696 0.681755 0.29239099999999996
3 0.667131 0.28586999999999996 0.666435 0.284783 0.666435 0.28913 0.66539 0.29565199999999997 0.668175 0.29565199999999997 0.667131 0.28586999999999996
3 0.669568 0.290217 0.668175 0.284783 0.6678270000000001 0.29239099999999996 0.668524 0.29565199999999997 0.669568 0.29565199999999997 0.669568 0.290217
3 0.662256 0.280435 0.6615599999999999 0.290217 0.663649 0.290217 0.662953 0.280435 0.662256 0.280435
3 0.6580779999999999 0.284783 0.657382 0.284783 0.657382 0.28913 0.656337 0.294565 0.658774 0.294565 0.6580779999999999 0.284783
3 0.659471 0.281522 0.658774 0.284783 0.658774 0.290217 0.660515 0.290217 0.659471 0.281522
3 0.643454 0.29565199999999997 0.646588 0.29565199999999997 0.645543 0.283696 0.643454 0.29565199999999997
3 0.625 0.27934800000000004 0.624304 0.27934800000000004 0.624304 0.283696 0.623259 0.291304 0.625696 0.291304 0.625 0.27934800000000004
3 0.600627 0.276087 0.59993 0.276087 0.5995820000000001 0.284783 0.598538 0.288043 0.601671 0.288043 0.600627 0.276087
3 0.5748610000000001 0.281522 0.5745129999999999 0.270652 0.573816 0.270652 0.5731200000000001 0.27934800000000004 0.572423 0.281522 0.5748610000000001 0.281522
3 0.47492999999999996 0.253261 0.47423400000000004 0.254348 0.47318899999999997 0.263043 0.47562699999999997 0.263043 0.47492999999999996 0.253261
3 0.42548700000000006 0.244565 0.42479100000000003 0.244565 0.424095 0.254348 0.425836 0.254348 0.425836 0.24673899999999999 0.42548700000000006 0.244565
3 0.374304 0.23478300000000002 0.37360699999999997 0.23586999999999997 0.37256300000000003 0.24565199999999998 0.375 0.24565199999999998 0.374304 0.23478300000000002
3 0.320334 0.226087 0.318593 0.236957 0.32137899999999997 0.236957 0.320682 0.23478300000000002 0.320334 0.226087
3 0.226323 0.21413000000000001 0.22562700000000002 0.21413000000000001 0.224234 0.226087 0.22736800000000001 0.226087 0.226323 0.219565 0.226323 0.21413000000000001
3 0.194986 0.226087 0.19812000000000002 0.226087 0.196379 0.213043 0.194986 0.226087
3 0.191504 0.231522 0.190111 0.22391299999999997 0.19046000000000002 0.218478 0.189763 0.213043 0.18836999999999998 0.21739099999999997 0.187674 0.22934800000000002 0.186978 0.231522 0.191504 0.231522
3 0.21622599999999997 0.233696 0.215529 0.221739 0.21448499999999998 0.233696 0.213092 0.24021699999999999 0.21727 0.24021699999999999 0.21622599999999997 0.233696
3 0.261838 0.254348 0.266017 0.254348 0.264972 0.244565 0.264972 0.233696 0.264276 0.233696 0.263579 0.236957 0.262883 0.24782600000000002 0.261838 0.254348
3 0.299095 0.263043 0.297702 0.25543499999999997 0.297354 0.24239099999999997 0.296657 0.24239099999999997 0.295265 0.258696 0.293872 0.263043 0.299095 0.263043
3 0.32137899999999997 0.267391 0.320334 0.270652 0.32520899999999997 0.270652 0.324164 0.259783 0.323816 0.24782600000000002 0.322772 0.248913 0.322772 0.254348 0.321727 0.259783 0.32137899999999997 0.267391
3 0.350279 0.27934800000000004 0.35585 0.27934800000000004 0.354457 0.265217 0.354457 0.25543499999999997 0.35375999999999996 0.25543499999999997 0.352716 0.263043 0.35167099999999996 0.277174 0.350279 0.27934800000000004
3 0.381964 0.290217 0.381964 0.288043 0.38022300000000003 0.286957 0.379526 0.261957 0.378482 0.26413000000000003 0.377089 0.283696 0.375696 0.290217 0.381964 0.290217
3 0.418175 0.311957 0.42479100000000003 0.311957 0.423747 0.30978300000000003 0.423747 0.305435 0.42305000000000004 0.302174 0.423398 0.294565 0.422702 0.290217 0.422354 0.280435 0.42130900000000004 0.281522 0.419916 0.296739 0.419916 0.302174 0.418175 0.311957
3 0.403552 0.296739 0.402159 0.3 0.40250700000000006 0.302174 0.409123 0.301087 0.40773000000000004 0.293478 0.40668499999999996 0.272826 0.405641 0.27391299999999996 0.404596 0.282609 0.404596 0.28913 0.403552 0.296739
3 0.44011100000000003 0.326087 0.43802199999999997 0.31413 0.43802199999999997 0.3 0.437326 0.291304 0.436281 0.291304 0.43488899999999997 0.304348 0.43488899999999997 0.323913 0.435237 0.326087 0.44011100000000003 0.326087
3 0.42931800000000003 0.33587 0.427925 0.336957 0.42722800000000005 0.341304 0.43697800000000003 0.340217 0.435237 0.338043 0.433844 0.3 0.432799 0.3 0.431755 0.305435 0.430014 0.33260900000000004 0.42931800000000003 0.33587
3 0.40494399999999997 0.348913 0.40529200000000004 0.352174 0.414694 0.352174 0.41539000000000004 0.35 0.41364900000000004 0.34565199999999996 0.412953 0.341304 0.413301 0.32717399999999996 0.41156 0.318478 0.41156 0.30978300000000003 0.410864 0.307609 0.41016700000000006 0.307609 0.40773000000000004 0.342391 0.40668499999999996 0.346739 0.40494399999999997 0.348913
3 0.322423 0.341304 0.32137899999999997 0.346739 0.320682 0.356522 0.318593 0.357609 0.318245 0.36086999999999997 0.316852 0.36413 0.330432 0.36413 0.331128 0.361957 0.331128 0.359783 0.329735 0.363043 0.329387 0.361957 0.327646 0.32934800000000003 0.326602 0.326087 0.326602 0.31087 0.325905 0.30869599999999997 0.324513 0.30978300000000003 0.324164 0.320652 0.32311999999999996 0.32717399999999996 0.322423 0.341304
3 0.12082200000000001 0.365217 0.120474 0.377174 0.119777 0.38260900000000003 0.120125 0.386957 0.11942900000000001 0.390217 0.11942900000000001 0.395652 0.118384 0.40543500000000005 0.11699200000000001 0.40869600000000006 0.11385799999999999 0.409783 0.114206 0.411957 0.11316200000000001 0.417391 0.110376 0.417391 0.11002799999999999 0.41956499999999997 0.128482 0.421739 0.135794 0.420652 0.13753500000000002 0.418478 0.136838 0.41630399999999995 0.135097 0.41630399999999995 0.135097 0.41086999999999996 0.130919 0.40217400000000003 0.12987500000000002 0.38913000000000003 0.129526 0.370652 0.128482 0.36086999999999997 0.128482 0.343478 0.127089 0.336957 0.123955 0.334783 0.12291099999999999 0.342391 0.122214 0.356522 0.12082200000000001 0.365217
1 0.338092 0.24239099999999997 0.337744 0.232609 0.337047 0.22934800000000002 0.336351 0.231522 0.336003 0.23913 0.336351 0.24239099999999997 0.338092 0.24239099999999997
1 0.529596 0.583696 0.5288999999999999 0.58587 0.5288999999999999 0.5956520000000001 0.527855 0.602174 0.527855 0.609783 0.526462 0.617391 0.526462 0.621739 0.525766 0.622826 0.525766 0.626087 0.526462 0.627174 0.525766 0.628261 0.525766 0.632609 0.52507 0.633696 0.52507 0.6380429999999999 0.523677 0.651087 0.522632 0.655435 0.522632 0.659783 0.520891 0.6673910000000001 0.5177579999999999 0.668478 0.514972 0.677174 0.51532 0.688043 0.516365 0.6913039999999999 0.517409 0.6913039999999999 0.518802 0.696739 0.5229809999999999 0.698913 0.5275070000000001 0.698913 0.538649 0.703261 0.545265 0.7021740000000001 0.547006 0.7 0.550836 0.68913 0.550836 0.680435 0.54805 0.675 0.543872 0.6728259999999999 0.543524 0.653261 0.542131 0.642391 0.5424789999999999 0.631522 0.541783 0.6195649999999999 0.541783 0.603261 0.541086 0.598913 0.539694 0.543478 0.538649 0.540217 0.537604 0.540217 0.5365599999999999 0.543478 0.5365599999999999 0.55 0.535864 0.551087 0.5351670000000001 0.548913 0.535515 0.5423910000000001 0.534471 0.53913 0.533426 0.53913 0.531685 0.5478259999999999 0.531685 0.556522 0.530989 0.557609 0.529596 0.583696
1 0.491643 0.45108699999999996 0.49025100000000005 0.467391 0.48851000000000006 0.476087 0.488858 0.48260899999999995 0.48781299999999994 0.48695700000000003 0.487465 0.484783 0.48676899999999995 0.484783 0.486421 0.48695700000000003 0.48502799999999996 0.48695700000000003 0.48502799999999996 0.48913 0.483983 0.49130399999999996 0.483983 0.49565200000000004 0.48537600000000003 0.5 0.48955399999999993 0.502174 0.489903 0.5 0.495822 0.502174 0.504178 0.502174 0.505223 0.49891300000000005 0.505223 0.49565200000000004 0.504178 0.492391 0.502437 0.492391 0.501741 0.490217 0.501393 0.47717400000000004 0.500696 0.476087 0.501393 0.46956499999999995 0.49930399999999997 0.443478 0.49965200000000004 0.43478300000000003 0.49895500000000004 0.41630399999999995 0.496866 0.40869600000000006 0.49442899999999995 0.407609 0.49303600000000003 0.411957 0.49303600000000003 0.43587 0.491643 0.443478 0.491643 0.45108699999999996
1 0.547702 0.328261 0.549791 0.330435 0.553969 0.330435 0.554666 0.32934800000000003 0.554666 0.326087 0.553969 0.323913 0.552577 0.301087 0.551184 0.298913 0.5504870000000001 0.303261 0.549443 0.322826 0.54805 0.323913 0.547702 0.328261
1 0.337744 0.258696 0.33669899999999997 0.25652200000000003 0.336003 0.24021699999999999 0.334958 0.24239099999999997 0.33460999999999996 0.252174 0.33286899999999997 0.258696 0.337744 0.258696
1 0.288649 0.22934800000000002 0.287953 0.22934800000000002 0.287604 0.23913 0.286212 0.24673899999999999 0.290042 0.24673899999999999 0.288649 0.22934800000000002
1 0.26566900000000004 0.238043 0.268454 0.236957 0.268106 0.22282600000000002 0.267409 0.22391299999999997 0.266713 0.232609 0.26566900000000004 0.23586999999999997 0.26566900000000004 0.238043
1 0.28098900000000004 0.236957 0.280292 0.232609 0.279944 0.22282600000000002 0.27890000000000004 0.22391299999999997 0.27890000000000004 0.228261 0.27715900000000004 0.236957 0.28098900000000004 0.236957