1 0.626045 0.507609 0.625 0.515217 0.625 0.520652 0.622911 0.5380429999999999 0.622911 0.544565 0.621866 0.553261 0.620822 0.573913 0.618733 0.5913039999999999 0.614206 0.594565 0.613162 0.597826 0.6128129999999999 0.6054350000000001 0.607591 0.6054350000000001 0.6068939999999999 0.608696 0.611072 0.609783 0.613858 0.613043 0.615947 0.613043 0.622911 0.618478 0.628482 0.626087 0.634749 0.626087 0.63649 0.623913 0.641365 0.622826 0.648329 0.618478 0.648329 0.615217 0.643802 0.6119570000000001 0.6431060000000001 0.608696 0.643454 0.604348 0.641713 0.6 0.639972 0.6 0.638231 0.594565 0.635794 0.552174 0.635794 0.5380429999999999 0.635097 0.5293479999999999 0.634401 0.502174 0.633705 0.497826 0.633705 0.48804299999999995 0.631616 0.484783 0.6277860000000001 0.484783 0.627089 0.490217 0.627089 0.496739 0.626393 0.49891300000000005 0.626045 0.507609
1 0.33669899999999997 0.383696 0.335655 0.383696 0.33460999999999996 0.386957 0.33460999999999996 0.390217 0.335655 0.393478 0.337744 0.395652 0.349234 0.394565 0.34992999999999996 0.391304 0.350627 0.391304 0.350627 0.386957 0.34784099999999996 0.38152200000000003 0.347493 0.371739 0.346448 0.365217 0.346448 0.352174 0.345404 0.33260900000000004 0.34401099999999996 0.325 0.341922 0.325 0.341226 0.326087 0.34018099999999996 0.352174 0.338092 0.379348 0.33669899999999997 0.383696
2 0.356198 0.322826 0.355153 0.330435 0.355153 0.338043 0.354109 0.344565 0.354109 0.353261 0.352716 0.361957 0.352716 0.370652 0.35201899999999997 0.375 0.351323 0.390217 0.34992999999999996 0.392391 0.348538 0.39891299999999996 0.344708 0.40108699999999997 0.348538 0.40217400000000003 0.352716 0.407609 0.372214 0.406522 0.372214 0.404348 0.36873300000000003 0.40108699999999997 0.367688 0.392391 0.366295 0.391304 0.36594699999999997 0.372826 0.364206 0.354348 0.36351 0.32934800000000003 0.362117 0.313043 0.361769 0.29782600000000004 0.361072 0.290217 0.358287 0.290217 0.357242 0.296739 0.357242 0.306522 0.356546 0.307609 0.356198 0.322826
2 0.330084 0.31630400000000003 0.32903899999999997 0.322826 0.32903899999999997 0.32934800000000003 0.326602 0.36086999999999997 0.32520899999999997 0.36739099999999997 0.32520899999999997 0.370652 0.323468 0.375 0.32311999999999996 0.378261 0.320682 0.378261 0.328691 0.38587 0.334958 0.38587 0.335655 0.38260900000000003 0.33669899999999997 0.38260900000000003 0.337744 0.379348 0.339136 0.361957 0.339136 0.343478 0.338092 0.33260900000000004 0.338092 0.321739 0.33669899999999997 0.304348 0.336351 0.290217 0.334958 0.27934800000000004 0.332521 0.278261 0.331825 0.281522 0.331825 0.288043 0.330084 0.30869599999999997 0.330084 0.31630400000000003
0 0.24477699999999997 0.30978300000000003 0.24268800000000001 0.313043 0.24268800000000001 0.317391 0.253134 0.318478 0.253134 0.313043 0.251045 0.31087 0.250696 0.294565 0.24965199999999999 0.28586999999999996 0.24895499999999998 0.271739 0.247214 0.270652 0.24617 0.280435 0.24617 0.28913 0.24477699999999997 0.303261 0.24477699999999997 0.30978300000000003
0 0.197075 0.277174 0.205084 0.276087 0.204039 0.271739 0.204039 0.268478 0.203343 0.267391 0.20299399999999998 0.253261 0.20195 0.243478 0.200557 0.244565 0.199513 0.267391 0.197075 0.275 0.197075 0.277174
0 0.167479 0.25543499999999997 0.174095 0.25543499999999997 0.172354 0.24782600000000002 0.172354 0.236957 0.171657 0.23586999999999997 0.171657 0.233696 0.170265 0.233696 0.169568 0.24565199999999998 0.168872 0.25 0.167479 0.252174 0.167479 0.25543499999999997
0 0.15389999999999998 0.232609 0.15389999999999998 0.227174 0.15285500000000002 0.221739 0.152507 0.216304 0.151811 0.216304 0.151462 0.227174 0.15006999999999998 0.238043 0.154944 0.238043 0.15389999999999998 0.232609
0 0.139972 0.225 0.139276 0.22391299999999997 0.138928 0.21413000000000001 0.137883 0.20760900000000002 0.137187 0.20760900000000002 0.136838 0.219565 0.135794 0.227174 0.139972 0.227174 0.139972 0.225
0 0.128134 0.206522 0.127089 0.202174 0.126393 0.215217 0.125696 0.218478 0.129178 0.218478 0.128134 0.206522
0 0.12117 0.211957 0.120125 0.197826 0.11942900000000001 0.196739 0.118733 0.2 0.118384 0.208696 0.11768799999999999 0.21086999999999997 0.12117 0.211957
0 0.114206 0.206522 0.11316200000000001 0.19347799999999998 0.112465 0.19456500000000002 0.112465 0.198913 0.11142099999999999 0.206522 0.114206 0.206522
0 0.109331 0.202174 0.108635 0.190217 0.10759099999999999 0.191304 0.10724199999999999 0.198913 0.106546 0.202174 0.109331 0.202174
0 0.10341199999999999 0.18695699999999998 0.10236799999999999 0.197826 0.104805 0.197826 0.10410900000000001 0.18913 0.10341199999999999 0.18695699999999998