3 0.7698470000000001 0.333696 0.768802 0.343478 0.767409 0.346739 0.766365 0.346739 0.766017 0.35 0.764624 0.353261 0.775766 0.353261 0.779596 0.355435 0.780989 0.353261 0.781685 0.35 0.7806409999999999 0.35 0.780292 0.34565199999999996 0.777855 0.343478 0.778203 0.33913000000000004 0.7775070000000001 0.33260900000000004 0.7771589999999999 0.317391 0.775766 0.307609 0.7754179999999999 0.3 0.774025 0.291304 0.771936 0.291304 0.771936 0.30869599999999997 0.7712399999999999 0.30978300000000003 0.770543 0.31521699999999997 0.7698470000000001 0.333696
3 0.8203340000000001 0.28913 0.8189420000000001 0.290217 0.8182449999999999 0.294565 0.8286910000000001 0.294565 0.8286910000000001 0.291304 0.826602 0.286957 0.826253 0.275 0.8245129999999999 0.254348 0.822772 0.253261 0.822772 0.26087 0.8217269999999999 0.268478 0.8217269999999999 0.276087 0.8203340000000001 0.28913
3 0.847493 0.26413000000000003 0.854457 0.265217 0.8551529999999999 0.26413000000000003 0.8551529999999999 0.26087 0.854109 0.259783 0.851671 0.232609 0.850627 0.232609 0.849234 0.25543499999999997 0.8485379999999999 0.259783 0.847493 0.26087 0.847493 0.26413000000000003
3 0.876393 0.232609 0.882312 0.231522 0.881616 0.22934800000000002 0.879875 0.209783 0.8791779999999999 0.209783 0.8777860000000001 0.227174 0.876741 0.22934800000000002 0.876393 0.232609
3 0.889972 0.218478 0.8892760000000001 0.20434800000000003 0.888231 0.20434800000000003 0.887535 0.218478 0.8861420000000001 0.22282600000000002 0.8913650000000001 0.22282600000000002 0.889972 0.218478
3 0.896588 0.215217 0.895543 0.208696 0.895195 0.20108700000000002 0.894499 0.2 0.893802 0.20434800000000003 0.893802 0.209783 0.892758 0.215217 0.896588 0.215217
3 0.901114 0.2 0.90007 0.195652 0.898329 0.209783 0.902507 0.209783 0.9014620000000001 0.206522 0.901114 0.2
3 0.9038999999999999 0.19347799999999998 0.902855 0.20543499999999998 0.9056409999999999 0.20543499999999998 0.9049440000000001 0.19456500000000002 0.9038999999999999 0.19347799999999998
0 0.6674789999999999 0.288043 0.677577 0.288043 0.677577 0.28586999999999996 0.675836 0.284783 0.674791 0.280435 0.67305 0.252174 0.671309 0.252174 0.669916 0.268478 0.669568 0.282609 0.6674789999999999 0.28586999999999996 0.6674789999999999 0.288043
0 0.780292 0.24130400000000002 0.780292 0.236957 0.779596 0.23478300000000002 0.7788999999999999 0.220652 0.7771589999999999 0.221739 0.775766 0.24239099999999997 0.774721 0.244565 0.781337 0.244565 0.780292 0.24130400000000002
3 0.8673400000000001 0.231522 0.8655989999999999 0.244565 0.871518 0.243478 0.870125 0.238043 0.870125 0.232609 0.868733 0.219565 0.868036 0.220652 0.868036 0.225 0.866992 0.228261 0.8673400000000001 0.231522
3 0.632312 0.430435 0.629526 0.48586999999999997 0.62883 0.48913 0.6277860000000001 0.490217 0.624652 0.490217 0.624304 0.494565 0.625 0.497826 0.625 0.502174 0.624652 0.503261 0.624304 0.501087 0.622563 0.501087 0.620822 0.503261 0.620822 0.5054350000000001 0.638231 0.511957 0.645195 0.511957 0.6479809999999999 0.506522 0.652855 0.502174 0.6538999999999999 0.49891300000000005 0.651114 0.49891300000000005 0.649721 0.49130399999999996 0.645543 0.48804299999999995 0.643454 0.46195700000000006 0.643454 0.44782599999999995 0.642061 0.42934799999999995 0.641017 0.425 0.639276 0.395652 0.638579 0.393478 0.634401 0.393478 0.634401 0.406522 0.633705 0.409783 0.633008 0.42717400000000005 0.632312 0.430435