1 0.30954000000000004 0.407609 0.308496 0.411957 0.30745100000000003 0.411957 0.306407 0.415217 0.306407 0.418478 0.307103 0.41956499999999997 0.30745100000000003 0.42391300000000004 0.32311999999999996 0.42391300000000004 0.323816 0.421739 0.322423 0.418478 0.322423 0.415217 0.321031 0.411957 0.319986 0.411957 0.318942 0.406522 0.318942 0.4 0.317897 0.395652 0.31754899999999997 0.375 0.316156 0.354348 0.31371899999999997 0.353261 0.313022 0.354348 0.311978 0.36413 0.31162999999999996 0.378261 0.30954000000000004 0.407609
1 0.235724 0.341304 0.23537599999999997 0.34565199999999996 0.24651800000000001 0.346739 0.24582199999999998 0.344565 0.24582199999999998 0.341304 0.244429 0.33913000000000004 0.24373300000000003 0.334783 0.24199199999999998 0.303261 0.24129499999999998 0.301087 0.239554 0.301087 0.23816199999999998 0.32934800000000003 0.236769 0.33587 0.23711700000000002 0.33913000000000004 0.235724 0.341304
1 0.20856499999999997 0.31087 0.20856499999999997 0.307609 0.207173 0.304348 0.207173 0.3 0.205432 0.283696 0.20578 0.27934800000000004 0.20473499999999997 0.276087 0.203691 0.276087 0.20195 0.303261 0.200557 0.306522 0.200557 0.30978300000000003 0.20856499999999997 0.31087
1 0.177925 0.283696 0.177925 0.286957 0.18453999999999998 0.288043 0.184889 0.28586999999999996 0.183496 0.281522 0.182799 0.276087 0.182103 0.261957 0.181058 0.26087 0.180362 0.26413000000000003 0.180362 0.270652 0.179318 0.282609 0.177925 0.283696
1 0.170613 0.271739 0.168524 0.26413000000000003 0.168524 0.253261 0.167131 0.251087 0.165738 0.269565 0.164694 0.272826 0.170613 0.27391299999999996 0.170613 0.271739
1 0.15772999999999998 0.254348 0.15772999999999998 0.24565199999999998 0.156337 0.243478 0.155641 0.25652200000000003 0.154248 0.263043 0.159123 0.263043 0.15772999999999998 0.254348
1 0.148329 0.243478 0.148677 0.24021699999999999 0.148329 0.238043 0.147632 0.238043 0.147284 0.248913 0.145891 0.254348 0.150418 0.25543499999999997 0.148329 0.243478
1 0.143106 0.23586999999999997 0.142409 0.23478300000000002 0.142061 0.24130400000000002 0.140669 0.248913 0.144499 0.248913 0.143106 0.23586999999999997
1 0.137883 0.231522 0.137187 0.24021699999999999 0.136142 0.243478 0.139972 0.244565 0.137883 0.231522
1 0.134401 0.228261 0.13370500000000002 0.227174 0.132312 0.24021699999999999 0.135446 0.24021699999999999 0.134401 0.232609 0.134401 0.228261
1 0.129178 0.236957 0.131964 0.236957 0.130919 0.226087 0.129178 0.236957
0 0.376741 0.334783 0.375696 0.33913000000000004 0.375 0.33913000000000004 0.374652 0.343478 0.384749 0.344565 0.383357 0.341304 0.383008 0.338043 0.381964 0.336957 0.381616 0.320652 0.380919 0.318478 0.380571 0.30869599999999997 0.379875 0.304348 0.37883 0.304348 0.378134 0.30869599999999997 0.378482 0.311957 0.376741 0.32934800000000003 0.376741 0.334783
0 0.312326 0.288043 0.311978 0.276087 0.31128100000000003 0.275 0.310933 0.268478 0.310237 0.268478 0.30954000000000004 0.282609 0.307799 0.290217 0.31337000000000004 0.291304 0.312326 0.288043
1 0.53273 0.556522 0.53273 0.56413 0.530989 0.579348 0.5288999999999999 0.607609 0.527855 0.613043 0.524025 0.615217 0.522632 0.6195649999999999 0.521936 0.626087 0.5181060000000001 0.627174 0.517409 0.629348 0.533426 0.6489130000000001 0.5428270000000001 0.647826 0.558148 0.641304 0.559192 0.63913 0.559192 0.6358699999999999 0.5577989999999999 0.6358699999999999 0.5543180000000001 0.631522 0.553273 0.622826 0.552228 0.6195649999999999 0.549095 0.617391 0.547702 0.6119570000000001 0.543175 0.5054350000000001 0.541086 0.502174 0.537604 0.502174 0.5365599999999999 0.5054350000000001 0.5365599999999999 0.5130429999999999 0.534471 0.532609 0.53273 0.556522