1 0.355153 0.41956499999999997 0.354109 0.42717400000000005 0.354109 0.43695700000000004 0.353064 0.441304 0.351323 0.44239100000000003 0.350627 0.446739 0.35167099999999996 0.452174 0.352716 0.452174 0.353412 0.454348 0.357939 0.45543500000000003 0.36351 0.45108699999999996 0.36594699999999997 0.454348 0.369429 0.454348 0.370125 0.453261 0.370125 0.45108699999999996 0.369081 0.44782599999999995 0.36873300000000003 0.443478 0.368036 0.441304 0.366295 0.441304 0.365251 0.43587 0.36490300000000003 0.421739 0.363858 0.417391 0.362465 0.372826 0.361421 0.370652 0.358287 0.370652 0.357591 0.373913 0.356894 0.394565 0.355153 0.411957 0.355153 0.41956499999999997
0 0.406337 0.32717399999999996 0.40529200000000004 0.338043 0.403552 0.341304 0.403552 0.344565 0.40529200000000004 0.347826 0.41434499999999996 0.347826 0.41434499999999996 0.344565 0.412256 0.33913000000000004 0.410864 0.303261 0.40842599999999996 0.303261 0.40773000000000004 0.307609 0.40773000000000004 0.313043 0.406337 0.319565 0.406337 0.32717399999999996
0 0.320334 0.283696 0.326602 0.284783 0.326602 0.281522 0.325905 0.280435 0.32520899999999997 0.275 0.324513 0.259783 0.322772 0.259783 0.322423 0.271739 0.321727 0.276087 0.320334 0.27934800000000004 0.320334 0.283696
1 0.190808 0.278261 0.190111 0.268478 0.189415 0.266304 0.189067 0.251087 0.18663000000000002 0.251087 0.185933 0.271739 0.184192 0.276087 0.184192 0.278261 0.190808 0.278261
1 0.172702 0.23913 0.170961 0.23913 0.169916 0.263043 0.174791 0.263043 0.173398 0.24130400000000002 0.172702 0.23913
1 0.157382 0.251087 0.162604 0.252174 0.16051500000000002 0.236957 0.16051500000000002 0.231522 0.159123 0.231522 0.158426 0.233696 0.158078 0.24673899999999999 0.157382 0.24782600000000002 0.157382 0.251087
1 0.151462 0.236957 0.151114 0.228261 0.149373 0.225 0.149373 0.233696 0.147981 0.24130400000000002 0.152507 0.24130400000000002 0.151462 0.236957
1 0.145891 0.230435 0.14519500000000002 0.228261 0.144847 0.220652 0.143802 0.220652 0.143106 0.22391299999999997 0.142758 0.23586999999999997 0.145891 0.23586999999999997 0.145891 0.230435
1 0.211003 0.302174 0.211003 0.307609 0.21970800000000001 0.307609 0.219359 0.301087 0.21796700000000002 0.3 0.216574 0.284783 0.216574 0.271739 0.215529 0.268478 0.21413600000000002 0.268478 0.213092 0.271739 0.212744 0.293478 0.212047 0.301087 0.211003 0.302174
1 0.728064 0.6673910000000001 0.728064 0.673913 0.727368 0.677174 0.726323 0.696739 0.724234 0.7119570000000001 0.723886 0.7206520000000001 0.7228410000000001 0.725 0.719708 0.758696 0.717618 0.761957 0.712047 0.76413 0.710655 0.7695649999999999 0.710655 0.7739130000000001 0.708914 0.7793479999999999 0.7057800000000001 0.782609 0.704387 0.78587 0.704387 0.791304 0.708914 0.796739 0.7134400000000001 0.7978259999999999 0.723886 0.808696 0.726671 0.809783 0.728064 0.8141299999999999 0.729805 0.816304 0.7305010000000001 0.8206519999999999 0.7318939999999999 0.818478 0.733287 0.8206519999999999 0.740947 0.8206519999999999 0.74617 0.817391 0.749304 0.8130430000000001 0.755223 0.8108700000000001 0.760097 0.8043480000000001 0.761142 0.8 0.7604460000000001 0.796739 0.756267 0.7923910000000001 0.751393 0.776087 0.747911 0.772826 0.746518 0.7695649999999999 0.745474 0.731522 0.744429 0.728261 0.743384 0.686957 0.742688 0.680435 0.743384 0.671739 0.741643 0.623913 0.740251 0.618478 0.733635 0.616304 0.7322420000000001 0.6195649999999999 0.7322420000000001 0.626087 0.7305010000000001 0.63913 0.728064 0.6673910000000001
1 0.256616 0.33587 0.255571 0.343478 0.25383 0.34565199999999996 0.25383 0.35 0.266365 0.35108700000000004 0.266365 0.347826 0.26532 0.344565 0.263928 0.344565 0.262883 0.340217 0.262187 0.330435 0.261838 0.302174 0.260794 0.298913 0.25905300000000003 0.298913 0.258008 0.302174 0.257312 0.319565 0.256616 0.325 0.256616 0.33587