1 0.38405300000000003 0.47282599999999997 0.382312 0.48586999999999997 0.380919 0.506522 0.379875 0.5130429999999999 0.37639300000000003 0.518478 0.376045 0.526087 0.378482 0.532609 0.381616 0.536957 0.384401 0.5380429999999999 0.385794 0.541304 0.389972 0.541304 0.394847 0.53587 0.40076599999999996 0.534783 0.402159 0.530435 0.402159 0.522826 0.400418 0.516304 0.39798100000000003 0.51413 0.396936 0.509783 0.39449900000000004 0.45869600000000005 0.393802 0.454348 0.393802 0.43478300000000003 0.393106 0.421739 0.391713 0.417391 0.387535 0.417391 0.386142 0.428261 0.385794 0.44021699999999997 0.384749 0.448913 0.38405300000000003 0.47282599999999997
1 0.281685 0.396739 0.28098900000000004 0.40543500000000005 0.279944 0.40869600000000006 0.279248 0.42391300000000004 0.278203 0.430435 0.275418 0.43260899999999997 0.273677 0.441304 0.275766 0.44565200000000005 0.278552 0.446739 0.27890000000000004 0.444565 0.283078 0.448913 0.286908 0.44565200000000005 0.292827 0.44565200000000005 0.294916 0.44021699999999997 0.295613 0.43478300000000003 0.29213100000000003 0.42934799999999995 0.29039000000000004 0.392391 0.288649 0.370652 0.288997 0.363043 0.287604 0.355435 0.284123 0.355435 0.283078 0.358696 0.282382 0.375 0.281685 0.379348 0.281685 0.396739
1 0.634053 0.607609 0.633008 0.631522 0.62883 0.668478 0.626741 0.693478 0.625348 0.7 0.619777 0.706522 0.618036 0.7163039999999999 0.6145539999999999 0.7206520000000001 0.614206 0.7260869999999999 0.61734 0.731522 0.628134 0.742391 0.636142 0.747826 0.640669 0.753261 0.646588 0.754348 0.649373 0.75 0.651462 0.75 0.65773 0.741304 0.659471 0.741304 0.666086 0.73587 0.666783 0.733696 0.660864 0.725 0.658426 0.723913 0.655989 0.71413 0.651462 0.708696 0.650766 0.705435 0.6504179999999999 0.6913039999999999 0.648677 0.66413 0.647632 0.627174 0.646936 0.620652 0.645891 0.569565 0.6444989999999999 0.565217 0.639624 0.563043 0.637883 0.56413 0.6371870000000001 0.567391 0.636142 0.5869570000000001 0.634053 0.607609
1 0.11107199999999999 0.31630400000000003 0.11316200000000001 0.318478 0.124304 0.317391 0.125348 0.313043 0.124304 0.311957 0.12151799999999999 0.302174 0.121866 0.296739 0.12082200000000001 0.275 0.11908099999999999 0.26413000000000003 0.11699200000000001 0.26413000000000003 0.114206 0.303261 0.112117 0.31087 0.110724 0.311957 0.11107199999999999 0.31630400000000003
1 0.12151799999999999 0.28586999999999996 0.122214 0.288043 0.125696 0.288043 0.125696 0.283696 0.123955 0.277174 0.123607 0.258696 0.12291099999999999 0.25652200000000003 0.122563 0.248913 0.12151799999999999 0.24565199999999998 0.119777 0.24673899999999999 0.11908099999999999 0.25 0.11908099999999999 0.263043 0.12117 0.275 0.12151799999999999 0.28586999999999996
1 0.148677 0.275 0.14902500000000002 0.270652 0.148329 0.268478 0.147284 0.24130400000000002 0.146936 0.23913 0.14415 0.23913 0.142409 0.267391 0.14032 0.271739 0.14032 0.275 0.148677 0.275
1 0.33669899999999997 0.272826 0.33669899999999997 0.269565 0.335655 0.266304 0.334958 0.24673899999999999 0.33286899999999997 0.24565199999999998 0.331476 0.265217 0.330084 0.269565 0.330084 0.272826 0.33669899999999997 0.272826
1 0.197075 0.330435 0.196031 0.346739 0.194638 0.355435 0.194638 0.363043 0.193245 0.36956500000000003 0.192201 0.36956500000000003 0.191504 0.371739 0.191852 0.376087 0.193245 0.378261 0.196379 0.379348 0.20856499999999997 0.378261 0.20856499999999997 0.371739 0.20578 0.36739099999999997 0.205084 0.36413 0.20264600000000002 0.31087 0.201602 0.307609 0.198468 0.307609 0.197423 0.311957 0.197423 0.317391 0.196727 0.320652 0.197075 0.330435
3 0.110724 0.24565199999999998 0.10898300000000001 0.238043 0.108287 0.218478 0.10619799999999999 0.218478 0.104805 0.238043 0.10341199999999999 0.24673899999999999 0.110376 0.24782600000000002 0.110724 0.24565199999999998
3 0.215529 0.25 0.21448499999999998 0.23913 0.21413600000000002 0.225 0.21239599999999997 0.225 0.211003 0.24565199999999998 0.209958 0.24673899999999999 0.209958 0.25 0.215529 0.25
3 0.41713100000000003 0.24673899999999999 0.415042 0.268478 0.41956800000000005 0.268478 0.418524 0.24673899999999999 0.41713100000000003 0.24673899999999999
3 0.318942 0.25760900000000003 0.318245 0.253261 0.317201 0.23478300000000002 0.316156 0.23478300000000002 0.314415 0.253261 0.313022 0.25760900000000003 0.318942 0.25760900000000003
3 0.51149 0.278261 0.509749 0.283696 0.51532 0.283696 0.513928 0.261957 0.512883 0.263043 0.512535 0.267391 0.511838 0.268478 0.51149 0.278261
3 0.611421 0.301087 0.610376 0.291304 0.610028 0.277174 0.608287 0.277174 0.607939 0.28913 0.608635 0.29239099999999996 0.608635 0.301087 0.611421 0.301087
3 0.696031 0.31630400000000003 0.6995129999999999 0.31630400000000003 0.700557 0.307609 0.700209 0.29239099999999996 0.6981200000000001 0.293478 0.697423 0.306522 0.696031 0.313043 0.696031 0.31630400000000003
3 0.865947 0.342391 0.864903 0.321739 0.863162 0.320652 0.861769 0.340217 0.8603759999999999 0.344565 0.866643 0.34565199999999996 0.865947 0.342391
3 0.902855 0.30869599999999997 0.9014620000000001 0.31087 0.90007 0.322826 0.9038999999999999 0.322826 0.902855 0.30869599999999997
3 0.911908 0.352174 0.912256 0.342391 0.9108639999999999 0.328261 0.9094709999999999 0.328261 0.9084260000000001 0.336957 0.9084260000000001 0.342391 0.9066850000000001 0.35108700000000004 0.911908 0.352174
3 0.915042 0.326087 0.915042 0.318478 0.914345 0.313043 0.913649 0.313043 0.912604 0.319565 0.911908 0.330435 0.916086 0.331522 0.915042 0.326087
3 0.947423 0.354348 0.946379 0.347826 0.945682 0.33260900000000004 0.94429 0.331522 0.942549 0.342391 0.942549 0.352174 0.9432449999999999 0.355435 0.947423 0.354348
3 0.9265319999999999 0.31087 0.925139 0.30978300000000003 0.924095 0.318478 0.924095 0.323913 0.927577 0.323913 0.9265319999999999 0.31087
3 0.8116300000000001 0.334783 0.810585 0.32934800000000003 0.8095399999999999 0.311957 0.8081480000000001 0.311957 0.8064069999999999 0.330435 0.805362 0.33260900000000004 0.805362 0.334783 0.8116300000000001 0.334783
1 0.196031 0.269565 0.197075 0.267391 0.197075 0.265217 0.196379 0.263043 0.195682 0.24239099999999997 0.194986 0.236957 0.192549 0.236957 0.19046000000000002 0.26413000000000003 0.189067 0.266304 0.189067 0.268478 0.196031 0.269565
1 0.264624 0.269565 0.263579 0.259783 0.262883 0.24021699999999999 0.260794 0.23913 0.259749 0.25760900000000003 0.258008 0.265217 0.258008 0.269565 0.264624 0.269565
1 0.401114 0.280435 0.40007000000000004 0.267391 0.399721 0.253261 0.39798100000000003 0.253261 0.397284 0.25760900000000003 0.396588 0.271739 0.394847 0.27934800000000004 0.401114 0.280435
1 0.490599 0.29565199999999997 0.496866 0.29565199999999997 0.495822 0.28913 0.495125 0.267391 0.493384 0.268478 0.49268799999999996 0.281522 0.49025100000000005 0.293478 0.490599 0.29565199999999997
1 0.608287 0.303261 0.608287 0.29239099999999996 0.6072420000000001 0.286957 0.60585 0.302174 0.6037600000000001 0.31413 0.610028 0.31521699999999997 0.608287 0.303261
1 0.709958 0.333696 0.716574 0.333696 0.716574 0.331522 0.715529 0.32934800000000003 0.7148329999999999 0.304348 0.713092 0.304348 0.7116990000000001 0.326087 0.711003 0.32934800000000003 0.709958 0.330435 0.709958 0.333696
1 0.935585 0.373913 0.9387190000000001 0.376087 0.9439420000000001 0.376087 0.944638 0.375 0.944638 0.372826 0.9439420000000001 0.372826 0.9432449999999999 0.36956500000000003 0.9422010000000001 0.356522 0.9422010000000001 0.344565 0.9404600000000001 0.344565 0.9397629999999999 0.346739 0.9397629999999999 0.352174 0.937674 0.36956500000000003 0.935585 0.373913
1 0.8422700000000001 0.354348 0.8422700000000001 0.356522 0.8443590000000001 0.358696 0.84993 0.358696 0.84993 0.355435 0.848886 0.354348 0.848189 0.35108700000000004 0.8478410000000001 0.32934800000000003 0.847145 0.32717399999999996 0.8457520000000001 0.32717399999999996 0.8450559999999999 0.331522 0.8443590000000001 0.348913 0.8433149999999999 0.353261 0.8422700000000001 0.354348
2 0.687326 0.31521699999999997 0.69429 0.31521699999999997 0.69429 0.311957 0.693245 0.30869599999999997 0.692549 0.276087 0.6904600000000001 0.277174 0.6887190000000001 0.303261 0.687326 0.311957 0.687326 0.31521699999999997
2 0.6995129999999999 0.318478 0.699164 0.326087 0.6981200000000001 0.328261 0.698468 0.331522 0.706825 0.331522 0.706825 0.32934800000000003 0.705432 0.325 0.704387 0.284783 0.702646 0.284783 0.70195 0.288043 0.700209 0.31521699999999997 0.6995129999999999 0.318478
2 0.7092620000000001 0.278261 0.7075210000000001 0.278261 0.705432 0.3 0.705432 0.317391 0.710655 0.317391 0.7092620000000001 0.278261
2 0.728064 0.33587 0.728064 0.33260900000000004 0.7270190000000001 0.32934800000000003 0.726323 0.322826 0.725975 0.29239099999999996 0.725279 0.28913 0.723886 0.28913 0.720752 0.32934800000000003 0.719708 0.331522 0.719708 0.334783 0.728064 0.33587