3 0.274721 0.6054350000000001 0.273677 0.633696 0.27124000000000004 0.66413 0.270543 0.6673910000000001 0.267409 0.669565 0.264972 0.675 0.264276 0.6836960000000001 0.264276 0.693478 0.29596100000000003 0.694565 0.296309 0.692391 0.297702 0.6913039999999999 0.298398 0.686957 0.297702 0.668478 0.295613 0.665217 0.293175 0.665217 0.29213100000000003 0.661957 0.29039000000000004 0.6380429999999999 0.288997 0.6304350000000001 0.28830100000000003 0.607609 0.28656000000000004 0.592391 0.28447100000000003 0.553261 0.283078 0.548913 0.27890000000000004 0.548913 0.277855 0.551087 0.27681100000000003 0.561957 0.27681100000000003 0.575 0.274721 0.6054350000000001
3 0.48781299999999994 0.503261 0.48537600000000003 0.5054350000000001 0.48537600000000003 0.507609 0.506616 0.507609 0.506267 0.506522 0.506964 0.5054350000000001 0.505571 0.5 0.503134 0.5 0.502437 0.496739 0.502089 0.481522 0.501045 0.476087 0.501045 0.471739 0.500348 0.46956499999999995 0.49965200000000004 0.46087 0.5 0.444565 0.49930399999999997 0.43478300000000003 0.49860699999999997 0.43260899999999997 0.495822 0.43260899999999997 0.49199200000000004 0.492391 0.490599 0.497826 0.488858 0.497826 0.48781299999999994 0.503261
3 0.586003 0.426087 0.583914 0.42934799999999995 0.583914 0.433696 0.595056 0.433696 0.595056 0.42934799999999995 0.594011 0.42934799999999995 0.593315 0.42717400000000005 0.592967 0.41956499999999997 0.591574 0.411957 0.591574 0.40108699999999997 0.590529 0.38587 0.5884400000000001 0.38587 0.587744 0.390217 0.587744 0.397826 0.587047 0.4 0.586003 0.426087
3 0.626741 0.4 0.6354460000000001 0.4 0.6354460000000001 0.397826 0.634401 0.396739 0.633357 0.392391 0.632312 0.376087 0.632312 0.36739099999999997 0.631616 0.36413 0.629875 0.36413 0.628482 0.393478 0.627437 0.396739 0.626741 0.396739 0.626741 0.4
3 0.662256 0.375 0.661212 0.375 0.660515 0.371739 0.659123 0.356522 0.659123 0.348913 0.6580779999999999 0.348913 0.656685 0.372826 0.655292 0.377174 0.662256 0.377174 0.662256 0.375
3 0.678273 0.361957 0.676532 0.357609 0.676184 0.33913000000000004 0.674791 0.33913000000000004 0.673747 0.348913 0.673747 0.358696 0.672702 0.361957 0.678273 0.361957
3 0.6922010000000001 0.344565 0.697075 0.344565 0.6956819999999999 0.33913000000000004 0.6946380000000001 0.326087 0.6939420000000001 0.32934800000000003 0.693245 0.340217 0.6922010000000001 0.342391 0.6922010000000001 0.344565
3 0.6904600000000001 0.342391 0.6904600000000001 0.33260900000000004 0.689067 0.331522 0.68837 0.346739 0.687674 0.35108700000000004 0.6922010000000001 0.35108700000000004 0.6904600000000001 0.342391
3 0.704387 0.33913000000000004 0.702994 0.33587 0.702646 0.32717399999999996 0.7016020000000001 0.323913 0.700905 0.32934800000000003 0.700905 0.33587 0.6998610000000001 0.33913000000000004 0.704387 0.33913000000000004
3 0.711351 0.331522 0.711003 0.320652 0.710306 0.319565 0.7092620000000001 0.33260900000000004 0.708565 0.334783 0.712396 0.334783 0.711351 0.331522
3 0.762535 0.320652 0.76149 0.31521699999999997 0.760097 0.328261 0.763579 0.328261 0.762535 0.325 0.762535 0.320652
3 0.8102370000000001 0.321739 0.8098890000000001 0.31630400000000003 0.808844 0.31521699999999997 0.8081480000000001 0.32717399999999996 0.810933 0.32717399999999996 0.810933 0.322826 0.8102370000000001 0.321739
3 0.8551529999999999 0.31087 0.854457 0.31087 0.853064 0.325 0.856546 0.325 0.855501 0.321739 0.8551529999999999 0.31087
3 0.913301 0.313043 0.912256 0.325 0.915042 0.325 0.913997 0.313043 0.913301 0.313043
1 0.85585 0.6543479999999999 0.856198 0.655435 0.855501 0.659783 0.854805 0.676087 0.853412 0.686957 0.850975 0.725 0.848886 0.731522 0.844708 0.733696 0.8426180000000001 0.7369570000000001 0.8415739999999999 0.748913 0.840181 0.756522 0.840181 0.761957 0.841226 0.766304 0.853064 0.7695649999999999 0.8551529999999999 0.772826 0.8610720000000001 0.7739130000000001 0.861769 0.777174 0.862813 0.777174 0.862813 0.775 0.86351 0.777174 0.864206 0.777174 0.864206 0.775 0.8655989999999999 0.775 0.865947 0.777174 0.868036 0.777174 0.868384 0.778261 0.867688 0.7793479999999999 0.885446 0.7793479999999999 0.887187 0.768478 0.887187 0.752174 0.885446 0.745652 0.879875 0.740217 0.878482 0.73587 0.876741 0.705435 0.875 0.6913039999999999 0.874652 0.681522 0.871866 0.651087 0.871866 0.6380429999999999 0.8690810000000001 0.5956520000000001 0.868036 0.5913039999999999 0.865251 0.58913 0.8607239999999999 0.58913 0.8593310000000001 0.597826 0.8568939999999999 0.6358699999999999 0.8568939999999999 0.6445649999999999 0.85585 0.6543479999999999
1 0.761142 0.5 0.760794 0.5108699999999999 0.760097 0.5130429999999999 0.757312 0.51413 0.755919 0.520652 0.754526 0.521739 0.754526 0.5239130000000001 0.757312 0.527174 0.759053 0.526087 0.764624 0.528261 0.780292 0.528261 0.780292 0.522826 0.778203 0.521739 0.776811 0.516304 0.774025 0.515217 0.773329 0.5130429999999999 0.771588 0.48913 0.771588 0.479348 0.770543 0.475 0.770543 0.467391 0.7698470000000001 0.463043 0.768802 0.443478 0.764624 0.443478 0.763231 0.470652 0.761838 0.478261 0.7621870000000001 0.49130399999999996 0.761142 0.5
1 0.775766 0.334783 0.7754179999999999 0.322826 0.774721 0.319565 0.774025 0.320652 0.774025 0.330435 0.7729809999999999 0.334783 0.775766 0.334783
1 0.9310579999999999 0.354348 0.9314069999999999 0.353261 0.93071 0.347826 0.929318 0.344565 0.929318 0.333696 0.928621 0.331522 0.927577 0.331522 0.9265319999999999 0.338043 0.925139 0.355435 0.9317550000000001 0.356522 0.9310579999999999 0.354348
1 0.9004179999999999 0.378261 0.90007 0.375 0.899025 0.373913 0.897632 0.36739099999999997 0.897284 0.35108700000000004 0.89624 0.34565199999999996 0.895195 0.34565199999999996 0.894499 0.35 0.893454 0.370652 0.8913650000000001 0.377174 0.9004179999999999 0.378261
1 0.802228 0.330435 0.800836 0.31521699999999997 0.799791 0.31630400000000003 0.799791 0.325 0.798747 0.330435 0.802228 0.330435
3 0.7270190000000001 0.317391 0.725975 0.330435 0.7287600000000001 0.330435 0.727716 0.317391 0.7270190000000001 0.317391
1 0.761142 0.43478300000000003 0.758705 0.43587 0.758357 0.44021699999999997 0.759749 0.44239100000000003 0.772632 0.44239100000000003 0.772632 0.43695700000000004 0.771588 0.43478300000000003 0.770195 0.43478300000000003 0.7694989999999999 0.43260899999999997 0.768802 0.421739 0.7677579999999999 0.417391 0.7677579999999999 0.40869600000000006 0.766365 0.390217 0.764276 0.390217 0.763231 0.397826 0.762883 0.420652 0.7621870000000001 0.431522 0.761142 0.43478300000000003
1 0.7712399999999999 0.378261 0.7712399999999999 0.376087 0.7698470000000001 0.372826 0.768802 0.35 0.767409 0.348913 0.766017 0.353261 0.766713 0.375 0.7677579999999999 0.378261 0.7712399999999999 0.378261
1 0.899025 0.365217 0.9021589999999999 0.365217 0.90007 0.353261 0.8997210000000001 0.33913000000000004 0.898677 0.338043 0.897981 0.33913000000000004 0.897284 0.347826 0.897632 0.361957 0.899025 0.365217
1 0.902855 0.31521699999999997 0.901114 0.32934800000000003 0.9049440000000001 0.32934800000000003 0.9038999999999999 0.31630400000000003 0.902855 0.31521699999999997
1 0.760794 0.40108699999999997 0.762883 0.40217400000000003 0.762883 0.397826 0.763928 0.390217 0.766365 0.38913000000000003 0.767409 0.40217400000000003 0.770543 0.40217400000000003 0.770195 0.396739 0.76915 0.396739 0.7677579999999999 0.393478 0.7677579999999999 0.386957 0.767061 0.384783 0.767061 0.379348 0.766365 0.377174 0.766365 0.36413 0.766017 0.361957 0.764972 0.361957 0.763928 0.36413 0.762883 0.393478 0.760794 0.396739 0.760794 0.40108699999999997