3 0.431407 0.5108699999999999 0.43071000000000004 0.516304 0.43071000000000004 0.526087 0.430014 0.531522 0.428273 0.578261 0.425139 0.580435 0.422006 0.58587 0.421657 0.590217 0.422354 0.597826 0.42130900000000004 0.6 0.42130900000000004 0.603261 0.422354 0.606522 0.42479100000000003 0.607609 0.42548700000000006 0.604348 0.433496 0.607609 0.43697800000000003 0.6054350000000001 0.450557 0.606522 0.452646 0.6010869999999999 0.452646 0.596739 0.45369099999999996 0.593478 0.45369099999999996 0.580435 0.452646 0.5771740000000001 0.448468 0.575 0.447075 0.568478 0.445334 0.55 0.444986 0.53587 0.443593 0.530435 0.443593 0.515217 0.442897 0.51413 0.442897 0.506522 0.441504 0.501087 0.439067 0.465217 0.437674 0.46195700000000006 0.43488899999999997 0.46195700000000006 0.432103 0.46630399999999994 0.43245100000000003 0.476087 0.431407 0.496739 0.431407 0.5108699999999999
3 0.435237 0.457609 0.43837000000000004 0.45869600000000005 0.439415 0.46195700000000006 0.44011100000000003 0.47391300000000003 0.452994 0.471739 0.452994 0.463043 0.451253 0.45 0.44951299999999994 0.448913 0.449164 0.44239100000000003 0.447423 0.43913 0.44568199999999997 0.42717400000000005 0.445334 0.415217 0.443245 0.393478 0.44254899999999997 0.379348 0.441852 0.377174 0.44011100000000003 0.376087 0.43837000000000004 0.377174 0.43697800000000003 0.40217400000000003 0.43662999999999996 0.42934799999999995 0.435585 0.43587 0.435237 0.457609
3 0.402855 0.35 0.402855 0.361957 0.402159 0.365217 0.401114 0.365217 0.401114 0.371739 0.4039 0.36956500000000003 0.410515 0.36956500000000003 0.412953 0.36413 0.410864 0.357609 0.40703300000000003 0.311957 0.40494399999999997 0.311957 0.40424800000000005 0.31630400000000003 0.4039 0.336957 0.402855 0.35
3 0.42722800000000005 0.31087 0.426184 0.317391 0.42688 0.318478 0.433844 0.31630400000000003 0.434192 0.313043 0.43245100000000003 0.306522 0.43245100000000003 0.3 0.43036199999999997 0.277174 0.428621 0.277174 0.427925 0.27934800000000004 0.427925 0.296739 0.42722800000000005 0.3 0.42722800000000005 0.31087
3 0.490599 0.283696 0.49129500000000004 0.281522 0.49094699999999997 0.271739 0.489903 0.263043 0.49025100000000005 0.25760900000000003 0.48955399999999993 0.252174 0.48781299999999994 0.253261 0.487117 0.27934800000000004 0.48607199999999995 0.283696 0.490599 0.283696
3 0.566504 0.259783 0.573468 0.259783 0.573468 0.25760900000000003 0.571727 0.253261 0.571031 0.23586999999999997 0.570334 0.231522 0.56929 0.232609 0.568593 0.236957 0.568245 0.254348 0.566504 0.259783
3 0.649025 0.24130400000000002 0.6538999999999999 0.24130400000000002 0.654248 0.24021699999999999 0.653203 0.23478300000000002 0.6521589999999999 0.21739099999999997 0.650766 0.216304 0.65007 0.225 0.65007 0.236957 0.649025 0.23913 0.649025 0.24130400000000002
3 0.743733 0.22391299999999997 0.74234 0.219565 0.741295 0.20434800000000003 0.740251 0.20434800000000003 0.739206 0.22391299999999997 0.738162 0.227174 0.743733 0.227174 0.743733 0.22391299999999997
3 0.8408770000000001 0.21413000000000001 0.8387879999999999 0.208696 0.83844 0.19347799999999998 0.836699 0.192391 0.836003 0.21086999999999997 0.83461 0.216304 0.8408770000000001 0.216304 0.8408770000000001 0.21413000000000001
1 0.780989 0.377174 0.779248 0.377174 0.779248 0.384783 0.778552 0.38587 0.779596 0.386957 0.780292 0.384783 0.7806409999999999 0.386957 0.784123 0.386957 0.786908 0.391304 0.792131 0.392391 0.793872 0.38913000000000003 0.797702 0.390217 0.799791 0.388043 0.799791 0.38587 0.7983979999999999 0.38260900000000003 0.79805 0.378261 0.795265 0.375 0.793872 0.36956500000000003 0.7924789999999999 0.354348 0.7924789999999999 0.347826 0.7907379999999999 0.33260900000000004 0.790042 0.30869599999999997 0.785864 0.307609 0.7851670000000001 0.311957 0.7851670000000001 0.322826 0.782033 0.371739 0.780989 0.377174
1 0.638579 0.31413 0.637535 0.317391 0.635794 0.317391 0.635794 0.323913 0.647632 0.323913 0.648329 0.322826 0.648329 0.318478 0.6462399999999999 0.31630400000000003 0.645195 0.31087 0.6431060000000001 0.27391299999999996 0.642409 0.271739 0.639972 0.271739 0.638928 0.275 0.639276 0.29565199999999997 0.638579 0.301087 0.638579 0.31413
1 0.623607 0.298913 0.620474 0.28913 0.620125 0.278261 0.619081 0.269565 0.618733 0.25543499999999997 0.616295 0.25652200000000003 0.615251 0.282609 0.612117 0.29565199999999997 0.612117 0.29782600000000004 0.623607 0.298913
1 0.631267 0.278261 0.638579 0.278261 0.638231 0.268478 0.6371870000000001 0.266304 0.636838 0.24565199999999998 0.636142 0.24021699999999999 0.634749 0.24021699999999999 0.633008 0.258696 0.633008 0.269565 0.630571 0.276087 0.631267 0.278261
1 0.6674789999999999 0.25760900000000003 0.668872 0.26087 0.6754870000000001 0.26087 0.675836 0.25760900000000003 0.673747 0.252174 0.67305 0.228261 0.6709609999999999 0.227174 0.670613 0.23586999999999997 0.669916 0.23913 0.669916 0.252174 0.6674789999999999 0.25760900000000003
1 0.7942199999999999 0.23586999999999997 0.8029249999999999 0.23586999999999997 0.8029249999999999 0.233696 0.8004870000000001 0.227174 0.8004870000000001 0.218478 0.799095 0.20543499999999998 0.797354 0.20543499999999998 0.796657 0.227174 0.794916 0.233696 0.7942199999999999 0.233696 0.7942199999999999 0.23586999999999997
1 0.871518 0.220652 0.868733 0.227174 0.878134 0.226087 0.8756959999999999 0.21739099999999997 0.8756959999999999 0.20760900000000002 0.874652 0.20434800000000003 0.874652 0.197826 0.872911 0.196739 0.8722139999999999 0.198913 0.8722139999999999 0.206522 0.871518 0.208696 0.871518 0.220652
1 0.7287600000000001 0.23913 0.727368 0.243478 0.726323 0.243478 0.725975 0.24673899999999999 0.732591 0.24673899999999999 0.735376 0.244565 0.73468 0.244565 0.732939 0.238043 0.7318939999999999 0.218478 0.73085 0.215217 0.729457 0.216304 0.729457 0.220652 0.7287600000000001 0.22391299999999997 0.7287600000000001 0.23913
3 0.279944 0.71413 0.279596 0.733696 0.278203 0.751087 0.278552 0.7630429999999999 0.277855 0.772826 0.277855 0.809783 0.27681100000000003 0.817391 0.27681100000000003 0.8239129999999999 0.276114 0.827174 0.275418 0.846739 0.308148 0.846739 0.306755 0.8391299999999999 0.30571000000000004 0.825 0.305014 0.8228260000000001 0.305362 0.818478 0.304666 0.817391 0.304318 0.8054349999999999 0.30362100000000003 0.8043480000000001 0.302925 0.7978259999999999 0.302925 0.78913 0.301532 0.784783 0.300836 0.7793479999999999 0.300139 0.7608699999999999 0.298398 0.751087 0.297702 0.738043 0.296657 0.732609 0.29596100000000003 0.721739 0.294916 0.717391 0.294916 0.713043 0.293175 0.704348 0.293175 0.697826 0.291435 0.686957 0.282033 0.688043 0.28064100000000003 0.692391 0.281337 0.695652 0.281337 0.704348 0.279944 0.71413