1 0.40181100000000003 0.588043 0.399721 0.608696 0.39624000000000004 0.655435 0.394847 0.659783 0.39066900000000004 0.657609 0.389276 0.6673910000000001 0.386838 0.6673910000000001 0.383705 0.670652 0.383357 0.6728259999999999 0.392061 0.682609 0.404596 0.693478 0.413997 0.693478 0.414694 0.690217 0.41713100000000003 0.690217 0.418175 0.686957 0.42305000000000004 0.688043 0.42479100000000003 0.68587 0.429666 0.6728259999999999 0.42722800000000005 0.6673910000000001 0.426184 0.6586960000000001 0.421657 0.6543479999999999 0.420265 0.651087 0.420265 0.646739 0.41922 0.640217 0.418872 0.621739 0.41782700000000006 0.613043 0.41782700000000006 0.606522 0.416435 0.588043 0.41539000000000004 0.557609 0.414694 0.553261 0.414694 0.544565 0.413301 0.520652 0.411212 0.517391 0.406337 0.517391 0.40529200000000004 0.521739 0.404596 0.543478 0.402855 0.56413 0.40181100000000003 0.588043
1 0.080432 0.40108699999999997 0.080084 0.420652 0.078343 0.43695700000000004 0.078343 0.443478 0.076602 0.46630399999999994 0.075557 0.46956499999999995 0.071727 0.47282599999999997 0.071031 0.48043500000000006 0.072075 0.484783 0.076602 0.48804299999999995 0.077298 0.48695700000000003 0.078691 0.48913 0.081476 0.48804299999999995 0.084262 0.49130399999999996 0.086003 0.49130399999999996 0.086699 0.48913 0.089833 0.48913 0.090181 0.48695700000000003 0.091226 0.48695700000000003 0.091922 0.484783 0.095752 0.48586999999999997 0.097493 0.483696 0.098886 0.479348 0.098538 0.470652 0.095404 0.468478 0.093663 0.46087 0.09226999999999999 0.430435 0.090529 0.41304299999999994 0.090529 0.403261 0.08948500000000001 0.392391 0.089136 0.38043499999999997 0.087744 0.375 0.082869 0.375 0.08182500000000001 0.378261 0.081128 0.395652 0.080432 0.40108699999999997
1 0.06928999999999999 0.259783 0.079039 0.259783 0.076602 0.251087 0.075557 0.24130400000000002 0.075557 0.22934800000000002 0.074861 0.226087 0.07311999999999999 0.227174 0.072075 0.232609 0.071379 0.251087 0.06928999999999999 0.25652200000000003 0.06928999999999999 0.259783
1 0.181407 0.263043 0.179666 0.258696 0.179666 0.253261 0.177925 0.24130400000000002 0.177925 0.23586999999999997 0.17687999999999998 0.233696 0.176184 0.23478300000000002 0.175139 0.24565199999999998 0.175139 0.25760900000000003 0.173747 0.261957 0.181407 0.263043
1 0.255571 0.263043 0.253482 0.25652200000000003 0.252786 0.238043 0.25139300000000003 0.236957 0.25 0.25652200000000003 0.24860699999999997 0.26087 0.24860699999999997 0.263043 0.255571 0.263043
1 0.29979100000000003 0.26087 0.306407 0.26087 0.305362 0.25760900000000003 0.304666 0.251087 0.304318 0.23913 0.303273 0.238043 0.302577 0.24130400000000002 0.301532 0.254348 0.29979100000000003 0.26087
1 0.333914 0.25652200000000003 0.333217 0.252174 0.333217 0.243478 0.332521 0.238043 0.331128 0.238043 0.330432 0.253261 0.32903899999999997 0.258696 0.334958 0.258696 0.333914 0.25652200000000003
1 0.34052899999999997 0.24565199999999998 0.339485 0.24021699999999999 0.339136 0.230435 0.338092 0.22934800000000002 0.337396 0.231522 0.337396 0.24239099999999997 0.336351 0.24565199999999998 0.34052899999999997 0.24565199999999998
1 0.345752 0.252174 0.344708 0.25 0.34401099999999996 0.236957 0.342618 0.23586999999999997 0.34226999999999996 0.25 0.340877 0.254348 0.345752 0.254348 0.345752 0.252174
1 0.43036199999999997 0.252174 0.42931800000000003 0.23913 0.427925 0.238043 0.427925 0.244565 0.42688 0.248913 0.42688 0.252174 0.43036199999999997 0.252174
1 0.462744 0.24239099999999997 0.462047 0.24130400000000002 0.46135099999999996 0.244565 0.461003 0.25543499999999997 0.463788 0.25543499999999997 0.462744 0.24239099999999997
1 0.500696 0.24565199999999998 0.5 0.258696 0.502437 0.25760900000000003 0.501741 0.24673899999999999 0.500696 0.24565199999999998
1 0.923747 0.334783 0.923747 0.331522 0.9227019999999999 0.32717399999999996 0.9227019999999999 0.320652 0.922354 0.318478 0.9213089999999999 0.318478 0.920613 0.323913 0.920613 0.331522 0.9195679999999999 0.334783 0.923747 0.334783
1 0.865947 0.323913 0.864554 0.307609 0.863162 0.307609 0.862465 0.311957 0.862465 0.320652 0.861769 0.323913 0.865947 0.323913
3 0.053969 0.24239099999999997 0.060237 0.24239099999999997 0.06163 0.24021699999999999 0.059889000000000005 0.23586999999999997 0.059192 0.22282600000000002 0.058496000000000006 0.221739 0.058496000000000006 0.216304 0.056755 0.215217 0.05571 0.21739099999999997 0.05501399999999999 0.238043 0.053969 0.24021699999999999 0.053969 0.24239099999999997
3 0.130571 0.244565 0.129178 0.23913 0.128134 0.220652 0.12604500000000002 0.219565 0.125 0.228261 0.125 0.238043 0.12325900000000001 0.243478 0.130571 0.244565
3 0.181058 0.24239099999999997 0.180362 0.22391299999999997 0.178621 0.22282600000000002 0.177925 0.233696 0.178969 0.24673899999999999 0.182451 0.24673899999999999 0.181058 0.24239099999999997
3 0.211699 0.24673899999999999 0.21065499999999998 0.243478 0.21030600000000002 0.233696 0.20856499999999997 0.22282600000000002 0.207173 0.227174 0.20647600000000002 0.233696 0.206128 0.24673899999999999 0.211699 0.24673899999999999
3 0.240251 0.244565 0.24582199999999998 0.244565 0.24477699999999997 0.24130400000000002 0.244081 0.228261 0.243384 0.226087 0.24199199999999998 0.226087 0.24199199999999998 0.230435 0.24129499999999998 0.232609 0.24129499999999998 0.24239099999999997 0.240251 0.244565
3 0.302925 0.233696 0.301532 0.225 0.301532 0.221739 0.300487 0.220652 0.29979100000000003 0.22391299999999997 0.299443 0.231522 0.298747 0.233696 0.302925 0.233696
3 0.257312 0.244565 0.262535 0.244565 0.261142 0.225 0.259749 0.225 0.258705 0.22934800000000002 0.258357 0.24021699999999999 0.257312 0.24239099999999997 0.257312 0.244565
3 0.266365 0.238043 0.266713 0.228261 0.266017 0.221739 0.264276 0.225 0.263928 0.23586999999999997 0.262883 0.238043 0.266365 0.238043
3 0.26949900000000004 0.238043 0.26915 0.226087 0.267758 0.225 0.267061 0.238043 0.266365 0.24130400000000002 0.270891 0.24239099999999997 0.26949900000000004 0.238043
3 0.272284 0.230435 0.271936 0.220652 0.27124000000000004 0.218478 0.269847 0.22282600000000002 0.269847 0.233696 0.27298100000000003 0.233696 0.272284 0.230435
1 0.369429 0.24130400000000002 0.369081 0.233696 0.367688 0.231522 0.36734 0.24239099999999997 0.366295 0.24565199999999998 0.370822 0.24565199999999998 0.369429 0.24130400000000002
1 0.350279 0.252174 0.348886 0.24565199999999998 0.348886 0.24021699999999999 0.34784099999999996 0.23478300000000002 0.346797 0.238043 0.346797 0.24673899999999999 0.34609999999999996 0.251087 0.350279 0.252174
1 0.346448 0.238043 0.347493 0.23478300000000002 0.346797 0.228261 0.34609999999999996 0.228261 0.345056 0.243478 0.346448 0.243478 0.346448 0.238043