3 0.389276 0.5771740000000001 0.388928 0.594565 0.387535 0.6119570000000001 0.386838 0.6141300000000001 0.383008 0.617391 0.381616 0.623913 0.37883 0.628261 0.37883 0.6304350000000001 0.38022300000000003 0.632609 0.38509699999999997 0.632609 0.387187 0.634783 0.391017 0.634783 0.39624000000000004 0.6380429999999999 0.401462 0.6380429999999999 0.40529200000000004 0.632609 0.412256 0.628261 0.413301 0.625 0.412953 0.621739 0.410515 0.620652 0.40947100000000003 0.615217 0.40598900000000004 0.6119570000000001 0.40494399999999997 0.608696 0.403552 0.592391 0.40424800000000005 0.58913 0.406337 0.590217 0.406337 0.58587 0.405641 0.578261 0.40007000000000004 0.551087 0.40007000000000004 0.5423910000000001 0.39832900000000004 0.51413 0.393802 0.5130429999999999 0.392758 0.518478 0.391713 0.534783 0.391365 0.55 0.389276 0.5771740000000001
3 0.637883 0.49347799999999997 0.637535 0.503261 0.63649 0.508696 0.634053 0.509783 0.633357 0.517391 0.635794 0.518478 0.637535 0.521739 0.6521589999999999 0.521739 0.6538999999999999 0.518478 0.651811 0.508696 0.65007 0.508696 0.648677 0.5054350000000001 0.647284 0.48804299999999995 0.646588 0.48586999999999997 0.646936 0.481522 0.6462399999999999 0.465217 0.64415 0.44021699999999997 0.640669 0.44021699999999997 0.639972 0.46195700000000006 0.638928 0.475 0.638928 0.48586999999999997 0.637883 0.49347799999999997
3 0.8203340000000001 0.421739 0.8189420000000001 0.42717400000000005 0.8189420000000001 0.43913 0.817897 0.453261 0.8168519999999999 0.456522 0.8154600000000001 0.456522 0.8130219999999999 0.46087 0.8137190000000001 0.46413000000000004 0.815808 0.46630399999999994 0.8172010000000001 0.46413000000000004 0.821031 0.46630399999999994 0.8238160000000001 0.46413000000000004 0.8286910000000001 0.465217 0.8304320000000001 0.46195700000000006 0.830084 0.457609 0.827994 0.45543500000000003 0.8272980000000001 0.452174 0.826602 0.433696 0.825905 0.428261 0.824861 0.426087 0.824861 0.409783 0.8238160000000001 0.403261 0.8220750000000001 0.40217400000000003 0.821031 0.404348 0.8203340000000001 0.41086999999999996 0.8203340000000001 0.421739
0 0.23119800000000001 0.366304 0.230153 0.355435 0.229109 0.355435 0.228412 0.365217 0.22771599999999997 0.36739099999999997 0.23085 0.36739099999999997 0.23119800000000001 0.366304
0 0.21065499999999998 0.366304 0.21344 0.366304 0.213092 0.357609 0.212500440625 0.355761225 0.211351 0.355435 0.21065499999999998 0.366304
0 0.21727 0.36413 0.216574 0.36956500000000003 0.22005599999999997 0.36956500000000003 0.21901099999999998 0.357609 0.2142241875 0.3562504453125 0.21727 0.357609 0.21727 0.36413
0 0.180362 0.356522 0.179318 0.355435 0.178273 0.36847799999999997 0.181755 0.36847799999999997 0.181058 0.366304 0.180362 0.356522
0 0.177228 0.36847799999999997 0.177577 0.359783 0.17687999999999998 0.354348 0.176184 0.353261 0.175487 0.356522 0.175487 0.363043 0.174791 0.36739099999999997 0.177228 0.36847799999999997
0 0.112117 0.36956500000000003 0.11107199999999999 0.365217 0.110376 0.356522 0.10968 0.355435 0.10898300000000001 0.357609 0.108635 0.366304 0.10793900000000001 0.36956500000000003 0.112117 0.36956500000000003
0 0.145543 0.365217 0.144847 0.356522 0.14415 0.356522 0.143802 0.36739099999999997 0.142758 0.36956500000000003 0.146588 0.36956500000000003 0.145543 0.365217
0 0.143802 0.357609 0.142409 0.355435 0.142409 0.365217 0.141713 0.36739099999999997 0.143454 0.36739099999999997 0.143802 0.357609