3 0.509053 0.5586960000000001 0.506964 0.5586960000000001 0.504526 0.563043 0.504178 0.572826 0.501741 0.578261 0.501741 0.580435 0.502089 0.578261 0.503482 0.5826089999999999 0.51915 0.588043 0.524025 0.58587 0.5254179999999999 0.588043 0.530989 0.58913 0.534123 0.58587 0.5351670000000001 0.581522 0.535515 0.5826089999999999 0.5365599999999999 0.579348 0.5383009999999999 0.579348 0.538649 0.573913 0.537604 0.570652 0.538649 0.569565 0.537256 0.569565 0.536908 0.565217 0.535515 0.563043 0.5348189999999999 0.559783 0.5330779999999999 0.5586960000000001 0.532382 0.56087 0.531337 0.56087 0.530292 0.557609 0.528203 0.536957 0.526811 0.5108699999999999 0.524373 0.483696 0.524025 0.468478 0.522632 0.453261 0.522632 0.441304 0.5212399999999999 0.43804299999999996 0.516017 0.43804299999999996 0.514972 0.46956499999999995 0.5121870000000001 0.509783 0.510794 0.546739 0.509053 0.5586960000000001
3 0.514624 0.426087 0.513231 0.431522 0.51149 0.431522 0.510097 0.43587 0.510097 0.44239100000000003 0.51149 0.44782599999999995 0.513928 0.45 0.514972 0.446739 0.514972 0.44021699999999997 0.516017 0.43695700000000004 0.522284 0.43695700000000004 0.5229809999999999 0.441304 0.5229809999999999 0.446739 0.524025 0.45 0.531337 0.45108699999999996 0.5330779999999999 0.446739 0.5330779999999999 0.443478 0.532033 0.43478300000000003 0.530292 0.42934799999999995 0.5271589999999999 0.42717400000000005 0.525766 0.407609 0.525766 0.395652 0.524025 0.38260900000000003 0.522632 0.353261 0.521588 0.35 0.51915 0.347826 0.5177579999999999 0.353261 0.5177579999999999 0.36847799999999997 0.515669 0.388043 0.514624 0.426087
3 0.48781299999999994 0.361957 0.487117 0.365217 0.48676899999999995 0.373913 0.485724 0.377174 0.48328699999999997 0.377174 0.48328699999999997 0.379348 0.482242 0.38152200000000003 0.48328699999999997 0.384783 0.48328699999999997 0.388043 0.48468 0.388043 0.485724 0.390217 0.49234 0.386957 0.49895500000000004 0.388043 0.49965200000000004 0.38587 0.5 0.38043499999999997 0.496518 0.370652 0.49268799999999996 0.31521699999999997 0.49094699999999997 0.313043 0.48955399999999993 0.31413 0.488858 0.321739 0.489206 0.326087 0.48851000000000006 0.331522 0.48781299999999994 0.361957
3 0.425836 0.35 0.423747 0.35108700000000004 0.423398 0.356522 0.424443 0.358696 0.435585 0.358696 0.43697800000000003 0.356522 0.43697800000000003 0.35108700000000004 0.435933 0.352174 0.434192 0.34565199999999996 0.431058 0.298913 0.42896900000000004 0.29782600000000004 0.427925 0.3 0.427925 0.320652 0.426532 0.346739 0.425836 0.35
3 0.232242 0.325 0.230153 0.328261 0.22980499999999998 0.330435 0.231894 0.331522 0.232242 0.333696 0.23851 0.333696 0.240251 0.331522 0.24129499999999998 0.328261 0.23885800000000001 0.320652 0.237813 0.313043 0.236769 0.296739 0.235724 0.293478 0.23433099999999998 0.293478 0.23328700000000002 0.296739 0.23363499999999998 0.30869599999999997 0.232591 0.31413 0.232242 0.325
3 0.42931800000000003 0.226087 0.42896900000000004 0.21739099999999997 0.427925 0.21739099999999997 0.42722800000000005 0.233696 0.43036199999999997 0.233696 0.43036199999999997 0.22934800000000002 0.42931800000000003 0.226087
1 0.8760450000000001 0.30978300000000003 0.8760450000000001 0.31521699999999997 0.875348 0.320652 0.875 0.333696 0.873259 0.35 0.871866 0.356522 0.871866 0.36086999999999997 0.87117 0.363043 0.869429 0.363043 0.868384 0.366304 0.868384 0.370652 0.869429 0.373913 0.875 0.373913 0.8760450000000001 0.377174 0.87883 0.379348 0.881267 0.379348 0.883008 0.377174 0.888231 0.377174 0.889972 0.371739 0.889972 0.36847799999999997 0.888231 0.36413 0.8861420000000001 0.363043 0.885446 0.35108700000000004 0.8844010000000001 0.343478 0.8844010000000001 0.331522 0.883357 0.325 0.883357 0.319565 0.882312 0.31630400000000003 0.881964 0.296739 0.880223 0.29239099999999996 0.8777860000000001 0.29239099999999996 0.876741 0.29565199999999997 0.875348 0.305435 0.875348 0.30869599999999997 0.8760450000000001 0.30978300000000003
1 0.722145 0.30978300000000003 0.7211000000000001 0.313043 0.719011 0.31413 0.719011 0.317391 0.718315 0.319565 0.7211000000000001 0.322826 0.735028 0.322826 0.7305010000000001 0.31087 0.729457 0.29782600000000004 0.729457 0.286957 0.728064 0.27934800000000004 0.728412 0.277174 0.727716 0.265217 0.7270190000000001 0.263043 0.72493 0.263043 0.723886 0.271739 0.723886 0.281522 0.722145 0.302174 0.722145 0.30978300000000003
1 0.598538 0.3 0.59993 0.302174 0.6051529999999999 0.301087 0.608635 0.303261 0.60968 0.3 0.6068939999999999 0.293478 0.6055010000000001 0.277174 0.604805 0.25543499999999997 0.604109 0.253261 0.602368 0.253261 0.601671 0.25543499999999997 0.600279 0.29239099999999996 0.598538 0.296739 0.598538 0.3
1 0.48851000000000006 0.28586999999999996 0.487465 0.290217 0.488162 0.29239099999999996 0.494777 0.293478 0.495125 0.28913 0.49373300000000003 0.282609 0.49303600000000003 0.267391 0.49234 0.26413000000000003 0.49199200000000004 0.253261 0.49094699999999997 0.252174 0.48955399999999993 0.25652200000000003 0.489206 0.275 0.48851000000000006 0.278261 0.48851000000000006 0.28586999999999996
1 0.37639300000000003 0.284783 0.375696 0.281522 0.375696 0.272826 0.374652 0.267391 0.373955 0.25652200000000003 0.372214 0.25652200000000003 0.370125 0.28913 0.377786 0.28913 0.377786 0.286957 0.37639300000000003 0.284783
1 0.329387 0.281522 0.32903899999999997 0.284783 0.337396 0.284783 0.337396 0.282609 0.335655 0.280435 0.334958 0.277174 0.333914 0.25652200000000003 0.333217 0.254348 0.331825 0.254348 0.331825 0.263043 0.33077999999999996 0.269565 0.33077999999999996 0.27934800000000004 0.329387 0.281522
1 0.322772 0.272826 0.322772 0.276087 0.329387 0.276087 0.329387 0.27391299999999996 0.327994 0.270652 0.327298 0.266304 0.327646 0.263043 0.326602 0.251087 0.324513 0.25 0.324513 0.25543499999999997 0.323816 0.25760900000000003 0.323816 0.267391 0.322772 0.272826
3 0.360376 0.641304 0.360028 0.646739 0.360724 0.653261 0.35968 0.657609 0.35933099999999996 0.680435 0.357591 0.68587 0.357591 0.693478 0.358287 0.697826 0.357591 0.703261 0.357591 0.7119570000000001 0.356546 0.718478 0.356546 0.732609 0.35585 0.733696 0.35585 0.757609 0.354805 0.7608699999999999 0.354457 0.784783 0.35375999999999996 0.7880429999999999 0.35167099999999996 0.790217 0.34992999999999996 0.794565 0.348886 0.794565 0.347145 0.798913 0.345404 0.807609 0.34435899999999997 0.809783 0.34435899999999997 0.815217 0.343315 0.818478 0.34052899999999997 0.8206519999999999 0.33669899999999997 0.8293480000000001 0.33669899999999997 0.832609 0.339136 0.8391299999999999 0.34052899999999997 0.8391299999999999 0.341226 0.841304 0.343315 0.841304 0.345404 0.844565 0.34992999999999996 0.844565 0.351323 0.846739 0.38509699999999997 0.846739 0.387187 0.841304 0.39032 0.8391299999999999 0.392758 0.833696 0.393802 0.833696 0.397632 0.828261 0.399025 0.8228260000000001 0.401114 0.818478 0.401114 0.8141299999999999 0.398677 0.808696 0.39832900000000004 0.8043480000000001 0.39449900000000004 0.790217 0.391713 0.786957 0.391365 0.784783 0.389972 0.784783 0.387187 0.7793479999999999 0.38509699999999997 0.778261 0.382312 0.754348 0.381964 0.7369570000000001 0.38126699999999997 0.734783 0.38022300000000003 0.7206520000000001 0.379178 0.7163039999999999 0.379178 0.7021740000000001 0.378134 0.698913 0.37743699999999997 0.682609 0.374652 0.661957 0.37360699999999997 0.643478 0.371866 0.63913 0.37117 0.634783 0.37117 0.6141300000000001 0.368384 0.608696 0.365251 0.608696 0.362465 0.6119570000000001 0.361072 0.617391 0.361072 0.63913 0.360376 0.641304
1 0.340877 0.263043 0.339485 0.25760900000000003 0.339136 0.248913 0.338092 0.24239099999999997 0.337047 0.24239099999999997 0.336351 0.263043 0.335655 0.266304 0.34052899999999997 0.266304 0.340877 0.263043
1 0.374652 0.252174 0.373955 0.251087 0.372911 0.24130400000000002 0.372911 0.23586999999999997 0.372214 0.232609 0.37117 0.232609 0.370822 0.25 0.36977699999999997 0.25543499999999997 0.374304 0.254348 0.374652 0.252174
1 0.415738 0.24130400000000002 0.415738 0.232609 0.414694 0.227174 0.414694 0.22391299999999997 0.413301 0.225 0.412953 0.24130400000000002 0.41190800000000005 0.24565199999999998 0.41713100000000003 0.24565199999999998 0.415738 0.24130400000000002
1 0.462047 0.233696 0.461003 0.231522 0.460306 0.218478 0.45891400000000004 0.216304 0.458565 0.230435 0.457521 0.236957 0.462047 0.23586999999999997 0.462047 0.233696
1 0.512535 0.22934800000000002 0.511142 0.22282600000000002 0.5104460000000001 0.209783 0.509401 0.209783 0.508705 0.211957 0.508705 0.226087 0.50766 0.22934800000000002 0.512535 0.22934800000000002
1 0.670265 0.21086999999999997 0.6692199999999999 0.211957 0.6692199999999999 0.21413000000000001 0.674095 0.21413000000000001 0.6733979999999999 0.21086999999999997 0.672702 0.19456500000000002 0.671657 0.19456500000000002 0.6709609999999999 0.20543499999999998 0.670265 0.20760900000000002 0.670265 0.21086999999999997
1 0.720752 0.20760900000000002 0.7193590000000001 0.203261 0.719011 0.18913 0.71727 0.18913 0.71727 0.197826 0.716574 0.20543499999999998 0.715529 0.20760900000000002 0.720752 0.20760900000000002
1 0.755919 0.197826 0.755571 0.18587 0.754178 0.183696 0.753482 0.196739 0.752089 0.20108700000000002 0.756964 0.20108700000000002 0.755919 0.197826
1 0.779596 0.19456500000000002 0.7788999999999999 0.19347799999999998 0.7788999999999999 0.182609 0.778203 0.179348 0.776811 0.179348 0.776462 0.19347799999999998 0.7754179999999999 0.196739 0.779596 0.196739 0.779596 0.19456500000000002
3 0.5696380000000001 0.213043 0.56929 0.202174 0.567897 0.20108700000000002 0.5672010000000001 0.21413000000000001 0.566156 0.216304 0.5706819999999999 0.216304 0.5696380000000001 0.213043
3 0.612465 0.213043 0.612465 0.21086999999999997 0.611421 0.20760900000000002 0.611421 0.197826 0.611072 0.195652 0.610376 0.195652 0.609331 0.20434800000000003 0.609331 0.21086999999999997 0.608635 0.213043 0.612465 0.213043
3 0.669916 0.190217 0.668175 0.191304 0.668175 0.202174 0.6674789999999999 0.20543499999999998 0.670613 0.20543499999999998 0.669916 0.190217
3 0.637883 0.192391 0.636838 0.192391 0.635794 0.209783 0.639624 0.209783 0.638579 0.20434800000000003 0.637883 0.192391
3 0.35585 0.322826 0.355153 0.338043 0.353412 0.341304 0.352368 0.341304 0.35201899999999997 0.34565199999999996 0.360376 0.346739 0.36351 0.34565199999999996 0.365251 0.343478 0.365599 0.341304 0.365251 0.33913000000000004 0.364206 0.33913000000000004 0.36351 0.336957 0.362813 0.331522 0.362465 0.322826 0.361072 0.31087 0.360724 0.29565199999999997 0.35968 0.29239099999999996 0.358287 0.29239099999999996 0.356894 0.3 0.356546 0.319565 0.35585 0.322826
3 0.190808 0.293478 0.190808 0.296739 0.197772 0.296739 0.197423 0.291304 0.196379 0.28913 0.195334 0.268478 0.192897 0.268478 0.192201 0.270652 0.192549 0.277174 0.191852 0.291304 0.190808 0.293478
3 0.362813 0.227174 0.362117 0.227174 0.361072 0.24565199999999998 0.364554 0.24565199999999998 0.363162 0.236957 0.362813 0.227174
1 0.620125 0.211957 0.619777 0.20108700000000002 0.618384 0.2 0.617688 0.21413000000000001 0.616643 0.218478 0.621518 0.219565 0.620125 0.211957
3 0.179318 0.31413 0.179318 0.317391 0.188022 0.317391 0.188022 0.311957 0.186281 0.30978300000000003 0.184192 0.282609 0.181755 0.282609 0.181058 0.290217 0.181058 0.303261 0.180362 0.31087 0.179318 0.31413
3 0.240599 0.277174 0.24617 0.277174 0.24617 0.27391299999999996 0.24512499999999998 0.271739 0.24477699999999997 0.26413000000000003 0.24373300000000003 0.259783 0.24373300000000003 0.253261 0.24234 0.253261 0.24234 0.266304 0.241643 0.269565 0.241643 0.27391299999999996 0.240599 0.277174
3 0.301184 0.25652200000000003 0.300487 0.253261 0.300139 0.24021699999999999 0.298398 0.24021699999999999 0.297006 0.259783 0.30188000000000004 0.259783 0.30188000000000004 0.25652200000000003 0.301184 0.25652200000000003
1 0.5504870000000001 0.221739 0.549791 0.206522 0.5483979999999999 0.20543499999999998 0.54805 0.220652 0.546657 0.225 0.551532 0.225 0.5504870000000001 0.221739
3 0.49791100000000005 0.20760900000000002 0.496866 0.20760900000000002 0.49617000000000006 0.22282600000000002 0.49930399999999997 0.22282600000000002 0.498259 0.219565 0.49791100000000005 0.20760900000000002