0 0.49094699999999997 0.7260869999999999 0.49025100000000005 0.731522 0.48851000000000006 0.76413 0.48851000000000006 0.777174 0.48781299999999994 0.781522 0.48607199999999995 0.808696 0.485724 0.821739 0.48502799999999996 0.8239129999999999 0.47876 0.8304349999999999 0.476323 0.836957 0.47492999999999996 0.844565 0.5288999999999999 0.845652 0.5288999999999999 0.832609 0.524721 0.8239129999999999 0.5198470000000001 0.8195650000000001 0.518802 0.815217 0.5121870000000001 0.734783 0.5121870000000001 0.729348 0.511142 0.7206520000000001 0.508008 0.671739 0.506616 0.6586960000000001 0.505571 0.6380429999999999 0.504875 0.633696 0.495474 0.633696 0.494081 0.640217 0.494081 0.655435 0.49129500000000004 0.705435 0.49094699999999997 0.7260869999999999
1 0.7301529999999999 0.45869600000000005 0.725975 0.46087 0.725975 0.471739 0.729457 0.47717400000000004 0.748955 0.47717400000000004 0.751741 0.470652 0.752089 0.463043 0.75 0.46195700000000006 0.7472139999999999 0.457609 0.745822 0.43478300000000003 0.744777 0.42717400000000005 0.741643 0.36413 0.736421 0.36413 0.735376 0.375 0.735028 0.392391 0.731198 0.45543500000000003 0.7301529999999999 0.45869600000000005
1 0.279944 0.481522 0.278203 0.48804299999999995 0.276462 0.48913 0.275766 0.49130399999999996 0.276114 0.49891300000000005 0.279596 0.502174 0.288997 0.502174 0.299095 0.49565200000000004 0.299095 0.484783 0.297702 0.48260899999999995 0.29596100000000003 0.48260899999999995 0.29422000000000004 0.47717400000000004 0.293524 0.465217 0.291783 0.45543500000000003 0.290738 0.444565 0.290042 0.426087 0.287953 0.39891299999999996 0.28481900000000004 0.397826 0.28273000000000004 0.4 0.282033 0.41304299999999994 0.281337 0.457609 0.28064100000000003 0.46087 0.279944 0.481522
1 0.067201 0.376087 0.067549 0.377174 0.074513 0.378261 0.075209 0.376087 0.076602 0.376087 0.077646 0.372826 0.077646 0.36847799999999997 0.076602 0.366304 0.076253 0.358696 0.075557 0.355435 0.075557 0.348913 0.074164 0.340217 0.074164 0.33260900000000004 0.072772 0.328261 0.071727 0.32934800000000003 0.070682 0.334783 0.069638 0.370652 0.067201 0.376087
1 0.135097 0.328261 0.135097 0.331522 0.136838 0.333696 0.142409 0.33260900000000004 0.143802 0.330435 0.143802 0.32717399999999996 0.141713 0.321739 0.139972 0.305435 0.139972 0.3 0.138928 0.296739 0.137883 0.296739 0.136838 0.306522 0.136838 0.319565 0.135794 0.32717399999999996 0.135097 0.328261
1 0.226323 0.298913 0.22493 0.293478 0.224582 0.286957 0.22284099999999998 0.275 0.22284099999999998 0.270652 0.22179700000000002 0.270652 0.220752 0.27934800000000004 0.220752 0.293478 0.21970800000000001 0.298913 0.226323 0.298913
1 0.31337000000000004 0.265217 0.313022 0.25543499999999997 0.31162999999999996 0.251087 0.310237 0.276087 0.314415 0.275 0.31511100000000003 0.272826 0.31337000000000004 0.265217
1 0.392758 0.251087 0.392758 0.24565199999999998 0.392061 0.243478 0.391713 0.23586999999999997 0.39066900000000004 0.23586999999999997 0.389972 0.254348 0.388928 0.258696 0.39449900000000004 0.258696 0.392758 0.251087
1 0.495474 0.225 0.494777 0.220652 0.494081 0.220652 0.49234 0.24239099999999997 0.497563 0.24239099999999997 0.49617000000000006 0.238043 0.495474 0.225
1 0.600279 0.225 0.5995820000000001 0.21086999999999997 0.598538 0.21086999999999997 0.5978410000000001 0.227174 0.596797 0.232609 0.602368 0.231522 0.600279 0.225
1 0.6995129999999999 0.227174 0.697423 0.220652 0.696727 0.20543499999999998 0.6956819999999999 0.20543499999999998 0.694986 0.208696 0.69429 0.22282600000000002 0.692897 0.228261 0.6995129999999999 0.227174
1 0.7924789999999999 0.228261 0.797006 0.227174 0.797702 0.221739 0.797702 0.21413000000000001 0.796309 0.20108700000000002 0.795613 0.20108700000000002 0.794568 0.208696 0.7942199999999999 0.22282600000000002 0.7924789999999999 0.228261
1 0.884749 0.23586999999999997 0.892409 0.23478300000000002 0.89032 0.22934800000000002 0.8892760000000001 0.20543499999999998 0.888579 0.202174 0.887535 0.202174 0.8861420000000001 0.215217 0.885794 0.228261 0.884053 0.233696 0.884749 0.23586999999999997
3 0.80188 0.313043 0.8015319999999999 0.317391 0.8029249999999999 0.320652 0.815808 0.318478 0.8165039999999999 0.317391 0.8165039999999999 0.31413 0.8154600000000001 0.31087 0.8130219999999999 0.30869599999999997 0.8102370000000001 0.263043 0.8077989999999999 0.26087 0.8064069999999999 0.272826 0.8064069999999999 0.281522 0.804318 0.30978300000000003 0.80188 0.313043
3 0.623259 0.341304 0.623259 0.348913 0.622563 0.353261 0.620822 0.354348 0.619429 0.363043 0.628134 0.363043 0.631267 0.36086999999999997 0.635097 0.361957 0.636142 0.359783 0.636142 0.356522 0.635097 0.353261 0.633357 0.352174 0.63266 0.348913 0.631616 0.326087 0.62883 0.293478 0.627089 0.293478 0.626045 0.296739 0.625696 0.30978300000000003 0.623259 0.341304
3 0.420265 0.371739 0.41922 0.371739 0.418175 0.375 0.418175 0.378261 0.41922 0.38152200000000003 0.432799 0.38043499999999997 0.43454 0.376087 0.43454 0.372826 0.433496 0.36956500000000003 0.43071000000000004 0.36847799999999997 0.43071000000000004 0.361957 0.42896900000000004 0.344565 0.427577 0.321739 0.426184 0.313043 0.425139 0.313043 0.423398 0.319565 0.42305000000000004 0.33587 0.420961 0.36956500000000003 0.420265 0.371739
3 0.283774 0.361957 0.28273000000000004 0.366304 0.285167 0.36847799999999997 0.28830100000000003 0.36847799999999997 0.296657 0.363043 0.295613 0.358696 0.293524 0.356522 0.293175 0.346739 0.29213100000000003 0.340217 0.29213100000000003 0.33587 0.289694 0.313043 0.287953 0.311957 0.286908 0.31521699999999997 0.286908 0.32934800000000003 0.285167 0.36086999999999997 0.283774 0.361957
3 0.24199199999999998 0.343478 0.250348 0.33913000000000004 0.247911 0.33260900000000004 0.247214 0.328261 0.24477699999999997 0.29782600000000004 0.24303599999999997 0.29782600000000004 0.24199199999999998 0.305435 0.241643 0.333696 0.23920599999999997 0.341304 0.24199199999999998 0.343478
3 0.255571 0.31413 0.255571 0.31630400000000003 0.263231 0.317391 0.264624 0.31521699999999997 0.264624 0.313043 0.262883 0.30869599999999997 0.262187 0.304348 0.261838 0.294565 0.260794 0.290217 0.260794 0.283696 0.259749 0.280435 0.258705 0.280435 0.25766 0.283696 0.25766 0.301087 0.256964 0.30978300000000003 0.255571 0.31413
3 0.300836 0.29565199999999997 0.308148 0.29239099999999996 0.306407 0.281522 0.30571000000000004 0.270652 0.304666 0.26413000000000003 0.30362100000000003 0.26413000000000003 0.302925 0.268478 0.302925 0.27934800000000004 0.300836 0.29565199999999997
3 0.361769 0.276087 0.36594699999999997 0.277174 0.369081 0.275 0.366992 0.268478 0.36594699999999997 0.25 0.364554 0.248913 0.363858 0.253261 0.364206 0.263043 0.363162 0.271739 0.361769 0.276087
3 0.423747 0.26413000000000003 0.427577 0.263043 0.427925 0.26087 0.426532 0.25652200000000003 0.425836 0.243478 0.425139 0.23913 0.424095 0.23913 0.423398 0.244565 0.42305000000000004 0.25760900000000003 0.422006 0.261957 0.423747 0.26413000000000003
3 0.506267 0.244565 0.505223 0.227174 0.504178 0.227174 0.503482 0.243478 0.502437 0.25 0.50766 0.25 0.506267 0.244565
3 0.588788 0.23586999999999997 0.587744 0.218478 0.5866990000000001 0.218478 0.586003 0.236957 0.584958 0.24239099999999997 0.5901810000000001 0.24130400000000002 0.588788 0.23586999999999997
3 0.665042 0.236957 0.663649 0.228261 0.6633009999999999 0.21413000000000001 0.661908 0.213043 0.6615599999999999 0.230435 0.659471 0.24021699999999999 0.664694 0.24021699999999999 0.665042 0.236957
3 0.737465 0.23478300000000002 0.736072 0.211957 0.735028 0.211957 0.73468 0.227174 0.732591 0.24021699999999999 0.738858 0.24021699999999999 0.737465 0.23478300000000002
3 0.797006 0.24021699999999999 0.795265 0.24673899999999999 0.795265 0.248913 0.802577 0.248913 0.8032730000000001 0.24782600000000002 0.8032730000000001 0.24565199999999998 0.802228 0.24565199999999998 0.8015319999999999 0.243478 0.8004870000000001 0.230435 0.8004870000000001 0.220652 0.799791 0.215217 0.798747 0.215217 0.79805 0.21739099999999997 0.79805 0.232609 0.797006 0.23478300000000002 0.797006 0.24021699999999999
0 0.895891 0.225 0.895891 0.220652 0.8948470000000001 0.216304 0.89415 0.198913 0.892409 0.197826 0.891713 0.213043 0.8910170000000001 0.21739099999999997 0.8910170000000001 0.225 0.895891 0.225
0 0.9049440000000001 0.21086999999999997 0.9056409999999999 0.209783 0.9056409999999999 0.206522 0.9042479999999999 0.197826 0.9042479999999999 0.18695699999999998 0.902507 0.18695699999999998 0.9021589999999999 0.202174 0.900766 0.20760900000000002 0.900766 0.21086999999999997 0.9049440000000001 0.21086999999999997
0 0.907033 0.2 0.910515 0.2 0.9112120000000001 0.197826 0.909819 0.179348 0.9091229999999999 0.179348 0.9084260000000001 0.191304 0.907033 0.196739 0.907033 0.2
0 0.9164350000000001 0.190217 0.91539 0.18587 0.915042 0.173913 0.914345 0.173913 0.913649 0.177174 0.912256 0.190217 0.9164350000000001 0.190217
0 0.939415 0.173913 0.9387190000000001 0.171739 0.9366300000000001 0.190217 0.940808 0.190217 0.9397629999999999 0.183696 0.939415 0.173913
1 0.077298 0.406522 0.07694999999999999 0.42934799999999995 0.075209 0.43478300000000003 0.073816 0.43587 0.073816 0.43913 0.074513 0.44021699999999997 0.083217 0.43913 0.08843999999999999 0.43587 0.090877 0.431522 0.09226999999999999 0.431522 0.091226 0.428261 0.089136 0.428261 0.08843999999999999 0.426087 0.08843999999999999 0.422826 0.086003 0.407609 0.086003 0.40217400000000003 0.08460999999999999 0.391304 0.083565 0.373913 0.08182500000000001 0.36847799999999997 0.080084 0.36847799999999997 0.078691 0.375 0.077994 0.40108699999999997 0.077298 0.406522
3 0.842967 0.25760900000000003 0.841922 0.26087 0.841226 0.26087 0.8415739999999999 0.263043 0.8457520000000001 0.26413000000000003 0.847145 0.24239099999999997 0.8478410000000001 0.23913 0.8478410000000001 0.231522 0.8467969999999999 0.226087 0.8467969999999999 0.22282600000000002 0.845404 0.22391299999999997 0.8443590000000001 0.243478 0.8433149999999999 0.24782600000000002 0.842967 0.25760900000000003
3 0.8621169999999999 0.282609 0.8607239999999999 0.282609 0.85968 0.280435 0.857242 0.24130400000000002 0.856546 0.238043 0.8551529999999999 0.238043 0.854805 0.253261 0.857591 0.28586999999999996 0.8621169999999999 0.286957 0.8621169999999999 0.282609
2 0.847145 0.253261 0.8461000000000001 0.26087 0.8461000000000001 0.270652 0.844708 0.282609 0.842967 0.286957 0.842967 0.291304 0.8436629999999999 0.293478 0.856198 0.293478 0.858287 0.28913 0.8568939999999999 0.283696 0.856546 0.275 0.854805 0.258696 0.854457 0.24782600000000002 0.853064 0.238043 0.852368 0.21413000000000001 0.849234 0.213043 0.848189 0.221739 0.848189 0.23913 0.847493 0.24239099999999997 0.847145 0.253261
4 0.9331480000000001 0.18152200000000002 0.9327989999999999 0.171739 0.93071 0.18043499999999998 0.93071 0.183696 0.932451 0.184783 0.9331480000000001 0.18152200000000002
2 0.8551529999999999 0.236957 0.856546 0.236957 0.857939 0.243478 0.857939 0.25 0.8586349999999999 0.254348 0.860028 0.27934800000000004 0.8638579999999999 0.280435 0.8638579999999999 0.277174 0.8621169999999999 0.275 0.861769 0.265217 0.8607239999999999 0.258696 0.8603759999999999 0.24021699999999999 0.8593310000000001 0.233696 0.8589829999999999 0.21413000000000001 0.858287 0.213043 0.858287 0.208696 0.857591 0.206522 0.85585 0.206522 0.854109 0.22934800000000002 0.85376 0.24130400000000002 0.854457 0.24239099999999997 0.8551529999999999 0.236957