3 0.6037600000000001 0.61087 0.603064 0.6141300000000001 0.603064 0.620652 0.6020190000000001 0.629348 0.6020190000000001 0.6358699999999999 0.600279 0.656522 0.600627 0.671739 0.598886 0.688043 0.5974929999999999 0.7119570000000001 0.596797 0.715217 0.593663 0.715217 0.5898329999999999 0.7206520000000001 0.588092 0.727174 0.587744 0.73587 0.587047 0.738043 0.5821729999999999 0.738043 0.580084 0.741304 0.578343 0.747826 0.581476 0.753261 0.59227 0.7630429999999999 0.598886 0.771739 0.601323 0.771739 0.603412 0.768478 0.6068939999999999 0.766304 0.614903 0.765217 0.623955 0.766304 0.62883 0.770652 0.643454 0.753261 0.643454 0.747826 0.639972 0.7445649999999999 0.637883 0.7391300000000001 0.636838 0.7391300000000001 0.635794 0.734783 0.635097 0.7260869999999999 0.630919 0.717391 0.626741 0.715217 0.625348 0.704348 0.624304 0.678261 0.622911 0.6673910000000001 0.62117 0.6380429999999999 0.620822 0.620652 0.620125 0.616304 0.619429 0.592391 0.617688 0.572826 0.616643 0.548913 0.615599 0.545652 0.608635 0.545652 0.6072420000000001 0.55 0.6051529999999999 0.590217 0.604457 0.594565 0.6037600000000001 0.61087
0 0.167827 0.411957 0.16434500000000002 0.41630399999999995 0.165042 0.422826 0.166086 0.425 0.177577 0.425 0.183844 0.41956499999999997 0.183844 0.41086999999999996 0.182103 0.409783 0.180014 0.40108699999999997 0.177577 0.36739099999999997 0.176532 0.363043 0.174791 0.344565 0.170613 0.343478 0.170265 0.370652 0.16921999999999998 0.38260900000000003 0.168872 0.407609 0.167827 0.411957
0 0.05501399999999999 0.347826 0.058496000000000006 0.348913 0.06928999999999999 0.344565 0.06928999999999999 0.341304 0.065808 0.33587 0.06545999999999999 0.32717399999999996 0.063022 0.302174 0.061978 0.29782600000000004 0.060585 0.29782600000000004 0.05954 0.301087 0.058148 0.340217 0.05501399999999999 0.344565 0.05501399999999999 0.347826
0 0.14136500000000002 0.28913 0.139972 0.293478 0.139276 0.293478 0.139276 0.29565199999999997 0.144847 0.29565199999999997 0.148677 0.29239099999999996 0.145891 0.28586999999999996 0.144847 0.265217 0.143802 0.258696 0.142758 0.258696 0.142409 0.26087 0.142061 0.280435 0.14136500000000002 0.28913
0 0.181755 0.28913 0.19046000000000002 0.28913 0.190808 0.286957 0.18836999999999998 0.281522 0.188022 0.272826 0.18663000000000002 0.263043 0.18663000000000002 0.25652200000000003 0.185237 0.254348 0.18453999999999998 0.259783 0.184192 0.27934800000000004 0.183496 0.284783 0.181755 0.28913
0 0.232242 0.320652 0.233983 0.322826 0.239554 0.322826 0.24268800000000001 0.318478 0.244429 0.318478 0.24129499999999998 0.31087 0.24129499999999998 0.302174 0.23851 0.276087 0.236072 0.276087 0.23502800000000001 0.313043 0.23363499999999998 0.317391 0.232242 0.318478 0.232242 0.320652
0 0.23328700000000002 0.282609 0.23328700000000002 0.280435 0.231894 0.280435 0.230153 0.275 0.22980499999999998 0.25652200000000003 0.229109 0.25543499999999997 0.228412 0.248913 0.22736800000000001 0.248913 0.22667099999999998 0.275 0.22388599999999997 0.282609 0.228412 0.284783 0.23328700000000002 0.282609
4 0.206128 0.265217 0.205084 0.258696 0.204039 0.24239099999999997 0.203343 0.24239099999999997 0.203343 0.248913 0.201602 0.267391 0.205084 0.268478 0.206128 0.265217
0 0.260794 0.278261 0.268802 0.278261 0.26915 0.276087 0.268454 0.276087 0.266365 0.268478 0.266017 0.258696 0.264624 0.24565199999999998 0.263579 0.24565199999999998 0.262535 0.25652200000000003 0.262187 0.27391299999999996 0.260794 0.278261
4 0.293175 0.26087 0.291783 0.252174 0.290738 0.23586999999999997 0.289345 0.236957 0.288649 0.258696 0.287604 0.261957 0.293175 0.26087
4 0.35968 0.219565 0.358983 0.219565 0.358983 0.227174 0.357939 0.24021699999999999 0.361072 0.24021699999999999 0.35968 0.219565
4 0.9213089999999999 0.209783 0.923398 0.20760900000000002 0.9227019999999999 0.190217 0.9216570000000001 0.183696 0.9195679999999999 0.20434800000000003 0.918524 0.20760900000000002 0.918872 0.209783 0.9213089999999999 0.209783
4 0.853412 0.21739099999999997 0.8568939999999999 0.21739099999999997 0.857242 0.215217 0.856198 0.20760900000000002 0.856198 0.196739 0.855501 0.192391 0.854109 0.20108700000000002 0.85376 0.211957 0.853064 0.216304 0.853412 0.21739099999999997
4 0.647632 0.191304 0.646588 0.20760900000000002 0.649373 0.20760900000000002 0.648329 0.191304 0.647632 0.191304
4 0.545613 0.196739 0.544568 0.213043 0.547354 0.213043 0.546309 0.196739 0.545613 0.196739
4 0.447423 0.21413000000000001 0.446727 0.20760900000000002 0.44603099999999996 0.206522 0.44463800000000003 0.22391299999999997 0.448468 0.22391299999999997 0.447423 0.220652 0.447423 0.21413000000000001
4 0.754875 0.209783 0.75383 0.196739 0.75383 0.18913 0.753134 0.18913 0.751393 0.20434800000000003 0.751393 0.209783 0.754875 0.209783
4 0.308844 0.231522 0.307799 0.225 0.307103 0.228261 0.306407 0.23913 0.309192 0.23913 0.308844 0.231522
4 0.41922 0.20434800000000003 0.418524 0.20760900000000002 0.418175 0.219565 0.420613 0.219565 0.41922 0.20434800000000003
4 0.54039 0.190217 0.538997 0.20108700000000002 0.538997 0.20760900000000002 0.541086 0.20760900000000002 0.54039 0.190217
4 0.662953 0.20108700000000002 0.666086 0.20108700000000002 0.664694 0.183696 0.662953 0.20108700000000002
4 0.7983979999999999 0.202174 0.8004870000000001 0.202174 0.799791 0.182609 0.799095 0.183696 0.799095 0.18913 0.79805 0.197826 0.7983979999999999 0.202174