3 0.22005599999999997 0.728261 0.217618 0.729348 0.21413600000000002 0.734783 0.212744 0.740217 0.212047 0.75 0.207173 0.7608699999999999 0.24512499999999998 0.7608699999999999 0.24930400000000003 0.753261 0.250348 0.748913 0.255571 0.738043 0.255571 0.73587 0.253134 0.73587 0.25243699999999997 0.733696 0.252089 0.728261 0.250696 0.723913 0.24651800000000001 0.722826 0.24582199999999998 0.7206520000000001 0.23537599999999997 0.594565 0.23328700000000002 0.592391 0.22980499999999998 0.592391 0.228064 0.594565 0.22005599999999997 0.728261
3 0.358287 0.517391 0.357939 0.525 0.357242 0.527174 0.375696 0.527174 0.377786 0.5195649999999999 0.37639300000000003 0.515217 0.374304 0.515217 0.373259 0.509783 0.371866 0.48804299999999995 0.37117 0.484783 0.370125 0.463043 0.369429 0.45869600000000005 0.369081 0.446739 0.366643 0.44565200000000005 0.365599 0.44782599999999995 0.361769 0.511957 0.361072 0.515217 0.358287 0.517391
3 0.410515 0.443478 0.421657 0.443478 0.421657 0.44021699999999997 0.420265 0.43913 0.41956800000000005 0.43587 0.417479 0.397826 0.416783 0.394565 0.415042 0.394565 0.41434499999999996 0.39891299999999996 0.41190800000000005 0.43804299999999996 0.410515 0.44021699999999997 0.410515 0.443478
3 0.442201 0.40108699999999997 0.440808 0.396739 0.439067 0.36847799999999997 0.437326 0.36847799999999997 0.435585 0.396739 0.434192 0.404348 0.442201 0.404348 0.442201 0.40108699999999997
3 0.450557 0.38043499999999997 0.456476 0.38043499999999997 0.456476 0.378261 0.45543199999999995 0.375 0.454735 0.358696 0.454039 0.354348 0.452994 0.353261 0.452298 0.357609 0.451253 0.377174 0.450557 0.378261 0.450557 0.38043499999999997
3 0.464136 0.358696 0.463788 0.346739 0.462744 0.343478 0.461699 0.361957 0.46065500000000004 0.366304 0.465181 0.366304 0.464136 0.358696
3 0.470404 0.352174 0.469359 0.336957 0.468663 0.336957 0.46831500000000004 0.347826 0.466922 0.355435 0.471448 0.355435 0.470404 0.352174
3 0.503482 0.334783 0.502437 0.331522 0.501045 0.347826 0.504178 0.347826 0.503482 0.342391 0.503482 0.334783
1 0.932451 0.758696 0.9317550000000001 0.759783 0.9282730000000001 0.806522 0.92688 0.808696 0.9244429999999999 0.808696 0.920265 0.8119569999999999 0.917827 0.817391 0.917131 0.8228260000000001 0.9094709999999999 0.825 0.919916 0.846739 0.950905 0.846739 0.950905 0.65 0.9502090000000001 0.6489130000000001 0.941156 0.647826 0.937674 0.7021740000000001 0.934192 0.73587 0.932451 0.758696
1 0.6754870000000001 0.5054350000000001 0.671657 0.5108699999999999 0.6709609999999999 0.516304 0.674791 0.521739 0.692897 0.520652 0.692897 0.518478 0.691504 0.516304 0.691156 0.5108699999999999 0.6887190000000001 0.508696 0.687674 0.504348 0.683844 0.43913 0.680014 0.43913 0.678969 0.44782599999999995 0.677925 0.468478 0.676184 0.484783 0.6754870000000001 0.5054350000000001
1 0.6128129999999999 0.43587 0.612465 0.44021699999999997 0.624304 0.44021699999999997 0.624304 0.43695700000000004 0.622911 0.43478300000000003 0.6222139999999999 0.431522 0.619429 0.390217 0.617688 0.38913000000000003 0.615947 0.40543500000000005 0.614903 0.431522 0.614206 0.43478300000000003 0.6128129999999999 0.43587
1 0.579735 0.40108699999999997 0.588788 0.40108699999999997 0.5866990000000001 0.395652 0.585306 0.36739099999999997 0.58461 0.365217 0.583565 0.365217 0.582869 0.36956500000000003 0.581476 0.395652 0.579735 0.39891299999999996 0.579735 0.40108699999999997
1 0.567897 0.375 0.566852 0.373913 0.5654600000000001 0.352174 0.564415 0.35108700000000004 0.562674 0.371739 0.56163 0.378261 0.567897 0.378261 0.567897 0.375
1 0.556407 0.34565199999999996 0.555014 0.343478 0.552925 0.365217 0.5577989999999999 0.365217 0.556407 0.352174 0.556407 0.34565199999999996
1 0.5612809999999999 0.33587 0.5595399999999999 0.355435 0.56337 0.355435 0.562326 0.33587 0.5612809999999999 0.33587
1 0.868036 0.463043 0.8673400000000001 0.468478 0.883357 0.470652 0.8844010000000001 0.468478 0.8844010000000001 0.465217 0.883008 0.46087 0.881616 0.46087 0.8809189999999999 0.457609 0.8774369999999999 0.407609 0.876741 0.40543500000000005 0.874652 0.40543500000000005 0.8739549999999999 0.407609 0.8708220000000001 0.456522 0.869429 0.46195700000000006 0.868036 0.463043
1 0.8325210000000001 0.418478 0.832173 0.421739 0.8433149999999999 0.422826 0.8443590000000001 0.41956499999999997 0.8426180000000001 0.417391 0.841922 0.41413 0.839485 0.376087 0.837744 0.375 0.836699 0.383696 0.834958 0.41304299999999994 0.833914 0.417391 0.8325210000000001 0.418478
1 0.835655 0.393478 0.836003 0.38913000000000003 0.8353059999999999 0.38913000000000003 0.8342620000000001 0.384783 0.832869 0.358696 0.832173 0.355435 0.831476 0.355435 0.8304320000000001 0.359783 0.8286910000000001 0.38913000000000003 0.8272980000000001 0.392391 0.835655 0.393478
1 0.841226 0.373913 0.8485379999999999 0.373913 0.846448 0.36739099999999997 0.846448 0.355435 0.8450559999999999 0.343478 0.8443590000000001 0.343478 0.842967 0.355435 0.8426180000000001 0.36739099999999997 0.841226 0.371739 0.841226 0.373913
1 0.830084 0.359783 0.831476 0.354348 0.832173 0.354348 0.833217 0.359783 0.833914 0.359783 0.833914 0.357609 0.833217 0.356522 0.831825 0.336957 0.830084 0.346739 0.829735 0.355435 0.8286910000000001 0.359783 0.830084 0.359783
1 0.809192 0.334783 0.8081480000000001 0.331522 0.805362 0.352174 0.8112809999999999 0.352174 0.8102370000000001 0.348913 0.809192 0.334783
1 0.587396 0.33913000000000004 0.586003 0.33260900000000004 0.585306 0.343478 0.5842620000000001 0.348913 0.588092 0.348913 0.587396 0.33913000000000004
3 0.5501389999999999 0.336957 0.5501389999999999 0.32934800000000003 0.549095 0.328261 0.548747 0.336957 0.547702 0.343478 0.551184 0.343478 0.5501389999999999 0.336957
3 0.614206 0.338043 0.61351 0.32717399999999996 0.6128129999999999 0.325 0.612117 0.336957 0.611421 0.340217 0.614903 0.340217 0.614206 0.338043
3 0.6869780000000001 0.330435 0.6869780000000001 0.325 0.6862809999999999 0.323913 0.685585 0.334783 0.6845399999999999 0.33913000000000004 0.68837 0.33913000000000004 0.6869780000000001 0.330435
3 0.768454 0.322826 0.7677579999999999 0.322826 0.767061 0.336957 0.766365 0.33913000000000004 0.7698470000000001 0.33913000000000004 0.768454 0.322826
3 0.8307800000000001 0.341304 0.831128 0.33587 0.830084 0.326087 0.829387 0.32717399999999996 0.8286910000000001 0.336957 0.827646 0.342391 0.8307800000000001 0.341304
3 0.896588 0.346739 0.895543 0.331522 0.894499 0.32934800000000003 0.893454 0.34565199999999996 0.892409 0.35 0.897284 0.35 0.896588 0.346739
1 0.772284 0.32717399999999996 0.771588 0.32717399999999996 0.7712399999999999 0.338043 0.770195 0.34565199999999996 0.773677 0.34565199999999996 0.772284 0.32717399999999996
1 0.700557 0.32717399999999996 0.699164 0.344565 0.702646 0.344565 0.7016020000000001 0.330435 0.700557 0.32717399999999996
1 0.64032 0.340217 0.639624 0.32934800000000003 0.638928 0.32934800000000003 0.638231 0.342391 0.637535 0.34565199999999996 0.641365 0.34565199999999996 0.64032 0.340217