1 0.5919220000000001 0.845652 0.59227 0.841304 0.591574 0.825 0.591574 0.784783 0.590529 0.781522 0.587744 0.778261 0.578343 0.777174 0.577298 0.781522 0.5766020000000001 0.8043480000000001 0.573468 0.844565 0.5919220000000001 0.845652
1 0.44428999999999996 0.49130399999999996 0.443593 0.507609 0.442897 0.511957 0.442897 0.518478 0.441852 0.521739 0.44011100000000003 0.544565 0.439067 0.548913 0.435585 0.548913 0.43488899999999997 0.551087 0.43488899999999997 0.5663039999999999 0.435237 0.568478 0.437326 0.570652 0.45891400000000004 0.572826 0.462047 0.571739 0.46344 0.567391 0.462744 0.556522 0.461003 0.551087 0.458565 0.55 0.457521 0.5423910000000001 0.45717299999999994 0.527174 0.456128 0.517391 0.455084 0.467391 0.45369099999999996 0.446739 0.448468 0.446739 0.44777199999999995 0.448913 0.44603099999999996 0.468478 0.445334 0.484783 0.44428999999999996 0.49130399999999996
1 0.496518 0.417391 0.495125 0.431522 0.494081 0.43478300000000003 0.49199200000000004 0.43478300000000003 0.49094699999999997 0.43804299999999996 0.49094699999999997 0.441304 0.49303600000000003 0.44565200000000005 0.503134 0.44782599999999995 0.508008 0.446739 0.509053 0.443478 0.509053 0.44021699999999997 0.508008 0.43695700000000004 0.506267 0.43587 0.505223 0.418478 0.504526 0.417391 0.504178 0.394565 0.503134 0.392391 0.503482 0.372826 0.502089 0.36847799999999997 0.500348 0.36847799999999997 0.49930399999999997 0.371739 0.49860699999999997 0.392391 0.497563 0.395652 0.496518 0.417391
1 0.581825 0.393478 0.581128 0.396739 0.579735 0.397826 0.578691 0.40108699999999997 0.5807800000000001 0.404348 0.584958 0.406522 0.591574 0.40543500000000005 0.592618 0.403261 0.5898329999999999 0.396739 0.5898329999999999 0.390217 0.589136 0.38587 0.588788 0.359783 0.588092 0.358696 0.5884400000000001 0.35108700000000004 0.587396 0.347826 0.586351 0.347826 0.585306 0.35108700000000004 0.5842620000000001 0.366304 0.582869 0.376087 0.581825 0.393478
1 0.6845399999999999 0.376087 0.683844 0.378261 0.683148 0.388043 0.681755 0.38913000000000003 0.681407 0.391304 0.682103 0.393478 0.685933 0.395652 0.692549 0.395652 0.692549 0.393478 0.690808 0.390217 0.6904600000000001 0.38152200000000003 0.689415 0.379348 0.689763 0.36956500000000003 0.689067 0.361957 0.689067 0.352174 0.6880219999999999 0.348913 0.6869780000000001 0.348913 0.685933 0.352174 0.685933 0.359783 0.6845399999999999 0.36956500000000003 0.6845399999999999 0.376087
1 0.794916 0.394565 0.7924789999999999 0.40217400000000003 0.796657 0.40543500000000005 0.8032730000000001 0.40543500000000005 0.8029249999999999 0.40217400000000003 0.800836 0.395652 0.799791 0.365217 0.799095 0.361957 0.79805 0.361957 0.797006 0.365217 0.797006 0.371739 0.795613 0.38152200000000003 0.794916 0.394565
1 0.9296659999999999 0.425 0.9296659999999999 0.428261 0.932103 0.431522 0.9415039999999999 0.430435 0.9397629999999999 0.425 0.9397629999999999 0.41956499999999997 0.9383699999999999 0.407609 0.9380219999999999 0.388043 0.9369780000000001 0.38587 0.935585 0.38587 0.9345399999999999 0.390217 0.9327989999999999 0.415217 0.9317550000000001 0.422826 0.9296659999999999 0.425
3 0.06545999999999999 0.494565 0.066852 0.49130399999999996 0.06337000000000001 0.48913 0.062674 0.48695700000000003 0.062674 0.483696 0.06163 0.481522 0.058843999999999994 0.481522 0.056058 0.478261 0.05571 0.46413000000000004 0.054666000000000006 0.454348 0.053620999999999995 0.431522 0.050487000000000004 0.40108699999999997 0.050487000000000004 0.393478 0.049443 0.386957 0.049443 0.38260900000000003 0.048747 0.38043499999999997 0.048747 0.504348 0.049443 0.5054350000000001 0.05501399999999999 0.5 0.06545999999999999 0.494565
3 0.281685 0.376087 0.281685 0.379348 0.283426 0.38043499999999997 0.283774 0.38260900000000003 0.293175 0.38260900000000003 0.295613 0.38152200000000003 0.297702 0.378261 0.297006 0.373913 0.293524 0.372826 0.293524 0.34565199999999996 0.292827 0.342391 0.291783 0.320652 0.290738 0.31521699999999997 0.289345 0.31630400000000003 0.286212 0.342391 0.285167 0.370652 0.281685 0.376087
3 0.445334 0.344565 0.442201 0.35 0.442201 0.352174 0.453343 0.352174 0.451602 0.346739 0.451602 0.331522 0.450905 0.32717399999999996 0.45020899999999997 0.30869599999999997 0.44951299999999994 0.305435 0.448468 0.305435 0.447423 0.31087 0.44568199999999997 0.328261 0.445334 0.344565
3 0.593315 0.353261 0.594011 0.35 0.592618 0.34565199999999996 0.591574 0.317391 0.590877 0.313043 0.5898329999999999 0.313043 0.588092 0.328261 0.587396 0.34565199999999996 0.589136 0.353261 0.593315 0.353261
3 0.7270190000000001 0.34565199999999996 0.726671 0.357609 0.725627 0.359783 0.7245820000000001 0.366304 0.732939 0.366304 0.732939 0.36413 0.731546 0.359783 0.731546 0.346739 0.729805 0.331522 0.7287600000000001 0.331522 0.728064 0.33587 0.728064 0.340217 0.7270190000000001 0.34565199999999996
3 0.885446 0.391304 0.8861420000000001 0.395652 0.8931060000000001 0.394565 0.8931060000000001 0.392391 0.892061 0.38913000000000003 0.891713 0.36956500000000003 0.89032 0.361957 0.8889279999999999 0.363043 0.8878830000000001 0.370652 0.887187 0.383696 0.885446 0.391304
0 0.8743040000000001 0.366304 0.8743040000000001 0.36847799999999997 0.882312 0.36956500000000003 0.880223 0.363043 0.880223 0.352174 0.879526 0.342391 0.8777860000000001 0.343478 0.8774369999999999 0.348913 0.876393 0.353261 0.8760450000000001 0.363043 0.8743040000000001 0.366304
4 0.8638579999999999 0.33260900000000004 0.863162 0.33260900000000004 0.8610720000000001 0.35 0.865251 0.35 0.8638579999999999 0.33260900000000004
4 0.8119780000000001 0.325 0.810585 0.326087 0.808844 0.344565 0.8130219999999999 0.344565 0.8119780000000001 0.325
4 0.753482 0.307609 0.7527860000000001 0.305435 0.751045 0.31521699999999997 0.750696 0.322826 0.754178 0.322826 0.753482 0.307609
4 0.7270190000000001 0.322826 0.725975 0.304348 0.725279 0.304348 0.723538 0.317391 0.723538 0.322826 0.7270190000000001 0.322826
4 0.087396 0.269565 0.09609999999999999 0.270652 0.096797 0.269565 0.095404 0.268478 0.094708 0.26413000000000003 0.094359 0.252174 0.092967 0.24021699999999999 0.092967 0.23586999999999997 0.091922 0.23586999999999997 0.090877 0.24239099999999997 0.090529 0.25652200000000003 0.089136 0.265217 0.087396 0.269565
4 0.176184 0.251087 0.175139 0.231522 0.174095 0.22934800000000002 0.172006 0.25543499999999997 0.17687999999999998 0.25543499999999997 0.17687999999999998 0.252174 0.176184 0.251087
4 0.23433099999999998 0.291304 0.24094699999999997 0.291304 0.23885800000000001 0.259783 0.237813 0.259783 0.23711700000000002 0.263043 0.235724 0.283696 0.23433099999999998 0.291304
4 0.232242 0.244565 0.23154599999999997 0.231522 0.23085 0.227174 0.230153 0.227174 0.22945700000000002 0.238043 0.228412 0.24130400000000002 0.228412 0.244565 0.232242 0.244565
4 0.264276 0.226087 0.263579 0.22282600000000002 0.262883 0.22391299999999997 0.261838 0.238043 0.264972 0.236957 0.264276 0.226087
4 0.294568 0.253261 0.29422000000000004 0.251087 0.293175 0.251087 0.291086 0.277174 0.29596100000000003 0.277174 0.294916 0.268478 0.294568 0.253261
4 0.31371899999999997 0.258696 0.312674 0.25652200000000003 0.312326 0.24130400000000002 0.311978 0.23913 0.310933 0.23913 0.30988899999999997 0.254348 0.308496 0.258696 0.31337000000000004 0.259783 0.31371899999999997 0.258696
4 0.330084 0.24673899999999999 0.329735 0.236957 0.32903899999999997 0.23586999999999997 0.327646 0.24782600000000002 0.327646 0.252174 0.33077999999999996 0.251087 0.330084 0.24673899999999999
4 0.341226 0.24782600000000002 0.341226 0.236957 0.34052899999999997 0.233696 0.339833 0.233696 0.339485 0.24021699999999999 0.338788 0.24239099999999997 0.338788 0.24782600000000002 0.341226 0.24782600000000002
4 0.36594699999999997 0.275 0.366295 0.270652 0.365251 0.252174 0.363858 0.252174 0.363162 0.266304 0.362117 0.270652 0.362117 0.27391299999999996 0.36594699999999997 0.275
4 0.381964 0.25760900000000003 0.380919 0.24565199999999998 0.38022300000000003 0.24673899999999999 0.37883 0.26413000000000003 0.381964 0.26413000000000003 0.381964 0.25760900000000003
4 0.394847 0.244565 0.39449900000000004 0.24239099999999997 0.393802 0.24239099999999997 0.393106 0.24565199999999998 0.392409 0.258696 0.395195 0.259783 0.394847 0.244565
4 0.445334 0.27934800000000004 0.449164 0.27934800000000004 0.449164 0.27391299999999996 0.448468 0.270652 0.448468 0.26087 0.44777199999999995 0.25760900000000003 0.446727 0.259783 0.44603099999999996 0.271739 0.444986 0.275 0.445334 0.27934800000000004
4 0.442897 0.25652200000000003 0.441852 0.252174 0.441156 0.25543499999999997 0.44046 0.269565 0.442897 0.270652 0.442897 0.25652200000000003
4 0.521936 0.263043 0.520891 0.263043 0.5198470000000001 0.27934800000000004 0.522632 0.280435 0.522284 0.265217 0.521936 0.263043
4 0.5424789999999999 0.269565 0.541086 0.269565 0.540042 0.288043 0.5428270000000001 0.288043 0.5428270000000001 0.272826 0.5424789999999999 0.269565
4 0.628134 0.283696 0.627089 0.302174 0.629875 0.303261 0.629526 0.283696 0.628134 0.283696
4 0.625696 0.27934800000000004 0.624652 0.27934800000000004 0.623607 0.29565199999999997 0.626045 0.296739 0.626393 0.283696 0.625696 0.27934800000000004