3 0.41190800000000005 0.58587 0.410864 0.58913 0.40947100000000003 0.603261 0.40947100000000003 0.6119570000000001 0.408774 0.618478 0.408774 0.634783 0.40703300000000003 0.659783 0.406337 0.661957 0.4039 0.661957 0.401462 0.665217 0.40007000000000004 0.669565 0.40007000000000004 0.6728259999999999 0.39832900000000004 0.678261 0.397284 0.678261 0.395543 0.681522 0.395543 0.6836960000000001 0.40076599999999996 0.686957 0.409123 0.68913 0.413301 0.692391 0.42130900000000004 0.694565 0.423747 0.692391 0.424443 0.690217 0.42722800000000005 0.68913 0.427925 0.686957 0.42896900000000004 0.686957 0.42931800000000003 0.684783 0.432799 0.684783 0.43837000000000004 0.678261 0.435237 0.677174 0.432799 0.673913 0.43036199999999997 0.66413 0.426532 0.6630429999999999 0.426532 0.657609 0.425139 0.642391 0.425139 0.626087 0.422354 0.590217 0.422006 0.568478 0.420613 0.556522 0.420265 0.544565 0.41434499999999996 0.543478 0.413301 0.553261 0.41260399999999997 0.570652 0.41190800000000005 0.575 0.41190800000000005 0.58587
3 0.622911 0.49891300000000005 0.622911 0.507609 0.6222139999999999 0.5130429999999999 0.618384 0.522826 0.619081 0.522826 0.622563 0.531522 0.639972 0.531522 0.640669 0.530435 0.640669 0.528261 0.638928 0.526087 0.637883 0.5195649999999999 0.6354460000000001 0.517391 0.634749 0.51413 0.631964 0.467391 0.630919 0.46087 0.630223 0.448913 0.627089 0.44782599999999995 0.625348 0.47391300000000003 0.624304 0.48043500000000006 0.624304 0.48586999999999997 0.622911 0.49891300000000005
3 0.753482 0.46195700000000006 0.756267 0.46630399999999994 0.768454 0.46630399999999994 0.767409 0.459783 0.766017 0.457609 0.764972 0.45 0.764972 0.44021699999999997 0.763928 0.431522 0.7621870000000001 0.406522 0.759749 0.406522 0.75766 0.426087 0.756616 0.456522 0.755223 0.46087 0.753482 0.46195700000000006
3 0.8084960000000001 0.428261 0.8081480000000001 0.431522 0.819638 0.431522 0.817897 0.426087 0.8172010000000001 0.406522 0.8151109999999999 0.388043 0.814067 0.384783 0.8130219999999999 0.384783 0.8119780000000001 0.394565 0.810933 0.39891299999999996 0.8095399999999999 0.426087 0.8084960000000001 0.428261
3 0.763928 0.396739 0.7621870000000001 0.403261 0.770891 0.403261 0.770195 0.4 0.768454 0.370652 0.767409 0.36739099999999997 0.766017 0.36956500000000003 0.766017 0.373913 0.764276 0.386957 0.763928 0.396739
3 0.725627 0.38587 0.7322420000000001 0.38587 0.731546 0.36847799999999997 0.7301529999999999 0.357609 0.7287600000000001 0.358696 0.727368 0.373913 0.727368 0.38043499999999997 0.725627 0.38587
3 0.725627 0.363043 0.723886 0.343478 0.7228410000000001 0.344565 0.721797 0.359783 0.720752 0.363043 0.725627 0.363043
3 0.705084 0.35108700000000004 0.703691 0.35108700000000004 0.70195 0.371739 0.7075210000000001 0.371739 0.7057800000000001 0.366304 0.705084 0.35108700000000004
1 0.925836 0.686957 0.923747 0.703261 0.9230499999999999 0.717391 0.9216570000000001 0.728261 0.9209609999999999 0.747826 0.919916 0.754348 0.9195679999999999 0.766304 0.9174789999999999 0.786957 0.9157379999999999 0.78913 0.912256 0.78913 0.9091229999999999 0.791304 0.9063370000000001 0.8021739999999999 0.901114 0.8021739999999999 0.90007 0.8054349999999999 0.9014620000000001 0.809783 0.9049440000000001 0.8141299999999999 0.909819 0.8239129999999999 0.927577 0.844565 0.950905 0.845652 0.950905 0.798913 0.9502090000000001 0.795652 0.9502090000000001 0.790217 0.9484680000000001 0.775 0.947772 0.761957 0.945682 0.75 0.94429 0.7206520000000001 0.9435930000000001 0.7163039999999999 0.9432449999999999 0.701087 0.942549 0.697826 0.9418519999999999 0.677174 0.939415 0.642391 0.937674 0.6358699999999999 0.930362 0.634783 0.929318 0.63913 0.929318 0.6445649999999999 0.927228 0.6630429999999999 0.925836 0.686957
1 0.946031 0.40869600000000006 0.9449859999999999 0.406522 0.9432449999999999 0.38152200000000003 0.9422010000000001 0.375 0.9404600000000001 0.375 0.937674 0.406522 0.935933 0.41086999999999996 0.946379 0.411957 0.946031 0.40869600000000006
1 0.8638579999999999 0.38043499999999997 0.862465 0.363043 0.8610720000000001 0.359783 0.857939 0.38913000000000003 0.864903 0.390217 0.865251 0.38913000000000003 0.8638579999999999 0.38043499999999997
1 0.81929 0.377174 0.8172010000000001 0.35108700000000004 0.8165039999999999 0.35108700000000004 0.8154600000000001 0.356522 0.8133699999999999 0.377174 0.81929 0.377174
1 0.8370469999999999 0.346739 0.835655 0.346739 0.8342620000000001 0.365217 0.8335649999999999 0.36847799999999997 0.8387879999999999 0.36847799999999997 0.8370469999999999 0.346739
1 0.8551529999999999 0.342391 0.854109 0.343478 0.852019 0.36413 0.8568939999999999 0.36413 0.8551529999999999 0.342391
1 0.864206 0.340217 0.862813 0.358696 0.866643 0.358696 0.8655989999999999 0.340217 0.864206 0.340217