3 0.425836 0.626087 0.424095 0.661957 0.424095 0.671739 0.422006 0.7076089999999999 0.42130900000000004 0.71087 0.418872 0.7119570000000001 0.41434499999999996 0.7206520000000001 0.41364900000000004 0.725 0.41364900000000004 0.733696 0.412953 0.7391300000000001 0.40773000000000004 0.754348 0.40773000000000004 0.759783 0.45194999999999996 0.759783 0.456128 0.746739 0.461003 0.727174 0.461003 0.723913 0.460306 0.721739 0.458217 0.7206520000000001 0.456476 0.71413 0.453343 0.708696 0.45020899999999997 0.706522 0.448816 0.701087 0.447075 0.679348 0.445334 0.666304 0.445334 0.6586960000000001 0.443593 0.6445649999999999 0.443245 0.632609 0.44254899999999997 0.629348 0.442201 0.6195649999999999 0.44046 0.603261 0.43802199999999997 0.56087 0.43697800000000003 0.552174 0.430014 0.552174 0.428621 0.556522 0.426532 0.6195649999999999 0.425836 0.626087
3 0.45891400000000004 0.43260899999999997 0.458217 0.43695700000000004 0.457521 0.456522 0.454735 0.457609 0.45194999999999996 0.46956499999999995 0.45369099999999996 0.47391300000000003 0.462744 0.47391300000000003 0.47771600000000003 0.46956499999999995 0.47771600000000003 0.467391 0.47562699999999997 0.46195700000000006 0.47562699999999997 0.459783 0.474582 0.456522 0.472841 0.45543500000000003 0.471448 0.45108699999999996 0.469359 0.42934799999999995 0.46901099999999996 0.41413 0.46726999999999996 0.4 0.465877 0.372826 0.46483299999999994 0.36956500000000003 0.46309199999999995 0.36956500000000003 0.46065500000000004 0.373913 0.459958 0.40869600000000006 0.459262 0.415217 0.45891400000000004 0.43260899999999997
3 0.395195 0.36086999999999997 0.39415 0.377174 0.39449900000000004 0.378261 0.391365 0.383696 0.391017 0.390217 0.400418 0.38913000000000003 0.402159 0.386957 0.405641 0.386957 0.407382 0.383696 0.407382 0.38043499999999997 0.40529200000000004 0.378261 0.4039 0.373913 0.400418 0.326087 0.399025 0.320652 0.39798100000000003 0.320652 0.396588 0.325 0.39624000000000004 0.353261 0.395195 0.36086999999999997
3 0.298398 0.357609 0.299095 0.359783 0.305362 0.358696 0.31128100000000003 0.354348 0.310933 0.35108700000000004 0.308844 0.347826 0.307799 0.331522 0.307103 0.328261 0.307103 0.322826 0.30571000000000004 0.313043 0.30571000000000004 0.307609 0.304666 0.305435 0.30362100000000003 0.305435 0.302925 0.30869599999999997 0.301184 0.35 0.298398 0.357609
3 0.189763 0.354348 0.20195 0.352174 0.202298 0.35 0.201253 0.35 0.199513 0.344565 0.199164 0.336957 0.198468 0.333696 0.19812000000000002 0.321739 0.196727 0.31087 0.195682 0.307609 0.19429000000000002 0.307609 0.193593 0.31087 0.192897 0.321739 0.192549 0.346739 0.189763 0.354348
3 0.058496000000000006 0.365217 0.057450999999999995 0.365217 0.055362 0.357609 0.052577 0.32717399999999996 0.051532 0.323913 0.049443 0.323913 0.048747 0.32717399999999996 0.048747 0.36956500000000003 0.058148 0.366304 0.058496000000000006 0.365217
1 0.11002799999999999 0.330435 0.11002799999999999 0.333696 0.118733 0.33260900000000004 0.118733 0.32934800000000003 0.116295 0.322826 0.114554 0.3 0.11385799999999999 0.296739 0.11281300000000001 0.296739 0.11176900000000001 0.3 0.112117 0.305435 0.11142099999999999 0.326087 0.11002799999999999 0.330435
1 0.28447100000000003 0.31630400000000003 0.285515 0.31413 0.285515 0.31087 0.28447100000000003 0.30869599999999997 0.283426 0.301087 0.282382 0.281522 0.281337 0.278261 0.280292 0.278261 0.279248 0.283696 0.279248 0.29782600000000004 0.277855 0.31521699999999997 0.28447100000000003 0.31630400000000003
1 0.41782700000000006 0.311957 0.41782700000000006 0.31413 0.428621 0.31413 0.42931800000000003 0.311957 0.426184 0.304348 0.425139 0.29565199999999997 0.424443 0.27391299999999996 0.423398 0.270652 0.422354 0.270652 0.42130900000000004 0.276087 0.420613 0.306522 0.418872 0.311957 0.41782700000000006 0.311957
1 0.570334 0.307609 0.56929 0.31630400000000003 0.56929 0.326087 0.5672010000000001 0.32717399999999996 0.565808 0.333696 0.580432 0.333696 0.580084 0.330435 0.5790390000000001 0.328261 0.5790390000000001 0.325 0.5766020000000001 0.323913 0.5766020000000001 0.31521699999999997 0.575557 0.30869599999999997 0.5745129999999999 0.282609 0.573468 0.277174 0.572423 0.277174 0.5713790000000001 0.280435 0.5713790000000001 0.29239099999999996 0.5706819999999999 0.294565 0.570334 0.307609
1 0.7305010000000001 0.377174 0.729805 0.378261 0.729805 0.38260900000000003 0.729109 0.384783 0.726671 0.38587 0.725627 0.38913000000000003 0.725627 0.392391 0.726671 0.395652 0.729457 0.397826 0.744081 0.395652 0.745125 0.392391 0.745125 0.388043 0.744081 0.384783 0.741643 0.384783 0.740947 0.38152200000000003 0.740599 0.361957 0.738858 0.343478 0.7378129999999999 0.317391 0.736072 0.311957 0.73468 0.311957 0.733635 0.31521699999999997 0.733635 0.323913 0.732591 0.328261 0.7305010000000001 0.377174
0 0.758008 0.328261 0.757312 0.331522 0.754526 0.334783 0.754178 0.340217 0.754526 0.342391 0.76915 0.342391 0.76915 0.33260900000000004 0.768454 0.33260900000000004 0.766713 0.326087 0.766017 0.31630400000000003 0.76532 0.31413 0.763928 0.278261 0.7604460000000001 0.278261 0.759749 0.283696 0.759053 0.313043 0.758008 0.321739 0.758008 0.328261
0 0.791086 0.272826 0.79039 0.272826 0.79039 0.276087 0.791783 0.27934800000000004 0.797354 0.27934800000000004 0.8004870000000001 0.275 0.8004870000000001 0.272826 0.799791 0.272826 0.7983979999999999 0.268478 0.796309 0.23478300000000002 0.7942199999999999 0.23586999999999997 0.7942199999999999 0.243478 0.7924789999999999 0.268478 0.791086 0.272826
0 0.809192 0.24565199999999998 0.8130219999999999 0.24565199999999998 0.8147629999999999 0.24239099999999997 0.8133699999999999 0.238043 0.812674 0.232609 0.812326 0.215217 0.8112809999999999 0.211957 0.8102370000000001 0.211957 0.809192 0.220652 0.809192 0.233696 0.807103 0.24239099999999997 0.809192 0.24565199999999998
0 0.8182449999999999 0.226087 0.8220750000000001 0.226087 0.8238160000000001 0.22391299999999997 0.82312 0.22391299999999997 0.8217269999999999 0.219565 0.821379 0.202174 0.820682 0.198913 0.8199859999999999 0.198913 0.8189420000000001 0.218478 0.8182449999999999 0.22282600000000002 0.8172010000000001 0.22391299999999997 0.8182449999999999 0.226087
0 0.854805 0.22391299999999997 0.856546 0.221739 0.8551529999999999 0.21739099999999997 0.854457 0.21086999999999997 0.854457 0.2 0.853412 0.196739 0.852716 0.202174 0.852716 0.208696 0.850627 0.22282600000000002 0.854805 0.22391299999999997
0 0.892409 0.219565 0.8906689999999999 0.21413000000000001 0.8896240000000001 0.196739 0.888231 0.195652 0.887187 0.211957 0.885794 0.220652 0.891713 0.221739 0.892409 0.219565
0 0.9227019999999999 0.21413000000000001 0.9216570000000001 0.19456500000000002 0.920613 0.19456500000000002 0.9192199999999999 0.215217 0.918175 0.219565 0.9247909999999999 0.219565 0.9227019999999999 0.21413000000000001
0 0.937326 0.24130400000000002 0.94429 0.23913 0.942549 0.238043 0.941156 0.233696 0.9397629999999999 0.206522 0.9383699999999999 0.206522 0.937674 0.21086999999999997 0.9366300000000001 0.233696 0.934192 0.23913 0.937326 0.24130400000000002
4 0.8450559999999999 0.19347799999999998 0.8440110000000001 0.195652 0.8433149999999999 0.211957 0.8461000000000001 0.21086999999999997 0.8450559999999999 0.19347799999999998
4 0.924095 0.182609 0.923398 0.182609 0.922006 0.191304 0.922006 0.196739 0.924095 0.198913 0.924095 0.182609
4 0.9314069999999999 0.209783 0.930362 0.190217 0.9296659999999999 0.190217 0.9282730000000001 0.202174 0.9282730000000001 0.21086999999999997 0.9314069999999999 0.209783