0 0.600627 0.38587 0.59993 0.390217 0.600279 0.394565 0.598886 0.418478 0.5978410000000001 0.421739 0.594708 0.421739 0.593315 0.425 0.593315 0.42717400000000005 0.5919220000000001 0.428261 0.591226 0.43260899999999997 0.5919220000000001 0.43587 0.615947 0.43587 0.620125 0.42934799999999995 0.620474 0.426087 0.618384 0.425 0.616992 0.41956499999999997 0.613858 0.417391 0.613162 0.415217 0.611421 0.397826 0.611072 0.384783 0.610028 0.379348 0.60968 0.365217 0.608983 0.36086999999999997 0.6072420000000001 0.334783 0.603064 0.334783 0.602368 0.336957 0.601323 0.365217 0.600627 0.36847799999999997 0.600627 0.38587
0 0.7092620000000001 0.296739 0.7092620000000001 0.301087 0.722145 0.301087 0.7228410000000001 0.3 0.7228410000000001 0.296739 0.720752 0.291304 0.719708 0.272826 0.719011 0.268478 0.719011 0.25652200000000003 0.717618 0.243478 0.7151810000000001 0.243478 0.714136 0.24673899999999999 0.712047 0.290217 0.711003 0.294565 0.7092620000000001 0.296739
0 0.755919 0.243478 0.755919 0.24565199999999998 0.764276 0.24673899999999999 0.765669 0.243478 0.764624 0.24130400000000002 0.762535 0.208696 0.7621870000000001 0.206522 0.760097 0.206522 0.758357 0.230435 0.758357 0.238043 0.756616 0.243478 0.755919 0.243478
0 0.7883009999999999 0.21739099999999997 0.788649 0.216304 0.787256 0.213043 0.7865599999999999 0.20760900000000002 0.785864 0.18913 0.783426 0.18804300000000002 0.78273 0.190217 0.782382 0.208696 0.779944 0.216304 0.7883009999999999 0.21739099999999997
0 0.8029249999999999 0.195652 0.80188 0.19347799999999998 0.8011839999999999 0.18695699999999998 0.8011839999999999 0.178261 0.8004870000000001 0.175 0.798747 0.175 0.79805 0.190217 0.796309 0.198913 0.8029249999999999 0.198913 0.8029249999999999 0.195652
0 0.8130219999999999 0.18804300000000002 0.8116300000000001 0.182609 0.810933 0.166304 0.8095399999999999 0.166304 0.8084960000000001 0.171739 0.8084960000000001 0.178261 0.807451 0.18804300000000002 0.8130219999999999 0.18804300000000002
0 0.8189420000000001 0.179348 0.81929 0.176087 0.817897 0.170652 0.817897 0.16413 0.8172010000000001 0.159783 0.816156 0.159783 0.8154600000000001 0.161957 0.8151109999999999 0.173913 0.814415 0.178261 0.8189420000000001 0.179348
0 0.822772 0.168478 0.8220750000000001 0.155435 0.821031 0.155435 0.81929 0.171739 0.8234680000000001 0.17282599999999998 0.8238160000000001 0.171739 0.822772 0.168478
0 0.8269500000000001 0.16087 0.8269500000000001 0.15434799999999999 0.826602 0.152174 0.8252090000000001 0.152174 0.824164 0.166304 0.8272980000000001 0.166304 0.827646 0.163043 0.8269500000000001 0.16087
0 0.8283429999999999 0.152174 0.827646 0.161957 0.8307800000000001 0.161957 0.830084 0.152174 0.8283429999999999 0.152174
0 0.937326 0.18152200000000002 0.942549 0.18152200000000002 0.942549 0.178261 0.941156 0.173913 0.9404600000000001 0.158696 0.9387190000000001 0.157609 0.937326 0.161957 0.937326 0.170652 0.935933 0.179348 0.937326 0.18152200000000002
0 0.9300140000000001 0.171739 0.930362 0.16956500000000002 0.929318 0.166304 0.928621 0.152174 0.9265319999999999 0.152174 0.925836 0.166304 0.9247909999999999 0.16956500000000002 0.925836 0.171739 0.9300140000000001 0.171739
0 0.9213089999999999 0.16413 0.920265 0.16087 0.919916 0.152174 0.9174789999999999 0.152174 0.9164350000000001 0.16413 0.917131 0.166304 0.9209609999999999 0.166304 0.9213089999999999 0.16413
0 0.910515 0.152174 0.909819 0.16087 0.913997 0.16087 0.913649 0.152174 0.910515 0.152174