3 0.47910899999999995 0.53587 0.47841199999999995 0.5423910000000001 0.478064 0.557609 0.477019 0.56087 0.47597500000000004 0.56087 0.47249299999999994 0.5663039999999999 0.471797 0.575 0.470404 0.578261 0.46901099999999996 0.58587 0.49930399999999997 0.5869570000000001 0.503482 0.575 0.504178 0.569565 0.500696 0.5586960000000001 0.49791100000000005 0.557609 0.496866 0.554348 0.488858 0.446739 0.48328699999999997 0.44565200000000005 0.48259100000000005 0.44782599999999995 0.48189399999999993 0.47282599999999997 0.47910899999999995 0.520652 0.47910899999999995 0.53587
3 0.48607199999999995 0.406522 0.48537600000000003 0.409783 0.48363500000000004 0.41086999999999996 0.482242 0.41413 0.482242 0.41956499999999997 0.48328699999999997 0.41956499999999997 0.483983 0.421739 0.495822 0.421739 0.501393 0.41956499999999997 0.500696 0.409783 0.49791100000000005 0.40869600000000006 0.49721399999999993 0.40543500000000005 0.49617000000000006 0.392391 0.49617000000000006 0.383696 0.495474 0.38043499999999997 0.495474 0.373913 0.49303600000000003 0.35108700000000004 0.49268799999999996 0.341304 0.489206 0.340217 0.48851000000000006 0.346739 0.48781299999999994 0.377174 0.48676899999999995 0.386957 0.48607199999999995 0.406522
3 0.412953 0.357609 0.411212 0.358696 0.411212 0.36086999999999997 0.41190800000000005 0.361957 0.419916 0.361957 0.424095 0.357609 0.424095 0.355435 0.42305000000000004 0.355435 0.421657 0.35 0.420265 0.325 0.418872 0.31521699999999997 0.418872 0.30978300000000003 0.41782700000000006 0.305435 0.41608599999999996 0.306522 0.41434499999999996 0.346739 0.41364900000000004 0.355435 0.412953 0.357609
3 0.312674 0.343478 0.312674 0.34565199999999996 0.324164 0.346739 0.324164 0.341304 0.322423 0.340217 0.32137899999999997 0.333696 0.320682 0.318478 0.319638 0.311957 0.318942 0.301087 0.31754899999999997 0.3 0.316156 0.303261 0.315808 0.322826 0.314763 0.340217 0.312674 0.343478
3 0.224582 0.346739 0.224582 0.348913 0.236072 0.347826 0.235724 0.344565 0.23363499999999998 0.341304 0.23085 0.30869599999999997 0.22980499999999998 0.306522 0.228412 0.307609 0.22771599999999997 0.313043 0.22771599999999997 0.323913 0.22667099999999998 0.343478 0.224582 0.346739
3 0.108635 0.361957 0.108635 0.36413 0.11559900000000001 0.365217 0.120125 0.363043 0.120125 0.359783 0.11768799999999999 0.355435 0.11559900000000001 0.326087 0.114554 0.322826 0.112465 0.322826 0.11176900000000001 0.326087 0.11142099999999999 0.344565 0.110376 0.359783 0.108635 0.361957
1 0.15668500000000002 0.33260900000000004 0.156337 0.33587 0.16155999999999998 0.33587 0.166086 0.333696 0.166086 0.331522 0.163997 0.326087 0.163649 0.320652 0.162604 0.317391 0.162604 0.30978300000000003 0.16155999999999998 0.301087 0.159819 0.302174 0.159471 0.321739 0.158426 0.330435 0.15668500000000002 0.33260900000000004
1 0.303969 0.31521699999999997 0.302925 0.31087 0.30188000000000004 0.30978300000000003 0.300487 0.3 0.29979100000000003 0.284783 0.298747 0.280435 0.29805000000000004 0.280435 0.297354 0.283696 0.296309 0.30978300000000003 0.29422000000000004 0.31521699999999997 0.303969 0.31521699999999997
1 0.55571 0.31521699999999997 0.568593 0.31521699999999997 0.565111 0.30869599999999997 0.564415 0.3 0.56337 0.29565199999999997 0.5619780000000001 0.269565 0.559889 0.269565 0.558148 0.305435 0.557451 0.31087 0.55571 0.313043 0.55571 0.31521699999999997
1 0.722145 0.359783 0.722145 0.366304 0.7228410000000001 0.36847799999999997 0.7318939999999999 0.36739099999999997 0.7322420000000001 0.365217 0.732939 0.365217 0.733287 0.36739099999999997 0.739206 0.366304 0.7395539999999999 0.36086999999999997 0.738858 0.358696 0.736769 0.358696 0.735376 0.347826 0.733983 0.322826 0.732591 0.31087 0.7322420000000001 0.29782600000000004 0.731546 0.29565199999999997 0.729109 0.29565199999999997 0.728412 0.296739 0.727716 0.317391 0.72493 0.357609 0.722145 0.359783
1 0.407382 0.30869599999999997 0.41539000000000004 0.30869599999999997 0.416435 0.304348 0.415042 0.3 0.41364900000000004 0.290217 0.412953 0.27391299999999996 0.412256 0.270652 0.410864 0.272826 0.409819 0.3 0.408774 0.305435 0.407382 0.30869599999999997