3 0.466922 0.5478259999999999 0.46657400000000004 0.556522 0.464485 0.576087 0.464485 0.583696 0.46239600000000003 0.6141300000000001 0.461003 0.620652 0.45786899999999997 0.621739 0.45578 0.625 0.454387 0.634783 0.454387 0.63913 0.45369099999999996 0.643478 0.452646 0.6445649999999999 0.452994 0.6489130000000001 0.454735 0.651087 0.457521 0.651087 0.466226 0.656522 0.47771600000000003 0.657609 0.48085000000000006 0.659783 0.487117 0.6586960000000001 0.488162 0.657609 0.490599 0.65 0.49129500000000004 0.641304 0.49094699999999997 0.6304350000000001 0.48955399999999993 0.623913 0.48502799999999996 0.620652 0.483983 0.617391 0.483983 0.6141300000000001 0.482939 0.608696 0.481198 0.556522 0.479805 0.5423910000000001 0.478064 0.504348 0.47736799999999996 0.5 0.47562699999999997 0.496739 0.472841 0.496739 0.471448 0.49891300000000005 0.470404 0.508696 0.46831500000000004 0.5380429999999999 0.466922 0.5478259999999999
3 0.56929 0.441304 0.5672010000000001 0.45 0.567897 0.452174 0.571727 0.45543500000000003 0.585655 0.45543500000000003 0.586351 0.454348 0.586351 0.45 0.5842620000000001 0.44565200000000005 0.583217 0.43804299999999996 0.581476 0.379348 0.5807800000000001 0.377174 0.577994 0.377174 0.5748610000000001 0.40543500000000005 0.572772 0.43478300000000003 0.571727 0.44021699999999997 0.56929 0.441304
1 0.85968 0.501087 0.85968 0.506522 0.857242 0.5239130000000001 0.856198 0.53587 0.8551529999999999 0.53913 0.85376 0.53913 0.851671 0.5423910000000001 0.851671 0.548913 0.854457 0.556522 0.85968 0.554348 0.87117 0.556522 0.872911 0.555435 0.872911 0.552174 0.8739549999999999 0.55 0.872911 0.548913 0.8743040000000001 0.5478259999999999 0.871866 0.545652 0.8708220000000001 0.540217 0.869429 0.509783 0.869777 0.504348 0.868733 0.492391 0.8690810000000001 0.47391300000000003 0.868733 0.46413000000000004 0.868036 0.46195700000000006 0.86351 0.46087 0.8610720000000001 0.483696 0.8610720000000001 0.494565 0.85968 0.501087
1 0.88649 0.44782599999999995 0.8844010000000001 0.459783 0.883705 0.46956499999999995 0.883008 0.47282599999999997 0.881616 0.47391300000000003 0.881267 0.47717400000000004 0.883357 0.481522 0.888579 0.48260899999999995 0.8931060000000001 0.48804299999999995 0.897284 0.48695700000000003 0.898329 0.484783 0.898329 0.481522 0.897632 0.478261 0.8948470000000001 0.476087 0.89415 0.471739 0.893454 0.444565 0.892409 0.43804299999999996 0.892758 0.420652 0.891713 0.417391 0.8892760000000001 0.417391 0.888231 0.421739 0.888231 0.42717400000000005 0.88649 0.443478 0.88649 0.44782599999999995
0 0.327646 0.42391300000000004 0.325905 0.43804299999999996 0.324513 0.46630399999999994 0.323816 0.468478 0.32137899999999997 0.468478 0.319638 0.470652 0.318593 0.479348 0.31928999999999996 0.483696 0.322772 0.48695700000000003 0.33669899999999997 0.48804299999999995 0.342618 0.48586999999999997 0.34401099999999996 0.481522 0.34401099999999996 0.471739 0.34226999999999996 0.467391 0.34018099999999996 0.467391 0.339136 0.46413000000000004 0.337744 0.44021699999999997 0.337396 0.42391300000000004 0.336351 0.41304299999999994 0.336003 0.38913000000000003 0.335306 0.383696 0.334262 0.38152200000000003 0.332521 0.38043499999999997 0.33077999999999996 0.38152200000000003 0.330084 0.383696 0.327646 0.42391300000000004
3 0.836699 0.40543500000000005 0.837396 0.404348 0.837396 0.40217400000000003 0.836003 0.39891299999999996 0.836003 0.393478 0.834958 0.384783 0.834958 0.372826 0.8342620000000001 0.361957 0.831825 0.361957 0.8286910000000001 0.394565 0.8252090000000001 0.40217400000000003 0.826253 0.404348 0.836699 0.40543500000000005
0 0.211003 0.311957 0.209958 0.317391 0.20961 0.328261 0.20856499999999997 0.331522 0.207521 0.331522 0.207173 0.333696 0.207869 0.33587 0.211351 0.336957 0.21448499999999998 0.340217 0.220752 0.33913000000000004 0.2211 0.33260900000000004 0.22005599999999997 0.331522 0.21831499999999998 0.323913 0.217618 0.304348 0.216922 0.3 0.215877 0.281522 0.214833 0.27934800000000004 0.213092 0.27934800000000004 0.21239599999999997 0.281522 0.212047 0.29782600000000004 0.211003 0.306522 0.211003 0.311957
3 0.6887190000000001 0.397826 0.687674 0.40217400000000003 0.6862809999999999 0.404348 0.70195 0.407609 0.702298 0.40543500000000005 0.700905 0.40108699999999997 0.6995129999999999 0.4 0.698816 0.394565 0.698816 0.388043 0.697772 0.377174 0.697772 0.354348 0.696727 0.352174 0.694986 0.352174 0.692897 0.36956500000000003 0.691156 0.394565 0.690111 0.397826 0.6887190000000001 0.397826
0 0.162256 0.277174 0.166435 0.280435 0.171309 0.280435 0.171657 0.277174 0.170265 0.27391299999999996 0.169568 0.25760900000000003 0.16817500000000002 0.23913 0.166435 0.238043 0.16434500000000002 0.269565 0.163649 0.270652 0.163649 0.27391299999999996 0.162256 0.277174
0 0.10132300000000001 0.238043 0.099234 0.24130400000000002 0.099234 0.243478 0.108287 0.244565 0.10619799999999999 0.238043 0.104805 0.213043 0.10341199999999999 0.211957 0.102716 0.21413000000000001 0.10236799999999999 0.227174 0.101671 0.230435 0.10132300000000001 0.238043
0 0.136838 0.24673899999999999 0.14415 0.24673899999999999 0.142758 0.24239099999999997 0.14136500000000002 0.218478 0.139972 0.21739099999999997 0.139276 0.22282600000000002 0.139276 0.232609 0.138231 0.24130400000000002 0.136838 0.24673899999999999
0 0.05501399999999999 0.236957 0.053620999999999995 0.24130400000000002 0.062326000000000006 0.24130400000000002 0.063022 0.23913 0.060933 0.232609 0.059192 0.20760900000000002 0.058148 0.20760900000000002 0.057450999999999995 0.21086999999999997 0.056407 0.228261 0.05501399999999999 0.236957