3 0.35933099999999996 0.65 0.357242 0.673913 0.357242 0.682609 0.35585 0.705435 0.356198 0.722826 0.354805 0.7554350000000001 0.35375999999999996 0.7608699999999999 0.352716 0.7608699999999999 0.348886 0.766304 0.346797 0.772826 0.345752 0.782609 0.339485 0.795652 0.338092 0.803261 0.345752 0.808696 0.349234 0.808696 0.358983 0.8141299999999999 0.378482 0.8141299999999999 0.386142 0.8 0.389276 0.796739 0.391365 0.791304 0.392758 0.790217 0.395891 0.782609 0.39832900000000004 0.7793479999999999 0.398677 0.7739130000000001 0.393802 0.7695649999999999 0.391365 0.7630429999999999 0.391365 0.7608699999999999 0.39032 0.757609 0.385794 0.752174 0.383357 0.753261 0.381964 0.748913 0.378482 0.715217 0.377786 0.698913 0.376741 0.693478 0.373955 0.655435 0.372214 0.63913 0.370822 0.615217 0.36977699999999997 0.606522 0.36977699999999997 0.598913 0.36873300000000003 0.5956520000000001 0.36351 0.5956520000000001 0.360724 0.598913 0.360376 0.620652 0.35933099999999996 0.633696 0.35933099999999996 0.65
3 0.47249299999999994 0.46195700000000006 0.47249299999999994 0.475 0.46831500000000004 0.478261 0.46726999999999996 0.481522 0.46726999999999996 0.48695700000000003 0.469359 0.49130399999999996 0.489206 0.490217 0.490599 0.48804299999999995 0.490599 0.481522 0.489903 0.476087 0.48676899999999995 0.47282599999999997 0.48607199999999995 0.46956499999999995 0.48259100000000005 0.421739 0.48085000000000006 0.407609 0.48015299999999994 0.390217 0.47876 0.388043 0.476323 0.388043 0.475279 0.391304 0.475279 0.403261 0.47423400000000004 0.41304299999999994 0.47249299999999994 0.46195700000000006
3 0.42548700000000006 0.396739 0.423398 0.39891299999999996 0.42305000000000004 0.40108699999999997 0.435933 0.40108699999999997 0.439763 0.39891299999999996 0.43837000000000004 0.393478 0.43697800000000003 0.393478 0.436281 0.391304 0.434192 0.363043 0.43245100000000003 0.347826 0.432103 0.336957 0.431058 0.333696 0.430014 0.333696 0.42896900000000004 0.336957 0.42722800000000005 0.365217 0.42688 0.392391 0.42548700000000006 0.396739
3 0.335655 0.363043 0.334262 0.366304 0.346448 0.366304 0.346797 0.36413 0.34401099999999996 0.359783 0.341226 0.323913 0.34018099999999996 0.318478 0.339136 0.318478 0.338092 0.33260900000000004 0.337396 0.359783 0.33669899999999997 0.363043 0.335655 0.363043
3 0.251045 0.363043 0.251045 0.365217 0.26149 0.365217 0.26149 0.361957 0.26009699999999997 0.36086999999999997 0.25905300000000003 0.357609 0.25626699999999997 0.323913 0.255571 0.320652 0.254526 0.320652 0.25383 0.322826 0.253134 0.357609 0.25243699999999997 0.361957 0.251045 0.363043
3 0.151462 0.372826 0.149373 0.370652 0.147632 0.348913 0.145891 0.33587 0.14415 0.336957 0.142758 0.371739 0.141017 0.378261 0.152159 0.376087 0.151462 0.372826
3 0.142409 0.342391 0.143106 0.33913000000000004 0.141713 0.33260900000000004 0.140669 0.317391 0.139972 0.31413 0.139276 0.31413 0.138231 0.318478 0.137883 0.338043 0.136838 0.341304 0.142409 0.342391
3 0.175139 0.322826 0.175836 0.320652 0.174443 0.31521699999999997 0.173398 0.3 0.172354 0.298913 0.171657 0.302174 0.171309 0.317391 0.170265 0.322826 0.175139 0.322826
3 0.232242 0.302174 0.232591 0.3 0.23154599999999997 0.29565199999999997 0.23085 0.281522 0.230153 0.281522 0.22945700000000002 0.284783 0.22945700000000002 0.29782600000000004 0.228412 0.302174 0.232242 0.302174
3 0.305362 0.282609 0.30571000000000004 0.281522 0.304318 0.275 0.304318 0.269565 0.303273 0.266304 0.302577 0.272826 0.302577 0.280435 0.30188000000000004 0.282609 0.305362 0.282609
3 0.383008 0.265217 0.381964 0.258696 0.38126699999999997 0.24782600000000002 0.380571 0.248913 0.38022300000000003 0.258696 0.379178 0.266304 0.383008 0.265217
3 0.530989 0.24239099999999997 0.530989 0.23913 0.529596 0.230435 0.529596 0.226087 0.5288999999999999 0.22391299999999997 0.528203 0.22934800000000002 0.528203 0.23586999999999997 0.526811 0.24130400000000002 0.530989 0.24239099999999997
3 0.602368 0.23478300000000002 0.600975 0.226087 0.600975 0.219565 0.59993 0.216304 0.598886 0.221739 0.598886 0.231522 0.5978410000000001 0.23478300000000002 0.602368 0.23478300000000002
3 0.668175 0.231522 0.668872 0.230435 0.6678270000000001 0.227174 0.667131 0.216304 0.6657379999999999 0.21086999999999997 0.665042 0.215217 0.665042 0.225 0.663649 0.231522 0.668175 0.231522
3 0.7245820000000001 0.233696 0.723538 0.227174 0.7224929999999999 0.21086999999999997 0.721448 0.209783 0.720404 0.215217 0.720056 0.22934800000000002 0.719011 0.233696 0.7245820000000001 0.233696
3 0.739903 0.268478 0.740599 0.267391 0.740599 0.265217 0.739903 0.265217 0.738858 0.26087 0.737465 0.23586999999999997 0.736769 0.232609 0.735028 0.232609 0.733635 0.263043 0.7318939999999999 0.265217 0.731198 0.268478 0.739903 0.268478
3 0.756267 0.244565 0.756964 0.243478 0.755223 0.23586999999999997 0.754178 0.218478 0.753482 0.215217 0.7527860000000001 0.215217 0.752089 0.219565 0.751393 0.236957 0.750348 0.243478 0.756267 0.244565
3 0.647632 0.301087 0.6479809999999999 0.29782600000000004 0.645891 0.294565 0.643802 0.259783 0.641365 0.259783 0.639624 0.294565 0.637883 0.29782600000000004 0.637883 0.301087 0.647632 0.301087
1 0.789345 0.41413 0.785515 0.41630399999999995 0.7851670000000001 0.422826 0.7883009999999999 0.430435 0.8081480000000001 0.431522 0.8098890000000001 0.42934799999999995 0.8119780000000001 0.42934799999999995 0.8119780000000001 0.42717400000000005 0.808844 0.425 0.807451 0.417391 0.8046659999999999 0.415217 0.803969 0.41304299999999994 0.802577 0.394565 0.8015319999999999 0.388043 0.799791 0.346739 0.798747 0.333696 0.793872 0.333696 0.792131 0.356522 0.791783 0.375 0.789345 0.403261 0.789345 0.41413
2 0.271936 0.355435 0.26949900000000004 0.361957 0.26949900000000004 0.365217 0.285515 0.365217 0.285864 0.363043 0.283426 0.359783 0.282033 0.355435 0.281685 0.347826 0.28064100000000003 0.341304 0.28064100000000003 0.334783 0.279596 0.328261 0.277507 0.294565 0.276462 0.291304 0.274721 0.291304 0.274025 0.293478 0.274025 0.304348 0.27298100000000003 0.320652 0.271936 0.355435
2 0.231894 0.318478 0.23119800000000001 0.322826 0.22980499999999998 0.358696 0.229109 0.361957 0.228064 0.363043 0.228064 0.365217 0.22876 0.36739099999999997 0.24129499999999998 0.36739099999999997 0.241643 0.361957 0.24094699999999997 0.361957 0.23990300000000003 0.358696 0.23885800000000001 0.344565 0.237813 0.340217 0.237813 0.33260900000000004 0.23711700000000002 0.323913 0.236421 0.321739 0.23537599999999997 0.29782600000000004 0.23363499999999998 0.296739 0.232939 0.29782600000000004 0.232591 0.306522 0.231894 0.30978300000000003 0.231894 0.318478
1 0.24234 0.321739 0.24686599999999997 0.320652 0.247214 0.318478 0.24582199999999998 0.31521699999999997 0.244429 0.294565 0.24303599999999997 0.293478 0.24234 0.294565 0.241643 0.31521699999999997 0.240599 0.319565 0.24234 0.321739
1 0.25626699999999997 0.302174 0.25522300000000003 0.284783 0.254526 0.284783 0.25243699999999997 0.307609 0.25766 0.30869599999999997 0.258008 0.307609 0.25626699999999997 0.302174
1 0.271588 0.330435 0.272632 0.32717399999999996 0.272632 0.323913 0.27124000000000004 0.318478 0.270543 0.306522 0.269847 0.304348 0.269847 0.29782600000000004 0.267758 0.296739 0.266713 0.323913 0.26532 0.32717399999999996 0.26532 0.32934800000000003 0.271588 0.330435
1 0.286908 0.29565199999999997 0.291783 0.29565199999999997 0.29213100000000003 0.293478 0.291086 0.291304 0.290042 0.275 0.288649 0.27391299999999996 0.287953 0.280435 0.287953 0.290217 0.286908 0.293478 0.286908 0.29565199999999997
2 0.316852 0.328261 0.32903899999999997 0.328261 0.328691 0.326087 0.327298 0.326087 0.326602 0.323913 0.325557 0.313043 0.324861 0.31087 0.324513 0.298913 0.322423 0.272826 0.320334 0.271739 0.319638 0.278261 0.317897 0.322826 0.316852 0.326087 0.316852 0.328261
1 0.337744 0.328261 0.33843999999999996 0.319565 0.339485 0.31630400000000003 0.341226 0.319565 0.341574 0.326087 0.342967 0.32717399999999996 0.340877 0.313043 0.34052899999999997 0.305435 0.339485 0.3 0.339485 0.294565 0.338788 0.291304 0.338092 0.291304 0.336351 0.307609 0.336003 0.322826 0.334262 0.32717399999999996 0.337744 0.328261
1 0.34226999999999996 0.281522 0.34052899999999997 0.272826 0.339833 0.26087 0.339136 0.26087 0.33843999999999996 0.267391 0.33843999999999996 0.275 0.337047 0.281522 0.34226999999999996 0.281522
2 0.35375999999999996 0.325 0.364554 0.325 0.364554 0.321739 0.36351 0.319565 0.36351 0.31521699999999997 0.362465 0.30869599999999997 0.362117 0.298913 0.360724 0.288043 0.35933099999999996 0.267391 0.358287 0.267391 0.357591 0.269565 0.356894 0.277174 0.355153 0.31630400000000003 0.35375999999999996 0.325
1 0.399721 0.267391 0.399025 0.265217 0.39798100000000003 0.25 0.396936 0.25 0.396588 0.261957 0.395543 0.267391 0.399025 0.268478 0.399721 0.267391
1 0.456128 0.24782600000000002 0.45578 0.23913 0.455084 0.23913 0.454387 0.252174 0.453343 0.25760900000000003 0.457521 0.25760900000000003 0.456128 0.24782600000000002
3 0.45717299999999994 0.23586999999999997 0.456476 0.23478300000000002 0.456476 0.24782600000000002 0.45717299999999994 0.251087 0.458217 0.251087 0.45717299999999994 0.23586999999999997
1 0.512883 0.25 0.511838 0.24565199999999998 0.511838 0.23586999999999997 0.510794 0.230435 0.510097 0.231522 0.509749 0.24565199999999998 0.508705 0.248913 0.512883 0.25
1 0.547354 0.290217 0.547354 0.29239099999999996 0.554666 0.29239099999999996 0.555014 0.290217 0.553969 0.286957 0.552925 0.276087 0.5518799999999999 0.25760900000000003 0.5504870000000001 0.25760900000000003 0.549791 0.265217 0.549791 0.276087 0.548747 0.286957 0.547354 0.290217
1 0.565808 0.243478 0.564415 0.22391299999999997 0.56337 0.226087 0.5630219999999999 0.238043 0.56163 0.244565 0.565808 0.243478
1 0.6068939999999999 0.24239099999999997 0.607591 0.243478 0.611072 0.24239099999999997 0.610376 0.24021699999999999 0.60968 0.220652 0.608983 0.220652 0.607939 0.236957 0.6068939999999999 0.24021699999999999 0.6068939999999999 0.24239099999999997
1 0.622563 0.269565 0.622911 0.271739 0.629526 0.270652 0.629526 0.268478 0.628482 0.265217 0.627089 0.23913 0.625696 0.24130400000000002 0.624652 0.26413000000000003 0.623259 0.269565 0.622563 0.269565
1 0.6427579999999999 0.24021699999999999 0.641713 0.221739 0.641017 0.221739 0.639276 0.24565199999999998 0.6431060000000001 0.24565199999999998 0.643802 0.244565 0.6427579999999999 0.24021699999999999
1 0.65007 0.251087 0.648677 0.25543499999999997 0.654944 0.25543499999999997 0.654944 0.252174 0.653552 0.251087 0.653203 0.232609 0.6521589999999999 0.227174 0.651462 0.227174 0.650766 0.232609 0.650766 0.244565 0.65007 0.24673899999999999 0.65007 0.251087
0 0.8325210000000001 0.32717399999999996 0.847145 0.328261 0.847493 0.322826 0.844708 0.321739 0.8440110000000001 0.306522 0.8426180000000001 0.293478 0.8415739999999999 0.267391 0.8387879999999999 0.267391 0.836699 0.284783 0.835655 0.319565 0.832869 0.320652 0.8325210000000001 0.32717399999999996
0 0.098189 0.34565199999999996 0.096448 0.342391 0.095056 0.323913 0.094011 0.318478 0.09331500000000001 0.318478 0.09226999999999999 0.328261 0.09226999999999999 0.340217 0.090877 0.346739 0.098189 0.34565199999999996
1 0.614206 0.340217 0.613858 0.343478 0.618384 0.346739 0.626045 0.344565 0.626741 0.343478 0.627089 0.33913000000000004 0.625 0.33587 0.625 0.330435 0.623955 0.323913 0.623259 0.305435 0.6222139999999999 0.298913 0.621866 0.288043 0.619429 0.286957 0.617688 0.307609 0.616992 0.333696 0.615947 0.338043 0.614206 0.340217
1 0.447075 0.31413 0.447075 0.31087 0.44603099999999996 0.307609 0.44463800000000003 0.29565199999999997 0.443942 0.27934800000000004 0.443245 0.277174 0.442201 0.277174 0.441156 0.286957 0.441156 0.3 0.43837000000000004 0.31521699999999997 0.447075 0.31413
0 0.800139 0.282609 0.799095 0.284783 0.797702 0.284783 0.797702 0.288043 0.809192 0.288043 0.809192 0.284783 0.8077989999999999 0.283696 0.8067550000000001 0.280435 0.80571 0.268478 0.8046659999999999 0.243478 0.8029249999999999 0.24239099999999997 0.802228 0.243478 0.80188 0.254348 0.800139 0.259783 0.800139 0.282609