1 0.756267 0.698913 0.755919 0.7076089999999999 0.754875 0.7119570000000001 0.753134 0.742391 0.749304 0.782609 0.748259 0.78587 0.743384 0.78587 0.742688 0.7880429999999999 0.741295 0.7880429999999999 0.739903 0.7923910000000001 0.739903 0.8010870000000001 0.739206 0.803261 0.7322420000000001 0.806522 0.7318939999999999 0.809783 0.736769 0.816304 0.743733 0.8206519999999999 0.748259 0.827174 0.750696 0.827174 0.758008 0.834783 0.7681060000000001 0.841304 0.771588 0.8423909999999999 0.777855 0.8358700000000001 0.782033 0.834783 0.789345 0.828261 0.79039 0.826087 0.79039 0.8228260000000001 0.7848189999999999 0.816304 0.78273 0.806522 0.7775070000000001 0.8 0.775766 0.795652 0.774721 0.775 0.774721 0.7554350000000001 0.773329 0.741304 0.772284 0.701087 0.772632 0.695652 0.771936 0.690217 0.770891 0.6445649999999999 0.770195 0.641304 0.767409 0.6380429999999999 0.7621870000000001 0.6380429999999999 0.7604460000000001 0.659783 0.757312 0.688043 0.757312 0.694565 0.756267 0.698913
1 0.094708 0.42934799999999995 0.091922 0.45869600000000005 0.089833 0.494565 0.08843999999999999 0.5 0.08460999999999999 0.503261 0.082173 0.5108699999999999 0.078343 0.5130429999999999 0.078343 0.515217 0.091922 0.522826 0.100627 0.522826 0.11176900000000001 0.51413 0.11559900000000001 0.51413 0.118733 0.511957 0.114206 0.508696 0.112117 0.501087 0.10793900000000001 0.497826 0.10585 0.468478 0.10619799999999999 0.463043 0.104805 0.441304 0.10410900000000001 0.43804299999999996 0.10410900000000001 0.430435 0.103064 0.420652 0.10236799999999999 0.403261 0.096448 0.40217400000000003 0.095404 0.41304299999999994 0.095404 0.41956499999999997 0.094708 0.422826 0.094708 0.42934799999999995
3 0.082869 0.215217 0.08077999999999999 0.23478300000000002 0.085306 0.23478300000000002 0.084262 0.215217 0.082869 0.215217
3 0.157033 0.24021699999999999 0.155641 0.244565 0.160864 0.244565 0.159819 0.23913 0.159819 0.22934800000000002 0.159123 0.22391299999999997 0.158426 0.22391299999999997 0.158426 0.227174 0.157382 0.230435 0.157033 0.24021699999999999
3 0.24234 0.251087 0.241643 0.24673899999999999 0.24129499999999998 0.23586999999999997 0.23990300000000003 0.231522 0.23920599999999997 0.23478300000000002 0.23851 0.248913 0.237813 0.251087 0.24234 0.251087
3 0.314415 0.24673899999999999 0.31371899999999997 0.24021699999999999 0.312326 0.23913 0.310933 0.259783 0.31511100000000003 0.26087 0.314415 0.25760900000000003 0.314415 0.24673899999999999
3 0.41016700000000006 0.27391299999999996 0.414694 0.272826 0.413301 0.252174 0.41190800000000005 0.253261 0.411212 0.268478 0.41016700000000006 0.271739 0.41016700000000006 0.27391299999999996
3 0.505223 0.28586999999999996 0.504178 0.283696 0.504178 0.269565 0.503134 0.261957 0.502089 0.26413000000000003 0.501393 0.281522 0.500348 0.28586999999999996 0.505223 0.28586999999999996
3 0.608287 0.3 0.613858 0.3 0.613162 0.29782600000000004 0.612117 0.27391299999999996 0.611072 0.27391299999999996 0.60968 0.28913 0.60968 0.296739 0.608287 0.3
3 0.727368 0.319565 0.726671 0.31630400000000003 0.725627 0.29239099999999996 0.723886 0.291304 0.7224929999999999 0.31413 0.7211000000000001 0.317391 0.721797 0.319565 0.727368 0.319565
3 0.872911 0.35 0.879875 0.35 0.87883 0.347826 0.87883 0.334783 0.8777860000000001 0.320652 0.876393 0.320652 0.874652 0.333696 0.8743040000000001 0.346739 0.872911 0.35
1 0.8607239999999999 0.36847799999999997 0.8708220000000001 0.36847799999999997 0.868733 0.36413 0.868384 0.354348 0.867688 0.353261 0.867688 0.33913000000000004 0.866992 0.328261 0.865251 0.32717399999999996 0.863162 0.348913 0.862465 0.36413 0.860028 0.366304 0.8607239999999999 0.36847799999999997
1 0.729457 0.33913000000000004 0.729457 0.341304 0.738858 0.341304 0.737465 0.336957 0.737117 0.328261 0.736421 0.32717399999999996 0.735724 0.305435 0.733983 0.305435 0.732591 0.317391 0.7318939999999999 0.33260900000000004 0.73085 0.336957 0.729457 0.33913000000000004
1 0.52507 0.305435 0.523677 0.301087 0.522632 0.277174 0.5212399999999999 0.276087 0.5198470000000001 0.3 0.518454 0.303261 0.518454 0.305435 0.52507 0.305435
1 0.250696 0.267391 0.24895499999999998 0.258696 0.24895499999999998 0.24673899999999999 0.247911 0.24130400000000002 0.24686599999999997 0.24130400000000002 0.24617 0.248913 0.24617 0.25760900000000003 0.244429 0.266304 0.250696 0.267391
1 0.108635 0.253261 0.10724199999999999 0.24782600000000002 0.106546 0.231522 0.10585 0.228261 0.104805 0.228261 0.10376 0.238043 0.10376 0.24565199999999998 0.10236799999999999 0.253261 0.108635 0.253261
1 0.614903 0.319565 0.620822 0.318478 0.618733 0.305435 0.618384 0.288043 0.616992 0.286957 0.615947 0.29565199999999997 0.615251 0.311957 0.61351 0.317391 0.614903 0.319565
1 0.43036199999999997 0.293478 0.437674 0.294565 0.437674 0.29239099999999996 0.436281 0.28913 0.435237 0.266304 0.433844 0.265217 0.43245100000000003 0.280435 0.43245100000000003 0.288043 0.431407 0.29239099999999996 0.43036199999999997 0.293478
1 0.335655 0.281522 0.341922 0.281522 0.34052899999999997 0.275 0.339485 0.254348 0.33843999999999996 0.254348 0.337744 0.25760900000000003 0.337047 0.276087 0.335655 0.27934800000000004 0.335655 0.281522
1 0.178273 0.259783 0.177228 0.25543499999999997 0.17687999999999998 0.24130400000000002 0.176184 0.23478300000000002 0.175139 0.23478300000000002 0.174095 0.24239099999999997 0.173398 0.254348 0.172354 0.258696 0.178273 0.259783