1 0.47597500000000004 0.51413 0.475279 0.515217 0.47075199999999995 0.576087 0.46970799999999996 0.579348 0.46657400000000004 0.579348 0.46483299999999994 0.583696 0.463788 0.590217 0.463788 0.602174 0.465181 0.608696 0.482939 0.608696 0.486421 0.61087 0.49442899999999995 0.609783 0.49442899999999995 0.5913039999999999 0.493384 0.5869570000000001 0.489206 0.580435 0.48781299999999994 0.554348 0.486421 0.546739 0.48468 0.475 0.482939 0.471739 0.47910899999999995 0.471739 0.478064 0.476087 0.47771600000000003 0.48586999999999997 0.476323 0.49891300000000005 0.47597500000000004 0.51413
1 0.505919 0.409783 0.504178 0.42391300000000004 0.50383 0.43478300000000003 0.5027860000000001 0.43913 0.500696 0.44021699999999997 0.5 0.44239100000000003 0.500348 0.45 0.504526 0.453261 0.511838 0.453261 0.513231 0.45108699999999996 0.514624 0.453261 0.517409 0.45108699999999996 0.517409 0.444565 0.515669 0.443478 0.514972 0.441304 0.513928 0.421739 0.513231 0.41956499999999997 0.5121870000000001 0.376087 0.508357 0.375 0.50766 0.378261 0.50766 0.38587 0.506616 0.394565 0.505919 0.409783
1 0.583565 0.394565 0.581825 0.40108699999999997 0.580432 0.40217400000000003 0.580432 0.406522 0.584958 0.409783 0.593315 0.409783 0.593663 0.404348 0.591574 0.40108699999999997 0.591226 0.38913000000000003 0.5901810000000001 0.38260900000000003 0.589485 0.353261 0.587047 0.352174 0.585655 0.358696 0.585306 0.372826 0.583565 0.388043 0.583565 0.394565
1 0.677925 0.38913000000000003 0.676532 0.393478 0.675836 0.393478 0.6754870000000001 0.4 0.687326 0.4 0.687326 0.396739 0.68663 0.396739 0.6845399999999999 0.388043 0.683496 0.352174 0.68071 0.353261 0.6793180000000001 0.370652 0.679666 0.375 0.677925 0.38913000000000003
1 0.786908 0.39891299999999996 0.786212 0.40108699999999997 0.7848189999999999 0.40108699999999997 0.783426 0.40543500000000005 0.783426 0.40869600000000006 0.795265 0.409783 0.795265 0.406522 0.7928270000000001 0.4 0.791783 0.36739099999999997 0.791086 0.36413 0.790042 0.36413 0.788997 0.36739099999999997 0.787604 0.38260900000000003 0.786908 0.39891299999999996
1 0.9101670000000001 0.42717400000000005 0.909819 0.431522 0.9216570000000001 0.431522 0.919916 0.42717400000000005 0.918524 0.41956499999999997 0.918175 0.4 0.917131 0.38913000000000003 0.9164350000000001 0.38913000000000003 0.915042 0.395652 0.912256 0.42391300000000004 0.9101670000000001 0.42717400000000005
1 0.773677 0.366304 0.781337 0.366304 0.779596 0.357609 0.779596 0.34565199999999996 0.778552 0.33587 0.7775070000000001 0.33587 0.776114 0.347826 0.775766 0.359783 0.773677 0.366304
1 0.743384 0.34565199999999996 0.744081 0.344565 0.744081 0.342391 0.742688 0.338043 0.74234 0.322826 0.741643 0.319565 0.740599 0.319565 0.738858 0.338043 0.738162 0.33913000000000004 0.737465 0.344565 0.743384 0.34565199999999996
1 0.675836 0.321739 0.681755 0.322826 0.68071 0.317391 0.680014 0.3 0.677925 0.306522 0.677577 0.31521699999999997 0.6768799999999999 0.319565 0.675836 0.321739
1 0.610028 0.302174 0.609331 0.301087 0.607939 0.282609 0.6072420000000001 0.282609 0.606546 0.28586999999999996 0.6055010000000001 0.303261 0.60968 0.303261 0.610028 0.302174
1 0.520891 0.282609 0.5254179999999999 0.283696 0.525766 0.280435 0.524721 0.276087 0.524721 0.266304 0.524025 0.263043 0.5229809999999999 0.263043 0.522284 0.267391 0.522284 0.276087 0.520891 0.280435 0.520891 0.282609
1 0.43802199999999997 0.26087 0.437674 0.248913 0.43662999999999996 0.24673899999999999 0.435585 0.263043 0.434192 0.267391 0.439763 0.267391 0.43802199999999997 0.26087
1 0.36734 0.25652200000000003 0.370822 0.25652200000000003 0.371518 0.254348 0.370822 0.253261 0.36977699999999997 0.238043 0.369081 0.238043 0.36873300000000003 0.24021699999999999 0.368384 0.254348 0.36734 0.25652200000000003
1 0.294568 0.244565 0.29422000000000004 0.230435 0.293524 0.227174 0.292827 0.227174 0.291783 0.24565199999999998 0.290738 0.24782600000000002 0.295613 0.24782600000000002 0.294568 0.244565
1 0.24756300000000003 0.311957 0.24756300000000003 0.31630400000000003 0.24582199999999998 0.32717399999999996 0.24582199999999998 0.331522 0.257312 0.33260900000000004 0.25766 0.328261 0.25522300000000003 0.323913 0.25383 0.306522 0.253482 0.28586999999999996 0.252786 0.280435 0.25139300000000003 0.27934800000000004 0.24965199999999999 0.283696 0.24930400000000003 0.29782600000000004 0.24860699999999997 0.306522 0.24756300000000003 0.311957
1 0.222493 0.23913 0.222493 0.232609 0.221448 0.220652 0.220404 0.220652 0.219359 0.238043 0.217618 0.243478 0.224234 0.243478 0.222493 0.23913
1 0.160864 0.24565199999999998 0.158774 0.238043 0.158078 0.219565 0.15668500000000002 0.218478 0.155989 0.220652 0.155641 0.23913 0.153552 0.24565199999999998 0.160864 0.24565199999999998
1 0.131616 0.278261 0.130919 0.281522 0.129526 0.282609 0.12883 0.286957 0.14032 0.28586999999999996 0.138579 0.280435 0.13753500000000002 0.272826 0.13649 0.25652200000000003 0.13649 0.24782600000000002 0.135446 0.243478 0.134053 0.243478 0.133008 0.24673899999999999 0.133008 0.25652200000000003 0.131964 0.26087 0.131616 0.278261
1 0.12291099999999999 0.258696 0.12117 0.251087 0.120474 0.244565 0.120125 0.22934800000000002 0.11908099999999999 0.22391299999999997 0.11768799999999999 0.22391299999999997 0.11664300000000001 0.230435 0.115947 0.25 0.11316200000000001 0.258696 0.12291099999999999 0.258696
3 0.266365 0.370652 0.26532 0.376087 0.26532 0.38043499999999997 0.263231 0.38152200000000003 0.26149 0.386957 0.26149 0.38913000000000003 0.267061 0.391304 0.280292 0.390217 0.279944 0.386957 0.27715900000000004 0.38152200000000003 0.276462 0.378261 0.273677 0.325 0.27298100000000003 0.321739 0.269847 0.320652 0.26915 0.322826 0.267758 0.352174 0.266713 0.359783 0.266365 0.370652
3 0.23851 0.271739 0.23851 0.269565 0.23746499999999998 0.267391 0.23746499999999998 0.261957 0.236072 0.25 0.236072 0.243478 0.23502800000000001 0.23913 0.233983 0.23913 0.23328700000000002 0.24130400000000002 0.232591 0.259783 0.230153 0.270652 0.23851 0.271739
3 0.24303599999999997 0.26087 0.250696 0.261957 0.24965199999999999 0.258696 0.24895499999999998 0.252174 0.24860699999999997 0.24021699999999999 0.24756300000000003 0.23478300000000002 0.24617 0.233696 0.24547400000000003 0.236957 0.24547400000000003 0.244565 0.24477699999999997 0.251087 0.24303599999999997 0.26087
3 0.267409 0.28913 0.26566900000000004 0.284783 0.26566900000000004 0.272826 0.264624 0.25760900000000003 0.263579 0.254348 0.261838 0.254348 0.259749 0.281522 0.25766 0.286957 0.25766 0.28913 0.267409 0.28913
3 0.286908 0.25543499999999997 0.285515 0.251087 0.28481900000000004 0.23586999999999997 0.283078 0.233696 0.282033 0.251087 0.279944 0.25760900000000003 0.28656000000000004 0.25760900000000003 0.286908 0.25543499999999997
3 0.335306 0.259783 0.336003 0.25760900000000003 0.335306 0.25652200000000003 0.33460999999999996 0.25 0.334262 0.24021699999999999 0.33286899999999997 0.238043 0.332173 0.24130400000000002 0.331476 0.25543499999999997 0.330432 0.258696 0.335306 0.259783
3 0.340877 0.313043 0.34018099999999996 0.313043 0.342618 0.31521699999999997 0.350627 0.31521699999999997 0.348538 0.30869599999999997 0.348538 0.29782600000000004 0.347493 0.28586999999999996 0.347493 0.278261 0.346797 0.275 0.345056 0.275 0.34435899999999997 0.281522 0.34435899999999997 0.28913 0.342618 0.306522 0.340877 0.313043
3 0.392409 0.266304 0.391365 0.26087 0.391017 0.24782600000000002 0.389624 0.244565 0.388928 0.24782600000000002 0.388928 0.25652200000000003 0.386838 0.265217 0.392409 0.266304
3 0.443593 0.270652 0.442897 0.25760900000000003 0.441504 0.254348 0.44046 0.267391 0.439415 0.272826 0.44428999999999996 0.272826 0.443593 0.270652
3 0.49234 0.343478 0.49268799999999996 0.342391 0.49199200000000004 0.33913000000000004 0.490599 0.338043 0.489206 0.305435 0.48851000000000006 0.302174 0.487117 0.302174 0.486421 0.306522 0.48468 0.334783 0.482242 0.342391 0.49234 0.343478
3 0.5104460000000001 0.284783 0.509401 0.280435 0.508705 0.265217 0.508008 0.265217 0.506267 0.282609 0.505223 0.28586999999999996 0.5104460000000001 0.284783
3 0.5689420000000001 0.301087 0.573816 0.3 0.573816 0.29782600000000004 0.572772 0.29565199999999997 0.572075 0.27934800000000004 0.571031 0.27934800000000004 0.569986 0.29565199999999997 0.5689420000000001 0.298913 0.5689420000000001 0.301087
3 0.579387 0.353261 0.586003 0.354348 0.587047 0.35108700000000004 0.587047 0.334783 0.586351 0.328261 0.586351 0.319565 0.585306 0.31630400000000003 0.5842620000000001 0.31630400000000003 0.583217 0.319565 0.581825 0.346739 0.579387 0.353261
3 0.619429 0.31630400000000003 0.624304 0.31630400000000003 0.623607 0.313043 0.623259 0.302174 0.6222139999999999 0.293478 0.621518 0.294565 0.620474 0.30978300000000003 0.618733 0.31521699999999997 0.619429 0.31630400000000003
3 0.649025 0.348913 0.6479809999999999 0.353261 0.656337 0.354348 0.656337 0.352174 0.654944 0.347826 0.654248 0.323913 0.653552 0.320652 0.6525070000000001 0.320652 0.651462 0.322826 0.651462 0.331522 0.65007 0.347826 0.649025 0.348913
3 0.656685 0.331522 0.660864 0.331522 0.661908 0.32934800000000003 0.660515 0.307609 0.6598189999999999 0.305435 0.658426 0.31413 0.65773 0.325 0.656337 0.32934800000000003 0.656685 0.331522
3 0.671657 0.333696 0.671657 0.33913000000000004 0.669916 0.344565 0.670613 0.34565199999999996 0.676532 0.344565 0.675836 0.340217 0.675836 0.331522 0.674791 0.31630400000000003 0.673747 0.31630400000000003 0.67305 0.318478 0.672354 0.331522 0.671657 0.333696
3 0.875 0.39891299999999996 0.8756959999999999 0.4 0.883705 0.4 0.8826599999999999 0.393478 0.881616 0.36956500000000003 0.880571 0.365217 0.879875 0.365217 0.878482 0.375 0.877089 0.393478 0.875 0.39891299999999996
2 0.5577989999999999 0.35 0.5577989999999999 0.352174 0.565111 0.355435 0.5706819999999999 0.354348 0.568593 0.343478 0.566852 0.29565199999999997 0.565808 0.288043 0.564763 0.288043 0.56337 0.293478 0.560237 0.340217 0.558844 0.347826 0.5577989999999999 0.35
2 0.594011 0.354348 0.594708 0.355435 0.606546 0.355435 0.6051529999999999 0.344565 0.603412 0.3 0.602368 0.293478 0.601323 0.293478 0.600279 0.3 0.5961000000000001 0.35 0.594011 0.354348
2 0.696727 0.379348 0.696727 0.388043 0.69429 0.394565 0.6963790000000001 0.4 0.708565 0.39891299999999996 0.706825 0.38913000000000003 0.705084 0.330435 0.703691 0.325 0.702646 0.325 0.7016020000000001 0.328261 0.701253 0.33587 0.696727 0.379348
0 0.81929 0.36413 0.8182449999999999 0.342391 0.815808 0.342391 0.8151109999999999 0.358696 0.8130219999999999 0.36739099999999997 0.820682 0.36847799999999997 0.81929 0.36413
0 0.893454 0.372826 0.892061 0.36847799999999997 0.8913650000000001 0.35108700000000004 0.8906689999999999 0.347826 0.889972 0.347826 0.8889279999999999 0.354348 0.888579 0.36739099999999997 0.887187 0.371739 0.893454 0.372826
0 0.918524 0.4 0.9227019999999999 0.4 0.920265 0.370652 0.918524 0.36956500000000003 0.9174789999999999 0.38260900000000003 0.9174789999999999 0.38913000000000003 0.918175 0.390217 0.918524 0.4
0 0.950905 0.376087 0.949164 0.36847799999999997 0.9488160000000001 0.355435 0.947772 0.354348 0.9470750000000001 0.357609 0.9467269999999999 0.36847799999999997 0.9449859999999999 0.376087 0.950905 0.376087
2 0.6598189999999999 0.356522 0.659471 0.36847799999999997 0.658426 0.377174 0.65773 0.391304 0.6556409999999999 0.395652 0.6556409999999999 0.39891299999999996 0.660864 0.40217400000000003 0.670613 0.40108699999999997 0.670613 0.39891299999999996 0.668872 0.394565 0.666435 0.330435 0.6657379999999999 0.322826 0.663649 0.320652 0.662256 0.325 0.661908 0.33587 0.660515 0.353261 0.6598189999999999 0.356522