3 0.380571 0.319565 0.379526 0.286957 0.376741 0.286957 0.374652 0.320652 0.372214 0.326087 0.382312 0.325 0.380571 0.319565
3 0.22214499999999998 0.231522 0.2211 0.228261 0.2211 0.220652 0.220404 0.21413000000000001 0.219359 0.213043 0.21796700000000002 0.22282600000000002 0.21796700000000002 0.22934800000000002 0.216922 0.231522 0.22214499999999998 0.231522
1 0.46970799999999996 0.431522 0.46970799999999996 0.433696 0.470404 0.43695700000000004 0.471797 0.43913 0.47423400000000004 0.44021699999999997 0.481198 0.43913 0.48433099999999996 0.44021699999999997 0.485724 0.44239100000000003 0.48851000000000006 0.44021699999999997 0.48851000000000006 0.43478300000000003 0.487117 0.42934799999999995 0.485724 0.428261 0.48468 0.425 0.48433099999999996 0.409783 0.48328699999999997 0.406522 0.48328699999999997 0.38043499999999997 0.48259100000000005 0.36739099999999997 0.48189399999999993 0.365217 0.479457 0.36413 0.47841199999999995 0.366304 0.47667099999999996 0.4 0.474582 0.422826 0.46970799999999996 0.431522
1 0.566504 0.38587 0.566504 0.38152200000000003 0.564763 0.376087 0.565111 0.36847799999999997 0.564415 0.340217 0.56337 0.334783 0.5612809999999999 0.334783 0.5577989999999999 0.376087 0.5560579999999999 0.378261 0.55571 0.38260900000000003 0.566504 0.38587
1 0.518454 0.318478 0.526811 0.319565 0.5271589999999999 0.318478 0.5254179999999999 0.313043 0.5254179999999999 0.30869599999999997 0.524373 0.303261 0.524373 0.29239099999999996 0.523677 0.288043 0.522632 0.288043 0.521936 0.290217 0.520891 0.311957 0.518454 0.31630400000000003 0.518454 0.318478
1 0.546657 0.334783 0.547354 0.338043 0.5553619999999999 0.338043 0.5553619999999999 0.334783 0.553969 0.330435 0.5536209999999999 0.325 0.552577 0.320652 0.552577 0.305435 0.551184 0.302174 0.549791 0.306522 0.549791 0.31413 0.548747 0.328261 0.546657 0.334783
1 0.566852 0.356522 0.566852 0.361957 0.577646 0.361957 0.577646 0.359783 0.5745129999999999 0.35108700000000004 0.573816 0.321739 0.571727 0.320652 0.5706819999999999 0.322826 0.5706819999999999 0.331522 0.568593 0.352174 0.566852 0.356522
1 0.568593 0.682609 0.567549 0.68587 0.567549 0.694565 0.566156 0.703261 0.566156 0.708696 0.564415 0.723913 0.5637190000000001 0.742391 0.560585 0.76413 0.559192 0.78587 0.558496 0.7880429999999999 0.553273 0.78913 0.549791 0.7978259999999999 0.543872 0.798913 0.541086 0.803261 0.543872 0.8119569999999999 0.547702 0.816304 0.5560579999999999 0.831522 0.560237 0.834783 0.562674 0.8423909999999999 0.566156 0.846739 0.589485 0.846739 0.5901810000000001 0.844565 0.5919220000000001 0.845652 0.593663 0.8423909999999999 0.595752 0.841304 0.5978410000000001 0.8358700000000001 0.6037600000000001 0.833696 0.604457 0.831522 0.604109 0.828261 0.600975 0.8206519999999999 0.5978410000000001 0.816304 0.5943590000000001 0.798913 0.589485 0.7923910000000001 0.5884400000000001 0.78913 0.587396 0.759783 0.585655 0.7445649999999999 0.585306 0.723913 0.5842620000000001 0.71087 0.58461 0.688043 0.582869 0.633696 0.581825 0.629348 0.579735 0.627174 0.573468 0.627174 0.572423 0.631522 0.571727 0.645652 0.5689420000000001 0.671739 0.568593 0.682609
1 0.456476 0.46413000000000004 0.45543199999999995 0.47391300000000003 0.454039 0.501087 0.452994 0.509783 0.451602 0.5130429999999999 0.45020899999999997 0.5130429999999999 0.448816 0.5195649999999999 0.448816 0.522826 0.450557 0.527174 0.453343 0.5293479999999999 0.466226 0.532609 0.468663 0.53587 0.471797 0.53587 0.472841 0.5336960000000001 0.47318899999999997 0.520652 0.46831500000000004 0.509783 0.467618 0.492391 0.46657400000000004 0.484783 0.46552899999999997 0.467391 0.465877 0.446739 0.46483299999999994 0.43695700000000004 0.46483299999999994 0.42717400000000005 0.46344 0.422826 0.459958 0.422826 0.458565 0.430435 0.457521 0.453261 0.456476 0.457609 0.456476 0.46413000000000004
1 0.324513 0.25760900000000003 0.327994 0.25760900000000003 0.327994 0.24673899999999999 0.327298 0.236957 0.326253 0.236957 0.325557 0.252174 0.324513 0.25543499999999997 0.324513 0.25760900000000003
3 0.20961 0.342391 0.20856499999999997 0.356522 0.207869 0.358696 0.20647600000000002 0.358696 0.205084 0.363043 0.203343 0.365217 0.206128 0.36847799999999997 0.215877 0.36847799999999997 0.219359 0.36739099999999997 0.221448 0.36413 0.220752 0.359783 0.218663 0.356522 0.217618 0.32717399999999996 0.216574 0.319565 0.216574 0.313043 0.215529 0.303261 0.213092 0.303261 0.21239599999999997 0.305435 0.21030600000000002 0.340217 0.20961 0.342391
3 0.34818899999999997 0.33913000000000004 0.349582 0.341304 0.360028 0.33913000000000004 0.360376 0.336957 0.357591 0.331522 0.357591 0.319565 0.356546 0.313043 0.356546 0.303261 0.35550099999999996 0.29239099999999996 0.35375999999999996 0.29239099999999996 0.352716 0.29565199999999997 0.350975 0.328261 0.348538 0.334783 0.34818899999999997 0.33913000000000004
3 0.383705 0.30978300000000003 0.386142 0.313043 0.392061 0.313043 0.392409 0.31087 0.39066900000000004 0.304348 0.39066900000000004 0.291304 0.389624 0.277174 0.387883 0.276087 0.386838 0.282609 0.386838 0.28913 0.385446 0.306522 0.383705 0.30978300000000003
3 0.370125 0.28913 0.368036 0.283696 0.36734 0.261957 0.36594699999999997 0.26087 0.365251 0.263043 0.364554 0.27934800000000004 0.362813 0.28913 0.370125 0.28913
3 0.353064 0.275 0.353064 0.261957 0.352368 0.254348 0.350975 0.253261 0.349582 0.270652 0.34784099999999996 0.27934800000000004 0.354805 0.27934800000000004 0.353064 0.275
3 0.304666 0.259783 0.30362100000000003 0.24239099999999997 0.30188000000000004 0.24130400000000002 0.300836 0.25652200000000003 0.299443 0.263043 0.306058 0.26413000000000003 0.304666 0.259783
3 0.263231 0.24782600000000002 0.262535 0.233696 0.261142 0.233696 0.260446 0.24565199999999998 0.25905300000000003 0.253261 0.264624 0.254348 0.263231 0.24782600000000002
3 0.20682499999999998 0.236957 0.206128 0.22391299999999997 0.205432 0.219565 0.20473499999999997 0.219565 0.203343 0.236957 0.202298 0.24021699999999999 0.207869 0.24021699999999999 0.20682499999999998 0.236957
3 0.193942 0.231522 0.192897 0.226087 0.191852 0.213043 0.190808 0.213043 0.190111 0.218478 0.190111 0.226087 0.18836999999999998 0.231522 0.193942 0.231522
3 0.326253 0.270652 0.33286899999999997 0.270652 0.331476 0.266304 0.33077999999999996 0.248913 0.329387 0.24782600000000002 0.328691 0.258696 0.327646 0.265217 0.326253 0.268478 0.326253 0.270652
1 0.487117 0.3 0.48537600000000003 0.28913 0.48468 0.27391299999999996 0.483983 0.27391299999999996 0.48328699999999997 0.276087 0.482939 0.288043 0.481198 0.3 0.487117 0.3
1 0.452298 0.276087 0.452298 0.266304 0.450905 0.265217 0.449861 0.280435 0.448468 0.28913 0.454387 0.28913 0.452298 0.276087
1 0.415042 0.277174 0.413997 0.27391299999999996 0.413301 0.258696 0.41260399999999997 0.25543499999999997 0.41190800000000005 0.25543499999999997 0.411212 0.258696 0.410864 0.272826 0.40947100000000003 0.277174 0.415042 0.277174
3 0.38266 0.298913 0.383357 0.29782600000000004 0.383357 0.29565199999999997 0.38266 0.29565199999999997 0.381616 0.290217 0.38126699999999997 0.275 0.38022300000000003 0.268478 0.378482 0.268478 0.377786 0.28586999999999996 0.379875 0.286957 0.38022300000000003 0.298913 0.38266 0.298913