1 0.509401 0.609783 0.505919 0.643478 0.505223 0.645652 0.502089 0.645652 0.500348 0.647826 0.49930399999999997 0.651087 0.49860699999999997 0.657609 0.496518 0.656522 0.49442899999999995 0.657609 0.49373300000000003 0.659783 0.496866 0.666304 0.502089 0.6728259999999999 0.50383 0.677174 0.506267 0.678261 0.508705 0.682609 0.520891 0.682609 0.532382 0.678261 0.5383009999999999 0.678261 0.5383009999999999 0.675 0.534123 0.669565 0.5330779999999999 0.666304 0.53273 0.6586960000000001 0.527855 0.652174 0.526811 0.6489130000000001 0.525766 0.629348 0.525766 0.618478 0.52507 0.6141300000000001 0.52507 0.6 0.524025 0.58587 0.524025 0.56087 0.5229809999999999 0.531522 0.521588 0.5239130000000001 0.516017 0.5239130000000001 0.512883 0.557609 0.512535 0.569565 0.509401 0.603261 0.509401 0.609783
1 0.34401099999999996 0.421739 0.341922 0.45869600000000005 0.341226 0.46087 0.339136 0.46087 0.337744 0.463043 0.337047 0.46956499999999995 0.338788 0.475 0.358983 0.475 0.358635 0.465217 0.357939 0.463043 0.356198 0.463043 0.354805 0.459783 0.350975 0.38587 0.350279 0.38260900000000003 0.346797 0.383696 0.346448 0.395652 0.345404 0.404348 0.345404 0.41086999999999996 0.34401099999999996 0.421739
1 0.287953 0.358696 0.287604 0.363043 0.300139 0.36413 0.300139 0.359783 0.299095 0.359783 0.298398 0.355435 0.29596100000000003 0.30869599999999997 0.293872 0.30869599999999997 0.291435 0.33260900000000004 0.29039000000000004 0.354348 0.289694 0.357609 0.287953 0.358696
1 0.322772 0.323913 0.322423 0.328261 0.332173 0.328261 0.330432 0.323913 0.329387 0.293478 0.328343 0.288043 0.32694999999999996 0.28913 0.324861 0.318478 0.323816 0.322826 0.322772 0.323913
1 0.345752 0.313043 0.345752 0.31521699999999997 0.35167099999999996 0.31630400000000003 0.352716 0.31521699999999997 0.352716 0.313043 0.35167099999999996 0.30978300000000003 0.350975 0.28913 0.350279 0.284783 0.349234 0.284783 0.348538 0.28913 0.34784099999999996 0.304348 0.347145 0.30978300000000003 0.345752 0.313043
1 0.395543 0.31087 0.39415 0.306522 0.393802 0.288043 0.392409 0.283696 0.391713 0.28586999999999996 0.39066900000000004 0.304348 0.389276 0.31087 0.395543 0.31087
1 0.442897 0.313043 0.442201 0.30978300000000003 0.441852 0.293478 0.441156 0.290217 0.439763 0.29239099999999996 0.439067 0.307609 0.437674 0.313043 0.442897 0.313043
1 0.47423400000000004 0.31413 0.47876 0.31413 0.47771600000000003 0.305435 0.47736799999999996 0.29239099999999996 0.47667099999999996 0.29239099999999996 0.47597500000000004 0.29565199999999997 0.47562699999999997 0.305435 0.47423400000000004 0.31413
1 0.510794 0.31521699999999997 0.510097 0.31087 0.510097 0.3 0.509401 0.29565199999999997 0.508705 0.296739 0.508008 0.30869599999999997 0.506964 0.31521699999999997 0.510794 0.31521699999999997
1 0.538997 0.296739 0.537604 0.31630400000000003 0.5407379999999999 0.31630400000000003 0.539694 0.296739 0.538997 0.296739
1 0.564763 0.302174 0.5637190000000001 0.301087 0.562326 0.317391 0.565808 0.317391 0.564763 0.30978300000000003 0.564763 0.302174
1 0.883357 0.456522 0.8931060000000001 0.457609 0.892758 0.453261 0.8913650000000001 0.45108699999999996 0.889972 0.41956499999999997 0.888579 0.418478 0.885794 0.43695700000000004 0.885446 0.448913 0.883357 0.452174 0.883357 0.456522
1 0.829735 0.41086999999999996 0.8283429999999999 0.41304299999999994 0.8283429999999999 0.415217 0.8290390000000001 0.41630399999999995 0.834958 0.415217 0.833914 0.41304299999999994 0.8335649999999999 0.391304 0.8325210000000001 0.386957 0.831476 0.38913000000000003 0.831476 0.392391 0.8304320000000001 0.397826 0.829735 0.41086999999999996
1 0.835655 0.391304 0.836003 0.392391 0.839485 0.392391 0.83844 0.373913 0.837744 0.373913 0.8370469999999999 0.378261 0.836351 0.38913000000000003 0.835655 0.391304
1 0.895543 0.383696 0.893454 0.40217400000000003 0.897284 0.40217400000000003 0.896588 0.38913000000000003 0.895543 0.383696
3 0.932451 0.42717400000000005 0.9314069999999999 0.42934799999999995 0.9314069999999999 0.431522 0.937326 0.431522 0.935933 0.422826 0.935933 0.41413 0.9352370000000001 0.407609 0.9345399999999999 0.407609 0.933844 0.41304299999999994 0.9331480000000001 0.41413 0.932451 0.42717400000000005
3 0.9470750000000001 0.44565200000000005 0.950905 0.44565200000000005 0.950905 0.421739 0.9502090000000001 0.421739 0.9488160000000001 0.430435 0.9488160000000001 0.441304 0.9470750000000001 0.44565200000000005
3 0.127786 0.293478 0.12604500000000002 0.294565 0.125696 0.29782600000000004 0.135446 0.298913 0.135794 0.29565199999999997 0.134401 0.293478 0.13370500000000002 0.269565 0.132312 0.25760900000000003 0.130919 0.25652200000000003 0.12987500000000002 0.259783 0.12987500000000002 0.265217 0.127786 0.286957 0.127786 0.293478
3 0.207521 0.278261 0.20682499999999998 0.281522 0.206128 0.281522 0.206128 0.283696 0.21344 0.284783 0.213788 0.282609 0.212744 0.278261 0.212744 0.266304 0.211351 0.252174 0.209958 0.251087 0.209262 0.254348 0.209262 0.259783 0.20856499999999997 0.263043 0.207521 0.278261
3 0.281685 0.283696 0.288649 0.283696 0.287256 0.27934800000000004 0.286908 0.265217 0.285864 0.25760900000000003 0.28481900000000004 0.258696 0.283426 0.276087 0.281685 0.281522 0.281685 0.283696
3 0.349234 0.283696 0.350279 0.283696 0.35167099999999996 0.28913 0.350975 0.284783 0.350627 0.270652 0.34992999999999996 0.267391 0.349234 0.267391 0.348538 0.27934800000000004 0.347145 0.28913 0.34818899999999997 0.28913 0.349234 0.283696
3 0.402855 0.294565 0.40703300000000003 0.294565 0.40703300000000003 0.29239099999999996 0.406337 0.291304 0.406337 0.281522 0.405641 0.275 0.404596 0.276087 0.4039 0.28913 0.402855 0.29239099999999996 0.402855 0.294565
3 0.443942 0.3 0.447423 0.3 0.446379 0.282609 0.445334 0.283696 0.44463800000000003 0.296739 0.443942 0.29782600000000004 0.443942 0.3
3 0.481198 0.28586999999999996 0.480501 0.28586999999999996 0.47910899999999995 0.302174 0.48259100000000005 0.302174 0.48189399999999993 0.3 0.481198 0.28586999999999996
3 0.508357 0.291304 0.50766 0.288043 0.505571 0.303261 0.506267 0.304348 0.508008 0.303261 0.508357 0.291304
3 0.532033 0.290217 0.530989 0.294565 0.530292 0.304348 0.5330779999999999 0.304348 0.532033 0.290217
2 0.528552 0.304348 0.5275070000000001 0.29565199999999997 0.5271589999999999 0.27934800000000004 0.526114 0.280435 0.52507 0.29782600000000004 0.524025 0.304348 0.528552 0.304348
2 0.537953 0.304348 0.5383009999999999 0.293478 0.537604 0.27934800000000004 0.536908 0.27934800000000004 0.535864 0.296739 0.5348189999999999 0.304348 0.537953 0.304348
3 0.56163 0.306522 0.5630219999999999 0.306522 0.5637190000000001 0.3 0.56337 0.29239099999999996 0.562674 0.29239099999999996 0.5619780000000001 0.29565199999999997 0.5612809999999999 0.304348 0.56163 0.306522
2 0.577646 0.318478 0.5821729999999999 0.318478 0.581128 0.29239099999999996 0.580084 0.29239099999999996 0.5790390000000001 0.302174 0.5790390000000001 0.30869599999999997 0.577646 0.318478
2 0.591574 0.319565 0.590877 0.31413 0.590529 0.296739 0.5898329999999999 0.293478 0.589136 0.293478 0.587744 0.31521699999999997 0.5866990000000001 0.319565 0.591574 0.319565
1 0.58461 0.318478 0.583914 0.302174 0.583217 0.303261 0.5821729999999999 0.30978300000000003 0.5825210000000001 0.318478 0.58461 0.318478
3 0.587744 0.293478 0.586351 0.305435 0.588092 0.305435 0.5884400000000001 0.298913 0.587744 0.293478
1 0.8137190000000001 0.391304 0.812674 0.394565 0.812674 0.397826 0.817897 0.397826 0.8168519999999999 0.393478 0.8168519999999999 0.38260900000000003 0.816156 0.375 0.8154600000000001 0.375 0.8147629999999999 0.378261 0.8147629999999999 0.38260900000000003 0.8137190000000001 0.391304