1 0.270891 0.7163039999999999 0.267061 0.771739 0.267061 0.780435 0.26566900000000004 0.791304 0.263231 0.825 0.262535 0.827174 0.260446 0.828261 0.25626699999999997 0.834783 0.25243699999999997 0.844565 0.275766 0.845652 0.275766 0.836957 0.27715900000000004 0.832609 0.278552 0.832609 0.282033 0.845652 0.307799 0.845652 0.307799 0.834783 0.306058 0.8304349999999999 0.29805000000000004 0.8239129999999999 0.297354 0.821739 0.293524 0.76413 0.29213100000000003 0.753261 0.291783 0.738043 0.29039000000000004 0.727174 0.29039000000000004 0.719565 0.28656000000000004 0.665217 0.285515 0.641304 0.283774 0.6358699999999999 0.279596 0.634783 0.275766 0.636957 0.274025 0.641304 0.274025 0.655435 0.271588 0.690217 0.270891 0.7163039999999999
3 0.9056409999999999 0.65 0.903552 0.661957 0.902507 0.676087 0.900766 0.688043 0.90007 0.704348 0.897981 0.718478 0.896936 0.731522 0.895543 0.738043 0.89032 0.738043 0.887187 0.742391 0.885794 0.751087 0.8861420000000001 0.771739 0.888579 0.775 0.9073819999999999 0.784783 0.913997 0.790217 0.922006 0.7923910000000001 0.928621 0.796739 0.9317550000000001 0.796739 0.9317550000000001 0.794565 0.9327989999999999 0.796739 0.9348890000000001 0.796739 0.9348890000000001 0.791304 0.934192 0.7880429999999999 0.934192 0.7695649999999999 0.93071 0.759783 0.9282730000000001 0.757609 0.92688 0.754348 0.925836 0.754348 0.925139 0.75 0.9244429999999999 0.725 0.922354 0.694565 0.922006 0.665217 0.9213089999999999 0.657609 0.9195679999999999 0.607609 0.918872 0.604348 0.9157379999999999 0.6 0.9112120000000001 0.6 0.909819 0.6054350000000001 0.909819 0.609783 0.9084260000000001 0.6195649999999999 0.9056409999999999 0.65
0 0.689067 0.48043500000000006 0.687674 0.49347799999999997 0.687674 0.5054350000000001 0.685933 0.525 0.6845399999999999 0.528261 0.6810579999999999 0.5293479999999999 0.679666 0.53587 0.677577 0.536957 0.677228 0.53913 0.681407 0.545652 0.684889 0.5478259999999999 0.6862809999999999 0.551087 0.70961 0.55 0.708217 0.545652 0.706476 0.545652 0.7057800000000001 0.543478 0.7057800000000001 0.5380429999999999 0.704735 0.534783 0.7016020000000001 0.532609 0.700557 0.528261 0.6998610000000001 0.5054350000000001 0.699164 0.502174 0.6981200000000001 0.479348 0.6981200000000001 0.446739 0.697772 0.44239100000000003 0.696727 0.43913 0.693593 0.44021699999999997 0.692549 0.443478 0.6904600000000001 0.470652 0.689067 0.475 0.689067 0.48043500000000006
0 0.531337 0.355435 0.529944 0.36847799999999997 0.528203 0.36956500000000003 0.5271589999999999 0.372826 0.5271589999999999 0.376087 0.530989 0.378261 0.537256 0.378261 0.541086 0.376087 0.541086 0.372826 0.538649 0.36847799999999997 0.537953 0.36413 0.537953 0.354348 0.536908 0.344565 0.536212 0.321739 0.535515 0.319565 0.534123 0.320652 0.533426 0.323913 0.531337 0.35 0.531337 0.355435
0 0.47562699999999997 0.293478 0.474582 0.301087 0.474582 0.307609 0.473886 0.31087 0.47318899999999997 0.31087 0.472841 0.31413 0.47423400000000004 0.31413 0.475279 0.31630400000000003 0.480501 0.31630400000000003 0.481546 0.31413 0.479457 0.307609 0.47841199999999995 0.27934800000000004 0.477019 0.277174 0.476323 0.278261 0.476323 0.282609 0.47562699999999997 0.28586999999999996 0.47562699999999997 0.293478
0 0.44951299999999994 0.282609 0.448468 0.27934800000000004 0.44812 0.263043 0.447423 0.25543499999999997 0.446727 0.25543499999999997 0.445334 0.267391 0.445334 0.27391299999999996 0.443942 0.281522 0.44951299999999994 0.282609
0 0.419916 0.27934800000000004 0.418872 0.275 0.41782700000000006 0.254348 0.41713100000000003 0.251087 0.41608599999999996 0.253261 0.415042 0.272826 0.412953 0.27934800000000004 0.419916 0.27934800000000004
0 0.385794 0.277174 0.38405300000000003 0.272826 0.38266 0.24782600000000002 0.381616 0.24673899999999999 0.379875 0.269565 0.378482 0.275 0.380919 0.278261 0.385794 0.277174
0 0.330084 0.359783 0.330084 0.363043 0.333565 0.365217 0.340877 0.365217 0.345404 0.363043 0.345404 0.358696 0.343315 0.357609 0.342967 0.355435 0.34226999999999996 0.357609 0.341922 0.356522 0.341574 0.334783 0.339485 0.305435 0.338788 0.302174 0.337047 0.302174 0.333565 0.352174 0.33286899999999997 0.355435 0.331476 0.355435 0.330084 0.359783
0 0.348886 0.302174 0.346448 0.29565199999999997 0.344708 0.267391 0.34401099999999996 0.26413000000000003 0.342967 0.26413000000000003 0.341226 0.29565199999999997 0.339833 0.3 0.33843999999999996 0.301087 0.348886 0.302174
0 0.306755 0.5108699999999999 0.30571000000000004 0.528261 0.305014 0.530435 0.302228 0.530435 0.29979100000000003 0.5336960000000001 0.298747 0.540217 0.298398 0.5478259999999999 0.297702 0.55 0.297702 0.554348 0.327994 0.555435 0.32903899999999997 0.548913 0.32903899999999997 0.53587 0.328343 0.532609 0.323816 0.5293479999999999 0.322075 0.5130429999999999 0.320682 0.47282599999999997 0.31928999999999996 0.45543500000000003 0.317897 0.426087 0.311978 0.425 0.30954000000000004 0.476087 0.307799 0.494565 0.307799 0.503261 0.306755 0.5108699999999999
4 0.36734 0.23913 0.36594699999999997 0.259783 0.369081 0.259783 0.368384 0.23913 0.36734 0.23913
4 0.436281 0.24673899999999999 0.435237 0.24021699999999999 0.433844 0.25 0.433844 0.25543499999999997 0.436281 0.25543499999999997 0.436281 0.24673899999999999
4 0.490599 0.25543499999999997 0.489903 0.25 0.489206 0.253261 0.48851000000000006 0.267391 0.49094699999999997 0.267391 0.490599 0.25543499999999997
4 0.524025 0.24565199999999998 0.5229809999999999 0.26087 0.5254179999999999 0.26087 0.524721 0.24565199999999998 0.524025 0.24565199999999998
4 0.556407 0.25543499999999997 0.5553619999999999 0.270652 0.5577989999999999 0.270652 0.557451 0.25652200000000003 0.556407 0.25543499999999997
4 0.630223 0.26087 0.629178 0.26087 0.629178 0.265217 0.628134 0.272826 0.630571 0.27391299999999996 0.630223 0.26087
4 0.641713 0.267391 0.640669 0.281522 0.6431060000000001 0.281522 0.642409 0.267391 0.641713 0.267391
4 0.735376 0.284783 0.73468 0.281522 0.732939 0.291304 0.732939 0.29782600000000004 0.735724 0.296739 0.735376 0.284783
4 0.744429 0.293478 0.744429 0.282609 0.743733 0.27934800000000004 0.743036 0.286957 0.741992 0.291304 0.74234 0.293478 0.744429 0.293478
4 0.831476 0.319565 0.83461 0.319565 0.83461 0.302174 0.833914 0.302174 0.8325210000000001 0.30869599999999997 0.8325210000000001 0.31413 0.831476 0.319565
4 0.8725630000000001 0.319565 0.8722139999999999 0.304348 0.870125 0.31630400000000003 0.870125 0.321739 0.8722139999999999 0.321739 0.8725630000000001 0.319565
4 0.93071 0.346739 0.933844 0.346739 0.9334960000000001 0.323913 0.932451 0.325 0.9317550000000001 0.333696 0.930362 0.341304 0.93071 0.346739
0 0.345404 0.272826 0.346448 0.27391299999999996 0.34992999999999996 0.272826 0.348538 0.26413000000000003 0.34784099999999996 0.244565 0.346797 0.24239099999999997 0.34609999999999996 0.244565 0.345404 0.253261 0.345056 0.269565 0.345404 0.272826
4 0.44951299999999994 0.251087 0.448816 0.251087 0.44812 0.25760900000000003 0.448816 0.272826 0.450557 0.272826 0.44951299999999994 0.251087