0 0.466922 0.775 0.46344 0.8141299999999999 0.46239600000000003 0.817391 0.45891400000000004 0.8195650000000001 0.455084 0.826087 0.453343 0.831522 0.451602 0.843478 0.452646 0.846739 0.504178 0.846739 0.504526 0.840217 0.502437 0.831522 0.5 0.826087 0.495474 0.8206519999999999 0.49442899999999995 0.817391 0.489903 0.734783 0.489206 0.704348 0.48676899999999995 0.6489130000000001 0.483983 0.643478 0.47667099999999996 0.6445649999999999 0.47597500000000004 0.647826 0.47492999999999996 0.669565 0.466922 0.768478 0.466922 0.775
3 0.478064 0.40217400000000003 0.47736799999999996 0.404348 0.475279 0.40543500000000005 0.47423400000000004 0.41086999999999996 0.47562699999999997 0.41413 0.482939 0.415217 0.488162 0.418478 0.49025100000000005 0.417391 0.49025100000000005 0.41086999999999996 0.488162 0.407609 0.487465 0.40217400000000003 0.486421 0.378261 0.485724 0.373913 0.48537600000000003 0.35 0.48433099999999996 0.346739 0.48259100000000005 0.346739 0.48189399999999993 0.348913 0.48085000000000006 0.365217 0.48015299999999994 0.36847799999999997 0.478064 0.40217400000000003
1 0.444986 0.342391 0.443942 0.346739 0.442201 0.347826 0.441156 0.353261 0.443245 0.356522 0.446727 0.354348 0.452994 0.357609 0.45369099999999996 0.35108700000000004 0.45194999999999996 0.347826 0.451253 0.343478 0.450557 0.30978300000000003 0.45020899999999997 0.306522 0.44777199999999995 0.305435 0.446727 0.30978300000000003 0.446379 0.323913 0.44568199999999997 0.328261 0.444986 0.342391
1 0.154596 0.26413000000000003 0.15389999999999998 0.271739 0.15285500000000002 0.275 0.153203 0.280435 0.156337 0.280435 0.15772999999999998 0.277174 0.158078 0.253261 0.15772999999999998 0.24565199999999998 0.15668500000000002 0.24239099999999997 0.155292 0.243478 0.155292 0.254348 0.154596 0.25760900000000003 0.154596 0.26413000000000003
3 0.203691 0.359783 0.20264600000000002 0.36413 0.20090499999999997 0.36413 0.199164 0.36847799999999997 0.200557 0.373913 0.215877 0.372826 0.21622599999999997 0.366304 0.215529 0.36413 0.21413600000000002 0.36413 0.213092 0.36086999999999997 0.21030600000000002 0.306522 0.207173 0.305435 0.20473499999999997 0.338043 0.20473499999999997 0.344565 0.204039 0.347826 0.203691 0.359783
3 0.703691 0.404348 0.703343 0.40869600000000006 0.704387 0.41086999999999996 0.7071729999999999 0.411957 0.716226 0.411957 0.714136 0.396739 0.712396 0.36086999999999997 0.7116990000000001 0.357609 0.709958 0.357609 0.7075210000000001 0.38043499999999997 0.7071729999999999 0.396739 0.7057800000000001 0.403261 0.703691 0.404348
3 0.774025 0.38152200000000003 0.774025 0.384783 0.784471 0.384783 0.782382 0.378261 0.780292 0.344565 0.7788999999999999 0.344565 0.7771589999999999 0.356522 0.776462 0.376087 0.775766 0.379348 0.774025 0.38152200000000003
3 0.706128 0.32934800000000003 0.712744 0.32934800000000003 0.711351 0.325 0.710306 0.303261 0.708914 0.302174 0.707869 0.30978300000000003 0.7071729999999999 0.325 0.706128 0.32717399999999996 0.706128 0.32934800000000003
1 0.292827 0.31521699999999997 0.29213100000000003 0.321739 0.291086 0.325 0.289345 0.326087 0.289345 0.331522 0.301184 0.331522 0.301184 0.326087 0.299095 0.320652 0.298398 0.31521699999999997 0.298398 0.307609 0.297354 0.29782600000000004 0.297354 0.284783 0.296309 0.282609 0.294568 0.282609 0.293524 0.29565199999999997 0.293872 0.29782600000000004 0.292827 0.305435 0.292827 0.31521699999999997
1 0.6371870000000001 0.34565199999999996 0.635794 0.347826 0.635794 0.35108700000000004 0.6448470000000001 0.35108700000000004 0.643454 0.344565 0.642409 0.318478 0.641713 0.313043 0.640669 0.313043 0.639972 0.31521699999999997 0.638231 0.341304 0.6371870000000001 0.34565199999999996
1 0.625 0.319565 0.631616 0.319565 0.629875 0.311957 0.629526 0.29565199999999997 0.62883 0.29239099999999996 0.6277860000000001 0.296739 0.626741 0.313043 0.625 0.317391 0.625 0.319565
1 0.166086 0.265217 0.172354 0.265217 0.169916 0.258696 0.16817500000000002 0.23478300000000002 0.166783 0.233696 0.166086 0.25 0.16538999999999998 0.252174 0.16538999999999998 0.26087 0.166086 0.265217
2 0.15668500000000002 0.284783 0.168524 0.28586999999999996 0.168524 0.283696 0.166086 0.278261 0.162953 0.22391299999999997 0.161212 0.22391299999999997 0.159123 0.248913 0.158426 0.277174 0.15668500000000002 0.282609 0.15668500000000002 0.284783
3 0.767409 0.355435 0.765669 0.35 0.764624 0.326087 0.763928 0.322826 0.762883 0.322826 0.761838 0.32717399999999996 0.760794 0.348913 0.759053 0.354348 0.767409 0.355435
1 0.647632 0.33587 0.655292 0.33587 0.654944 0.331522 0.6538999999999999 0.328261 0.653203 0.305435 0.651811 0.305435 0.649721 0.330435 0.648329 0.33260900000000004 0.647632 0.33587
3 0.482242 0.268478 0.481546 0.254348 0.48085000000000006 0.254348 0.479805 0.268478 0.47876 0.272826 0.48363500000000004 0.272826 0.482242 0.268478
3 0.14032 0.238043 0.139972 0.221739 0.139276 0.218478 0.138231 0.218478 0.137187 0.24021699999999999 0.135446 0.244565 0.141713 0.244565 0.14032 0.238043
1 0.572772 0.36086999999999997 0.581476 0.361957 0.5821729999999999 0.357609 0.580432 0.353261 0.5790390000000001 0.31630400000000003 0.577298 0.31521699999999997 0.5766020000000001 0.31630400000000003 0.5745129999999999 0.348913 0.5713790000000001 0.357609 0.572772 0.36086999999999997
1 0.205084 0.258696 0.21239599999999997 0.259783 0.209958 0.253261 0.20961 0.236957 0.208914 0.232609 0.207869 0.231522 0.20682499999999998 0.24130400000000002 0.20647600000000002 0.253261 0.205084 0.25652200000000003 0.205084 0.258696
1 0.394847 0.268478 0.400418 0.268478 0.399025 0.26413000000000003 0.39798100000000003 0.24673899999999999 0.396936 0.24565199999999998 0.39624000000000004 0.25 0.395543 0.265217 0.394847 0.266304 0.394847 0.268478
1 0.466922 0.25543499999999997 0.466226 0.25543499999999997 0.464136 0.278261 0.46901099999999996 0.278261 0.467618 0.27391299999999996 0.466922 0.25543499999999997
1 0.532382 0.290217 0.5306409999999999 0.282609 0.530292 0.268478 0.529248 0.267391 0.528203 0.27391299999999996 0.5275070000000001 0.28586999999999996 0.526462 0.290217 0.532382 0.290217
0 0.13649 0.219565 0.135794 0.215217 0.135097 0.215217 0.133008 0.238043 0.136838 0.238043 0.13649 0.219565
0 0.130571 0.221739 0.12987500000000002 0.20760900000000002 0.129178 0.20760900000000002 0.128482 0.218478 0.127089 0.227174 0.131616 0.227174 0.130571 0.221739
0 0.12604500000000002 0.215217 0.125348 0.202174 0.124304 0.20108700000000002 0.123607 0.215217 0.12291099999999999 0.218478 0.126741 0.218478 0.12604500000000002 0.215217
0 0.256964 0.41413 0.256964 0.421739 0.255571 0.433696 0.255919 0.43587 0.254178 0.459783 0.253134 0.463043 0.251045 0.463043 0.24895499999999998 0.46630399999999994 0.24895499999999998 0.47282599999999997 0.25 0.476087 0.25383 0.47717400000000004 0.25522300000000003 0.479348 0.25766 0.478261 0.262883 0.48260899999999995 0.268454 0.48260899999999995 0.26915 0.48043500000000006 0.274721 0.479348 0.275418 0.47391300000000003 0.27332900000000004 0.47391300000000003 0.272632 0.471739 0.272632 0.46413000000000004 0.268802 0.46195700000000006 0.267061 0.43587 0.266713 0.41086999999999996 0.26532 0.397826 0.264972 0.383696 0.264276 0.378261 0.260794 0.377174 0.259749 0.379348 0.258705 0.38913000000000003 0.258008 0.407609 0.256964 0.41413
3 0.641713 0.303261 0.641017 0.28586999999999996 0.639972 0.284783 0.638579 0.303261 0.637535 0.306522 0.6431060000000001 0.306522 0.641713 0.303261
1 0.189415 0.296739 0.188022 0.29782600000000004 0.187674 0.301087 0.188719 0.304348 0.198468 0.304348 0.198468 0.301087 0.196379 0.296739 0.195682 0.291304 0.19429000000000002 0.26087 0.192897 0.259783 0.192201 0.26087 0.191156 0.272826 0.19046000000000002 0.29239099999999996 0.189415 0.296739
2 0.15285500000000002 0.27391299999999996 0.154944 0.251087 0.154944 0.243478 0.155641 0.24130400000000002 0.158078 0.24239099999999997 0.157033 0.219565 0.154596 0.219565 0.151462 0.266304 0.15006999999999998 0.27391299999999996 0.15285500000000002 0.27391299999999996
3 0.565111 0.283696 0.564067 0.267391 0.56337 0.267391 0.562326 0.284783 0.5612809999999999 0.288043 0.566156 0.288043 0.565111 0.283696
3 0.30362100000000003 0.232609 0.303273 0.230435 0.302577 0.230435 0.300836 0.251087 0.305014 0.251087 0.303969 0.24673899999999999 0.30362100000000003 0.232609
3 0.218663 0.24130400000000002 0.21796700000000002 0.226087 0.21727 0.221739 0.216574 0.221739 0.215877 0.23913 0.214833 0.244565 0.219359 0.244565 0.218663 0.24130400000000002
1 0.267409 0.25760900000000003 0.266017 0.25 0.26566900000000004 0.238043 0.264972 0.233696 0.264276 0.233696 0.262883 0.24782600000000002 0.262883 0.254348 0.262187 0.25760900000000003 0.267409 0.25760900000000003
3 0.394847 0.259783 0.393802 0.25652200000000003 0.393106 0.24239099999999997 0.392409 0.24130400000000002 0.391365 0.25 0.391365 0.25543499999999997 0.39032 0.259783 0.394847 0.259783
1 0.5807800000000001 0.304348 0.587047 0.304348 0.585306 0.3 0.58461 0.27934800000000004 0.583565 0.27934800000000004 0.5825210000000001 0.288043 0.5821729999999999 0.298913 0.5807800000000001 0.302174 0.5807800000000001 0.304348
1 0.33077999999999996 0.258696 0.329387 0.254348 0.32903899999999997 0.24021699999999999 0.327298 0.23913 0.326602 0.25760900000000003 0.325905 0.26087 0.33077999999999996 0.26087 0.33077999999999996 0.258696