3 0.35933099999999996 0.5826089999999999 0.356198 0.5869570000000001 0.35585 0.58913 0.36873300000000003 0.5956520000000001 0.375348 0.5956520000000001 0.389276 0.588043 0.388579 0.584783 0.38649 0.584783 0.385446 0.581522 0.385446 0.5771740000000001 0.384749 0.575 0.381964 0.575 0.38126699999999997 0.571739 0.375 0.484783 0.36977699999999997 0.48586999999999997 0.364554 0.571739 0.363858 0.575 0.361072 0.576087 0.35933099999999996 0.5826089999999999
3 0.47667099999999996 0.476087 0.47318899999999997 0.48043500000000006 0.47318899999999997 0.48260899999999995 0.475279 0.48804299999999995 0.48433099999999996 0.48804299999999995 0.490599 0.48586999999999997 0.49094699999999997 0.48043500000000006 0.488162 0.476087 0.48363500000000004 0.41956499999999997 0.48085000000000006 0.418478 0.479805 0.422826 0.47910899999999995 0.43804299999999996 0.478064 0.446739 0.47667099999999996 0.476087
3 0.389276 0.431522 0.388579 0.43478300000000003 0.386838 0.43587 0.386838 0.43913 0.388231 0.44239100000000003 0.397284 0.44239100000000003 0.39798100000000003 0.44021699999999997 0.399025 0.44021699999999997 0.399373 0.43587 0.39798100000000003 0.43587 0.396936 0.433696 0.395543 0.40108699999999997 0.39415 0.390217 0.392409 0.38913000000000003 0.391365 0.391304 0.39066900000000004 0.403261 0.389972 0.406522 0.389276 0.431522
3 0.339485 0.41086999999999996 0.349582 0.41086999999999996 0.347493 0.404348 0.347493 0.397826 0.345752 0.375 0.344708 0.371739 0.34401099999999996 0.371739 0.342618 0.38043499999999997 0.340877 0.406522 0.339485 0.40869600000000006 0.339485 0.41086999999999996
3 0.384401 0.36086999999999997 0.383357 0.359783 0.381616 0.373913 0.38022300000000003 0.393478 0.387187 0.393478 0.384401 0.36086999999999997
3 0.453343 0.377174 0.45194999999999996 0.372826 0.450557 0.35 0.449164 0.348913 0.44777199999999995 0.359783 0.447423 0.370652 0.44568199999999997 0.377174 0.453343 0.377174
3 0.524721 0.36956500000000003 0.5306409999999999 0.36956500000000003 0.528203 0.342391 0.5271589999999999 0.343478 0.526462 0.347826 0.525766 0.363043 0.524721 0.36956500000000003
3 0.6222139999999999 0.36413 0.62117 0.358696 0.620125 0.343478 0.618733 0.341304 0.617688 0.347826 0.61734 0.357609 0.615947 0.36413 0.6222139999999999 0.36413
3 0.703691 0.36413 0.702646 0.359783 0.70195 0.341304 0.701253 0.33913000000000004 0.700209 0.341304 0.699164 0.36086999999999997 0.6981200000000001 0.36413 0.703691 0.36413
1 0.566156 0.396739 0.566156 0.394565 0.564415 0.390217 0.562674 0.365217 0.5619780000000001 0.361957 0.560933 0.361957 0.560237 0.366304 0.559192 0.386957 0.557451 0.396739 0.566156 0.396739
1 0.6128129999999999 0.38152200000000003 0.610724 0.376087 0.610028 0.354348 0.609331 0.35108700000000004 0.608635 0.35108700000000004 0.607591 0.356522 0.606546 0.376087 0.604805 0.38152200000000003 0.6128129999999999 0.38152200000000003
1 0.6145539999999999 0.421739 0.61351 0.422826 0.61351 0.426087 0.623955 0.426087 0.623955 0.42391300000000004 0.621866 0.418478 0.62117 0.411957 0.62117 0.40217400000000003 0.620474 0.397826 0.620125 0.383696 0.619081 0.38043499999999997 0.618036 0.38043499999999997 0.61734 0.38260900000000003 0.615599 0.403261 0.615251 0.418478 0.6145539999999999 0.421739
1 0.711351 0.38152200000000003 0.7193590000000001 0.38152200000000003 0.717618 0.376087 0.715877 0.35108700000000004 0.7148329999999999 0.35 0.713788 0.354348 0.712744 0.376087 0.711351 0.379348 0.711351 0.38152200000000003
1 0.746866 0.46630399999999994 0.750696 0.468478 0.763928 0.468478 0.762535 0.465217 0.7621870000000001 0.46195700000000006 0.760097 0.46087 0.759401 0.457609 0.756267 0.406522 0.753482 0.406522 0.751741 0.426087 0.75 0.457609 0.7472139999999999 0.46087 0.746866 0.46630399999999994
1 0.854109 0.5771740000000001 0.851671 0.579348 0.851323 0.5826089999999999 0.854805 0.58913 0.858287 0.5913039999999999 0.8593310000000001 0.593478 0.884749 0.594565 0.882312 0.588043 0.881964 0.5826089999999999 0.877089 0.573913 0.87117 0.481522 0.8655989999999999 0.48043500000000006 0.8593310000000001 0.5663039999999999 0.8586349999999999 0.569565 0.85585 0.571739 0.854109 0.5771740000000001
1 0.902507 0.40108699999999997 0.9129530000000001 0.40217400000000003 0.9108639999999999 0.396739 0.909819 0.373913 0.908774 0.36413 0.9073819999999999 0.363043 0.9066850000000001 0.36413 0.905292 0.38152200000000003 0.9049440000000001 0.394565 0.902507 0.40108699999999997
3 0.941156 0.379348 0.941156 0.377174 0.9401109999999999 0.373913 0.9397629999999999 0.36413 0.9383699999999999 0.352174 0.937326 0.347826 0.9366300000000001 0.347826 0.935933 0.35 0.9348890000000001 0.366304 0.9327989999999999 0.378261 0.941156 0.379348
3 0.860028 0.370652 0.8589829999999999 0.366304 0.857939 0.346739 0.857242 0.343478 0.856198 0.343478 0.854457 0.356522 0.854457 0.365217 0.853064 0.370652 0.860028 0.370652
3 0.770195 0.359783 0.76915 0.340217 0.767409 0.340217 0.766365 0.359783 0.764624 0.36413 0.771936 0.36413 0.770195 0.359783
1 0.8081480000000001 0.388043 0.8060579999999999 0.38043499999999997 0.803969 0.355435 0.802577 0.354348 0.8015319999999999 0.36086999999999997 0.8011839999999999 0.373913 0.798747 0.386957 0.8081480000000001 0.388043