3 0.37117 0.557609 0.370474 0.565217 0.370125 0.584783 0.36873300000000003 0.608696 0.36873300000000003 0.620652 0.366643 0.669565 0.363162 0.677174 0.361421 0.677174 0.360028 0.681522 0.360028 0.690217 0.357939 0.695652 0.354109 0.7 0.353412 0.7021740000000001 0.358635 0.706522 0.366992 0.708696 0.389624 0.708696 0.391365 0.703261 0.396588 0.694565 0.400418 0.684783 0.402159 0.6836960000000001 0.402855 0.680435 0.40250700000000006 0.677174 0.399373 0.676087 0.394847 0.666304 0.391365 0.66413 0.389972 0.657609 0.386838 0.625 0.386838 0.617391 0.385446 0.606522 0.385446 0.6010869999999999 0.384401 0.593478 0.383008 0.571739 0.38126699999999997 0.556522 0.38022300000000003 0.5380429999999999 0.379178 0.530435 0.372911 0.530435 0.371866 0.532609 0.371518 0.53587 0.37117 0.557609
3 0.46483299999999994 0.520652 0.46135099999999996 0.522826 0.461003 0.530435 0.458217 0.536957 0.458217 0.53913 0.483983 0.540217 0.489903 0.526087 0.487117 0.516304 0.48363500000000004 0.515217 0.482939 0.5130429999999999 0.48259100000000005 0.502174 0.481198 0.49130399999999996 0.480501 0.47282599999999997 0.47876 0.454348 0.47771600000000003 0.448913 0.47667099999999996 0.42934799999999995 0.475279 0.418478 0.474582 0.417391 0.471797 0.417391 0.470404 0.421739 0.46657400000000004 0.516304 0.46483299999999994 0.520652
3 0.529596 0.371739 0.527855 0.371739 0.526811 0.376087 0.526811 0.379348 0.532382 0.38043499999999997 0.534471 0.346739 0.5351670000000001 0.344565 0.537953 0.344565 0.537953 0.34184749999999997 0.5374990015625001 0.33629617343749996 0.5365599999999999 0.330435 0.53614980625 0.3221067578125 0.5351670000000001 0.31413 0.5330779999999999 0.31413 0.532033 0.326087 0.531685 0.344565 0.530292 0.36847799999999997 0.529596 0.371739
3 0.505571 0.348913 0.505571 0.35108700000000004 0.5181060000000001 0.35108700000000004 0.517409 0.344565 0.516017 0.343478 0.51532 0.340217 0.514972 0.322826 0.513579 0.311957 0.513231 0.3 0.511838 0.296739 0.510794 0.296739 0.510097 0.298913 0.508705 0.340217 0.50766 0.34565199999999996 0.505571 0.348913
3 0.459262 0.32934800000000003 0.458565 0.333696 0.469359 0.33260900000000004 0.469359 0.328261 0.46726999999999996 0.325 0.46483299999999994 0.290217 0.464136 0.288043 0.462744 0.288043 0.462047 0.290217 0.461003 0.326087 0.460306 0.32934800000000003 0.459262 0.32934800000000003
3 0.425139 0.29565199999999997 0.425139 0.303261 0.424443 0.306522 0.42548700000000006 0.30869599999999997 0.43036199999999997 0.30869599999999997 0.431058 0.307609 0.431058 0.303261 0.43036199999999997 0.302174 0.430014 0.294565 0.42931800000000003 0.29239099999999996 0.429666 0.290217 0.428621 0.280435 0.428621 0.275 0.427925 0.271739 0.42688 0.271739 0.426532 0.282609 0.425836 0.28586999999999996 0.425836 0.293478 0.425139 0.29565199999999997
3 0.454387 0.283696 0.459262 0.284783 0.461003 0.282609 0.461003 0.280435 0.45960999999999996 0.277174 0.458217 0.25652200000000003 0.45717299999999994 0.25543499999999997 0.456476 0.26087 0.45578 0.27934800000000004 0.454387 0.281522 0.454387 0.283696
3 0.520195 0.268478 0.520195 0.265217 0.518802 0.261957 0.518454 0.25 0.5177579999999999 0.244565 0.516365 0.244565 0.515669 0.26087 0.514624 0.265217 0.514624 0.268478 0.520195 0.268478
3 0.581825 0.25760900000000003 0.587396 0.25760900000000003 0.587396 0.254348 0.586003 0.25 0.586003 0.24021699999999999 0.585306 0.23913 0.585306 0.233696 0.583914 0.232609 0.583217 0.236957 0.583217 0.24782600000000002 0.581825 0.254348 0.581825 0.25760900000000003
3 0.648677 0.24673899999999999 0.649373 0.24565199999999998 0.649373 0.24239099999999997 0.648329 0.238043 0.648677 0.230435 0.647632 0.228261 0.647284 0.22282600000000002 0.6462399999999999 0.221739 0.645543 0.23913 0.6444989999999999 0.24239099999999997 0.6444989999999999 0.24565199999999998 0.648677 0.24673899999999999
3 0.6786209999999999 0.22391299999999997 0.677925 0.221739 0.677577 0.216304 0.676532 0.216304 0.674791 0.238043 0.6793180000000001 0.23913 0.6786209999999999 0.232609 0.6786209999999999 0.22391299999999997
3 0.702298 0.227174 0.701253 0.21086999999999997 0.700557 0.21086999999999997 0.698816 0.231522 0.702994 0.231522 0.703343 0.230435 0.702298 0.227174
3 0.711003 0.22282600000000002 0.711003 0.215217 0.70961 0.20760900000000002 0.707869 0.226087 0.710655 0.227174 0.7116990000000001 0.225 0.711003 0.22282600000000002
3 0.7071729999999999 0.211957 0.706476 0.206522 0.705432 0.20543499999999998 0.7040390000000001 0.22282600000000002 0.706825 0.22391299999999997 0.7075210000000001 0.22282600000000002 0.7071729999999999 0.211957
3 0.6995129999999999 0.211957 0.700209 0.21086999999999997 0.6995129999999999 0.202174 0.698816 0.202174 0.697075 0.218478 0.6995129999999999 0.218478 0.6995129999999999 0.211957
3 0.726671 0.195652 0.725975 0.195652 0.72493 0.209783 0.727368 0.209783 0.727368 0.2 0.726671 0.195652
1 0.915042 0.365217 0.913649 0.370652 0.9108639999999999 0.373913 0.9108639999999999 0.38152200000000003 0.9314069999999999 0.38152200000000003 0.932103 0.379348 0.932103 0.372826 0.9296659999999999 0.372826 0.928621 0.36956500000000003 0.927577 0.352174 0.925139 0.331522 0.925139 0.325 0.9230499999999999 0.301087 0.9195679999999999 0.3 0.9174789999999999 0.31521699999999997 0.9174789999999999 0.325 0.916086 0.338043 0.915042 0.365217
1 0.8084960000000001 0.333696 0.809192 0.33260900000000004 0.809192 0.330435 0.8067550000000001 0.325 0.8060579999999999 0.31413 0.805362 0.31087 0.803969 0.275 0.799791 0.27391299999999996 0.797006 0.32717399999999996 0.795265 0.331522 0.799095 0.334783 0.8084960000000001 0.333696
1 0.721797 0.306522 0.7224929999999999 0.30978300000000003 0.733287 0.31087 0.733635 0.305435 0.7322420000000001 0.304348 0.731198 0.290217 0.7305010000000001 0.28913 0.729109 0.263043 0.726323 0.261957 0.72493 0.27934800000000004 0.724234 0.301087 0.723538 0.305435 0.721797 0.306522
1 0.628482 0.293478 0.628134 0.296739 0.6371870000000001 0.296739 0.638231 0.294565 0.638231 0.29239099999999996 0.63649 0.28913 0.634401 0.259783 0.633705 0.25652200000000003 0.63266 0.25543499999999997 0.631964 0.258696 0.630223 0.291304 0.628482 0.293478
1 0.621518 0.266304 0.621518 0.269565 0.62883 0.269565 0.62883 0.266304 0.627437 0.26413000000000003 0.625348 0.238043 0.623955 0.238043 0.622911 0.252174 0.622911 0.263043 0.6222139999999999 0.266304 0.621518 0.266304
1 0.73085 0.248913 0.73085 0.24565199999999998 0.729109 0.23913 0.728412 0.221739 0.726671 0.220652 0.725279 0.24239099999999997 0.724234 0.24565199999999998 0.724234 0.248913 0.73085 0.248913
1 0.767409 0.23478300000000002 0.767409 0.238043 0.773329 0.236957 0.771588 0.226087 0.770891 0.213043 0.7694989999999999 0.211957 0.76915 0.219565 0.768454 0.22282600000000002 0.768454 0.231522 0.767409 0.23478300000000002
1 0.8067550000000001 0.21413000000000001 0.807451 0.218478 0.810933 0.218478 0.809192 0.21086999999999997 0.809192 0.20543499999999998 0.8077989999999999 0.196739 0.807103 0.198913 0.807103 0.203261 0.8064069999999999 0.206522 0.8067550000000001 0.21413000000000001
1 0.790042 0.19456500000000002 0.789345 0.19456500000000002 0.787953 0.213043 0.792131 0.213043 0.791086 0.20760900000000002 0.790042 0.19456500000000002
1 0.779596 0.209783 0.783426 0.21086999999999997 0.783774 0.20760900000000002 0.78273 0.202174 0.782382 0.19347799999999998 0.781337 0.19347799999999998 0.7806409999999999 0.197826 0.7806409999999999 0.20434800000000003 0.779596 0.20760900000000002 0.779596 0.209783
1 0.7928270000000001 0.2 0.7924789999999999 0.190217 0.791435 0.190217 0.7907379999999999 0.195652 0.791086 0.20434800000000003 0.793872 0.20543499999999998 0.7928270000000001 0.2
1 0.8151109999999999 0.19456500000000002 0.8147629999999999 0.18587 0.8137190000000001 0.18587 0.812326 0.2 0.815808 0.20108700000000002 0.816156 0.198913 0.8151109999999999 0.19456500000000002
1 0.8467969999999999 0.18043499999999998 0.8457520000000001 0.196739 0.848886 0.196739 0.847493 0.18043499999999998 0.8467969999999999 0.18043499999999998
1 0.887187 0.191304 0.887187 0.18913 0.8861420000000001 0.18587 0.885794 0.176087 0.885097 0.176087 0.884053 0.18152200000000002 0.884053 0.192391 0.887187 0.191304
1 0.9310579999999999 0.170652 0.9296659999999999 0.18587 0.9331480000000001 0.18587 0.9317550000000001 0.170652 0.9310579999999999 0.170652
1 0.592967 0.281522 0.59993 0.281522 0.600627 0.280435 0.600627 0.276087 0.599234 0.272826 0.599234 0.267391 0.598189 0.266304 0.5974929999999999 0.24673899999999999 0.595752 0.24565199999999998 0.595056 0.25 0.5943590000000001 0.27391299999999996 0.592967 0.277174 0.592967 0.281522
3 0.531685 0.40869600000000006 0.529944 0.417391 0.5275070000000001 0.418478 0.5271589999999999 0.428261 0.544568 0.428261 0.546309 0.42391300000000004 0.5459609999999999 0.41630399999999995 0.543872 0.415217 0.5424789999999999 0.41086999999999996 0.541435 0.394565 0.541435 0.38587 0.5407379999999999 0.38260900000000003 0.5383009999999999 0.346739 0.5351670000000001 0.34565199999999996 0.5330779999999999 0.371739 0.5330779999999999 0.379348 0.531685 0.39891299999999996 0.531685 0.40869600000000006
1 0.802228 0.225 0.8081480000000001 0.22391299999999997 0.807103 0.220652 0.80571 0.202174 0.804318 0.202174 0.8032730000000001 0.211957 0.8032730000000001 0.220652 0.802228 0.22282600000000002 0.802228 0.225
3 0.759749 0.203261 0.758705 0.190217 0.75766 0.19347799999999998 0.75766 0.2 0.756964 0.203261 0.759749 0.203261
3 0.805362 0.182609 0.803969 0.18804300000000002 0.803621 0.196739 0.8064069999999999 0.196739 0.805362 0.182609
3 0.8610720000000001 0.176087 0.85968 0.18913 0.862813 0.18913 0.861769 0.176087 0.8610720000000001 0.176087
3 0.92688 0.16956500000000002 0.9254870000000001 0.182609 0.928621 0.182609 0.9279249999999999 0.171739 0.92688 0.16956500000000002