3 0.324513 0.698913 0.323468 0.706522 0.32311999999999996 0.727174 0.321727 0.751087 0.322075 0.777174 0.320682 0.807609 0.319638 0.8108700000000001 0.316156 0.8141299999999999 0.313022 0.8195650000000001 0.31162999999999996 0.8239129999999999 0.31128100000000003 0.8380430000000001 0.306407 0.846739 0.35968 0.846739 0.363162 0.841304 0.364554 0.8358700000000001 0.367688 0.832609 0.37256300000000003 0.818478 0.363162 0.817391 0.361421 0.807609 0.360376 0.807609 0.356198 0.8010870000000001 0.352716 0.798913 0.351323 0.794565 0.350975 0.786957 0.349234 0.7739130000000001 0.349234 0.7695649999999999 0.347493 0.756522 0.347493 0.746739 0.34226999999999996 0.697826 0.34226999999999996 0.692391 0.337744 0.645652 0.337047 0.627174 0.328343 0.628261 0.327298 0.6304350000000001 0.326253 0.66413 0.325557 0.6673910000000001 0.324513 0.698913
3 0.443942 0.525 0.442897 0.543478 0.441852 0.5478259999999999 0.440808 0.5478259999999999 0.437674 0.553261 0.43697800000000003 0.556522 0.43697800000000003 0.56413 0.43454 0.575 0.46135099999999996 0.575 0.465181 0.572826 0.46796699999999997 0.563043 0.46726999999999996 0.548913 0.462744 0.546739 0.461003 0.5423910000000001 0.459958 0.526087 0.458217 0.511957 0.458565 0.5108699999999999 0.457521 0.496739 0.45578 0.481522 0.45543199999999995 0.467391 0.453343 0.43913 0.45194999999999996 0.43587 0.44812 0.43587 0.447075 0.43913 0.446379 0.467391 0.44428999999999996 0.5 0.443942 0.525
3 0.46344 0.42391300000000004 0.46239600000000003 0.428261 0.459958 0.42934799999999995 0.459262 0.43260899999999997 0.459262 0.44021699999999997 0.45960999999999996 0.44239100000000003 0.473886 0.44239100000000003 0.478064 0.43804299999999996 0.479805 0.43804299999999996 0.479805 0.431522 0.47876 0.428261 0.47597500000000004 0.428261 0.475279 0.425 0.475279 0.41956499999999997 0.473886 0.407609 0.472841 0.386957 0.471797 0.378261 0.47075199999999995 0.354348 0.469359 0.35 0.46726999999999996 0.35 0.465877 0.353261 0.465877 0.365217 0.464485 0.386957 0.46344 0.42391300000000004
3 0.43837000000000004 0.344565 0.43802199999999997 0.378261 0.437326 0.38152200000000003 0.435237 0.38260900000000003 0.43454 0.386957 0.435933 0.391304 0.446727 0.391304 0.450905 0.386957 0.450905 0.38260900000000003 0.45020899999999997 0.38043499999999997 0.448468 0.38043499999999997 0.447423 0.376087 0.447075 0.365217 0.443593 0.321739 0.441504 0.318478 0.44011100000000003 0.319565 0.439763 0.321739 0.439415 0.340217 0.43837000000000004 0.344565
3 0.353064 0.331522 0.352368 0.334783 0.349234 0.340217 0.349234 0.342391 0.35550099999999996 0.343478 0.356894 0.341304 0.360028 0.341304 0.361769 0.33913000000000004 0.361769 0.33587 0.360028 0.33587 0.35933099999999996 0.333696 0.358983 0.321739 0.356198 0.29239099999999996 0.354457 0.29239099999999996 0.354109 0.306522 0.353064 0.31630400000000003 0.353064 0.331522
3 0.353412 0.306522 0.353412 0.283696 0.352368 0.27934800000000004 0.35201899999999997 0.269565 0.350279 0.269565 0.349234 0.301087 0.34818899999999997 0.302174 0.347493 0.306522 0.353412 0.306522
3 0.40250700000000006 0.276087 0.407382 0.276087 0.40773000000000004 0.27391299999999996 0.406337 0.25 0.405641 0.24673899999999999 0.404596 0.24782600000000002 0.403552 0.25760900000000003 0.4039 0.267391 0.40250700000000006 0.276087
3 0.48433099999999996 0.24673899999999999 0.48363500000000004 0.22934800000000002 0.482242 0.228261 0.481198 0.248913 0.479805 0.253261 0.48607199999999995 0.253261 0.48433099999999996 0.24673899999999999
3 0.576253 0.228261 0.576253 0.219565 0.575557 0.21739099999999997 0.575557 0.213043 0.5745129999999999 0.211957 0.573468 0.231522 0.572423 0.23586999999999997 0.577646 0.23586999999999997 0.576253 0.228261
3 0.6733979999999999 0.21413000000000001 0.673747 0.21086999999999997 0.672354 0.198913 0.671309 0.2 0.670613 0.218478 0.668872 0.22282600000000002 0.6754870000000001 0.22282600000000002 0.6733979999999999 0.21413000000000001
3 0.773329 0.213043 0.773677 0.202174 0.774373 0.197826 0.773677 0.18913 0.772284 0.18913 0.770891 0.21086999999999997 0.7694989999999999 0.21413000000000001 0.773329 0.213043
3 0.8896240000000001 0.202174 0.888579 0.19456500000000002 0.888579 0.18804300000000002 0.8878830000000001 0.18587 0.887535 0.18043499999999998 0.8861420000000001 0.179348 0.885097 0.197826 0.883357 0.20543499999999998 0.8906689999999999 0.20543499999999998 0.8896240000000001 0.202174
1 0.807103 0.348913 0.80571 0.353261 0.8032730000000001 0.354348 0.802577 0.361957 0.8130219999999999 0.366304 0.8182449999999999 0.36413 0.81929 0.36086999999999997 0.8217269999999999 0.358696 0.8217269999999999 0.355435 0.8199859999999999 0.354348 0.8185930000000001 0.347826 0.8165039999999999 0.321739 0.8151109999999999 0.288043 0.814415 0.28586999999999996 0.8102370000000001 0.28586999999999996 0.808844 0.307609 0.809192 0.31087 0.8081480000000001 0.320652 0.807103 0.348913
1 0.672006 0.307609 0.6709609999999999 0.31087 0.6692199999999999 0.311957 0.6692199999999999 0.31630400000000003 0.6793180000000001 0.317391 0.681407 0.31413 0.681755 0.31087 0.6803619999999999 0.31087 0.6793180000000001 0.306522 0.677925 0.28913 0.677577 0.275 0.676184 0.261957 0.674443 0.26087 0.673747 0.261957 0.672702 0.28913 0.672006 0.294565 0.672006 0.307609
1 0.53273 0.291304 0.53273 0.293478 0.541086 0.293478 0.542131 0.290217 0.5407379999999999 0.286957 0.539345 0.276087 0.5383009999999999 0.253261 0.536212 0.252174 0.536212 0.261957 0.535515 0.266304 0.5348189999999999 0.284783 0.53273 0.291304
1 0.516713 0.282609 0.517061 0.281522 0.516365 0.27934800000000004 0.51532 0.27934800000000004 0.514624 0.276087 0.512883 0.24673899999999999 0.511838 0.24565199999999998 0.511142 0.24782600000000002 0.509749 0.278261 0.508008 0.281522 0.516713 0.282609
1 0.522632 0.267391 0.5288999999999999 0.267391 0.529596 0.265217 0.5288999999999999 0.26413000000000003 0.528552 0.25760900000000003 0.5275070000000001 0.253261 0.5271589999999999 0.236957 0.526811 0.23478300000000002 0.5254179999999999 0.23478300000000002 0.524721 0.23913 0.524025 0.263043 0.522632 0.265217 0.522632 0.267391
1 0.5654600000000001 0.24782600000000002 0.5637190000000001 0.253261 0.566504 0.254348 0.570334 0.252174 0.568593 0.24130400000000002 0.568593 0.231522 0.567897 0.22391299999999997 0.566852 0.22391299999999997 0.566504 0.226087 0.566156 0.24130400000000002 0.5654600000000001 0.24782600000000002
1 0.617688 0.24130400000000002 0.616992 0.24130400000000002 0.615947 0.236957 0.6145539999999999 0.216304 0.61351 0.216304 0.6128129999999999 0.233696 0.610724 0.244565 0.617688 0.244565 0.617688 0.24130400000000002
1 0.6880219999999999 0.23478300000000002 0.6869780000000001 0.232609 0.685585 0.22282600000000002 0.684889 0.20760900000000002 0.683844 0.20760900000000002 0.683148 0.225 0.682451 0.230435 0.6810579999999999 0.23478300000000002 0.6880219999999999 0.23478300000000002
1 0.779596 0.227174 0.779596 0.225 0.777855 0.22282600000000002 0.7775070000000001 0.21739099999999997 0.776462 0.213043 0.776114 0.198913 0.774721 0.198913 0.774025 0.203261 0.773329 0.221739 0.771588 0.227174 0.779596 0.227174
1 0.8722139999999999 0.218478 0.87117 0.21086999999999997 0.870474 0.192391 0.868733 0.191304 0.866992 0.216304 0.8655989999999999 0.221739 0.873259 0.221739 0.8722139999999999 0.218478