1 0.635097 0.795652 0.634401 0.809783 0.633357 0.816304 0.633357 0.8228260000000001 0.630919 0.840217 0.630919 0.846739 0.657382 0.846739 0.657382 0.827174 0.656685 0.8130430000000001 0.657033 0.808696 0.655989 0.7978259999999999 0.6556409999999999 0.778261 0.654248 0.756522 0.653552 0.7206520000000001 0.652855 0.718478 0.65007 0.717391 0.6479809999999999 0.71413 0.6431060000000001 0.71413 0.642061 0.717391 0.642061 0.723913 0.639624 0.756522 0.635097 0.795652
1 0.37883 0.502174 0.377786 0.506522 0.377786 0.5108699999999999 0.380571 0.518478 0.401462 0.518478 0.40076599999999996 0.5054350000000001 0.399721 0.503261 0.39832900000000004 0.503261 0.396936 0.5 0.39624000000000004 0.48695700000000003 0.39624000000000004 0.47282599999999997 0.393106 0.417391 0.389624 0.417391 0.388579 0.420652 0.383008 0.496739 0.381616 0.501087 0.37883 0.502174
1 0.341226 0.41086999999999996 0.34052899999999997 0.41304299999999994 0.339136 0.41304299999999994 0.33843999999999996 0.41630399999999995 0.33843999999999996 0.421739 0.35375999999999996 0.422826 0.35375999999999996 0.418478 0.353064 0.41630399999999995 0.35201899999999997 0.41630399999999995 0.350627 0.411957 0.348538 0.366304 0.347493 0.359783 0.34609999999999996 0.359783 0.344708 0.365217 0.343663 0.383696 0.34226999999999996 0.394565 0.341226 0.41086999999999996
1 0.365251 0.370652 0.36351 0.372826 0.363162 0.378261 0.37360699999999997 0.379348 0.37360699999999997 0.377174 0.371518 0.372826 0.369429 0.33260900000000004 0.368384 0.33260900000000004 0.367688 0.33587 0.367688 0.342391 0.366295 0.35108700000000004 0.365251 0.370652
1 0.41016700000000006 0.36086999999999997 0.41782700000000006 0.36086999999999997 0.416435 0.356522 0.41608599999999996 0.333696 0.415042 0.326087 0.41364900000000004 0.32717399999999996 0.41260399999999997 0.336957 0.41190800000000005 0.356522 0.41016700000000006 0.36086999999999997
1 0.449861 0.353261 0.44812 0.347826 0.447423 0.325 0.446727 0.322826 0.445334 0.326087 0.44428999999999996 0.347826 0.44254899999999997 0.353261 0.449861 0.353261
1 0.47492999999999996 0.344565 0.473886 0.334783 0.473886 0.321739 0.47249299999999994 0.319565 0.4711 0.33913000000000004 0.46970799999999996 0.34565199999999996 0.47423400000000004 0.346739 0.47492999999999996 0.344565
1 0.498259 0.33913000000000004 0.497563 0.336957 0.496866 0.31521699999999997 0.495822 0.31630400000000003 0.494777 0.331522 0.493384 0.33913000000000004 0.498259 0.33913000000000004
1 0.515669 0.334783 0.514276 0.31521699999999997 0.513231 0.31630400000000003 0.512883 0.328261 0.51149 0.334783 0.515669 0.334783
1 0.934192 0.46630399999999994 0.9352370000000001 0.46630399999999994 0.935585 0.468478 0.9422010000000001 0.468478 0.942897 0.46630399999999994 0.9415039999999999 0.463043 0.9401109999999999 0.441304 0.9401109999999999 0.433696 0.9383699999999999 0.43260899999999997 0.935933 0.45 0.935933 0.456522 0.934192 0.463043 0.934192 0.46630399999999994
1 0.852716 0.40217400000000003 0.851671 0.40108699999999997 0.8485379999999999 0.426087 0.8551529999999999 0.428261 0.853412 0.42391300000000004 0.852716 0.40217400000000003
1 0.868733 0.407609 0.867688 0.4 0.867688 0.388043 0.866992 0.388043 0.865947 0.392391 0.864903 0.407609 0.868733 0.407609
1 0.914345 0.407609 0.913997 0.394565 0.912604 0.395652 0.911908 0.407609 0.910515 0.409783 0.91539 0.41086999999999996 0.914345 0.407609
1 0.945682 0.406522 0.949861 0.406522 0.9488160000000001 0.392391 0.947772 0.392391 0.9470750000000001 0.395652 0.9467269999999999 0.403261 0.945682 0.406522
1 0.908774 0.373913 0.908774 0.376087 0.9101670000000001 0.378261 0.910515 0.373913 0.908774 0.373913
1 0.544916 0.32934800000000003 0.5483979999999999 0.32934800000000003 0.547702 0.325 0.547354 0.313043 0.546657 0.313043 0.546309 0.31521699999999997 0.546309 0.321739 0.544916 0.32934800000000003
1 0.5637190000000001 0.326087 0.5630219999999999 0.319565 0.5630219999999999 0.311957 0.562326 0.311957 0.5619780000000001 0.319565 0.560585 0.326087 0.5637190000000001 0.326087
2 0.528203 0.334783 0.5275070000000001 0.33260900000000004 0.5271589999999999 0.307609 0.526462 0.301087 0.525766 0.301087 0.523677 0.32934800000000003 0.522632 0.334783 0.528203 0.334783
2 0.534471 0.33260900000000004 0.533774 0.32934800000000003 0.533774 0.317391 0.53273 0.302174 0.532033 0.302174 0.531337 0.307609 0.529596 0.33260900000000004 0.534471 0.33260900000000004
1 0.836351 0.40869600000000006 0.8353059999999999 0.390217 0.83461 0.386957 0.833217 0.393478 0.8325210000000001 0.403261 0.831128 0.40869600000000006 0.836351 0.40869600000000006
3 0.168872 0.340217 0.170961 0.344565 0.180362 0.344565 0.18070999999999998 0.340217 0.178621 0.33913000000000004 0.178621 0.319565 0.177577 0.303261 0.176532 0.29565199999999997 0.175139 0.294565 0.172702 0.31521699999999997 0.171657 0.331522 0.170961 0.33587 0.168872 0.340217
3 0.25905300000000003 0.32934800000000003 0.25905300000000003 0.331522 0.268106 0.331522 0.267758 0.32934800000000003 0.266365 0.328261 0.266017 0.30869599999999997 0.264972 0.302174 0.264972 0.29782600000000004 0.264276 0.29565199999999997 0.263231 0.296739 0.262187 0.304348 0.260446 0.328261 0.25905300000000003 0.32934800000000003
3 0.325905 0.326087 0.332173 0.32717399999999996 0.332173 0.325 0.331476 0.323913 0.330084 0.298913 0.32903899999999997 0.29782600000000004 0.327298 0.31413 0.327298 0.319565 0.325905 0.323913 0.325905 0.326087
3 0.374652 0.322826 0.37360699999999997 0.302174 0.37256300000000003 0.301087 0.371518 0.31630400000000003 0.370125 0.325 0.375348 0.325 0.374652 0.322826
3 0.41190800000000005 0.321739 0.411212 0.317391 0.411212 0.30978300000000003 0.41016700000000006 0.298913 0.409123 0.3 0.408078 0.320652 0.407382 0.322826 0.41190800000000005 0.321739
3 0.43697800000000003 0.317391 0.43662999999999996 0.301087 0.436281 0.298913 0.435585 0.298913 0.43454 0.31413 0.433496 0.320652 0.43802199999999997 0.320652 0.43697800000000003 0.317391
2 0.455084 0.317391 0.454387 0.313043 0.45369099999999996 0.286957 0.452646 0.286957 0.45194999999999996 0.3 0.45020899999999997 0.317391 0.455084 0.317391
2 0.459958 0.31630400000000003 0.463788 0.31630400000000003 0.462744 0.28586999999999996 0.461699 0.286957 0.460306 0.31087 0.45960999999999996 0.313043 0.459958 0.31630400000000003
3 0.45960999999999996 0.317391 0.458565 0.298913 0.457521 0.3 0.456825 0.31087 0.45578 0.317391 0.45960999999999996 0.317391
3 0.48502799999999996 0.296739 0.483983 0.302174 0.482939 0.31413 0.486421 0.31413 0.48502799999999996 0.296739
3 0.505919 0.29565199999999997 0.504875 0.298913 0.504178 0.31087 0.506964 0.31087 0.505919 0.29565199999999997
3 0.521936 0.306522 0.524721 0.306522 0.524025 0.293478 0.521936 0.306522
3 0.5365599999999999 0.291304 0.535864 0.29239099999999996 0.5348189999999999 0.304348 0.537256 0.304348 0.5365599999999999 0.291304
1 0.573816 0.307609 0.5731200000000001 0.306522 0.572075 0.320652 0.5745129999999999 0.320652 0.573816 0.317391 0.573816 0.307609
1 0.585306 0.304348 0.58461 0.305435 0.583914 0.31630400000000003 0.586351 0.31630400000000003 0.585306 0.304348