3 0.473886 0.546739 0.472841 0.5771740000000001 0.47318899999999997 0.594565 0.471797 0.620652 0.470404 0.628261 0.466922 0.6304350000000001 0.465181 0.634783 0.464485 0.645652 0.46135099999999996 0.656522 0.461003 0.66087 0.47005600000000003 0.66087 0.473886 0.6630429999999999 0.49617000000000006 0.6630429999999999 0.5 0.653261 0.503134 0.647826 0.504875 0.641304 0.505571 0.631522 0.501045 0.6304350000000001 0.49860699999999997 0.626087 0.49442899999999995 0.623913 0.493384 0.620652 0.49129500000000004 0.5956520000000001 0.489903 0.58587 0.489206 0.570652 0.488162 0.561957 0.487465 0.5478259999999999 0.486421 0.541304 0.48363500000000004 0.497826 0.482242 0.49347799999999997 0.47876 0.49347799999999997 0.47667099999999996 0.497826 0.47597500000000004 0.522826 0.47492999999999996 0.53913 0.473886 0.546739
3 0.489903 0.430435 0.488858 0.43478300000000003 0.48607199999999995 0.43695700000000004 0.48607199999999995 0.44565200000000005 0.487465 0.45 0.494081 0.44782599999999995 0.506267 0.448913 0.507312 0.446739 0.506964 0.441304 0.506267 0.44021699999999997 0.505919 0.43587 0.503134 0.43260899999999997 0.502089 0.42717400000000005 0.501741 0.418478 0.49930399999999997 0.395652 0.49721399999999993 0.359783 0.495822 0.356522 0.49303600000000003 0.356522 0.49234 0.359783 0.49234 0.371739 0.49025100000000005 0.40543500000000005 0.489903 0.430435
1 0.753482 0.358696 0.752437 0.372826 0.751045 0.376087 0.75 0.376087 0.749304 0.378261 0.749304 0.38260900000000003 0.750696 0.38587 0.75766 0.391304 0.761142 0.388043 0.76915 0.38587 0.7694989999999999 0.383696 0.768454 0.38043499999999997 0.768454 0.378261 0.7677579999999999 0.376087 0.766017 0.376087 0.764276 0.36739099999999997 0.763928 0.357609 0.762883 0.352174 0.762535 0.342391 0.76149 0.333696 0.761838 0.328261 0.7604460000000001 0.306522 0.758705 0.305435 0.756964 0.306522 0.755223 0.322826 0.755223 0.334783 0.753482 0.35 0.753482 0.358696
1 0.44603099999999996 0.307609 0.44568199999999997 0.31087 0.443942 0.311957 0.45786899999999997 0.311957 0.456128 0.30978300000000003 0.45578 0.306522 0.45369099999999996 0.304348 0.451602 0.270652 0.449861 0.270652 0.448816 0.281522 0.448468 0.29565199999999997 0.447423 0.305435 0.44603099999999996 0.307609
1 0.320682 0.317391 0.319986 0.31413 0.31754899999999997 0.311957 0.316852 0.30978300000000003 0.314415 0.281522 0.313022 0.281522 0.312674 0.293478 0.310933 0.313043 0.309192 0.317391 0.320682 0.317391
0 0.11176900000000001 0.333696 0.11176900000000001 0.330435 0.110376 0.328261 0.10793900000000001 0.304348 0.10619799999999999 0.303261 0.104805 0.32934800000000003 0.10376 0.33260900000000004 0.10376 0.33587 0.11176900000000001 0.333696
0 0.126393 0.313043 0.123955 0.306522 0.124304 0.302174 0.122563 0.290217 0.12151799999999999 0.290217 0.120474 0.307609 0.118733 0.31630400000000003 0.126393 0.31521699999999997 0.126393 0.313043
3 0.337744 0.32717399999999996 0.337396 0.347826 0.33669899999999997 0.35 0.33460999999999996 0.35 0.334262 0.353261 0.33286899999999997 0.356522 0.342618 0.357609 0.347493 0.352174 0.347145 0.348913 0.34609999999999996 0.348913 0.344708 0.34565199999999996 0.34435899999999997 0.336957 0.341922 0.31521699999999997 0.341922 0.30869599999999997 0.341226 0.305435 0.339485 0.305435 0.339136 0.307609 0.339136 0.31521699999999997 0.337744 0.32717399999999996
3 0.23328700000000002 0.341304 0.232242 0.348913 0.23085 0.35108700000000004 0.23050099999999998 0.355435 0.240251 0.355435 0.24234 0.352174 0.24234 0.35 0.240251 0.348913 0.239554 0.346739 0.23816199999999998 0.319565 0.236421 0.30869599999999997 0.23502800000000001 0.30978300000000003 0.23468 0.317391 0.23328700000000002 0.330435 0.23328700000000002 0.341304
1 0.174095 0.33260900000000004 0.17304999999999998 0.330435 0.172006 0.321739 0.170961 0.302174 0.16921999999999998 0.301087 0.167827 0.326087 0.166435 0.33587 0.174443 0.33587 0.174095 0.33260900000000004
0 0.191156 0.298913 0.190111 0.282609 0.189415 0.280435 0.18836999999999998 0.280435 0.187326 0.298913 0.185585 0.307609 0.192897 0.306522 0.191156 0.298913
1 0.587047 0.31630400000000003 0.585655 0.321739 0.58461 0.322826 0.58461 0.326087 0.587396 0.328261 0.594708 0.328261 0.598538 0.325 0.595056 0.319565 0.594011 0.31521699999999997 0.593663 0.306522 0.592967 0.304348 0.59227 0.296739 0.59227 0.286957 0.591226 0.275 0.5884400000000001 0.275 0.587744 0.28586999999999996 0.587744 0.298913 0.5866990000000001 0.31087 0.587047 0.31630400000000003
3 0.425139 0.336957 0.42479100000000003 0.36739099999999997 0.424095 0.370652 0.41922 0.378261 0.422354 0.38152200000000003 0.427925 0.38152200000000003 0.42896900000000004 0.379348 0.431058 0.379348 0.432799 0.376087 0.433844 0.376087 0.43662999999999996 0.370652 0.435933 0.36847799999999997 0.434192 0.36847799999999997 0.433148 0.36413 0.431755 0.340217 0.43036199999999997 0.331522 0.430014 0.322826 0.42896900000000004 0.31521699999999997 0.427577 0.31521699999999997 0.42688 0.318478 0.426184 0.33260900000000004 0.425139 0.336957
3 0.110376 0.36847799999999997 0.11768799999999999 0.36847799999999997 0.118733 0.366304 0.12117 0.366304 0.120474 0.363043 0.118384 0.359783 0.11734 0.33913000000000004 0.11559900000000001 0.325 0.114554 0.325 0.11385799999999999 0.32717399999999996 0.11281300000000001 0.341304 0.112465 0.359783 0.110376 0.36847799999999997