0 0.61351 0.391304 0.6128129999999999 0.395652 0.6128129999999999 0.41630399999999995 0.611421 0.43478300000000003 0.610028 0.43804299999999996 0.6068939999999999 0.43804299999999996 0.6068939999999999 0.443478 0.6037600000000001 0.45 0.604805 0.452174 0.61351 0.453261 0.629526 0.452174 0.629875 0.45 0.632312 0.44782599999999995 0.634053 0.443478 0.632312 0.44239100000000003 0.631964 0.44021699999999997 0.631616 0.441304 0.629875 0.43478300000000003 0.6277860000000001 0.43478300000000003 0.627089 0.43260899999999997 0.625348 0.41956499999999997 0.6222139999999999 0.36086999999999997 0.621518 0.356522 0.621518 0.35 0.620125 0.34565199999999996 0.616643 0.34565199999999996 0.615947 0.347826 0.6145539999999999 0.377174 0.613858 0.379348 0.61351 0.391304
0 0.70961 0.301087 0.70961 0.304348 0.7228410000000001 0.304348 0.7228410000000001 0.298913 0.720752 0.293478 0.719708 0.268478 0.717967 0.24782600000000002 0.7148329999999999 0.24782600000000002 0.712396 0.293478 0.711351 0.29782600000000004 0.710655 0.29782600000000004 0.70961 0.301087
0 0.748259 0.251087 0.758008 0.251087 0.758357 0.24782600000000002 0.756267 0.244565 0.754526 0.211957 0.751741 0.211957 0.751045 0.216304 0.749304 0.24673899999999999 0.748259 0.24782600000000002 0.748259 0.251087
0 0.768802 0.22282600000000002 0.77507 0.22282600000000002 0.776811 0.220652 0.77507 0.215217 0.773677 0.192391 0.771588 0.191304 0.770543 0.20108700000000002 0.7698470000000001 0.21739099999999997 0.768454 0.220652 0.768802 0.22282600000000002
0 0.787256 0.20434800000000003 0.786212 0.198913 0.785515 0.18043499999999998 0.783774 0.179348 0.7830779999999999 0.18043499999999998 0.782033 0.198913 0.780989 0.203261 0.787256 0.20434800000000003
0 0.794916 0.191304 0.793872 0.18695699999999998 0.793175 0.17282599999999998 0.791783 0.170652 0.7907379999999999 0.178261 0.79039 0.18804300000000002 0.789345 0.191304 0.794916 0.191304
0 0.8004870000000001 0.183696 0.799791 0.18043499999999998 0.799095 0.167391 0.797702 0.165217 0.796657 0.17282599999999998 0.796657 0.179348 0.795613 0.182609 0.8004870000000001 0.183696
0 0.8060579999999999 0.17282599999999998 0.8064069999999999 0.168478 0.805362 0.158696 0.8046659999999999 0.157609 0.803969 0.158696 0.8032730000000001 0.16413 0.803621 0.17282599999999998 0.8060579999999999 0.17282599999999998
0 0.919916 0.179348 0.9195679999999999 0.165217 0.9174789999999999 0.16413 0.916086 0.183696 0.915042 0.18587 0.9213089999999999 0.18695699999999998 0.919916 0.179348
0 0.9042479999999999 0.179348 0.908078 0.179348 0.908774 0.177174 0.9077299999999999 0.173913 0.907033 0.16087 0.9056409999999999 0.158696 0.904596 0.16413 0.9038999999999999 0.173913 0.9032030000000001 0.176087 0.9042479999999999 0.179348
0 0.898677 0.16956500000000002 0.897284 0.16087 0.897284 0.156522 0.895543 0.155435 0.8948470000000001 0.166304 0.893802 0.171739 0.898329 0.17282599999999998 0.898677 0.16956500000000002
0 0.8896240000000001 0.159783 0.8892760000000001 0.152174 0.8878830000000001 0.152174 0.88649 0.166304 0.8906689999999999 0.167391 0.8910170000000001 0.16413 0.8896240000000001 0.159783
0 0.884053 0.158696 0.883705 0.152174 0.881964 0.152174 0.880571 0.163043 0.8844010000000001 0.16413 0.884749 0.159783 0.884053 0.158696
0 0.8077989999999999 0.158696 0.8067550000000001 0.155435 0.80571 0.16087 0.8067550000000001 0.168478 0.808844 0.168478 0.8077989999999999 0.158696
0 0.8032730000000001 0.173913 0.802577 0.16087 0.8015319999999999 0.159783 0.8004870000000001 0.165217 0.800139 0.177174 0.803969 0.177174 0.8032730000000001 0.173913
0 0.941156 0.198913 0.941156 0.195652 0.9397629999999999 0.19347799999999998 0.9383699999999999 0.171739 0.935933 0.171739 0.9345399999999999 0.19347799999999998 0.9334960000000001 0.195652 0.9334960000000001 0.198913 0.941156 0.198913