1 0.45786899999999997 0.579348 0.45786899999999997 0.590217 0.456825 0.597826 0.455084 0.625 0.45369099999999996 0.6358699999999999 0.451253 0.66413 0.449861 0.668478 0.44568199999999997 0.671739 0.443942 0.675 0.443245 0.688043 0.446727 0.698913 0.450905 0.703261 0.453343 0.704348 0.45891400000000004 0.7021740000000001 0.464136 0.706522 0.466226 0.706522 0.46796699999999997 0.709783 0.471797 0.713043 0.47771600000000003 0.71087 0.48189399999999993 0.704348 0.48537600000000003 0.7021740000000001 0.486421 0.7 0.48676899999999995 0.696739 0.482242 0.684783 0.482242 0.681522 0.48085000000000006 0.677174 0.47771600000000003 0.673913 0.47562699999999997 0.669565 0.473886 0.6380429999999999 0.472841 0.632609 0.472145 0.622826 0.471797 0.603261 0.47075199999999995 0.590217 0.4711 0.5771740000000001 0.469359 0.53587 0.467618 0.531522 0.46239600000000003 0.530435 0.46135099999999996 0.531522 0.46065500000000004 0.534783 0.459958 0.552174 0.45786899999999997 0.579348
1 0.194986 0.421739 0.193942 0.43695700000000004 0.192897 0.441304 0.191504 0.465217 0.190808 0.467391 0.186978 0.470652 0.185933 0.475 0.185933 0.48260899999999995 0.187674 0.48695700000000003 0.19046000000000002 0.490217 0.195682 0.48913 0.198468 0.483696 0.20264600000000002 0.48695700000000003 0.20856499999999997 0.484783 0.21518099999999998 0.484783 0.215877 0.483696 0.213092 0.476087 0.212047 0.46956499999999995 0.208914 0.467391 0.207869 0.46413000000000004 0.207521 0.444565 0.20647600000000002 0.43695700000000004 0.205084 0.411957 0.204387 0.40869600000000006 0.20473499999999997 0.403261 0.20299399999999998 0.377174 0.201602 0.373913 0.19812000000000002 0.373913 0.197075 0.379348 0.197075 0.384783 0.195334 0.40108699999999997 0.194986 0.421739
1 0.266017 0.261957 0.264624 0.238043 0.263231 0.238043 0.260794 0.265217 0.259401 0.269565 0.267758 0.269565 0.266017 0.261957
1 0.157033 0.259783 0.166086 0.259783 0.163997 0.251087 0.163997 0.24239099999999997 0.162953 0.226087 0.161212 0.227174 0.16051500000000002 0.231522 0.159471 0.251087 0.157033 0.259783
1 0.352368 0.283696 0.34992999999999996 0.276087 0.348538 0.252174 0.34784099999999996 0.248913 0.346797 0.248913 0.345752 0.258696 0.345752 0.267391 0.342618 0.283696 0.352368 0.283696
1 0.476323 0.313043 0.48537600000000003 0.313043 0.48363500000000004 0.305435 0.48363500000000004 0.29782600000000004 0.482939 0.29565199999999997 0.482939 0.282609 0.482242 0.276087 0.481546 0.275 0.48015299999999994 0.276087 0.479457 0.29239099999999996 0.47841199999999995 0.302174 0.476323 0.313043
1 0.5689420000000001 0.322826 0.568593 0.32717399999999996 0.577298 0.328261 0.577646 0.326087 0.576253 0.320652 0.576253 0.31521699999999997 0.575209 0.306522 0.5748610000000001 0.293478 0.574164 0.290217 0.572772 0.290217 0.572075 0.294565 0.571727 0.30869599999999997 0.5706819999999999 0.320652 0.5689420000000001 0.322826
1 0.672702 0.338043 0.67305 0.342391 0.682103 0.342391 0.682103 0.340217 0.680014 0.33587 0.680014 0.330435 0.6793180000000001 0.32717399999999996 0.6793180000000001 0.30978300000000003 0.677925 0.305435 0.6768799999999999 0.306522 0.676184 0.30978300000000003 0.674791 0.333696 0.672702 0.338043
1 0.753482 0.341304 0.751741 0.347826 0.760097 0.347826 0.758705 0.343478 0.758705 0.336957 0.758008 0.334783 0.756964 0.31630400000000003 0.755919 0.31630400000000003 0.755223 0.318478 0.75383 0.331522 0.753482 0.341304
1 0.812326 0.347826 0.8102370000000001 0.33913000000000004 0.8095399999999999 0.319565 0.8077989999999999 0.318478 0.8064069999999999 0.32717399999999996 0.805362 0.342391 0.803969 0.347826 0.812326 0.347826
1 0.83844 0.34565199999999996 0.836351 0.338043 0.835655 0.320652 0.8342620000000001 0.319565 0.8335649999999999 0.322826 0.8325210000000001 0.341304 0.831128 0.34565199999999996 0.83844 0.34565199999999996
1 0.837396 0.33913000000000004 0.842967 0.340217 0.841922 0.33587 0.8405290000000001 0.31630400000000003 0.8398329999999999 0.31630400000000003 0.8391360000000001 0.318478 0.8387879999999999 0.32934800000000003 0.837396 0.33587 0.837396 0.33913000000000004
1 0.81929 0.318478 0.8185930000000001 0.304348 0.8172010000000001 0.303261 0.816156 0.318478 0.814415 0.323913 0.820682 0.323913 0.81929 0.318478
1 0.8478410000000001 0.319565 0.8467969999999999 0.304348 0.8461000000000001 0.304348 0.8450559999999999 0.317391 0.8436629999999999 0.323913 0.848886 0.323913 0.8478410000000001 0.319565
3 0.283426 0.253261 0.281685 0.248913 0.281337 0.238043 0.280292 0.228261 0.279248 0.227174 0.278203 0.233696 0.277507 0.248913 0.275766 0.253261 0.283426 0.253261
3 0.391017 0.270652 0.389276 0.265217 0.388928 0.253261 0.387883 0.243478 0.386838 0.243478 0.385446 0.25652200000000003 0.38509699999999997 0.266304 0.383357 0.270652 0.391017 0.270652
3 0.545613 0.298913 0.544568 0.29565199999999997 0.5442199999999999 0.284783 0.543524 0.280435 0.543524 0.271739 0.541783 0.270652 0.54039 0.293478 0.538997 0.296739 0.538997 0.298913 0.545613 0.298913
3 0.603064 0.30869599999999997 0.60968 0.30869599999999997 0.607939 0.296739 0.607591 0.281522 0.606198 0.280435 0.6055010000000001 0.281522 0.604457 0.302174 0.603064 0.306522 0.603064 0.30869599999999997
3 0.658426 0.30978300000000003 0.65773 0.288043 0.655989 0.286957 0.654596 0.307609 0.652855 0.311957 0.6598189999999999 0.313043 0.658426 0.30978300000000003
3 0.156337 0.24021699999999999 0.159819 0.24021699999999999 0.160864 0.227174 0.16155999999999998 0.225 0.162953 0.225 0.161908 0.213043 0.16051500000000002 0.213043 0.158774 0.22391299999999997 0.158078 0.23586999999999997 0.156337 0.24021699999999999
3 0.682103 0.31413 0.687674 0.31413 0.687674 0.311957 0.68663 0.30978300000000003 0.68663 0.302174 0.685933 0.298913 0.685585 0.290217 0.6845399999999999 0.28913 0.683148 0.302174 0.683148 0.30978300000000003 0.682103 0.311957 0.682103 0.31413
3 0.721448 0.31630400000000003 0.720056 0.311957 0.719011 0.29239099999999996 0.718315 0.29239099999999996 0.71727 0.298913 0.7169220000000001 0.307609 0.7151810000000001 0.31521699999999997 0.721448 0.31630400000000003
3 0.735724 0.31413 0.735724 0.311957 0.73468 0.30869599999999997 0.734331 0.293478 0.733635 0.291304 0.732591 0.29565199999999997 0.7322420000000001 0.307609 0.73085 0.31521699999999997 0.735724 0.31413
3 0.49791100000000005 0.29239099999999996 0.49617000000000006 0.28586999999999996 0.49617000000000006 0.277174 0.495125 0.26413000000000003 0.49373300000000003 0.263043 0.49234 0.275 0.49199200000000004 0.28586999999999996 0.49094699999999997 0.29239099999999996 0.49791100000000005 0.29239099999999996