1 0.523329 0.844565 0.545265 0.845652 0.545265 0.8304349999999999 0.544568 0.827174 0.544568 0.821739 0.542131 0.798913 0.541435 0.7836960000000001 0.5407379999999999 0.7793479999999999 0.5407379999999999 0.7695649999999999 0.537953 0.765217 0.537604 0.7630429999999999 0.528552 0.7630429999999999 0.5271589999999999 0.765217 0.525766 0.7695649999999999 0.525766 0.7836960000000001 0.523329 0.832609 0.523329 0.844565
1 0.345056 0.43260899999999997 0.34401099999999996 0.446739 0.34401099999999996 0.465217 0.343315 0.468478 0.342967 0.48260899999999995 0.338788 0.48586999999999997 0.338092 0.48913 0.338092 0.503261 0.355153 0.503261 0.356546 0.5 0.357939 0.5 0.358287 0.502174 0.362813 0.502174 0.362813 0.48586999999999997 0.362117 0.483696 0.358983 0.48260899999999995 0.357939 0.478261 0.356894 0.459783 0.35585 0.454348 0.354109 0.43478300000000003 0.353412 0.417391 0.35201899999999997 0.406522 0.35167099999999996 0.397826 0.350627 0.394565 0.346448 0.394565 0.345752 0.397826 0.34609999999999996 0.40217400000000003 0.345056 0.41630399999999995 0.345056 0.43260899999999997
1 0.200557 0.393478 0.198468 0.394565 0.197423 0.397826 0.198816 0.40217400000000003 0.20647600000000002 0.40217400000000003 0.211699 0.4 0.21413600000000002 0.396739 0.212744 0.391304 0.211351 0.391304 0.21030600000000002 0.386957 0.21030600000000002 0.38260900000000003 0.208217 0.36847799999999997 0.207173 0.353261 0.205084 0.334783 0.20264600000000002 0.334783 0.20195 0.342391 0.201602 0.363043 0.20090499999999997 0.36847799999999997 0.200557 0.393478
1 0.056058 0.379348 0.054666000000000006 0.375 0.053273 0.366304 0.050139 0.333696 0.049443 0.330435 0.048747 0.330435 0.049095 0.384783 0.057450999999999995 0.383696 0.057450999999999995 0.38043499999999997 0.056058 0.379348
0 0.793524 0.33260900000000004 0.7924789999999999 0.33587 0.7907379999999999 0.336957 0.79039 0.343478 0.792131 0.34565199999999996 0.803969 0.346739 0.807103 0.342391 0.8077989999999999 0.336957 0.80571 0.33587 0.804318 0.331522 0.803621 0.318478 0.802577 0.31413 0.80188 0.305435 0.80188 0.296739 0.800836 0.28913 0.799791 0.27391299999999996 0.797006 0.27391299999999996 0.7959609999999999 0.282609 0.794916 0.31413 0.793872 0.319565 0.793524 0.33260900000000004
0 0.821379 0.270652 0.824861 0.270652 0.829387 0.267391 0.829387 0.265217 0.827994 0.26413000000000003 0.8269500000000001 0.26087 0.8245129999999999 0.22391299999999997 0.822772 0.22282600000000002 0.8203340000000001 0.261957 0.8182449999999999 0.265217 0.8182449999999999 0.268478 0.821379 0.270652
0 0.831476 0.232609 0.83844 0.233696 0.839485 0.230435 0.837744 0.22391299999999997 0.8370469999999999 0.20434800000000003 0.836351 0.2 0.8353059999999999 0.198913 0.8342620000000001 0.208696 0.833914 0.221739 0.833217 0.227174 0.831476 0.232609
0 0.881267 0.232609 0.8844010000000001 0.22934800000000002 0.882312 0.22282600000000002 0.881964 0.21413000000000001 0.881267 0.21086999999999997 0.8809189999999999 0.197826 0.879526 0.196739 0.878134 0.208696 0.8777860000000001 0.22282600000000002 0.8756959999999999 0.230435 0.881267 0.232609
4 0.867688 0.211957 0.867688 0.20434800000000003 0.866295 0.18804300000000002 0.8655989999999999 0.18804300000000002 0.864206 0.20108700000000002 0.864206 0.213043 0.867688 0.211957
0 0.923398 0.22934800000000002 0.9317550000000001 0.230435 0.933844 0.228261 0.9314069999999999 0.22391299999999997 0.9300140000000001 0.21086999999999997 0.9296659999999999 0.196739 0.928969 0.19347799999999998 0.9279249999999999 0.19347799999999998 0.92688 0.198913 0.925836 0.22391299999999997 0.923747 0.227174 0.923398 0.22934800000000002
0 0.700209 0.526087 0.700557 0.532609 0.698468 0.561957 0.697423 0.567391 0.693593 0.567391 0.6904600000000001 0.573913 0.6904600000000001 0.583696 0.687326 0.592391 0.687326 0.5956520000000001 0.699164 0.6010869999999999 0.721797 0.6054350000000001 0.729805 0.583696 0.7287600000000001 0.580435 0.727368 0.580435 0.725627 0.573913 0.722145 0.570652 0.720404 0.5663039999999999 0.719011 0.545652 0.717618 0.5336960000000001 0.716574 0.509783 0.715529 0.5 0.7151810000000001 0.484783 0.713092 0.44782599999999995 0.7116990000000001 0.44021699999999997 0.706128 0.44021699999999997 0.705084 0.443478 0.702994 0.48913 0.7016020000000001 0.501087 0.700209 0.526087