1 0.05501399999999999 0.48804299999999995 0.054666000000000006 0.5 0.05188 0.528261 0.051532 0.536957 0.050487000000000004 0.545652 0.048747 0.55 0.048747 0.571739 0.051532 0.5771740000000001 0.059192 0.578261 0.068245 0.573913 0.070682 0.571739 0.071031 0.569565 0.074513 0.567391 0.087744 0.56413 0.086351 0.559783 0.083565 0.557609 0.082869 0.555435 0.082869 0.552174 0.08077999999999999 0.546739 0.075905 0.543478 0.074861 0.540217 0.072075 0.509783 0.070682 0.48260899999999995 0.06928999999999999 0.470652 0.067201 0.42934799999999995 0.066504 0.425 0.05954 0.425 0.058496000000000006 0.431522 0.056755 0.456522 0.056058 0.479348 0.05501399999999999 0.48804299999999995
0 0.064415 0.288043 0.06337000000000001 0.29239099999999996 0.061978 0.29239099999999996 0.06163 0.296739 0.075557 0.29782600000000004 0.075905 0.294565 0.074513 0.293478 0.07311999999999999 0.288043 0.07311999999999999 0.282609 0.072075 0.277174 0.071379 0.261957 0.070682 0.25760900000000003 0.070682 0.248913 0.067201 0.24782600000000002 0.066504 0.252174 0.066504 0.259783 0.06545999999999999 0.268478 0.064415 0.288043
4 0.13753500000000002 0.25543499999999997 0.136142 0.259783 0.13649 0.261957 0.143802 0.259783 0.142061 0.24565199999999998 0.141713 0.23478300000000002 0.14032 0.228261 0.139624 0.22934800000000002 0.138579 0.23913 0.138579 0.24565199999999998 0.13753500000000002 0.25543499999999997
4 0.20264600000000002 0.24239099999999997 0.201602 0.24021699999999999 0.20090499999999997 0.225 0.200209 0.221739 0.199164 0.220652 0.197772 0.24021699999999999 0.196379 0.24565199999999998 0.20264600000000002 0.24565199999999998 0.20264600000000002 0.24239099999999997
4 0.181407 0.230435 0.181407 0.228261 0.180362 0.226087 0.178969 0.209783 0.177925 0.209783 0.176532 0.226087 0.175487 0.228261 0.175487 0.230435 0.181407 0.230435
4 0.163649 0.2 0.162256 0.216304 0.165738 0.216304 0.165042 0.20434800000000003 0.163649 0.2
4 0.11525099999999999 0.21413000000000001 0.11525099999999999 0.208696 0.114206 0.2 0.11316200000000001 0.198913 0.11107199999999999 0.21739099999999997 0.11525099999999999 0.218478 0.115947 0.21739099999999997 0.11525099999999999 0.21413000000000001
4 0.086003 0.18804300000000002 0.084958 0.18804300000000002 0.083565 0.20760900000000002 0.087047 0.20760900000000002 0.087396 0.20543499999999998 0.086003 0.18804300000000002
4 0.08948500000000001 0.196739 0.087744 0.18587 0.086699 0.18587 0.086699 0.195652 0.087047 0.198913 0.088092 0.2 0.08948500000000001 0.196739
4 0.24512499999999998 0.276087 0.24373300000000003 0.272826 0.24303599999999997 0.252174 0.24234 0.248913 0.24234 0.244565 0.241643 0.24239099999999997 0.240251 0.244565 0.23851 0.270652 0.236769 0.277174 0.24512499999999998 0.276087
4 0.292827 0.22934800000000002 0.291783 0.22934800000000002 0.290738 0.23586999999999997 0.290042 0.252174 0.29422000000000004 0.253261 0.292827 0.22934800000000002
4 0.24756300000000003 0.215217 0.24686599999999997 0.211957 0.24617 0.211957 0.244429 0.231522 0.248259 0.231522 0.24860699999999997 0.228261 0.24756300000000003 0.215217