1 0.549095 0.417391 0.54805 0.430435 0.547354 0.43260899999999997 0.545613 0.433696 0.545613 0.43913 0.546657 0.441304 0.5518799999999999 0.44239100000000003 0.5536209999999999 0.444565 0.556407 0.443478 0.559192 0.44565200000000005 0.560237 0.444565 0.560585 0.43913 0.558148 0.431522 0.556755 0.40108699999999997 0.556407 0.378261 0.5553619999999999 0.373913 0.552577 0.373913 0.551184 0.386957 0.551184 0.4 0.5504870000000001 0.409783 0.549095 0.417391
1 0.6055010000000001 0.4 0.604457 0.403261 0.603064 0.404348 0.603064 0.407609 0.604109 0.406522 0.60585 0.409783 0.610376 0.41304299999999994 0.612117 0.411957 0.615599 0.41413 0.616295 0.41086999999999996 0.615599 0.40869600000000006 0.613858 0.407609 0.6128129999999999 0.40217400000000003 0.611769 0.357609 0.609331 0.356522 0.608287 0.36086999999999997 0.6072420000000001 0.38260900000000003 0.606198 0.38913000000000003 0.6055010000000001 0.4
1 0.6692199999999999 0.393478 0.668524 0.396739 0.670613 0.39891299999999996 0.679666 0.40108699999999997 0.6803619999999999 0.4 0.680014 0.396739 0.677925 0.393478 0.677925 0.386957 0.677228 0.38152200000000003 0.677577 0.379348 0.6768799999999999 0.354348 0.674443 0.353261 0.6733979999999999 0.359783 0.672702 0.377174 0.671309 0.390217 0.6692199999999999 0.393478
1 0.753134 0.397826 0.7527860000000001 0.40108699999999997 0.756616 0.404348 0.76149 0.403261 0.761838 0.40108699999999997 0.760794 0.395652 0.7604460000000001 0.38152200000000003 0.759749 0.376087 0.760097 0.36413 0.759749 0.361957 0.757312 0.361957 0.755919 0.383696 0.755223 0.38587 0.754526 0.395652 0.753134 0.397826
1 0.8325210000000001 0.40869600000000006 0.8307800000000001 0.41413 0.8335649999999999 0.417391 0.8391360000000001 0.417391 0.840181 0.41304299999999994 0.8391360000000001 0.40869600000000006 0.838092 0.393478 0.838092 0.379348 0.837396 0.376087 0.835655 0.376087 0.8342620000000001 0.38587 0.83461 0.390217 0.832869 0.40108699999999997 0.8325210000000001 0.40869600000000006
3 0.112465 0.384783 0.11176900000000001 0.396739 0.110376 0.406522 0.109331 0.430435 0.108287 0.43695700000000004 0.10341199999999999 0.441304 0.103064 0.45108699999999996 0.104457 0.454348 0.11107199999999999 0.454348 0.11385799999999999 0.457609 0.118733 0.457609 0.122214 0.453261 0.127437 0.453261 0.12883 0.45108699999999996 0.128482 0.441304 0.126393 0.43804299999999996 0.12465200000000001 0.43804299999999996 0.123607 0.43260899999999997 0.123607 0.422826 0.122563 0.415217 0.122214 0.40108699999999997 0.12151799999999999 0.397826 0.12151799999999999 0.386957 0.12082200000000001 0.38260900000000003 0.119777 0.359783 0.118733 0.354348 0.114903 0.354348 0.11385799999999999 0.358696 0.112117 0.38152200000000003 0.112465 0.384783
3 0.289345 0.36086999999999997 0.287256 0.361957 0.286212 0.36956500000000003 0.302577 0.371739 0.30362100000000003 0.36847799999999997 0.299443 0.361957 0.298398 0.357609 0.298747 0.352174 0.29805000000000004 0.348913 0.29805000000000004 0.344565 0.297354 0.342391 0.296309 0.31521699999999997 0.295613 0.311957 0.293872 0.31087 0.292827 0.31413 0.29213100000000003 0.331522 0.290042 0.357609 0.289345 0.36086999999999997
3 0.950905 0.38587 0.950905 0.370652 0.949861 0.372826 0.9495129999999999 0.379348 0.947772 0.38587 0.950905 0.38587
1 0.662256 0.688043 0.660864 0.692391 0.65773 0.722826 0.656685 0.7260869999999999 0.651114 0.7304350000000001 0.648329 0.740217 0.6448470000000001 0.741304 0.642061 0.745652 0.643802 0.746739 0.6448470000000001 0.751087 0.646936 0.754348 0.651811 0.758696 0.654944 0.76413 0.658774 0.766304 0.661212 0.7695649999999999 0.661908 0.768478 0.6633009999999999 0.770652 0.66539 0.770652 0.666086 0.772826 0.6827989999999999 0.772826 0.6869780000000001 0.775 0.694986 0.775 0.6963790000000001 0.767391 0.694986 0.7608699999999999 0.691156 0.756522 0.6880219999999999 0.743478 0.6845399999999999 0.741304 0.682451 0.7369570000000001 0.681407 0.7163039999999999 0.681407 0.703261 0.68071 0.698913 0.68071 0.6836960000000001 0.679666 0.666304 0.6793180000000001 0.628261 0.678273 0.607609 0.678273 0.596739 0.6754870000000001 0.592391 0.670613 0.592391 0.666783 0.629348 0.6657379999999999 0.634783 0.663649 0.676087 0.662256 0.688043
1 0.526811 0.46630399999999994 0.524025 0.48586999999999997 0.522632 0.5054350000000001 0.520891 0.508696 0.51915 0.508696 0.517409 0.51413 0.514972 0.51413 0.516713 0.5195649999999999 0.516713 0.521739 0.5194989999999999 0.528261 0.5229809999999999 0.526087 0.529248 0.5293479999999999 0.538997 0.528261 0.539694 0.526087 0.5407379999999999 0.526087 0.541086 0.522826 0.542131 0.522826 0.541783 0.5195649999999999 0.540042 0.515217 0.537256 0.511957 0.5365599999999999 0.508696 0.5351670000000001 0.48804299999999995 0.5348189999999999 0.46630399999999994 0.534123 0.46195700000000006 0.534123 0.43913 0.533774 0.431522 0.5330779999999999 0.428261 0.529248 0.42717400000000005 0.528552 0.42934799999999995 0.526811 0.454348 0.526811 0.46630399999999994
3 0.422006 0.347826 0.42931800000000003 0.347826 0.43245100000000003 0.35 0.433148 0.347826 0.430014 0.340217 0.428273 0.304348 0.426532 0.304348 0.42479100000000003 0.319565 0.424095 0.336957 0.42130900000000004 0.344565 0.422006 0.347826
3 0.654944 0.354348 0.655292 0.357609 0.663649 0.357609 0.661908 0.348913 0.661212 0.326087 0.659471 0.32717399999999996 0.65773 0.347826 0.656685 0.352174 0.654944 0.354348
3 0.782033 0.38043499999999997 0.789345 0.38043499999999997 0.788649 0.378261 0.7883009999999999 0.36413 0.787604 0.36086999999999997 0.787604 0.35108700000000004 0.7865599999999999 0.348913 0.7851670000000001 0.352174 0.783426 0.373913 0.781337 0.378261 0.782033 0.38043499999999997
3 0.868733 0.396739 0.867688 0.384783 0.866992 0.38260900000000003 0.866992 0.36956500000000003 0.866295 0.366304 0.864903 0.36739099999999997 0.862813 0.390217 0.8603759999999999 0.396739 0.868733 0.396739
3 0.940808 0.397826 0.9387190000000001 0.40217400000000003 0.9387190000000001 0.40543500000000005 0.947772 0.40543500000000005 0.945682 0.40108699999999997 0.94429 0.376087 0.9432449999999999 0.376087 0.942549 0.378261 0.941156 0.38913000000000003 0.940808 0.397826
3 0.9366300000000001 0.378261 0.935585 0.375 0.9352370000000001 0.361957 0.9345399999999999 0.358696 0.9331480000000001 0.359783 0.932103 0.373913 0.930362 0.378261 0.9366300000000001 0.378261
3 0.918872 0.366304 0.918175 0.353261 0.917131 0.353261 0.916086 0.365217 0.9146940000000001 0.371739 0.920265 0.371739 0.918872 0.366304
3 0.869777 0.33587 0.8690810000000001 0.33587 0.8673400000000001 0.352174 0.871518 0.352174 0.870474 0.34565199999999996 0.869777 0.33587
3 0.899373 0.36086999999999997 0.898677 0.35 0.897981 0.346739 0.897284 0.347826 0.895195 0.363043 0.90007 0.363043 0.899373 0.36086999999999997
3 0.9021589999999999 0.403261 0.9101670000000001 0.403261 0.9091229999999999 0.4 0.9084260000000001 0.391304 0.908078 0.375 0.9077299999999999 0.372826 0.9059889999999999 0.372826 0.9038999999999999 0.38913000000000003 0.903552 0.39891299999999996 0.9021589999999999 0.4 0.9021589999999999 0.403261
3 0.54039 0.342391 0.540042 0.346739 0.5483979999999999 0.346739 0.547354 0.343478 0.546309 0.32934800000000003 0.5459609999999999 0.313043 0.545265 0.31087 0.5442199999999999 0.311957 0.5424789999999999 0.328261 0.541783 0.341304 0.54039 0.342391