3 0.239554 0.653261 0.23920599999999997 0.670652 0.23816199999999998 0.678261 0.237813 0.694565 0.23711700000000002 0.701087 0.236072 0.705435 0.23328700000000002 0.7076089999999999 0.22980499999999998 0.715217 0.22876 0.721739 0.22876 0.7260869999999999 0.22493 0.738043 0.22493 0.740217 0.26149 0.740217 0.270891 0.719565 0.270891 0.71413 0.268454 0.713043 0.268106 0.7076089999999999 0.267061 0.704348 0.261142 0.7021740000000001 0.258008 0.684783 0.257312 0.671739 0.257312 0.657609 0.256616 0.653261 0.25626699999999997 0.642391 0.255571 0.63913 0.255571 0.6304350000000001 0.254178 0.622826 0.254178 0.616304 0.253482 0.615217 0.252786 0.604348 0.252089 0.6010869999999999 0.251045 0.5771740000000001 0.244081 0.5771740000000001 0.24268800000000001 0.593478 0.24094699999999997 0.633696 0.239554 0.653261
3 0.177577 0.5336960000000001 0.177228 0.536957 0.174443 0.544565 0.184889 0.5478259999999999 0.193245 0.5478259999999999 0.20299399999999998 0.540217 0.202298 0.5380429999999999 0.200209 0.536957 0.199861 0.531522 0.195334 0.5293479999999999 0.190808 0.46087 0.189763 0.456522 0.188719 0.45543500000000003 0.185933 0.456522 0.185237 0.46087 0.181755 0.528261 0.181058 0.531522 0.177577 0.5336960000000001
3 0.127786 0.421739 0.126393 0.433696 0.125348 0.44782599999999995 0.125348 0.45543500000000003 0.123955 0.456522 0.12291099999999999 0.459783 0.125696 0.46195700000000006 0.132312 0.46195700000000006 0.138579 0.45869600000000005 0.13753500000000002 0.45543500000000003 0.13649 0.45543500000000003 0.135097 0.452174 0.13370500000000002 0.43478300000000003 0.133357 0.420652 0.13266 0.417391 0.13266 0.411957 0.131616 0.403261 0.12987500000000002 0.404348 0.129178 0.40869600000000006 0.128482 0.420652 0.127786 0.421739
3 0.150766 0.41630399999999995 0.155292 0.41956499999999997 0.161908 0.418478 0.160167 0.41304299999999994 0.159819 0.396739 0.157382 0.378261 0.156337 0.378261 0.15389999999999998 0.392391 0.152507 0.406522 0.152507 0.411957 0.150766 0.41630399999999995
3 0.209262 0.396739 0.207173 0.392391 0.20578 0.36739099999999997 0.20473499999999997 0.363043 0.203691 0.363043 0.20264600000000002 0.372826 0.20195 0.393478 0.200557 0.396739 0.209262 0.396739
3 0.263928 0.379348 0.262535 0.356522 0.26149 0.35108700000000004 0.260446 0.35108700000000004 0.25905300000000003 0.36413 0.258705 0.376087 0.25766 0.379348 0.263928 0.379348
3 0.24965199999999999 0.357609 0.24860699999999997 0.354348 0.248259 0.34565199999999996 0.24686599999999997 0.336957 0.24547400000000003 0.353261 0.244429 0.356522 0.24617 0.358696 0.24965199999999999 0.357609
3 0.268106 0.356522 0.268454 0.361957 0.272284 0.36086999999999997 0.271588 0.347826 0.270543 0.341304 0.269847 0.341304 0.26915 0.344565 0.268802 0.353261 0.268106 0.356522
3 0.268454 0.35108700000000004 0.268454 0.346739 0.267061 0.334783 0.266365 0.33587 0.266017 0.344565 0.264972 0.352174 0.268454 0.35108700000000004
3 0.304666 0.36847799999999997 0.30362100000000003 0.36413 0.302228 0.348913 0.301184 0.34565199999999996 0.300139 0.35108700000000004 0.300139 0.357609 0.298747 0.36847799999999997 0.304666 0.36847799999999997
1 0.343315 0.41630399999999995 0.34052899999999997 0.40869600000000006 0.34052899999999997 0.39891299999999996 0.338788 0.38260900000000003 0.338788 0.376087 0.33669899999999997 0.375 0.334958 0.40108699999999997 0.334958 0.40869600000000006 0.332173 0.41630399999999995 0.343315 0.41630399999999995
1 0.385446 0.44239100000000003 0.399373 0.44239100000000003 0.397632 0.43587 0.39624000000000004 0.43478300000000003 0.395543 0.431522 0.39449900000000004 0.406522 0.393106 0.391304 0.391017 0.391304 0.39032 0.395652 0.388579 0.43478300000000003 0.386142 0.43804299999999996 0.385446 0.44239100000000003
1 0.372911 0.394565 0.371866 0.390217 0.370822 0.38913000000000003 0.36977699999999997 0.36956500000000003 0.36873300000000003 0.361957 0.368036 0.361957 0.366992 0.366304 0.365599 0.38913000000000003 0.364206 0.394565 0.372911 0.394565
1 0.39032 0.377174 0.396588 0.377174 0.395543 0.375 0.39415 0.35108700000000004 0.393106 0.35 0.391713 0.359783 0.391713 0.36956500000000003 0.39066900000000004 0.372826 0.39032 0.377174
1 0.41190800000000005 0.36413 0.410864 0.361957 0.409819 0.343478 0.408774 0.342391 0.40773000000000004 0.35 0.40703300000000003 0.363043 0.406337 0.36413 0.41190800000000005 0.36413
1 0.376045 0.357609 0.374652 0.35108700000000004 0.374304 0.340217 0.373259 0.33913000000000004 0.37256300000000003 0.342391 0.37256300000000003 0.348913 0.370822 0.357609 0.376045 0.357609
1 0.360028 0.333696 0.358635 0.35108700000000004 0.362465 0.35108700000000004 0.360724 0.333696 0.360028 0.333696
1 0.394847 0.343478 0.39415 0.330435 0.393454 0.330435 0.392061 0.34565199999999996 0.395195 0.346739 0.395543 0.34565199999999996 0.394847 0.343478
1 0.45194999999999996 0.330435 0.451253 0.32934800000000003 0.449861 0.344565 0.453343 0.34565199999999996 0.452298 0.33913000000000004 0.45194999999999996 0.330435
1 0.49199200000000004 0.331522 0.49129500000000004 0.330435 0.489206 0.34565199999999996 0.493384 0.346739 0.49234 0.342391 0.49199200000000004 0.331522
1 0.500696 0.5 0.49860699999999997 0.5 0.505571 0.504348 0.515669 0.504348 0.516713 0.502174 0.520891 0.501087 0.5194989999999999 0.501087 0.5177579999999999 0.494565 0.51532 0.492391 0.511142 0.430435 0.508008 0.430435 0.504526 0.48913 0.50383 0.492391 0.502089 0.49347799999999997 0.500696 0.5
1 0.739903 0.598913 0.7378129999999999 0.6010869999999999 0.737117 0.609783 0.733287 0.6119570000000001 0.732591 0.6141300000000001 0.751741 0.625 0.75766 0.625 0.770195 0.616304 0.76915 0.6141300000000001 0.766365 0.613043 0.765669 0.6054350000000001 0.760794 0.6 0.754875 0.506522 0.754178 0.503261 0.748607 0.503261 0.74617 0.532609 0.743036 0.5956520000000001 0.74234 0.598913 0.739903 0.598913
1 0.788649 0.41086999999999996 0.786908 0.41304299999999994 0.786908 0.415217 0.797702 0.415217 0.7983979999999999 0.41413 0.7959609999999999 0.407609 0.793872 0.372826 0.793175 0.370652 0.791435 0.371739 0.791086 0.38260900000000003 0.79039 0.384783 0.789694 0.406522 0.788649 0.41086999999999996
1 0.684889 0.390217 0.692897 0.390217 0.692897 0.388043 0.691852 0.386957 0.691156 0.38260900000000003 0.690111 0.357609 0.68837 0.356522 0.68663 0.383696 0.685933 0.386957 0.685237 0.386957 0.684889 0.390217
1 0.616295 0.371739 0.616295 0.373913 0.616992 0.375 0.623259 0.373913 0.621518 0.366304 0.620474 0.346739 0.619777 0.346739 0.619081 0.35 0.617688 0.370652 0.616295 0.371739
1 0.5825210000000001 0.36413 0.5807800000000001 0.35 0.580432 0.342391 0.579735 0.341304 0.578691 0.35 0.578691 0.355435 0.577298 0.36413 0.5825210000000001 0.36413
1 0.550836 0.33587 0.549791 0.338043 0.5483979999999999 0.357609 0.552577 0.357609 0.550836 0.33587
1 0.526811 0.333696 0.526114 0.331522 0.524025 0.35108700000000004 0.528552 0.35108700000000004 0.5275070000000001 0.347826 0.526811 0.333696
3 0.900766 0.39891299999999996 0.899373 0.39891299999999996 0.899373 0.40108699999999997 0.9094709999999999 0.40108699999999997 0.908078 0.390217 0.9077299999999999 0.375 0.907033 0.36847799999999997 0.9056409999999999 0.363043 0.9049440000000001 0.363043 0.902855 0.370652 0.9014620000000001 0.395652 0.900766 0.39891299999999996
3 0.783426 0.378261 0.79039 0.377174 0.789694 0.373913 0.789345 0.363043 0.787604 0.348913 0.7865599999999999 0.35 0.785864 0.354348 0.784471 0.376087 0.783426 0.378261
3 0.7016020000000001 0.36739099999999997 0.708217 0.36739099999999997 0.706825 0.36413 0.706128 0.348913 0.705432 0.342391 0.7040390000000001 0.343478 0.703343 0.348913 0.702646 0.363043 0.7016020000000001 0.365217 0.7016020000000001 0.36739099999999997
3 0.668524 0.36086999999999997 0.6674789999999999 0.357609 0.667131 0.34565199999999996 0.666086 0.336957 0.665042 0.338043 0.663649 0.355435 0.662604 0.36086999999999997 0.668524 0.36086999999999997
3 0.630571 0.338043 0.629875 0.334783 0.629178 0.334783 0.627437 0.353261 0.631964 0.353261 0.631267 0.35 0.630571 0.338043
3 0.601671 0.347826 0.601323 0.340217 0.59993 0.330435 0.598886 0.333696 0.598538 0.341304 0.5974929999999999 0.347826 0.601671 0.347826
3 0.572075 0.32717399999999996 0.571031 0.328261 0.569986 0.343478 0.573468 0.343478 0.572075 0.32717399999999996
3 0.306755 0.333696 0.306058 0.333696 0.304318 0.346739 0.307799 0.346739 0.306755 0.333696
3 0.356198 0.33260900000000004 0.355153 0.328261 0.354457 0.33260900000000004 0.354109 0.342391 0.356546 0.342391 0.356198 0.33260900000000004
3 0.461699 0.326087 0.460306 0.340217 0.46344 0.340217 0.462744 0.331522 0.461699 0.326087
3 0.500696 0.32717399999999996 0.49965200000000004 0.33913000000000004 0.502089 0.33913000000000004 0.501741 0.330435 0.500696 0.32717399999999996
3 0.543175 0.328261 0.541783 0.340217 0.5442199999999999 0.340217 0.543872 0.331522 0.543175 0.328261
3 0.41434499999999996 0.340217 0.413301 0.325 0.41260399999999997 0.32717399999999996 0.412256 0.336957 0.41156 0.340217 0.41434499999999996 0.340217