1 0.350627 0.570652 0.349234 0.583696 0.349234 0.5913039999999999 0.346797 0.628261 0.341922 0.632609 0.339485 0.640217 0.337744 0.641304 0.338092 0.646739 0.342618 0.661957 0.35968 0.661957 0.37256300000000003 0.657609 0.378134 0.657609 0.378134 0.6543479999999999 0.376045 0.65 0.374304 0.643478 0.374304 0.63913 0.373259 0.632609 0.368384 0.628261 0.367688 0.625 0.36351 0.561957 0.363162 0.546739 0.361072 0.517391 0.361072 0.507609 0.360724 0.5054350000000001 0.354109 0.5054350000000001 0.35201899999999997 0.5380429999999999 0.35167099999999996 0.552174 0.350627 0.5586960000000001 0.350627 0.570652
1 0.23885800000000001 0.40108699999999997 0.237813 0.40869600000000006 0.237813 0.417391 0.236769 0.42934799999999995 0.235724 0.433696 0.233983 0.433696 0.231894 0.44021699999999997 0.23050099999999998 0.441304 0.233983 0.44782599999999995 0.25243699999999997 0.44782599999999995 0.252089 0.43804299999999996 0.251045 0.43587 0.24930400000000003 0.43587 0.248259 0.43260899999999997 0.247214 0.411957 0.24756300000000003 0.41086999999999996 0.24651800000000001 0.40217400000000003 0.24547400000000003 0.365217 0.24477699999999997 0.363043 0.24199199999999998 0.363043 0.24094699999999997 0.366304 0.240599 0.377174 0.23885800000000001 0.391304 0.23885800000000001 0.40108699999999997
1 0.193942 0.356522 0.193593 0.363043 0.195682 0.365217 0.207869 0.365217 0.207869 0.358696 0.20682499999999998 0.358696 0.205084 0.35108700000000004 0.203343 0.305435 0.201253 0.304348 0.198816 0.321739 0.197075 0.353261 0.196031 0.356522 0.193942 0.356522
1 0.177228 0.313043 0.177228 0.31521699999999997 0.189067 0.31630400000000003 0.189067 0.31413 0.186978 0.31087 0.186281 0.307609 0.185237 0.27934800000000004 0.184192 0.270652 0.183148 0.270652 0.181755 0.277174 0.180362 0.306522 0.178969 0.31087 0.177228 0.313043
1 0.167479 0.282609 0.167479 0.284783 0.176532 0.28586999999999996 0.174443 0.275 0.174443 0.263043 0.17304999999999998 0.248913 0.172006 0.248913 0.170613 0.263043 0.170265 0.277174 0.168872 0.281522 0.167479 0.282609
1 0.16921999999999998 0.268478 0.167479 0.263043 0.166435 0.24239099999999997 0.16538999999999998 0.24239099999999997 0.163997 0.25652200000000003 0.163997 0.263043 0.162256 0.268478 0.16921999999999998 0.268478
1 0.182799 0.236957 0.182451 0.225 0.181407 0.22391299999999997 0.18070999999999998 0.238043 0.179318 0.24239099999999997 0.183844 0.24239099999999997 0.182799 0.236957
1 0.233983 0.24130400000000002 0.232939 0.238043 0.232591 0.226087 0.231894 0.22282600000000002 0.23119800000000001 0.228261 0.23119800000000001 0.23586999999999997 0.22980499999999998 0.24130400000000002 0.233983 0.24130400000000002
3 0.08077999999999999 0.228261 0.080084 0.225 0.079735 0.215217 0.078691 0.21086999999999997 0.078691 0.20760900000000002 0.077646 0.20760900000000002 0.07694999999999999 0.213043 0.07694999999999999 0.219565 0.075557 0.228261 0.08077999999999999 0.228261
3 0.10341199999999999 0.22391299999999997 0.102716 0.22282600000000002 0.102716 0.21413000000000001 0.102019 0.20760900000000002 0.100975 0.20543499999999998 0.099234 0.221739 0.098538 0.22391299999999997 0.102716 0.225 0.10341199999999999 0.22391299999999997
3 0.12325900000000001 0.22391299999999997 0.12325900000000001 0.215217 0.122214 0.206522 0.12117 0.20760900000000002 0.12117 0.213043 0.119777 0.22391299999999997 0.12325900000000001 0.22391299999999997
3 0.169916 0.226087 0.169568 0.211957 0.16817500000000002 0.213043 0.167827 0.218478 0.166086 0.226087 0.169916 0.226087
3 0.24199199999999998 0.226087 0.24129499999999998 0.220652 0.240251 0.22391299999999997 0.23885800000000001 0.23478300000000002 0.24199199999999998 0.23478300000000002 0.24199199999999998 0.226087
1 0.867688 0.388043 0.8743040000000001 0.388043 0.8743040000000001 0.38587 0.873607 0.38587 0.8725630000000001 0.38152200000000003 0.871866 0.359783 0.870474 0.358696 0.8690810000000001 0.36956500000000003 0.868733 0.378261 0.866992 0.38587 0.867688 0.388043
1 0.762535 0.34565199999999996 0.766713 0.34565199999999996 0.764972 0.323913 0.764276 0.325 0.763231 0.33913000000000004 0.761838 0.344565 0.762535 0.34565199999999996
1 0.685933 0.305435 0.685237 0.305435 0.6845399999999999 0.318478 0.683496 0.323913 0.687326 0.323913 0.685933 0.305435
1 0.607591 0.306522 0.606198 0.288043 0.604805 0.302174 0.6037600000000001 0.305435 0.6051529999999999 0.307609 0.607591 0.306522
1 0.5254179999999999 0.290217 0.524373 0.27391299999999996 0.523677 0.275 0.5229809999999999 0.28586999999999996 0.521936 0.290217 0.5254179999999999 0.290217
3 0.9066850000000001 0.377174 0.905292 0.372826 0.9038999999999999 0.354348 0.902507 0.357609 0.9014620000000001 0.372826 0.9004179999999999 0.377174 0.9066850000000001 0.377174
3 0.824861 0.352174 0.8255570000000001 0.346739 0.8255570000000001 0.338043 0.824861 0.331522 0.82312 0.340217 0.822772 0.348913 0.8217269999999999 0.352174 0.824861 0.352174
3 0.741295 0.330435 0.744777 0.330435 0.744081 0.328261 0.744081 0.321739 0.743036 0.311957 0.741643 0.320652 0.741643 0.325 0.740947 0.328261 0.741295 0.330435
3 0.681407 0.317391 0.683496 0.317391 0.684192 0.31521699999999997 0.683844 0.304348 0.683148 0.3 0.681755 0.30869599999999997 0.681755 0.31413 0.6810579999999999 0.31630400000000003 0.681407 0.317391
3 0.62117 0.28913 0.619777 0.296739 0.619429 0.304348 0.6222139999999999 0.304348 0.62117 0.28913
1 0.82312 0.365217 0.8238160000000001 0.366304 0.829387 0.365217 0.827994 0.359783 0.8269500000000001 0.342391 0.8255570000000001 0.347826 0.824861 0.357609 0.82312 0.363043 0.82312 0.365217
1 0.163997 0.253261 0.165042 0.24239099999999997 0.166435 0.24130400000000002 0.166435 0.236957 0.16538999999999998 0.230435 0.164694 0.232609 0.16434500000000002 0.24130400000000002 0.162604 0.253261 0.163997 0.253261
3 0.066156 0.24130400000000002 0.072075 0.24130400000000002 0.070334 0.23586999999999997 0.069986 0.219565 0.06928999999999999 0.215217 0.068245 0.215217 0.067549 0.218478 0.066852 0.23478300000000002 0.06545999999999999 0.23913 0.066156 0.24130400000000002
3 0.053969 0.248913 0.053273 0.24782600000000002 0.051532 0.22391299999999997 0.050139 0.22391299999999997 0.048747 0.23478300000000002 0.048747 0.253261 0.053969 0.253261 0.053969 0.248913