3 0.547702 0.5423910000000001 0.54805 0.5478259999999999 0.547006 0.567391 0.547354 0.570652 0.546309 0.581522 0.545613 0.583696 0.5407379999999999 0.5869570000000001 0.539345 0.5956520000000001 0.537604 0.6010869999999999 0.534471 0.6054350000000001 0.538997 0.609783 0.552925 0.616304 0.554666 0.618478 0.5612809999999999 0.618478 0.574164 0.606522 0.578343 0.6 0.5748610000000001 0.596739 0.572423 0.58587 0.567549 0.5826089999999999 0.566852 0.580435 0.564067 0.53913 0.562674 0.527174 0.562326 0.515217 0.560933 0.501087 0.560933 0.492391 0.558844 0.463043 0.5577989999999999 0.459783 0.553273 0.459783 0.552577 0.46087 0.5518799999999999 0.46630399999999994 0.551184 0.48913 0.547702 0.5423910000000001
2 0.720752 0.298913 0.720404 0.31521699999999997 0.7193590000000001 0.319565 0.71727 0.363043 0.716574 0.366304 0.7151810000000001 0.388043 0.714485 0.409783 0.712396 0.411957 0.712047 0.41630399999999995 0.711003 0.41956499999999997 0.706476 0.42391300000000004 0.7071729999999999 0.426087 0.715529 0.428261 0.734331 0.428261 0.739206 0.420652 0.740947 0.41956499999999997 0.73851 0.418478 0.733983 0.406522 0.733287 0.39891299999999996 0.733287 0.384783 0.7318939999999999 0.36847799999999997 0.7318939999999999 0.358696 0.7301529999999999 0.328261 0.729457 0.323913 0.729457 0.31630400000000003 0.728064 0.294565 0.726671 0.283696 0.725975 0.282609 0.7228410000000001 0.282609 0.721797 0.28586999999999996 0.721448 0.29565199999999997 0.720752 0.298913
3 0.8154600000000001 0.313043 0.814415 0.317391 0.812674 0.318478 0.812674 0.320652 0.814067 0.325 0.8182449999999999 0.32717399999999996 0.825905 0.325 0.825905 0.320652 0.824164 0.31521699999999997 0.8234680000000001 0.30869599999999997 0.82312 0.293478 0.8217269999999999 0.281522 0.821031 0.268478 0.8189420000000001 0.267391 0.817897 0.269565 0.8165039999999999 0.29565199999999997 0.8154600000000001 0.304348 0.8154600000000001 0.313043
3 0.8408770000000001 0.286957 0.8408770000000001 0.291304 0.839485 0.29565199999999997 0.837744 0.29565199999999997 0.837744 0.29782600000000004 0.840181 0.301087 0.850627 0.3 0.850975 0.29782600000000004 0.849234 0.29565199999999997 0.8478410000000001 0.291304 0.847493 0.270652 0.8461000000000001 0.261957 0.8461000000000001 0.252174 0.8450559999999999 0.25 0.8433149999999999 0.25 0.8422700000000001 0.267391 0.8415739999999999 0.270652 0.8415739999999999 0.284783 0.8408770000000001 0.286957
3 0.824164 0.280435 0.8252090000000001 0.281522 0.831825 0.281522 0.833914 0.276087 0.8325210000000001 0.276087 0.831825 0.27391299999999996 0.8304320000000001 0.243478 0.829387 0.24021699999999999 0.827994 0.24021699999999999 0.826253 0.259783 0.825905 0.276087 0.8238160000000001 0.277174 0.824164 0.280435
3 0.791783 0.267391 0.8004870000000001 0.267391 0.8004870000000001 0.26413000000000003 0.7983979999999999 0.25760900000000003 0.7983979999999999 0.24565199999999998 0.797354 0.24130400000000002 0.797006 0.231522 0.795265 0.231522 0.793872 0.253261 0.7928270000000001 0.261957 0.791783 0.26413000000000003 0.791783 0.267391
3 0.7604460000000001 0.259783 0.7604460000000001 0.25652200000000003 0.759401 0.25543499999999997 0.759053 0.24239099999999997 0.75766 0.233696 0.75766 0.228261 0.755919 0.227174 0.754875 0.23913 0.754526 0.25543499999999997 0.753134 0.259783 0.7604460000000001 0.259783
3 0.7134400000000001 0.254348 0.713788 0.252174 0.712047 0.24782600000000002 0.712047 0.23586999999999997 0.711003 0.227174 0.709958 0.225 0.708565 0.23478300000000002 0.708565 0.24782600000000002 0.7071729999999999 0.254348 0.7134400000000001 0.254348
3 0.669568 0.253261 0.668175 0.228261 0.6674789999999999 0.225 0.666086 0.225 0.665042 0.24565199999999998 0.663649 0.25 0.663649 0.253261 0.669568 0.253261
3 0.5689420000000001 0.254348 0.571727 0.254348 0.572772 0.253261 0.572772 0.251087 0.571727 0.248913 0.571727 0.23913 0.570334 0.22934800000000002 0.5696380000000001 0.22934800000000002 0.568593 0.238043 0.568593 0.24782600000000002 0.5672010000000001 0.252174 0.5689420000000001 0.254348
3 0.50766 0.251087 0.5121870000000001 0.251087 0.5121870000000001 0.24782600000000002 0.511142 0.244565 0.511142 0.233696 0.510794 0.230435 0.509749 0.228261 0.509053 0.230435 0.508705 0.243478 0.50766 0.24782600000000002 0.50766 0.251087
3 0.49930399999999997 0.24239099999999997 0.49860699999999997 0.24021699999999999 0.49791100000000005 0.225 0.496518 0.225 0.49617000000000006 0.236957 0.495125 0.243478 0.49860699999999997 0.244565 0.49930399999999997 0.24239099999999997
3 0.518802 0.23586999999999997 0.521588 0.233696 0.520891 0.231522 0.520891 0.225 0.5198470000000001 0.218478 0.51915 0.219565 0.518802 0.22934800000000002 0.5177579999999999 0.233696 0.518802 0.23586999999999997
3 0.565111 0.211957 0.564067 0.227174 0.5672010000000001 0.227174 0.566504 0.211957 0.565111 0.211957
3 0.623955 0.208696 0.623259 0.20543499999999998 0.6222139999999999 0.20543499999999998 0.621866 0.215217 0.62117 0.218478 0.623955 0.219565 0.623955 0.208696
3 0.683148 0.208696 0.6827989999999999 0.2 0.681755 0.198913 0.6803619999999999 0.213043 0.683496 0.21413000000000001 0.683844 0.211957 0.683148 0.208696
3 0.746866 0.20760900000000002 0.746866 0.198913 0.74617 0.19456500000000002 0.745474 0.19456500000000002 0.744777 0.197826 0.744081 0.208696 0.746866 0.20760900000000002
3 0.810933 0.190217 0.8095399999999999 0.20543499999999998 0.8137190000000001 0.20543499999999998 0.8119780000000001 0.190217 0.810933 0.190217
3 0.883705 0.203261 0.884053 0.202174 0.883357 0.2 0.883357 0.192391 0.8826599999999999 0.190217 0.8826599999999999 0.18695699999999998 0.881616 0.18587 0.8809189999999999 0.190217 0.880571 0.2 0.879875 0.203261 0.883705 0.203261
3 0.91539 0.183696 0.913997 0.20108700000000002 0.9174789999999999 0.20108700000000002 0.916783 0.184783 0.91539 0.183696
1 0.9439420000000001 0.243478 0.9418519999999999 0.248913 0.9418519999999999 0.252174 0.950905 0.252174 0.9495129999999999 0.243478 0.9484680000000001 0.22282600000000002 0.947423 0.216304 0.946379 0.216304 0.9453340000000001 0.219565 0.9439420000000001 0.236957 0.9439420000000001 0.243478
1 0.9317550000000001 0.20760900000000002 0.9317550000000001 0.20434800000000003 0.930362 0.20108700000000002 0.9296659999999999 0.18804300000000002 0.928621 0.18804300000000002 0.9279249999999999 0.192391 0.9279249999999999 0.2 0.9265319999999999 0.20760900000000002 0.9317550000000001 0.20760900000000002
1 0.8655989999999999 0.24239099999999997 0.8655989999999999 0.24021699999999999 0.864554 0.23913 0.862813 0.227174 0.862813 0.215217 0.8621169999999999 0.213043 0.8607239999999999 0.213043 0.85968 0.236957 0.858287 0.24021699999999999 0.858287 0.24239099999999997 0.8655989999999999 0.24239099999999997
1 0.869429 0.209783 0.8743040000000001 0.209783 0.871866 0.190217 0.8708220000000001 0.195652 0.870474 0.20543499999999998 0.869429 0.20760900000000002 0.869429 0.209783
1 0.795613 0.208696 0.794916 0.195652 0.793872 0.19456500000000002 0.793175 0.206522 0.792131 0.21086999999999997 0.796657 0.21086999999999997 0.795613 0.208696
1 0.793175 0.238043 0.793524 0.23586999999999997 0.7924789999999999 0.23478300000000002 0.792131 0.227174 0.791435 0.225 0.7907379999999999 0.211957 0.790042 0.211957 0.789345 0.21413000000000001 0.7883009999999999 0.233696 0.787256 0.236957 0.793175 0.238043
1 0.749304 0.20760900000000002 0.748955 0.197826 0.747911 0.197826 0.747563 0.208696 0.74617 0.21413000000000001 0.750348 0.21413000000000001 0.749304 0.20760900000000002
1 0.720056 0.236957 0.720404 0.23478300000000002 0.719011 0.228261 0.718315 0.213043 0.7169220000000001 0.213043 0.716226 0.21739099999999997 0.716226 0.227174 0.714485 0.23586999999999997 0.720056 0.236957
1 0.700209 0.213043 0.699164 0.20108700000000002 0.698468 0.20108700000000002 0.697772 0.21413000000000001 0.6963790000000001 0.21739099999999997 0.7016020000000001 0.21739099999999997 0.700209 0.213043
1 0.649373 0.20760900000000002 0.648677 0.206522 0.6479809999999999 0.219565 0.647284 0.22282600000000002 0.650766 0.22282600000000002 0.649373 0.20760900000000002
1 0.628134 0.23913 0.628134 0.23586999999999997 0.626393 0.231522 0.625696 0.21739099999999997 0.624652 0.21739099999999997 0.623607 0.233696 0.622563 0.23586999999999997 0.622563 0.23913 0.628134 0.23913
1 0.612465 0.211957 0.611421 0.21086999999999997 0.611072 0.219565 0.610028 0.227174 0.61351 0.227174 0.612465 0.211957
1 0.5974929999999999 0.236957 0.595752 0.230435 0.595752 0.220652 0.595056 0.21739099999999997 0.594011 0.21739099999999997 0.593663 0.230435 0.59227 0.23913 0.5974929999999999 0.23913 0.5974929999999999 0.236957
1 0.589485 0.231522 0.592618 0.230435 0.590877 0.211957 0.5901810000000001 0.213043 0.5901810000000001 0.221739 0.588788 0.230435 0.589485 0.231522
1 0.583565 0.23478300000000002 0.5825210000000001 0.228261 0.581825 0.216304 0.5807800000000001 0.21739099999999997 0.580432 0.228261 0.5790390000000001 0.23586999999999997 0.583565 0.23478300000000002
3 0.733635 0.384783 0.733635 0.39891299999999996 0.734331 0.40543500000000005 0.73851 0.417391 0.742688 0.41956499999999997 0.744777 0.41630399999999995 0.7472139999999999 0.415217 0.747563 0.411957 0.746866 0.40543500000000005 0.743733 0.403261 0.743036 0.4 0.742688 0.384783 0.741643 0.378261 0.741295 0.361957 0.739903 0.35108700000000004 0.738858 0.328261 0.735724 0.328261 0.73468 0.33260900000000004 0.732591 0.36739099999999997 0.732939 0.379348 0.733635 0.384783
2 0.738858 0.32717399999999996 0.740251 0.35108700000000004 0.741643 0.361957 0.741992 0.378261 0.743036 0.384783 0.743733 0.40108699999999997 0.746866 0.404348 0.748259 0.40869600000000006 0.753134 0.407609 0.761142 0.397826 0.757312 0.396739 0.755919 0.392391 0.755919 0.390217 0.754526 0.390217 0.753134 0.384783 0.752089 0.366304 0.752089 0.355435 0.751045 0.347826 0.750348 0.320652 0.749652 0.317391 0.749652 0.307609 0.748955 0.303261 0.747911 0.283696 0.746866 0.278261 0.746518 0.270652 0.743036 0.270652 0.741643 0.276087 0.741295 0.291304 0.7395539999999999 0.306522 0.738858 0.32717399999999996