3 0.49895500000000004 0.643478 0.498259 0.646739 0.497563 0.6630429999999999 0.495474 0.669565 0.49303600000000003 0.670652 0.490599 0.675 0.488858 0.68587 0.48363500000000004 0.690217 0.48363500000000004 0.695652 0.502437 0.719565 0.511142 0.719565 0.516017 0.71413 0.5194989999999999 0.713043 0.53273 0.7021740000000001 0.537604 0.7 0.5383009999999999 0.695652 0.5330779999999999 0.688043 0.531685 0.6836960000000001 0.5306409999999999 0.6728259999999999 0.525766 0.668478 0.523329 0.6630429999999999 0.521936 0.65 0.520891 0.6304350000000001 0.520195 0.627174 0.5198470000000001 0.6141300000000001 0.5177579999999999 0.593478 0.51532 0.541304 0.513928 0.5293479999999999 0.514276 0.521739 0.512883 0.517391 0.506267 0.517391 0.505223 0.520652 0.504178 0.551087 0.49965200000000004 0.615217 0.49895500000000004 0.643478
3 0.928621 0.215217 0.927228 0.196739 0.925836 0.191304 0.9244429999999999 0.19456500000000002 0.9244429999999999 0.208696 0.9230499999999999 0.216304 0.928621 0.215217
3 0.900766 0.19347799999999998 0.90007 0.190217 0.90007 0.18152200000000002 0.899373 0.178261 0.898677 0.178261 0.897632 0.182609 0.896936 0.19456500000000002 0.900766 0.19347799999999998
3 0.857591 0.209783 0.856198 0.20543499999999998 0.856546 0.196739 0.85585 0.190217 0.854457 0.190217 0.85376 0.192391 0.853412 0.206522 0.852716 0.209783 0.857591 0.209783
3 0.852368 0.182609 0.851323 0.182609 0.84993 0.198913 0.853064 0.198913 0.853412 0.196739 0.852368 0.182609
3 0.8335649999999999 0.18587 0.8325210000000001 0.203261 0.836003 0.203261 0.834958 0.18695699999999998 0.8335649999999999 0.18587
1 0.947423 0.20434800000000003 0.946031 0.20108700000000002 0.9449859999999999 0.183696 0.94429 0.183696 0.9432449999999999 0.18913 0.942897 0.198913 0.9415039999999999 0.20434800000000003 0.947423 0.20434800000000003
1 0.9310579999999999 0.196739 0.9310579999999999 0.198913 0.935585 0.197826 0.934192 0.18913 0.933844 0.18043499999999998 0.9331480000000001 0.18043499999999998 0.9327989999999999 0.182609 0.9327989999999999 0.191304 0.9310579999999999 0.196739
1 0.924095 0.203261 0.924095 0.19456500000000002 0.9254870000000001 0.190217 0.9265319999999999 0.191304 0.9261839999999999 0.182609 0.9247909999999999 0.182609 0.9244429999999999 0.192391 0.9227019999999999 0.203261 0.924095 0.203261
4 0.35375999999999996 0.263043 0.352716 0.259783 0.35201899999999997 0.243478 0.351323 0.24021699999999999 0.350627 0.24021699999999999 0.34992999999999996 0.24673899999999999 0.34992999999999996 0.25543499999999997 0.348886 0.263043 0.35375999999999996 0.263043
4 0.203691 0.28586999999999996 0.204039 0.284783 0.20195 0.282609 0.200557 0.26087 0.199513 0.26087 0.198816 0.26413000000000003 0.198468 0.27934800000000004 0.197075 0.286957 0.203691 0.28586999999999996
4 0.223189 0.268478 0.221448 0.265217 0.220404 0.248913 0.21901099999999998 0.24782600000000002 0.21831499999999998 0.266304 0.217618 0.269565 0.22284099999999998 0.269565 0.223189 0.268478
4 0.251045 0.24239099999999997 0.251045 0.236957 0.24965199999999999 0.232609 0.248259 0.24782600000000002 0.251741 0.248913 0.252089 0.24673899999999999 0.251045 0.24239099999999997
4 0.290042 0.24021699999999999 0.288997 0.23913 0.28830100000000003 0.24130400000000002 0.287256 0.258696 0.291086 0.259783 0.290042 0.24021699999999999
4 0.324861 0.252174 0.327646 0.25 0.326602 0.23586999999999997 0.32520899999999997 0.238043 0.32520899999999997 0.243478 0.324164 0.25 0.324861 0.252174
4 0.320334 0.24565199999999998 0.320334 0.24130400000000002 0.31928999999999996 0.230435 0.318593 0.230435 0.317897 0.232609 0.317201 0.24673899999999999 0.319638 0.24782600000000002 0.320334 0.24565199999999998
4 0.420265 0.243478 0.423398 0.24239099999999997 0.422006 0.22391299999999997 0.42130900000000004 0.22391299999999997 0.420613 0.22934800000000002 0.419916 0.24239099999999997 0.420265 0.243478
4 0.393106 0.218478 0.392409 0.219565 0.391713 0.23586999999999997 0.39415 0.23478300000000002 0.393106 0.218478
3 0.879526 0.41630399999999995 0.8774369999999999 0.43913 0.876741 0.441304 0.873607 0.44239100000000003 0.872911 0.444565 0.8725630000000001 0.45108699999999996 0.870474 0.45108699999999996 0.869777 0.453261 0.8760450000000001 0.45869600000000005 0.883008 0.46195700000000006 0.886838 0.46195700000000006 0.8889279999999999 0.46413000000000004 0.892061 0.46413000000000004 0.895543 0.46087 0.898329 0.46087 0.903552 0.457609 0.903552 0.45543500000000003 0.901811 0.45543500000000003 0.90007 0.45108699999999996 0.899373 0.446739 0.89624 0.444565 0.894499 0.44021699999999997 0.89415 0.425 0.8931060000000001 0.411957 0.8931060000000001 0.40108699999999997 0.8906689999999999 0.372826 0.889972 0.354348 0.8892760000000001 0.35108700000000004 0.884749 0.352174 0.883008 0.366304 0.882312 0.38043499999999997 0.881267 0.386957 0.879526 0.41630399999999995