0 0.235724 0.448913 0.233983 0.46956499999999995 0.23328700000000002 0.47282599999999997 0.23050099999999998 0.47391300000000003 0.228412 0.47717400000000004 0.22771599999999997 0.481522 0.22597499999999998 0.48260899999999995 0.22945700000000002 0.48913 0.22980499999999998 0.49130399999999996 0.232242 0.494565 0.241643 0.494565 0.24617 0.492391 0.257312 0.49130399999999996 0.254526 0.48586999999999997 0.254178 0.479348 0.253482 0.47717400000000004 0.25139300000000003 0.476087 0.25 0.471739 0.25 0.465217 0.24860699999999997 0.448913 0.24860699999999997 0.433696 0.24686599999999997 0.415217 0.24582199999999998 0.383696 0.244429 0.379348 0.240599 0.38043499999999997 0.237813 0.41086999999999996 0.23711700000000002 0.428261 0.236072 0.43695700000000004 0.235724 0.448913
0 0.157033 0.326087 0.155292 0.326087 0.155292 0.331522 0.157382 0.333696 0.169568 0.333696 0.16921999999999998 0.328261 0.167827 0.326087 0.167131 0.321739 0.16434500000000002 0.275 0.161908 0.27391299999999996 0.160864 0.282609 0.159123 0.313043 0.158078 0.322826 0.157033 0.326087
0 0.12325900000000001 0.259783 0.12325900000000001 0.25760900000000003 0.12117 0.252174 0.12117 0.23913 0.11942900000000001 0.22391299999999997 0.118036 0.22391299999999997 0.11734 0.226087 0.11525099999999999 0.254348 0.11351 0.258696 0.12325900000000001 0.259783
0 0.11525099999999999 0.248913 0.11525099999999999 0.24565199999999998 0.114554 0.244565 0.114206 0.227174 0.11281300000000001 0.216304 0.11107199999999999 0.218478 0.109331 0.24239099999999997 0.10759099999999999 0.24782600000000002 0.11525099999999999 0.248913
0 0.098886 0.228261 0.098189 0.228261 0.098538 0.22934800000000002 0.10515300000000001 0.22934800000000002 0.10410900000000001 0.220652 0.10376 0.208696 0.102716 0.203261 0.101671 0.20434800000000003 0.100627 0.211957 0.10027900000000001 0.22282600000000002 0.098886 0.228261
0 0.098538 0.216304 0.097493 0.209783 0.096448 0.19456500000000002 0.095752 0.19456500000000002 0.095056 0.196739 0.094359 0.20760900000000002 0.092967 0.215217 0.098538 0.216304
0 0.091226 0.206522 0.090181 0.2 0.08948500000000001 0.18913 0.08843999999999999 0.190217 0.087744 0.20108700000000002 0.086351 0.206522 0.091226 0.206522
0 0.087744 0.196739 0.086351 0.184783 0.085306 0.184783 0.083565 0.2 0.087396 0.198913 0.087744 0.196739
0 0.082521 0.18043499999999998 0.081128 0.19347799999999998 0.084262 0.19347799999999998 0.083565 0.18152200000000002 0.082521 0.18043499999999998
0 0.125348 0.272826 0.123955 0.275 0.123955 0.278261 0.134401 0.278261 0.134401 0.275 0.133008 0.272826 0.132312 0.269565 0.131964 0.252174 0.131267 0.248913 0.130571 0.236957 0.129526 0.236957 0.12883 0.23913 0.12604500000000002 0.269565 0.125348 0.272826
0 0.123607 0.25760900000000003 0.123607 0.259783 0.126741 0.259783 0.128134 0.24130400000000002 0.130223 0.23478300000000002 0.129178 0.225 0.128482 0.225 0.127437 0.228261 0.125348 0.253261 0.123607 0.25760900000000003