2 0.6601670000000001 0.551087 0.658426 0.567391 0.658426 0.576087 0.65773 0.578261 0.656685 0.593478 0.655292 0.603261 0.655292 0.608696 0.653203 0.6304350000000001 0.6521589999999999 0.6489130000000001 0.65007 0.665217 0.65007 0.675 0.648677 0.686957 0.648329 0.698913 0.645195 0.728261 0.6444989999999999 0.747826 0.638928 0.756522 0.637883 0.759783 0.637535 0.7695649999999999 0.626393 0.776087 0.623955 0.782609 0.624652 0.782609 0.625 0.78587 0.634053 0.795652 0.635794 0.795652 0.6371870000000001 0.798913 0.641365 0.803261 0.646936 0.806522 0.661212 0.8239129999999999 0.665042 0.827174 0.672354 0.827174 0.678273 0.8206519999999999 0.6827989999999999 0.818478 0.683496 0.816304 0.691156 0.808696 0.700905 0.8021739999999999 0.70195 0.8 0.70195 0.796739 0.700209 0.7923910000000001 0.698816 0.7923910000000001 0.6904600000000001 0.7836960000000001 0.6887190000000001 0.772826 0.684192 0.7630429999999999 0.6827989999999999 0.7206520000000001 0.682103 0.7163039999999999 0.68071 0.6836960000000001 0.680014 0.651087 0.6786209999999999 0.629348 0.677925 0.597826 0.677228 0.5913039999999999 0.677228 0.5826089999999999 0.676532 0.578261 0.6751389999999999 0.528261 0.674095 0.5195649999999999 0.674095 0.507609 0.672006 0.5 0.664694 0.5 0.663649 0.506522 0.6633009999999999 0.5195649999999999 0.661212 0.532609 0.6601670000000001 0.551087
2 0.558496 0.476087 0.556755 0.5054350000000001 0.5536209999999999 0.53913 0.552228 0.565217 0.5501389999999999 0.5869570000000001 0.5501389999999999 0.593478 0.549095 0.598913 0.548747 0.609783 0.547006 0.622826 0.5459609999999999 0.6445649999999999 0.5442199999999999 0.66087 0.542131 0.661957 0.540042 0.668478 0.539345 0.676087 0.5383009999999999 0.678261 0.532382 0.679348 0.5288999999999999 0.681522 0.527855 0.6836960000000001 0.529596 0.688043 0.534123 0.6913039999999999 0.535864 0.694565 0.54039 0.697826 0.545265 0.704348 0.5501389999999999 0.708696 0.5518799999999999 0.708696 0.552577 0.71087 0.5595399999999999 0.717391 0.5654600000000001 0.7163039999999999 0.578343 0.706522 0.585306 0.704348 0.59227 0.697826 0.591226 0.693478 0.583217 0.686957 0.581825 0.682609 0.581128 0.675 0.578691 0.669565 0.57695 0.6630429999999999 0.575557 0.6141300000000001 0.5748610000000001 0.6054350000000001 0.574164 0.565217 0.5713790000000001 0.509783 0.5706819999999999 0.48043500000000006 0.5689420000000001 0.46195700000000006 0.5689420000000001 0.45 0.568245 0.44782599999999995 0.5612809999999999 0.44782599999999995 0.560237 0.45108699999999996 0.560237 0.46413000000000004 0.558496 0.476087
1 0.599234 0.629348 0.598189 0.6358699999999999 0.598189 0.641304 0.5961000000000001 0.659783 0.595404 0.675 0.5919220000000001 0.709783 0.587744 0.71087 0.585655 0.71413 0.58461 0.717391 0.5842620000000001 0.722826 0.582869 0.727174 0.577646 0.731522 0.57695 0.733696 0.6055010000000001 0.7608699999999999 0.610376 0.7608699999999999 0.616992 0.754348 0.622911 0.752174 0.62883 0.746739 0.629875 0.742391 0.629875 0.7391300000000001 0.626741 0.73587 0.624652 0.73587 0.621866 0.723913 0.61734 0.718478 0.616295 0.71413 0.615599 0.704348 0.615599 0.688043 0.614903 0.678261 0.614206 0.676087 0.6128129999999999 0.647826 0.6128129999999999 0.6195649999999999 0.611072 0.580435 0.610028 0.576087 0.608635 0.576087 0.607591 0.573913 0.6037600000000001 0.575 0.602716 0.578261 0.602716 0.584783 0.601323 0.5956520000000001 0.599234 0.629348
1 0.295265 0.415217 0.295265 0.42391300000000004 0.29422000000000004 0.426087 0.293872 0.42934799999999995 0.291783 0.42934799999999995 0.291783 0.43913 0.31128100000000003 0.43913 0.311978 0.43695700000000004 0.310933 0.43695700000000004 0.309192 0.42934799999999995 0.307799 0.428261 0.306407 0.42391300000000004 0.306058 0.40869600000000006 0.30362100000000003 0.377174 0.303273 0.363043 0.30188000000000004 0.359783 0.29979100000000003 0.359783 0.299095 0.361957 0.298747 0.373913 0.296309 0.39891299999999996 0.295265 0.415217
1 0.212744 0.336957 0.21030600000000002 0.346739 0.211003 0.348913 0.223189 0.348913 0.22284099999999998 0.343478 0.220404 0.336957 0.220404 0.33260900000000004 0.21901099999999998 0.320652 0.21831499999999998 0.301087 0.217618 0.29782600000000004 0.216574 0.296739 0.21518099999999998 0.301087 0.214833 0.31087 0.213092 0.326087 0.212744 0.336957
1 0.173747 0.296739 0.171657 0.304348 0.181407 0.305435 0.181755 0.304348 0.179666 0.29782600000000004 0.178621 0.288043 0.178621 0.27934800000000004 0.177577 0.27391299999999996 0.177228 0.267391 0.175836 0.267391 0.175139 0.269565 0.174443 0.286957 0.173398 0.29565199999999997 0.173747 0.296739
1 0.157382 0.27934800000000004 0.15772999999999998 0.278261 0.155641 0.269565 0.154596 0.25 0.153203 0.25 0.152507 0.254348 0.152159 0.270652 0.150418 0.278261 0.157382 0.27934800000000004
1 0.141713 0.263043 0.140669 0.258696 0.139624 0.23913 0.137883 0.23913 0.136838 0.258696 0.136142 0.259783 0.136142 0.26413000000000003 0.141713 0.263043
1 0.125 0.248913 0.125348 0.251087 0.12987500000000002 0.25 0.12883 0.24565199999999998 0.128134 0.231522 0.127437 0.231522 0.126393 0.23478300000000002 0.126393 0.243478 0.125 0.248913
1 0.12117 0.23478300000000002 0.12117 0.228261 0.120125 0.225 0.11942900000000001 0.225 0.118733 0.228261 0.118036 0.24239099999999997 0.122563 0.243478 0.12117 0.23478300000000002
1 0.11525099999999999 0.236957 0.11559900000000001 0.233696 0.114554 0.230435 0.114206 0.221739 0.11316200000000001 0.220652 0.112465 0.22282600000000002 0.11142099999999999 0.23478300000000002 0.112117 0.236957 0.11525099999999999 0.236957
1 0.10968 0.22934800000000002 0.108635 0.226087 0.108635 0.220652 0.10724199999999999 0.216304 0.106546 0.227174 0.105501 0.230435 0.10898300000000001 0.231522 0.10968 0.22934800000000002
0 0.255919 0.283696 0.25626699999999997 0.281522 0.254526 0.277174 0.25383 0.25760900000000003 0.252786 0.25760900000000003 0.252089 0.259783 0.251741 0.272826 0.25 0.282609 0.255919 0.283696