3 0.316504 0.643478 0.316852 0.645652 0.316156 0.655435 0.316504 0.671739 0.31545999999999996 0.688043 0.315808 0.695652 0.314763 0.704348 0.314763 0.722826 0.31371899999999997 0.734783 0.31371899999999997 0.751087 0.311978 0.778261 0.31128100000000003 0.8 0.310237 0.803261 0.309192 0.803261 0.304666 0.8119569999999999 0.302925 0.818478 0.302577 0.828261 0.29979100000000003 0.834783 0.295265 0.8391299999999999 0.293872 0.843478 0.293872 0.846739 0.344708 0.846739 0.346797 0.840217 0.34992999999999996 0.836957 0.352716 0.831522 0.354805 0.8304349999999999 0.35585 0.827174 0.358635 0.8239129999999999 0.360028 0.818478 0.360028 0.8141299999999999 0.358983 0.8108700000000001 0.354805 0.8108700000000001 0.353412 0.808696 0.35201899999999997 0.8021739999999999 0.348538 0.7923910000000001 0.343315 0.790217 0.341922 0.786957 0.337744 0.745652 0.337744 0.7391300000000001 0.336351 0.728261 0.334958 0.706522 0.333565 0.697826 0.33077999999999996 0.6673910000000001 0.329387 0.657609 0.327298 0.626087 0.326602 0.622826 0.321031 0.622826 0.317201 0.627174 0.317201 0.63913 0.316504 0.643478
3 0.46796699999999997 0.41956499999999997 0.46726999999999996 0.44021699999999997 0.46657400000000004 0.44565200000000005 0.46657400000000004 0.46413000000000004 0.465877 0.478261 0.465181 0.48043500000000006 0.463788 0.48043500000000006 0.46344 0.48260899999999995 0.461003 0.483696 0.461003 0.49891300000000005 0.481198 0.497826 0.483983 0.49565200000000004 0.48502799999999996 0.49347799999999997 0.48502799999999996 0.48260899999999995 0.48433099999999996 0.479348 0.481546 0.478261 0.480501 0.475 0.48015299999999994 0.46630399999999994 0.47910899999999995 0.459783 0.47841199999999995 0.44021699999999997 0.47771600000000003 0.43804299999999996 0.47771600000000003 0.433696 0.477019 0.430435 0.474582 0.392391 0.473538 0.390217 0.47005600000000003 0.390217 0.46901099999999996 0.392391 0.46901099999999996 0.411957 0.468663 0.417391 0.46796699999999997 0.41956499999999997
3 0.433496 0.376087 0.433496 0.384783 0.432103 0.38913000000000003 0.43071000000000004 0.38913000000000003 0.42896900000000004 0.393478 0.430014 0.396739 0.44011100000000003 0.396739 0.44568199999999997 0.393478 0.446379 0.386957 0.44428999999999996 0.383696 0.443245 0.378261 0.44254899999999997 0.363043 0.44046 0.343478 0.44046 0.33587 0.439415 0.328261 0.43802199999999997 0.326087 0.43662999999999996 0.326087 0.435585 0.32934800000000003 0.43488899999999997 0.359783 0.433496 0.376087
3 0.346797 0.355435 0.34609999999999996 0.359783 0.354805 0.36086999999999997 0.35933099999999996 0.357609 0.35968 0.355435 0.356198 0.346739 0.35550099999999996 0.328261 0.354109 0.319565 0.35375999999999996 0.30978300000000003 0.352716 0.307609 0.350627 0.30869599999999997 0.349234 0.33913000000000004 0.349234 0.35108700000000004 0.34784099999999996 0.355435 0.346797 0.355435
3 0.24268800000000001 0.347826 0.24129499999999998 0.352174 0.240251 0.352174 0.23990300000000003 0.355435 0.251045 0.355435 0.252089 0.353261 0.252089 0.35108700000000004 0.250348 0.35 0.24895499999999998 0.34565199999999996 0.24895499999999998 0.338043 0.247911 0.330435 0.247911 0.323913 0.24686599999999997 0.31413 0.24582199999999998 0.30978300000000003 0.244429 0.30978300000000003 0.24373300000000003 0.313043 0.24373300000000003 0.321739 0.24268800000000001 0.33587 0.24268800000000001 0.347826
3 0.144499 0.36413 0.152507 0.36413 0.156337 0.36086999999999997 0.154248 0.358696 0.153203 0.355435 0.153203 0.347826 0.151114 0.326087 0.150418 0.322826 0.148677 0.321739 0.147284 0.333696 0.147284 0.347826 0.145891 0.36086999999999997 0.144499 0.36413
1 0.061978 0.358696 0.064763 0.356522 0.06163 0.347826 0.060585 0.341304 0.059889000000000005 0.326087 0.058843999999999994 0.322826 0.057450999999999995 0.323913 0.056755 0.33260900000000004 0.056755 0.348913 0.053969 0.357609 0.061978 0.358696
1 0.214833 0.330435 0.21518099999999998 0.328261 0.213788 0.323913 0.21239599999999997 0.31413 0.211699 0.298913 0.21030600000000002 0.296739 0.209262 0.302174 0.208914 0.322826 0.20682499999999998 0.32934800000000003 0.214833 0.330435
1 0.323816 0.31521699999999997 0.323816 0.317391 0.330432 0.317391 0.332521 0.31521699999999997 0.329735 0.302174 0.32903899999999997 0.283696 0.327994 0.281522 0.326602 0.282609 0.325905 0.30978300000000003 0.324861 0.31413 0.323816 0.31521699999999997
1 0.626393 0.333696 0.623607 0.33587 0.623607 0.33913000000000004 0.624304 0.341304 0.6371870000000001 0.340217 0.6371870000000001 0.334783 0.634401 0.33260900000000004 0.634401 0.325 0.633008 0.31413 0.631616 0.284783 0.630919 0.282609 0.629178 0.282609 0.6277860000000001 0.286957 0.6277860000000001 0.301087 0.626393 0.322826 0.626393 0.333696
1 0.4711 0.31521699999999997 0.477019 0.31521699999999997 0.480501 0.311957 0.47736799999999996 0.303261 0.47597500000000004 0.277174 0.475279 0.271739 0.47423400000000004 0.270652 0.47318899999999997 0.272826 0.472145 0.303261 0.470404 0.313043 0.4711 0.31521699999999997
1 0.805362 0.371739 0.803969 0.388043 0.802577 0.418478 0.8015319999999999 0.422826 0.797354 0.42717400000000005 0.797702 0.43587 0.7983979999999999 0.43804299999999996 0.80188 0.44021699999999997 0.820682 0.43913 0.8220750000000001 0.43695700000000004 0.822423 0.430435 0.8217269999999999 0.42717400000000005 0.8203340000000001 0.425 0.8172010000000001 0.42391300000000004 0.8165039999999999 0.406522 0.8151109999999999 0.396739 0.8151109999999999 0.38913000000000003 0.8130219999999999 0.365217 0.8119780000000001 0.343478 0.810585 0.340217 0.8077989999999999 0.33913000000000004 0.807103 0.340217 0.8064069999999999 0.353261 0.8064069999999999 0.36847799999999997 0.805362 0.371739